EUROPEAN CLIMATE ASSESSMENT & DATASET (ECA&D), file created on: 13-11-2019
THESE DATA CAN BE USED FOR NON-COMMERCIAL RESEARCH AND EDUCATION PROVIDED THAT THE FOLLOWING SOURCE IS ACKNOWLEDGED: 

Klein Tank, A.M.G. and Coauthors, 2002. Daily dataset of 20th-century surface
air temperature and precipitation series for the European Climate Assessment.
Int. J. of Climatol., 22, 1441-1453.
Data and metadata available at http://www.ecad.eu

FILE FORMAT (MISSING VALUE CODE = -999999):

THIS FILE HOLDS DATA FOR STATION SWEDEN                                   AKERSHUS                                 (STAID:   5423)
LATITUDE: dd:mm:ss +58:54:00
LONGITUDE: ddd:mm:ss +013:15:00
ELEVATION: m   50

DATA IS FOR INDEX Mean of daily mean temperature (TG) with unit 0.01 Temperature (&#176;C)

01-06 SOUID: Source identifier
08-11 YEAR : YYYY
13-20 ANNUAL DATA VALUES
21-28 WINTER HALF YEAR DATA VALUES
29-36 SUMMER HALF YEAR DATA VALUES
37-44 WINTER (DJF) DATA VALUES
45-52 SPRING (MAM) DATA VALUES
53-60 SUMMER (JJA) DATA VALUES
61-68 AUTUMN (SON) DATA VALUES
69-76 JANUARY DATA VALUES
etc. 
157-164 DECEMBER DATA VALUES

5423   1965 -999999 -999999 1144    -999999 371     1439    -999999 -37     -153    -152    402     863     1404    1465    1447    1269    908     -999999 -305    
5423   1966 534     -999999 1136    -613    307     1563    752     -552    -1023   -38     100     851     1591    1638    1463    1154    745     357     6       
5423   1967 686     155     1183    -158    509     1524    920     -375    -99     277     400     847     1369    1619    1581    1267    928     565     -196    
5423   1968 607     83      1235    -345    453     1593    671     -439    -404    30      528     805     1575    1573    1631    1285    651     77      -63     
5423   1969 578     -116    1246    -276    168     1692    771     -162    -637    -608    317     800     1622    1677    1774    1268    854     187     -235    
5423   1970 497     -178    1136    -625    239     1567    688     -566    -1122   -267    99      881     1657    1471    1576    1115    779     167     55      
5423   1971 675     125     1160    -7      357     1518    740     -52     -25     -186    283     972     1339    1665    1544    1130    839     247     282     
5423   1972 681     153     1179    -62     434     1573    728     -325    -147    9       388     904     1391    1831    1490    1045    740     400     403     
5423   1973 703     344     1235    194     556     1647    557     87      81      326     389     945     1555    1849    1534    1115    494     64      -52     
5423   1974 747     145     1232    58      565     1507    752     114     118     128     590     977     1449    1520    1549    1295    595     370     218     
5423   1975 817     253     1316    145     523     1691    872     234     -34     112     405     1048    1423    1745    1895    1352    842     423     283     
5423   1976 627     157     1218    -52     394     1637    690     -305    -138    -175    407     950     1452    1771    1680    1022    666     383     -220    
5423   1977 616     21      1114    -316    383     1484    786     -238    -509    5       192     946     1452    1493    1506    1072    887     396     100     
5423   1978 604     143     1131    -114    376     1512    806     10      -487    -100    312     914     1483    1534    1518    1007    811     600     -425    
5423   1979 -999999 -82     -999999 -617    333     -999999 696     -650    -794    -80     275     801     1472    -999999 1433    1172    592     327     -45     
5423   1980 -999999 -57     -999999 -332    351     -999999 640     -342    -627    -271    412     914     1532    -999999 1553    1240    579     102     46      
5423   1981 555     17      1153    -133    407     1418    735     -244    -208    -195    409     1008    1209    1561    1478    1232    728     246     -613    
5423   1982 676     -90     1230    -564    491     1590    886     -740    -317    147     458     868     1334    1740    1688    1273    844     541     205     
5423   1983 718     292     1210    73      489     1571    776     257     -275    133     429     903     1351    1728    1626    1200    818     309     55      
5423   1984 706     134     1189    -82     463     1526    847     -179    -126    -86     485     991     1369    1565    1639    1065    950     522     246     
5423   1985 465     8       1090    -443    313     1474    669     -655    -970    -120    133     921     1333    1588    1497    1041    881     77      -261    
5423   1986 578     -51     1088    -454    417     1467    763     -413    -715    63      209     972     1480    1566    1356    921     781     587     36      
5423   1987 466     -77     1033    -436    210     1320    753     -918    -425    -536    392     779     1094    1517    1342    1053    884     317     34      
5423   1988 716     230     1280    92      446     1635    694     187     53      -102    338     1097    1707    1675    1524    1321    651     112     1       
5423   1989 818     316     1237    239     655     1537    816     372     356     403     486     1071    1484    1661    1465    1240    847     361     35      
5423   1990 848     406     1288    233     781     1588    728     260     423     508     663     1169    1510    1619    1632    1114    804     263     176     
5423   1991 746     236     1211    32      556     1523    834     92      -193    232     514     920     1142    1760    1653    1252    795     455     248     
5423   1992 786     358     1302    203     648     1651    647     207     152     283     391     1263    1746    1671    1540    1181    474     293     200     
5423   1993 656     191     1137    83      626     1369    602     76      -40     125     545     1206    1296    1464    1345    949     634     223     -4      
5423   1994 698     26      1288    -266    539     1670    744     -118    -721    75      575     969     1330    1962    1708    1159    673     402     249     
5423   1995 690     247     1209    68      496     1585    776     -166    127     189     393     902     1420    1610    1719    1189    976     157     -274    
5423   1996 596     1       1117    -347    296     1502    856     -281    -495    -103    340     651     1257    1474    1767    1195    915     457     -65     
5423   1997 -999999 241     -999999 -50     452     -999999 -999999 -116    41      202     371     781     1529    1896    -999999 -999999 -999999 -999999 -999999 
