EUROPEAN CLIMATE ASSESSMENT & DATASET (ECA&D), file created on: 13-11-2019
THESE DATA CAN BE USED FOR NON-COMMERCIAL RESEARCH AND EDUCATION PROVIDED THAT THE FOLLOWING SOURCE IS ACKNOWLEDGED: 

Klein Tank, A.M.G. and Coauthors, 2002. Daily dataset of 20th-century surface
air temperature and precipitation series for the European Climate Assessment.
Int. J. of Climatol., 22, 1441-1453.
Data and metadata available at http://www.ecad.eu

FILE FORMAT (MISSING VALUE CODE = -999999):

THIS FILE HOLDS DATA FOR STATION FINLAND                                  HAUHO HAHKIALA                           (STAID:   7121)
LATITUDE: dd:mm:ss +61:09:00
LONGITUDE: ddd:mm:ss +024:34:59
ELEVATION: m   98

DATA IS FOR INDEX Mean of daily mean temperature (TG) with unit 0.01 Temperature (&#176;C)

01-06 SOUID: Source identifier
08-11 YEAR : YYYY
13-20 ANNUAL DATA VALUES
21-28 WINTER HALF YEAR DATA VALUES
29-36 SUMMER HALF YEAR DATA VALUES
37-44 WINTER (DJF) DATA VALUES
45-52 SPRING (MAM) DATA VALUES
53-60 SUMMER (JJA) DATA VALUES
61-68 AUTUMN (SON) DATA VALUES
69-76 JANUARY DATA VALUES
etc. 
157-164 DECEMBER DATA VALUES

7121   1964 -999999 -999999 -999999 -999999 -999999 1443    467     -999999 -999999 -999999 -999999 917     1390    1570    1366    933     628     -166    -317    
7121   1965 329     -269    1070    -555    178     1412    354     -455    -921    -447    311     673     1486    1386    1365    1190    470     -603    -589    
7121   1966 259     -677    1072    -1197   183     1559    448     -1463   -1575   -386    -3      931     1662    1667    1350    800     414     120     -546    
7121   1967 398     -327    1143    -857    414     1501    707     -1345   -654    37      271     929     1336    1608    1552    1141    722     258     -1174   
7121   1968 318     -449    1115    -1173   286     1554    278     -1687   -639    -204    330     732     1620    1503    1542    951     142     -254    -298    
7121   1969 286     -552    1132    -826    125     1572    446     -1099   -1109   -741    267     854     1509    1631    1573    936     469     -67     -867    
7121   1970 313     -545    1111    -1129   242     1566    368     -1117   -1433   -292    83      930     1665    1583    1453    932     353     -180    -350    
7121   1971 383     -308    1083    -461    162     1504    303     -336    -721    -649    129     1006    1393    1638    1478    824     346     -261    -365    
7121   1972 483     -380    1222    -668    243     1737    446     -1046   -576    -387    147     966     1679    1938    1591    981     394     -33     100     
7121   1973 417     -76     1164    -233    382     1678    145     -285    -544    -133    272     1003    1652    1949    1433    646     190     -402    -853    
7121   1974 556     -285    1103    -444    264     1473    613     -349    -93     -190    231     751     1446    1530    1441    1202    493     133     -5      
7121   1975 558     -11     1206    -212    454     1516    563     -244    -406    -68     270     1154    1304    1713    1525    1244    411     38      -320    
7121   1976 257     -422    1051    -789    214     1432    251     -1265   -782    -623    166     1098    1276    1539    1476    722     74      -37     -595    
7121   1977 346     -434    1029    -797    255     1435    451     -778    -1041   -275    128     909     1421    1482    1401    811     457     83      -544    
7121   1978 258     -384    1059    -857    292     1441    426     -719    -1375   -320    150     1042    1457    1534    1334    816     328     139     -1447   
7121   1979 387     -526    1153    -1161   378     1548    451     -950    -1079   -179    187     1120    1601    1473    1571    941     338     65      -553    
7121   1980 338     -463    1172    -846    180     1599    363     -1033   -961    -633    455     725     1695    1654    1451    1042    438     -394    -439    
7121   1981 370     -391    1114    -574    196     1466    494     -534    -763    -694    119     1160    1330    1692    1372    985     559     -64     -804    
7121   1982 433     -372    1098    -908    377     1480    534     -1240   -656    -45     263     910     1146    1713    1570    958     381     267     -152    
7121   1983 476     -188    1238    -467    426     1542    453     -292    -1010   -384    512     1153    1398    1721    1502    1120    519     -282    -389    
7121   1984 481     -312    1176    -519    401     1439    555     -582    -587    -568    450     1322    1367    1541    1407    945     659     59      -282    
7121   1985 203     -539    1069    -1253   236     1507    444     -1789   -1733   -242    73      870     1350    1580    1585    926     620     -219    -734    
7121   1986 373     -424    1140    -984    449     1580    496     -989    -1256   -37     256     1122    1696    1689    1359    692     509     281     -960    
7121   1987 196     -619    989     -1290   152     1323    444     -2038   -827    -641    271     828     1285    1491    1191    852     622     -147    -584    
7121   1988 451     -221    1233    -493    303     1677    358     -383    -513    -344    85      1162    1679    1951    1403    1089    427     -443    -773    
7121   1989 620     -133    1249    -306    581     1575    529     -81     -40     109     542     1092    1632    1692    1402    1118    444     9       -578    
7121   1990 546     -94     1151    -359    521     1514    352     -523    59      31      580     953     1436    1565    1537    813     467     -227    -176    
