EUROPEAN CLIMATE ASSESSMENT & DATASET (ECA&D), file created on: 13-11-2019
THESE DATA CAN BE USED FOR NON-COMMERCIAL RESEARCH AND EDUCATION PROVIDED THAT THE FOLLOWING SOURCE IS ACKNOWLEDGED: 

Klein Tank, A.M.G. and Coauthors, 2002. Daily dataset of 20th-century surface
air temperature and precipitation series for the European Climate Assessment.
Int. J. of Climatol., 22, 1441-1453.
Data and metadata available at http://www.ecad.eu

FILE FORMAT (MISSING VALUE CODE = -999999):

THIS FILE HOLDS DATA FOR STATION RUSSIAN FEDERATION                       OKTJABRSKIJ-GORODOK                      (STAID:    401)
LATITUDE: dd:mm:ss +51:37:48
LONGITUDE: ddd:mm:ss +045:27:00
ELEVATION: m  202

DATA IS FOR INDEX Mean of daily mean temperature (TG) with unit 0.01 Temperature (&#176;C)

01-06 SOUID: Source identifier
08-11 YEAR : YYYY
13-20 ANNUAL DATA VALUES
21-28 WINTER HALF YEAR DATA VALUES
29-36 SUMMER HALF YEAR DATA VALUES
37-44 WINTER (DJF) DATA VALUES
45-52 SPRING (MAM) DATA VALUES
53-60 SUMMER (JJA) DATA VALUES
61-68 AUTUMN (SON) DATA VALUES
69-76 JANUARY DATA VALUES
etc. 
157-164 DECEMBER DATA VALUES

401    1881 341     -999999 1443    -999999 510     1806    313     -1559   -1181   -655    722     1469    1676    1952    1786    1026    349     -436    -1400   
401    1882 -999999 -999999 1600    -999999 519     2118    530     -999999 -1116   -287    212     1622    1953    2261    2135    1374    81      150     -1274   
401    1883 467     -815    1602    -1509   527     1972    622     -1866   -1374   -631    449     1761    1744    2237    1926    1456    637     -229    -640    
401    1884 375     -592    1303    -939    37      1888    419     -1094   -1093   -1156   148     1125    1926    2073    1667    845     596     -188    -400    
401    1885 496     -446    1537    -879    485     2041    396     -1299   -945    -479    412     1520    1918    2430    1770    1134    507     -457    -661    
401    1886 -999999 -709    1435    -1172   351     1882    409     -1205   -1703   -824    386     1493    1932    1937    1777    1055    241     -64     -999999 
401    1887 561     -999999 1551    -999999 468     1850    697     -1173   -1062   -641    429     1615    1718    1938    1889    1691    570     -166    -192    
401    1888 404     -503    1565    -946    658     1849    492     -1257   -1420   -603    1036    1554    1628    2105    1807    1232    782     -547    -1537   
401    1889 386     -830    1536    -1425   361     2002    472     -1636   -1067   -986    433     1639    1793    2211    1994    1104    746     -443    -1255   
401    1890 547     -500    1723    -1123   793     2199    354     -1069   -1038   11      851     1519    2066    2399    2127    1346    467     -754    -1472   
401    1891 515     -804    1670    -1523   699     2228    266     -2044   -1005   -35     535     1591    2109    2525    2046    1176    473     -859    -445    
401    1892 376     -683    1535    -957    268     2032    474     -1564   -854    -863    204     1459    2045    2200    1852    1420    361     -353    -1418   
401    1893 498     -761    1540    -1482   454     2067    676     -2065   -906    -187    264     1279    1943    2232    2023    1469    675     -116    -720    
401    1894 360     -482    1387    -935    353     1869    302     -1299   -769    -679    195     1537    1649    1895    2056    948     329     -373    -1250   
401    1895 462     -642    1469    -1164   391     2029    510     -1036   -1212   -359    267     1259    1880    2190    2012    1167    823     -469    -1107   
401    1896 254     -812    1351    -1464   109     1888    550     -1857   -1423   -868    -134    1322    1789    1864    2007    1220    895     -477    -1356   
401    1897 448     -701    1678    -1359   564     2079    467     -1512   -1193   -602    543     1752    1963    2224    2047    1508    422     -529    -1355   
401    1898 414     -889    1550    -1299   138     2096    364     -1115   -1442   -1356   43      1725    1876    2411    1995    1201    -17     -79     -407    
401    1899 498     -498    1522    -773    466     1903    686     -625    -1343   -588    596     1395    1829    2140    1737    1413    615     33      -1349   
401    1900 334     -810    1419    -1656   356     1908    492     -1921   -1703   -591    248     1405    1670    2021    2026    1100    738     -371    -772    
401    1901 -999999 -443    1700    -908    671     2238    388     -1205   -729    -346    890     1477    2349    2159    2207    1093    323     -249    -999999 
401    1902 -999999 -999999 1530    -999999 -999999 2097    241     -832    -829    -999999 285     1473    2111    2174    2007    1096    262     -635    -1197   
401    1903 576     -623    1707    -883    526     2199    471     -885    -533    -740    971     1363    2073    2421    2098    1290    364     -237    -1318   
401    1904 424     -628    1316    -1023   196     1787    517     -1302   -408    -842    69      1356    1543    1965    1846    1075    557     -82     -708    
401    1905 570     -591    1641    -974    383     2038    797     -1346   -855    -1123   487     1788    2155    2012    1952    1423    956     7       -699    
401    1906 -999999 -357    -999999 -1044   -999999 2101    370     -1000   -1476   -29     819     -999999 2100    2426    1776    965     436     -293    -734    
401    1907 359     -638    1489    -1107   328     2028    224     -1320   -1285   -682    413     1256    1913    2411    1755    1152    486     -975    -943    
401    1908 251     -859    1416    -1209   54      1976    288     -1439   -1249   -1061   147     1080    2038    2069    1823    1313    255     -702    -1305   
401    1909 438     -916    1515    -1367   236     1889    770     -1442   -1351   -989    321     1378    1765    2024    1874    1704    550     63      -752    
401    1910 519     -546    1637    -1089   539     2086    418     -917    -1652   -654    731     1546    1869    2385    1997    1262    242     -243    -494    
401    1911 423     -705    1569    -1144   439     2050    436     -1447   -1528   -826    544     1604    1955    2283    1910    1083    287     -57     -866    
401    1912 451     -597    1496    -1148   408     1992    411     -1136   -1463   -385    389     1219    2283    1814    1889    1368    80      -204    -501    
401    1913 523     -552    1467    -996    521     1880    613     -1000   -1541   -232    747     1055    1577    1930    2122    1349    302     196     -370    
401    1914 498     -203    1438    -542    600     1884    224     -977    -251    -113    375     1531    1838    2223    1589    1040    298     -670    -966    
401    1915 491     -553    1428    -767    396     1835    411     -614    -717    -672    564     1301    1755    2214    1534    1177    218     -157    -789    
401    1916 374     -596    1385    -929    325     1818    329     -863    -1148   -855    556     1281    1882    1904    1669    993     404     -413    -975    
401    1917 486     -759    1568    -1279   330     2093    712     -1138   -1768   -765    720     1046    2071    2213    1995    1345    623     170     -873    
401    1918 402     -425    1357    -853    152     1835    567     -768    -926    -804    499     773     1762    2036    1705    1357    774     -438    -1225   
401    1919 348     -745    1470    -1294   261     1873    447     -1450   -1198   -965    765     999     1806    2060    1751    1424    691     -782    -1016   
401    1920 435     -650    1702    -1149   694     2121    192     -902    -1553   -402    833     1656    1942    2179    2236    1334    -16     -734    -1432   
401    1921 -999999 -804    -999999 -1261   -999999 -999999 279     -1078   -1273   -332    950     -999999 -999999 -999999 -999999 987     382     -536    -1078   
401    1922 -999999 -697    1498    -1236   580     1929    -999999 -1179   -1474   -369    536     1572    1769    2263    1749    1060    -999999 -37     -716    
401    1923 476     -999999 1493    -1121   348     1915    844     -1275   -1397   -599    40      1592    1990    2026    1731    1553    778     204     -1052   
401    1924 469     -636    1690    -1260   403     2134    530     -1223   -1521   -1032   517     1729    2416    2082    1915    1457    414     -276    -906    
401    1925 649     -378    1577    -770    678     1986    553     -852    -527    -133    569     1595    1889    2089    1978    1309    374     -17     -565    
401    1926 423     -521    1353    -971    350     1764    566     -1054   -1329   -596    278     1365    1809    1896    1589    1154    412     138     -697    
401    1927 414     -638    1602    -1175   347     2075    621     -1607   -1227   -878    447     1474    2055    2089    2081    1436    705     -280    -1417   
401    1928 310     -769    1332    -1277   86      1763    513     -1085   -1332   -1225   168     1318    1651    2001    1633    1188    388     -33     -1007   
401    1929 342     -798    1485    -1451   207     2121    579     -1408   -1989   -828    -87     1526    1714    2235    2401    1063    774     -106    -1370   
401    1930 504     -509    1553    -1220   746     1949    482     -979    -1320   -119    783     1574    1473    2070    2290    1083    552     -192    -1309   
401    1931 417     -844    1638    -1621   429     2213    469     -1596   -1994   -616    337     1565    1976    2716    1938    1253    594     -445    -910    
401    1932 590     -627    1700    -1049   465     2193    609     -531    -1752   -786    511     1670    2118    2182    2275    1410    696     -282    -542    
401    1933 348     -685    1586    -1269   431     2003    556     -1609   -1696   -763    642     1420    1865    2322    1816    1424    431     -182    -1617   
401    1934 417     -774    1505    -1378   422     1912    595     -1559   -913    -800    379     1685    1586    2167    1974    1192    705     -115    -1378   
401    1935 459     -582    1517    -1186   542     1849    535     -1469   -660    -565    807     1394    1793    1858    1895    1335    865     -607    -1197   
401    1936 480     -736    1571    -1266   224     2217    507     -917    -1714   -906    298     1283    2187    2333    2131    1156    380     -11     -542    
401    1937 522     -494    1539    -1023   509     1897    709     -1388   -1152   -296    674     1154    1622    2070    1990    1704    631     -206    -643    
401    1938 628     -412    1749    -831    596     2186    850     -999    -854    -435    767     1461    1917    2435    2199    1686    780     85      -1585   
401    1939 453     -634    1539    -1324   411     2082    341     -1360   -996    -742    517     1462    2047    2260    1938    973     152     -96     -806    
401    1940 362     -840    1549    -1495   359     2045    534     -2145   -1536   -633    546     1169    1684    2178    2263    1423    129     63      -848    
401    1941 234     -655    1297    -1134   201     1760    183     -1520   -1023   -742    386     966     1445    2117    1707    1132    223     -808    -1163   
401    1942 180     -1073   1311    -1577   103     1759    362     -1931   -1642   -1163   136     1338    1618    1945    1711    1085    579     -584    -1062   
401    1943 406     -809    1532    -1367   527     1878    428     -1783   -1246   -793    847     1538    1815    1983    1835    1146    386     -248    -710    
401    1944 -999999 -999999 1442    -999999 625     1717    490     -999999 -999999 -169    585     1456    1642    1877    1628    1440    400     -367    -1352   
401    1945 198     -884    1289    -1564   168     1792    306     -1596   -1765   -695    312     891     1703    1840    1829    1138    248     -465    -1188   
401    1946 492     -594    1590    -943    460     2074    351     -1079   -522    -546    449     1477    2118    1890    2216    1361    28      -325    -1204   
401    1947 -999999 -743    -999999 -1318   520     -999999 561     -1544   -1196   -247    647     1164    -999999 -999999 1799    1231    439     17      -525    
401    1948 -999999 -999999 1515    -699    -999999 2035    450     -678    -906    -999999 126     1724    2361    1844    1911    1092    458     -201    -896    
401    1949 456     -551    1514    -930    375     1988    369     -690    -1235   -796    340     1581    1995    2079    1889    1167    349     -408    -925    
401    1950 406     -732    1480    -1318   690     1674    513     -1871   -1141   -423    1020    1484    1613    1782    1626    1338    455     -253    -836    
401    1951 443     -747    1688    -1417   631     2136    285     -1533   -1933   -480    1124    1265    2072    2095    2239    1314    221     -678    -547    
401    1952 433     -674    1499    -876    218     1968    587     -976    -1121   -972    297     1331    1891    2047    1963    1440    616     -297    -1071   
401    1953 411     -697    1585    -1304   439     2091    308     -1244   -1628   -638    633     1330    1964    2105    2198    1248    345     -669    -863    
401    1954 417     -1026   1676    -1664   348     2237    631     -1893   -2296   -895    444     1500    2152    2471    2085    1370    622     -97     -649    
401    1955 506     -325    1459    -635    413     1871    563     -743    -501    -592    452     1380    1775    2044    1790    1284    873     -480    -1274   
401    1956 270     -866    1384    -1533   232     1882    273     -1199   -2167   -1017   486     1237    2103    1705    1846    908     602     -702    -661    
401    1957 614     -562    1742    -825    597     2056    541     -1266   -519    -825    667     1951    2033    2069    2063    1640    424     -439    -494    
401    1958 434     -480    1370    -755    383     1844    339     -927    -853    -628    327     1446    1777    1934    1819    882     478     -348    -792    
401    1959 395     -545    1526    -913    525     1962    155     -832    -1135   -693    697     1578    1796    2271    1812    963     186     -686    -1327   
401    1960 482     -753    1492    -1077   289     2037    308     -901    -1000   -802    540     1136    2014    2219    1878    1140    342     -559    -285    
401    1961 550     -382    1490    -617    545     1985    389     -888    -686    -250    555     1331    2028    1995    1933    1073    495     -405    -668    
401    1962 604     -384    1548    -770    752     1858    593     -715    -942    -122    829     1550    1721    2134    1716    1315    524     -57     -804    
401    1963 418     -674    1511    -1176   353     1834    707     -1548   -1177   -1012   415     1657    1641    2011    1845    1467    635     22      -1028   
401    1964 403     -636    1402    -1193   182     1876    551     -1113   -1455   -907    231     1223    1893    2005    1729    1308    535     -190    -490    
401    1965 468     -493    1472    -959    359     1938    438     -1107   -1315   -464    293     1245    1842    2123    1845    1455    279     -414    -295    
401    1966 610     -388    1678    -712    838     2078    560     -1015   -839    -92     1002    1609    1768    2285    2172    1199    641     -163    -1346   
401    1967 523     -702    1617    -1425   742     1942    626     -1457   -1476   -465    864     1833    1804    1977    2040    1152    768     -45     -854    
401    1968 412     -504    1472    -1131   567     1818    399     -1388   -1151   -378    574     1505    1850    1688    1917    1278    300     -377    -924    
401    1969 338     -873    1463    -1510   427     1856    568     -1993   -1625   -675    745     1221    1777    1906    1882    1229    392     88      -996    
401    1970 432     -534    1465    -1061   538     1812    504     -1305   -863    -532    784     1369    1646    2080    1704    1184    481     -152    -1281   
401    1971 538     -604    1540    -1090   333     1972    719     -550    -1476   -714    446     1270    1838    2193    1880    1591    413     164     -731    
401    1972 586     -650    1800    -1328   633     2354    569     -1943   -1310   -512    900     1520    2134    2431    2490    1288    542     -122    -448    
401    1973 508     -389    1438    -799    698     1769    355     -1411   -508    -389    1010    1483    1850    1785    1674    806     416     -158    -510    
401    1974 543     -460    1463    -936    532     1811    800     -1403   -890    -247    461     1379    1727    1941    1764    1484    939     -28     -699    
401    1975 682     -272    1764    -815    958     2022    463     -700    -1070   -143    1247    1779    2211    2115    1745    1475    297     -376    -508    
401    1976 228     -744    1337    -1132   312     1653    210     -1128   -1802   -1003   691     1260    1634    1657    1669    1091    -180    -269    -940    
401    1977 480     -701    1566    -1219   767     1934    471     -1674   -1026   -135    805     1633    1929    2028    1844    1129    197     96      -1143   
401    1978 423     -481    1339    -1021   534     1692    508     -795    -1135   -149    567     1185    1462    1818    1789    1190    373     -35     -1295   
401    1979 519     -607    1527    -1236   584     1896    515     -1363   -1031   -312    216     1837    1710    1951    2022    1388    391     -231    -471    
401    1980 393     -680    1419    -1069   262     1805    494     -1511   -1234   -1042   529     1308    1810    1995    1610    1236    411     -164    -282    
401    1981 658     -328    1593    -584    386     2205    642     -767    -716    -482    309     1329    2166    2366    2081    1273    745     -97     -411    
401    1982 536     -370    1469    -823    550     1787    553     -863    -1236   -433    736     1352    1513    1984    1855    1350    402     -87     -265    
401    1983 643     -230    1548    -412    721     1776    554     -550    -421    -473    1165    1486    1594    2002    1725    1296    575     -208    -538    
401    1984 483     -508    1624    -937    627     1925    578     -789    -1520   -623    608     1895    1900    2185    1689    1440    615     -324    -1354   
401    1985 428     -742    1497    -1293   395     1900    449     -1210   -1317   -904    516     1577    1784    1814    2099    1158    400     -209    -691    
401    1986 480     -540    1597    -1022   635     2019    368     -834    -1598   -401    1021    1298    1988    1999    2068    1185    463     -548    -1024   
401    1987 286     -808    1421    -1291   236     1936    210     -1752   -1075   -926    93      1537    2128    1966    1720    1054    240     -666    -973    
401    1988 498     -675    1599    -1058   452     2157    404     -1061   -1145   -475    449     1381    2170    2331    1970    1264    514     -570    -915    
401    1989 646     -411    1577    -685    559     1991    568     -645    -474    -384    761     1306    2099    2017    1861    1399    591     -288    -557    
401    1990 605     -218    1396    -624    799     1688    557     -849    -449    218     945     1238    1543    1913    1603    1116    567     -13     -640    
401    1991 590     -404    1620    -799    578     2039    625     -750    -1030   -604    770     1572    2138    2144    1839    1236    930     -301    -974    
401    1992 543     -375    1475    -867    492     1892    554     -707    -925    -307    561     1224    1855    1922    1896    1368    415     -116    -718    
401    1993 401     -420    1362    -794    511     1760    105     -653    -1036   -465    535     1464    1613    1909    1754    863     450     -1011   -738    
401    1994 427     -711    1444    -1010   437     1661    704     -636    -1724   -717    721     1315    1616    1683    1684    1636    686     -208    -1074   
401    1995 721     -346    1730    -828    900     2032    715     -1012   -353    -110    1172    1647    2208    2084    1811    1445    680     22      -980    
401    1996 422     -699    1563    -1288   356     2022    588     -1669   -1210   -1044   340     1770    1919    2178    1966    1165    456     146     -1003   
401    1997 493     -451    1485    -1026   554     1941    489     -1168   -894    -268    611     1320    2050    1952    1825    1128    604     -269    -1064   
401    1998 532     -530    1613    -1066   495     2141    445     -1069   -1066   -356    379     1459    2254    2296    1877    1383    705     -761    -840    
401    1999 610     -439    1555    -695    452     2066    409     -623    -613    -526    847     1049    2014    2269    1915    1216    684     -680    -314    
401    2000 619     -295    1493    -533    592     1941    458     -785    -498    -201    1007    984     1733    2125    1960    1132    566     -329    -303    
401    2001 622     -221    1584    -484    756     1949    539     -443    -732    -139    1033    1384    1672    2320    1846    1224    399     -2      -1186   
401    2002 593     -246    1512    -699    655     1945    624     -689    -171    190     578     1195    1725    2359    1745    1447    479     -48     -1725   
401    2003 487     -712    1429    -1294   378     1785    590     -869    -1287   -857    437     1555    1429    1998    1917    1199    611     -40     -391    
401    2004 643     -218    1527    -659    664     1928    668     -764    -832    76      567     1347    1771    1950    2056    1443    594     -30     -518    
401    2005 632     -382    1603    -716    542     1919    736     -643    -1016   -727    685     1672    1799    1994    1961    1481    717     10      -459    
401    2006 550     -493    1571    -1104   546     1975    670     -1464   -1420   -415    706     1351    2022    1810    2096    1421    698     -109    -229    
401    2007 656     -136    1659    -435    711     2087    549     -68     -1069   -125    629     1627    1825    2030    2396    1409    636     -402    -1154   
401    2008 673     -439    1578    -1046   872     1945    720     -1200   -766    234     965     1420    1689    2060    2078    1226    755     178     -606    
401    2009 591     -320    1582    -853    524     2014    745     -1105   -846    -331    529     1375    2077    2243    1724    1525    762     -54     -889    
401    2010 698     -606    1899    -1269   582     2491    770     -1667   -1250   -584    645     1686    2309    2667    2491    1559    368     396     -363    
401    2011 530     -483    1639    -991    469     2128    514     -1045   -1625   -712    526     1594    1844    2497    2032    1303    632     -398    -462    
401    2012 661     -554    1812    -989    790     2176    757     -998    -1543   -613    1193    1803    2171    2262    2094    1322    854     93      -781    
401    2013 685     -343    1659    -857    730     2020    686     -961    -828    -467    831     1829    1995    2011    2054    1202    580     280     -402    
