EUROPEAN CLIMATE ASSESSMENT & DATASET (ECA&D), file created on: 13-11-2019
THESE DATA CAN BE USED FOR NON-COMMERCIAL RESEARCH AND EDUCATION PROVIDED THAT THE FOLLOWING SOURCE IS ACKNOWLEDGED: 

Klein Tank, A.M.G. and Coauthors, 2002. Daily dataset of 20th-century surface
air temperature and precipitation series for the European Climate Assessment.
Int. J. of Climatol., 22, 1441-1453.
Data and metadata available at http://www.ecad.eu

FILE FORMAT (MISSING VALUE CODE = -999999):

THIS FILE HOLDS DATA FOR STATION UKRAINE                                  ZAPOROZ-E                                (STAID:   2279)
LATITUDE: dd:mm:ss +47:48:00
LONGITUDE: ddd:mm:ss +035:15:00
ELEVATION: m   86

DATA IS FOR INDEX Mean of daily mean temperature (TG) with unit 0.01 Temperature (&#176;C)

01-06 SOUID: Source identifier
08-11 YEAR : YYYY
13-20 ANNUAL DATA VALUES
21-28 WINTER HALF YEAR DATA VALUES
29-36 SUMMER HALF YEAR DATA VALUES
37-44 WINTER (DJF) DATA VALUES
45-52 SPRING (MAM) DATA VALUES
53-60 SUMMER (JJA) DATA VALUES
61-68 AUTUMN (SON) DATA VALUES
69-76 JANUARY DATA VALUES
etc. 
157-164 DECEMBER DATA VALUES

2279   1965 -999999 -999999 -999999 -999999 -999999 2090    -999999 -366    -999999 143     508     1462    2049    2171    2056    1701    742     -999999 -999999 
2279   1966 -999999 -999999 -999999 -999999 -999999 2169    -999999 37      -999999 486     1237    1686    1766    2403    2323    1517    1334    551     -999999 
2279   1967 -999999 -999999 1859    -999999 -999999 2152    -999999 -999999 -788    19      1069    1897    1995    2205    2231    1727    1258    553     -999999 
2279   1968 -999999 -999999 -999999 -999999 1097    2152    -999999 -999999 -999999 243     1163    1859    2155    2148    2154    1776    838     294     -999999 
2279   1969 -999999 -999999 -999999 -999999 -999999 -999999 -999999 -859    -664    -63     872     1529    1986    2034    2140    -999999 772     607     -999999 
2279   1970 -999999 -999999 -999999 -999999 -999999 -999999 -999999 -999999 -999999 311     1166    -999999 1835    2418    1958    1493    797     -999999 -341    
2279   1971 -999999 -999999 -999999 -999999 853     -999999 -999999 -100    -999999 1       832     1615    1950    -999999 -999999 -999999 -999999 -999999 -999999 
2279   1972 -999999 -999999 -999999 -999999 -999999 -999999 -999999 -999999 -999999 -999999 -999999 -999999 -999999 -999999 -999999 -999999 -999999 -999999 -999999 
2279   1973 -999999 -999999 -999999 -999999 -999999 -999999 -999999 -999999 -999999 -999999 -999999 1539    1837    -999999 1841    -999999 -999999 -999999 -999999 
2279   1974 -999999 -999999 -999999 -999999 -999999 -999999 -999999 -999999 -999999 -999999 -999999 -999999 -999999 2010    2048    1744    1340    -999999 -999999 
2279   1975 -999999 -999999 -999999 -999999 -999999 -999999 -999999 -115    -999999 402     1378    1852    -999999 2305    2223    1862    -999999 -999999 -210    
2279   1976 -999999 -999999 -999999 -999999 -999999 -999999 -999999 -999999 -1010   -999999 1166    1415    1776    1953    1817    1518    -999999 -999999 -77     
2279   1977 -999999 -999999 -999999 -999999 -999999 -999999 -999999 -759    -999999 -999999 -999999 1593    -999999 -999999 1943    -999999 662     588     -999999 
2279   1978 -999999 -999999 -999999 -999999 -999999 1879    -999999 -676    -999999 -999999 922     1371    1772    1965    1913    1545    989     389     -999999 
2279   1979 -999999 -999999 -999999 -999999 -999999 2142    -999999 -999999 -999999 -999999 837     1988    2210    2000    2233    1663    695     -999999 31      
2279   1980 -999999 -999999 -999999 -999999 -999999 -999999 -999999 -999999 -999999 -229    834     -999999 1852    -999999 1886    1442    902     -999999 -999999 
2279   1981 -999999 -999999 1761    -999999 -999999 2261    -999999 -67     -999999 -999999 645     1534    2275    2343    2156    1659    -999999 314     -999999 
2279   1982 -999999 -999999 -999999 -999999 -999999 -999999 -999999 -999999 -999999 -999999 -999999 1516    -999999 -999999 2115    1717    -999999 -999999 -999999 
2279   1983 -999999 -999999 -999999 -999999 -999999 -999999 -999999 -999999 -999999 -999999 1292    -999999 -999999 -999999 1988    1729    -999999 171     -149    
2279   1984 -999999 -999999 -999999 -999999 -999999 -999999 -999999 -999999 -999999 166     963     1775    1888    -999999 -999999 1761    1056    -999999 -999999 
2279   1985 -999999 -999999 -999999 -999999 -999999 -999999 -999999 -999999 -999999 -337    1003    1895    1852    -999999 -999999 -999999 888     -999999 -999999 
2279   1986 -999999 -999999 -999999 -999999 -999999 -999999 -999999 -999999 -999999 237     1276    -999999 -999999 -999999 2294    1717    -999999 -999999 -999999 
2279   1987 -999999 -999999 -999999 -999999 -999999 -999999 -999999 -999999 -999999 -999999 -999999 1526    1950    -999999 1857    1481    -999999 -999999 -283    
2279   1988 -999999 -999999 -999999 -999999 -999999 -999999 -999999 -620    -999999 298     939     1536    2026    2360    2118    1530    959     -999999 -999999 
2279   1989 -999999 -999999 -999999 -999999 1124    -999999 -999999 -999999 204     610     1196    1562    -999999 2087    2279    1632    991     164     -999999 
2279   1990 -999999 -999999 -999999 -999999 -999999 1995    1024    -999999 179     716     1118    1497    1844    2144    2011    1455    945     676     -88     
2279   1991 -999999 -999999 -999999 -999999 -999999 2201    -999999 -153    -555    47      1054    1426    2110    2391    2091    1620    1262    -999999 -999999 
2279   1992 -999999 -999999 -999999 -999999 -999999 2118    -999999 -224    -398    488     770     1436    1963    2068    2331    1483    733     356     -416    
2279   1993 -999999 -999999 -999999 -999999 -999999 1971    -999999 -261    -999999 170     818     1652    1798    2019    2092    1462    964     -574    -999999 
2279   1994 -999999 -999999 -999999 -999999 918     -999999 -999999 89      -999999 151     1216    1450    -999999 2200    2121    2119    -999999 -999999 -999999 
2279   1995 979     -999999 1798    -999999 1000    2196    904     -289    210     426     995     1579    2233    2249    2107    1635    929     147     -464    
2279   1996 893     -125    1798    -583    931     2160    996     -758    -524    -97     944     1947    1986    2339    2149    1390    915     684     -309    
2279   1997 817     49      1642    -498    860     2048    806     -766    -410    160     723     1692    2056    2109    1980    1266    787     366     -243    
2279   1998 985     113     1877    -237    1003    2237    926     -261    -205    198     1207    1611    2196    2361    2153    1720    1028    31      -332    
2279   1999 1081    196     1874    -137    997     2336    898     -59     4       503     1189    1316    2355    2521    2134    1657    1030    3       171     
2279   2000 1001    147     1813    -142    1058    2148    925     -512    -80     251     1390    1544    1919    2274    2245    1486    951     339     176     
2279   2001 1003    294     1835    -10     1009    2247    1010    49      -298    449     1178    1407    1821    2623    2306    1698    969     364     -636    
2279   2002 1049    207     1886    -240    1131    2275    1041    -346    315     651     1006    1670    2003    2652    2162    1793    915     445     -738    
2279   2003 887     -91     1742    -607    893     2034    960     -367    -728    -121    753     2009    1891    2118    2085    1563    933     406     8       
2279   2004 995     267     1715    -82     1004    2021    1008    -51     -212    495     1029    1490    1805    2091    2158    1697    945     383     62      
2279   2005 1028    169     1886    -87     953     2157    1102    41      -392    -74     1103    1839    1891    2201    2374    1868    1075    389     -9      
2279   2006 -999999 -999999 -999999 -999999 -999999 -999999 -999999 -861    -999999 -999999 -999999 -999999 -999999 -999999 -999999 -999999 -999999 -999999 -999999 
