EUROPEAN CLIMATE ASSESSMENT & DATASET (ECA&D), file created on: 13-11-2019
THESE DATA CAN BE USED FOR NON-COMMERCIAL RESEARCH AND EDUCATION PROVIDED THAT THE FOLLOWING SOURCE IS ACKNOWLEDGED: 

Klein Tank, A.M.G. and Coauthors, 2002. Daily dataset of 20th-century surface
air temperature and precipitation series for the European Climate Assessment.
Int. J. of Climatol., 22, 1441-1453.
Data and metadata available at http://www.ecad.eu

FILE FORMAT (MISSING VALUE CODE = -999999):

THIS FILE HOLDS DATA FOR STATION RUSSIAN FEDERATION                       KRASNYJ JAR                              (STAID:   8461)
LATITUDE: dd:mm:ss +46:31:48
LONGITUDE: ddd:mm:ss +135:18:00
ELEVATION: m  128

DATA IS FOR INDEX Mean of daily mean temperature (TG) with unit 0.01 Temperature (&#176;C)

01-06 SOUID: Source identifier
08-11 YEAR : YYYY
13-20 ANNUAL DATA VALUES
21-28 WINTER HALF YEAR DATA VALUES
29-36 SUMMER HALF YEAR DATA VALUES
37-44 WINTER (DJF) DATA VALUES
45-52 SPRING (MAM) DATA VALUES
53-60 SUMMER (JJA) DATA VALUES
61-68 AUTUMN (SON) DATA VALUES
69-76 JANUARY DATA VALUES
etc. 
157-164 DECEMBER DATA VALUES

8461   1939 -999999 -999999 1427    -999999 -999999 1942    215     -999999 -999999 -999999 356     1014    1578    2178    2067    1378    104     -915    -1912   
8461   1940 -999999 -1331   -999999 -2106   177     -999999 -999999 -2418   -1986   -794    277     1022    1521    2060    1812    1193    213     -632    -1820   
8461   1941 -999999 -999999 1250    -999999 -60     1784    209     -2426   -2088   -1184   2       1001    1705    1853    1795    1213    286     -870    -2103   
8461   1942 -999999 -999999 -999999 -2288   -999999 -999999 205     -2516   -2234   -660    -999999 960     1648    2002    1809    1160    364     -916    -1967   
8461   1943 -999999 -999999 1466    -1956   -999999 1940    264     -2020   -1870   -999999 331     1248    1697    2169    1938    1384    410     -1047   -1845   
8461   1944 56      -1230   1441    -2075   284     1977    190     -2422   -1948   -511    296     1068    1724    2296    1902    1326    268     -1026   -2364   
8461   1945 -33     -1470   1296    -2397   97      1800    292     -2716   -2080   -913    308     861     1522    1915    1949    1202    388     -688    -2141   
8461   1946 88      -1311   1450    -2162   106     1999    252     -2369   -1949   -1171   478     1052    1805    2076    2114    1144    350     -742    -1808   
8461   1947 -28     -1272   1383    -2066   128     1846    210     -2424   -1955   -1026   196     1218    1669    2054    1817    1252    407     -1035   -2533   
8461   1948 184     -1290   1478    -2128   324     1960    230     -1986   -1827   -830    613     1228    1688    2094    2090    1115    298     -759    -1776   
8461   1949 141     -1114   1485    -1678   93      2068    195     -1752   -1489   -1240   307     1221    1732    2156    2297    1188    311     -915    -2105   
8461   1950 76      -1276   1492    -2065   287     1994    19      -2211   -1858   -869    555     1222    1721    2125    2127    1129    44      -1156   -2177   
8461   1951 56      -1476   1410    -2303   196     1904    207     -2767   -1921   -949    398     1144    1551    2036    2115    1179    323     -885    -1675   
8461   1952 -30     -1314   1410    -2140   175     1946    102     -2312   -2455   -941    349     1123    1765    2065    1997    1141    324     -1160   -2345   
8461   1953 24      -1378   1334    -2257   227     1874    53      -2410   -1983   -674    262     1008    1817    2003    1802    1121    310     -1328   -1826   
8461   1954 -999999 -1356   -999999 -2044   -999999 1931    133     -2562   -1713   -1042   290     -999999 1707    2072    1975    1224    200     -990    -1858   
8461   1955 44      -1348   1355    -2096   25      1927    250     -2337   -2075   -1073   123     1031    1557    2148    2024    1222    338     -813    -1489   
8461   1956 -52     -1217   1332    -1985   114     1778    132     -2354   -2125   -925    157     1112    1617    1904    1807    1324    268     -1202   -2318   
8461   1957 72      -1395   1322    -2163   122     1816    220     -2170   -1978   -1065   271     1165    1563    2045    1832    1010    308     -635    -1724   
8461   1958 76      -1148   1351    -1848   0       1878    193     -2172   -1639   -1093   173     1025    1631    2176    1828    1233    235     -890    -1619   
8461   1959 -999999 -1102   1422    -1886   -999999 1837    -999999 -2419   -1621   -349    397     1130    1668    1798    2038    1383    518     -861    -1960   
8461   1960 -20     -1302   1307    -2138   11      1843    231     -2720   -1725   -993    152     880     1518    2046    1969    1313    127     -778    -1987   
8461   1961 -999999 -999999 1429    -999999 214     1942    261     -999999 -1954   -776    315     1046    1757    2126    1931    1345    207     -766    -1641   
8461   1962 43      -1178   1380    -1855   163     1823    78      -2017   -1911   -1000   369     1127    1584    2034    1844    1290    209     -1316   -1873   
8461   1963 117     -1243   1422    -1934   341     1922    93      -2136   -1776   -620    425     1222    1696    2104    1960    1092    196     -1013   -1873   
8461   1964 31      -1291   1289    -2102   241     1804    174     -2217   -2224   -645    193     1144    1584    1893    1931    970     236     -856    -1951   
8461   1965 -9      -999999 1326    -2069   49      1872    154     -2238   -2001   -984    126     974     1739    2011    1863    1234    295     -1072   -2214   
8461   1966 143     -1327   1336    -2172   196     1886    287     -2306   -1977   -742    152     1175    1750    1947    1955    999     665     -815    -999999 
8461   1967 39      -999999 1363    -999999 271     1810    153     -2240   -1815   -744    375     1248    1480    2039    1911    1137    341     -1026   -2101   
8461   1968 175     -1189   1425    -1980   386     1872    331     -2111   -1712   -554    578     1141    1737    2060    1814    1198    186     -381    -1833   
8461   1969 -113    -1310   1237    -2241   72      1737    73      -2571   -2326   -974    295     902     1482    1974    1746    973     333     -1056   -2362   
8461   1970 23      -1432   1416    -2217   104     1898    176     -2507   -1747   -1207   361     1175    1615    2132    1937    1209    127     -806    -2102   
8461   1971 89      -1242   1292    -1973   129     1737    313     -2214   -1547   -922    254     1026    1631    1881    1693    1251    421     -737    -1796   
8461   1972 113     -1090   1349    -1947   337     1829    246     -2282   -1762   -433    398     1024    1568    2134    1776    1164    419     -851    -1953   
8461   1973 57      -1233   1367    -1997   26      1929    210     -2275   -1739   -1088   160     1043    1699    2170    1916    1226    171     -763    -1907   
8461   1974 -8      -1239   1356    -2010   138     1853    160     -2156   -1959   -880    334     996     1526    2125    1890    1266    290     -1081   -2365   
8461   1975 136     -1280   1449    -2105   398     1879    265     -2127   -1793   -648    620     1229    1754    1987    1892    1178    363     -718    -2188   
8461   1976 -999999 -1196   -999999 -2048   253     1734    -999999 -2238   -1694   -715    267     1206    1529    2040    1621    -999999 246     -1194   -2123   
8461   1977 -999999 -1479   -999999 -2431   190     -999999 -999999 -2927   -2239   -736    200     1107    -999999 -999999 -999999 -999999 -999999 -999999 -999999 
8461   1978 41      -999999 1421    -999999 206     1977    176     -2501   -2298   -783    327     1077    1895    2144    1891    1163    139     -771    -1937   
8461   1979 63      -1239   1319    -1978   118     1815    135     -2215   -1762   -925    216     1067    1709    1934    1800    1163    260     -1023   -1586   
8461   1980 34      -1292   1358    -2032   83      1941    261     -2480   -2028   -933    152     1032    1808    2073    1938    1115    305     -638    -1997   
8461   1981 12      -1232   1310    -2061   164     1771    58      -2360   -1799   -938    396     1042    1553    2027    1725    1086    319     -1240   -1784   
8461   1982 142     -1253   1457    -1984   282     1983    207     -2322   -1833   -715    493     1075    1649    2136    2154    1199    222     -802    -1681   
8461   1983 70      -1149   1360    -1881   267     1731    257     -1992   -1979   -732    592     953     1312    1923    1944    1409    111     -746    -2084   
8461   1984 48      -1331   1411    -2107   165     1904    176     -2228   -2003   -1062   298     1263    1677    2069    1959    1164    185     -822    -1984   
8461   1985 75      -1222   1420    -2004   280     1923    196     -2562   -1408   -749    512     1085    1622    2057    2081    1133    290     -837    -2404   
8461   1986 -999999 -1300   -999999 -2278   283     1905    -999999 -2419   -1984   -500    369     984     1731    2070    1909    -999999 -999999 -999999 -999999 
8461   1987 -3      -999999 1305    -999999 105     1829    106     -2395   -1811   -840    191     967     1720    1872    1891    1162    373     -1226   -2058   
8461   1988 124     -1336   1462    -2107   179     2029    250     -2055   -2216   -887    380     1051    1827    2075    2179    1232    331     -815    -1693   
8461   1989 174     -1035   1416    -1779   308     1953    294     -1959   -1676   -455    463     922     1726    2117    2008    1233    288     -640    -2051   
8461   1990 218     -1165   1464    -2074   426     1914    390     -2628   -1486   -490    498     1272    1699    2066    1971    1249    532     -615    -1554   
8461   1991 112     -1062   1401    -1801   219     1857    311     -2102   -1742   -945    434     1176    1662    1897    2007    1203    484     -758    -2082   
8461   1992 102     -1117   1329    -1934   247     1782    200     -2050   -1652   -668    403     1011    1646    1880    1815    1198    377     -980    -1810   
8461   1993 144     -1094   1353    -1789   221     1811    330     -2069   -1457   -654    255     1062    1571    2029    1826    1348    351     -710    -1917   
8461   1994 87      -1220   1423    -2070   182     1944    354     -2652   -1595   -818    294     1073    1681    2073    2083    1369    438     -747    -2058   
8461   1995 175     -1138   1407    -1959   264     1924    297     -2193   -1592   -706    355     1146    1729    2084    1952    1144    529     -789    -1677   
8461   1996 77      -1112   1395    -1927   324     1817    226     -2253   -1844   -671    384     1262    1628    2043    1774    1251    281     -855    -2134   
8461   1997 125     -1233   1370    -1972   172     1883    257     -2179   -1564   -966    360     1127    1620    2183    1839    1057    282     -568    -1786   
8461   1998 168     -1129   1509    -2022   460     1951    279     -2665   -1572   -490    618     1257    1815    2131    1901    1305    602     -1081   -1913   
8461   1999 98      -1227   1393    -1932   29      1942    276     -2072   -1800   -1146   274     967     1636    2233    1946    1271    284     -727    -1805   
8461   2000 93      -1210   1504    -1992   262     1987    235     -2275   -1891   -875    361     1303    1712    2164    2076    1374    337     -1010   -2226   
8461   2001 100     -1340   1426    -2254   341     1918    278     -2484   -2030   -685    405     1306    1705    2043    1998    1066    495     -735    -2021   
8461   2002 127     -973    1396    -1703   420     1774    96      -1729   -1323   -553    494     1320    1536    1976    1801    1215    354     -1289   -2375   
8461   2003 149     -1310   1428    -2171   387     1902    265     -2264   -1843   -497    544     1119    1827    2033    1842    1181    420     -809    -1890   
8461   2004 192     -1078   1398    -1795   243     1849    463     -2061   -1410   -730    308     1153    1724    2019    1801    1359    377     -344    -1925   
8461   2005 122     -1120   1439    -1980   124     2022    326     -2125   -1880   -872    333     917     1984    2089    1991    1297    321     -640    -2061   
8461   2006 127     -1208   1444    -2059   230     1941    254     -2338   -1749   -815    211     1293    1639    2061    2113    1311    295     -844    -1774   
8461   2007 230     -1039   1471    -1666   230     1995    305     -1833   -1363   -739    340     1093    1873    2063    2046    1384    346     -816    -1729   
8461   2008 230     -1028   1505    -1888   574     1984    252     -2285   -1634   -82     747     1063    1825    2200    1923    1248    424     -920    -1803   
8461   2009 125     -1104   1384    -1807   307     1808    241     -1951   -1652   -770    394     1300    1554    1928    1924    1176    471     -930    -2013   
8461   2010 155     -1248   1510    -2020   132     2082    356     -2119   -1919   -1035   178     1255    2069    2129    2047    1351    365     -648    -1935   
8461   2011 103     -1182   1432    -1986   178     1968    286     -2389   -1597   -907    334     1111    1578    2288    2026    1217    437     -800    -2168   
8461   2012 132     -1317   1507    -2265   263     1963    506     -2646   -1960   -791    325     1257    1870    2059    1959    1550    420     -449    -2061   
8461   2013 147     -1215   1446    -2159   202     1989    381     -2535   -1851   -849    195     1258    1887    2073    2004    1224    371     -451    -1678   
