EUROPEAN CLIMATE ASSESSMENT & DATASET (ECA&D), file created on: 13-11-2019
THESE DATA CAN BE USED FOR NON-COMMERCIAL RESEARCH AND EDUCATION PROVIDED THAT THE FOLLOWING SOURCE IS ACKNOWLEDGED: 

Klein Tank, A.M.G. and Coauthors, 2002. Daily dataset of 20th-century surface
air temperature and precipitation series for the European Climate Assessment.
Int. J. of Climatol., 22, 1441-1453.
Data and metadata available at http://www.ecad.eu

FILE FORMAT (MISSING VALUE CODE = -999999):

THIS FILE HOLDS DATA FOR STATION RUSSIAN FEDERATION                       MURMANSK                                 (STAID:     86)
LATITUDE: dd:mm:ss +68:58:00
LONGITUDE: ddd:mm:ss +033:02:59
ELEVATION: m   57

DATA IS FOR INDEX Mean of daily mean temperature (TG) with unit 0.01 Temperature (&#176;C)

01-06 SOUID: Source identifier
08-11 YEAR : YYYY
13-20 ANNUAL DATA VALUES
21-28 WINTER HALF YEAR DATA VALUES
29-36 SUMMER HALF YEAR DATA VALUES
37-44 WINTER (DJF) DATA VALUES
45-52 SPRING (MAM) DATA VALUES
53-60 SUMMER (JJA) DATA VALUES
61-68 AUTUMN (SON) DATA VALUES
69-76 JANUARY DATA VALUES
etc. 
157-164 DECEMBER DATA VALUES

86     1936 109     -999999 830     -999999 -100    1301    181     -999999 -1750   -698    -115    513     1302    1284    1317    655     -14     -91     -291    
86     1937 -999999 -464    -999999 -638    -999999 1330    254     -537    -1133   -769    231     -999999 1244    1301    1442    678     302     -219    -920    
86     1938 266     -415    850     -734    -23     1257    363     -863    -386    -394    -46     371     917     1637    1205    993     258     -160    -380    
86     1939 26      -460    626     -758    -221    1131    123     -998    -911    -604    -253    191     940     1213    1235    403     21      -52     -936    
86     1940 -30     -762    733     -1154   -256    1088    174     -1308   -1222   -1080   -274    587     891     1078    1289    803     180     -460    -881    
86     1941 -142    -767    597     -1084   -464    1109    -18     -1204   -1179   -1101   -443    151     654     1507    1150    528     -197    -381    -1296   
86     1942 -113    -936    626     -1319   -390    1048    66      -1493   -1153   -1097   -234    165     878     1206    1054    669     8       -479    -943    
86     1943 150     -618    764     -950    -29     1186    189     -1330   -536    -417    -104    432     1038    1391    1125    678     -5      -99     -407    
86     1944 129     -415    585     -595    -236    940     392     -719    -662    -603    -324    216     787     987     1041    785     455     -66     -375    
86     1945 -64     -464    656     -780    -271    1084    -42     -1023   -959    -853    -173    217     680     1239    1321    625     -205    -540    -1163   
86     1946 67      -781    718     -1069   -224    1142    88      -699    -1374   -753    -185    267     1008    1325    1087    787     -39     -481    -249    
86     1947 2       -693    723     -870    -321    1137    227     -784    -1653   -1041   -130    215     1084    1206    1120    831     196     -343    -786    
86     1948 99      -606    739     -968    -10     1033    239     -1392   -707    -601    7       564     960     1179    957     751     206     -241    -511    
86     1949 92      -409    625     -593    -125    891     231     -718    -546    -655    -59     342     637     996     1031    785     43      -129    -662    
86     1950 127     -557    743     -944    22      1066    266     -1187   -987    -445    176     340     1022    895     1280    738     432     -379    -432    
86     1951 29      -540    680     -895    -141    1062    178     -1220   -1048   -636    99      121     726     1029    1419    668     436     -578    -744    
86     1952 -3      -551    665     -727    -326    1103    9       -797    -633    -996    -191    215     1122    1327    862     642     -135    -473    -977    
86     1953 145     -740    775     -1098   -50     1237    206     -967    -1376   -562    66      351     1310    1159    1244    507     235     -126    -215    
86     1954 141     -394    791     -683    22      1170    42      -758    -1119   -440    -25     529     903     1505    1094    717     37      -626    -232    
86     1955 -187    -703    599     -837    -395    978     -40     -822    -1525   -1127   -274    221     678     1111    1136    700     63      -885    -1623   
86     1956 -86     -912    575     -1421   -148    999     -159    -1164   -1479   -423    -538    505     1197    947     859     459     -71     -869    -529    
86     1957 82      -655    731     -704    -234    1178    175     -834    -752    -888    -89     279     787     1518    1217    648     145     -266    -838    
86     1958 -73     -672    575     -1026   -382    1044    231     -1304   -928    -853    -342    52      874     1106    1148    594     180     -78     -1367   
86     1959 157     -477    753     -952    39      1240    110     -1073   -360    -140    -274    521     1090    1336    1289    528     16      -210    -872    
86     1960 88      -648    948     -1105   157     1351    -107    -1165   -1291   -395    149     715     932     1889    1217    752     -357    -707    -743    
86     1961 142     -656    742     -811    -180    1274    359     -832    -864    -458    -313    228     1180    1471    1168    699     620     -249    -1023   
86     1962 -12     -619    630     -1005   -241    914     236     -1128   -850    -1095   9       370     801     994     945     646     86      -20     -940    
86     1963 15      -720    777     -1073   -103    954     229     -1005   -1295   -1179   -64     937     649     1106    1096    913     261     -489    -841    
86     1964 60      -558    704     -866    -164    1184    69      -558    -1222   -538    -324    364     958     1488    1099    610     317     -727    -819    
86     1965 -92     -705    614     -1020   -257    975     -3      -1013   -1252   -792    -45     74      915     1025    983     724     19      -752    -1057   
86     1966 -220    -1130   597     -1491   -590    1101    18      -1410   -2060   -1600   -440    275     996     1309    995     424     -203    -158    -888    
86     1967 141     -563    830     -947    81      1222    348     -1212   -720    -200    65      377     978     1316    1365    861     120     71      -1372   
86     1968 -137    -759    493     -1370   -275    903     -122    -1631   -1089   -645    -314    134     902     788     1019    417     -324    -454    -470    
86     1969 -115    -786    527     -1051   -337    914     114     -1270   -1453   -802    -264    57      585     1128    1017    616     188     -466    -813    
86     1970 41      -675    768     -1104   -193    1312    90      -914    -1639   -495    -459    366     1095    1526    1308    742     176     -652    -702    
86     1971 -162    -780    570     -1093   -358    992     -120    -1146   -1468   -952    -357    236     698     1163    1105    551     -56     -858    -964    
86     1972 189     -652    861     -852    -125    1466    -10     -722    -872    -460    -190    273     1284    1712    1396    664     133     -831    -178    
86     1973 -7      -521    767     -614    -67     1250    -192    -756    -940    -607    -29     435     1100    1597    1048    423     -176    -822    -1424   
86     1974 227     -697    851     -988    -49     1351    152     -753    -765    -253    -87     193     1201    1639    1209    938     129     -610    -195    
86     1975 87      -430    676     -655    97      922     186     -905    -887    -164    -34     486     779     1108    876     826     20      -283    -839    
86     1976 -57     -708    661     -1088   -111    1029    -92     -1426   -992    -734    -93     494     680     1288    1107    458     -117    -617    -766    
86     1977 -12     -745    645     -1012   -181    1037    76      -1172   -1109   -719    -162    339     840     1272    994     566     -74     -259    -732    
86     1978 -124    -687    582     -1041   -182    919     -7      -1198   -1210   -685    -340    474     844     953     958     578     -34     -564    -1338   
86     1979 -23     -884    696     -1363   -198    1105    67      -1508   -1230   -655    -398    454     864     1269    1174    788     -145    -436    -545    
86     1980 -80     -711    674     -974    -202    1053    -40     -1193   -1198   -775    -67     239     1106    1042    1014    701     40      -864    -1038   
86     1981 -83     -857    631     -1084   -372    1058    155     -993    -1234   -1092   -324    301     735     1352    1075    617     224     -379    -1355   
86     1982 37      -683    642     -1133   -87     955     138     -1398   -593    -578    -41     358     477     1385    988     660     21      -263    -614    
86     1983 33      -526    769     -799    -2      1079    56      -825    -976    -534    110     422     936     1316    979     837     185     -859    -1267   
86     1984 111     -709    767     -963    -3      1084    33      -1085   -506    -713    -94     795     1048    1194    1009    629     73      -603    -435    
86     1985 -165    -859    667     -1396   -199    1117    191     -1952   -1846   -479    -273    151     901     1265    1177    760     174     -361    -1607   
86     1986 -16     -754    661     -1373   -28     1117    158     -1379   -1106   -267    -162    340     1153    1174    1026    417     207     -151    -1508   
86     1987 -84     -849    612     -1451   -240    940     244     -1452   -1386   -836    -253    369     867     1078    873     723     645     -650    -1077   
86     1988 11      -608    744     -995    -205    1204    65      -910    -997    -684    -352    417     1014    1467    1124    770     149     -725    -1184   
86     1989 237     -545    920     -860    273     1251    179     -692    -686    -151    301     669     1274    1273    1206    785     57      -303    -943    
86     1990 122     -553    745     -904    37      1109    39      -1509   -191    -385    207     296     887     1243    1190    634     99      -619    -398    
86     1991 81      -595    715     -751    -132    1105    162     -1007   -858    -812    96      328     990     1150    1171    539     197     -252    -627    
86     1992 131     -316    721     -567    37      1043    -107    -631    -434    -155    -391    643     1051    1123    955     923     -398    -836    -305    
86     1993 38      -563    608     -554    -90     1033    -90     -696    -673    -490    -195    411     656     1309    1123    310     -123    -455    -785    
86     1994 95      -645    752     -954    8       1128    64      -1177   -895    -455    197     288     865     1293    1219    633     68      -508    -455    
86     1995 56      -408    709     -571    33      1040    -44     -595    -675    -313    -25     435     1023    1080    1017    710     19      -864    -1186   
86     1996 77      -657    600     -912    -173    1044    215     -599    -952    -385    -265    128     727     1136    1258    593     271     -221    -817    
86     1997 20      -542    683     -957    -188    1107    107     -1064   -992    -462    -438    328     839     1156    1319    873     22      -571    -851    
86     1998 -160    -828    573     -1222   -269    972     -129    -1019   -1856   -785    -339    314     627     1281    995     533     105     -1034   -895    
86     1999 11      -854    722     -1232   -171    1159    278     -1526   -1281   -540    -17     50      1181    1313    984     814     352     -335    -937    
86     2000 191     -495    791     -855    2       1171    396     -803    -824    -438    -25     467     961     1385    1159    777     515     -108    -815    
86     2001 53      -531    807     -866    -273    1245    115     -524    -1300   -1013   -103    301     1167    1448    1119    895     1       -548    -903    
86     2002 -7      -658    748     -923    -33     1119    -133    -958    -906    -656    115     446     908     1432    1009    554     -68     -887    -1140   
86     2003 142     -742    784     -1086   86      1131    276     -1587   -471    -276    -33     564     660     1545    1172    764     171     -102    -737    
86     2004 174     -502    876     -890    44      1303    133     -888    -1057   -424    93      464     874     1751    1268    778     152     -531    -461    
86     2005 206     -500    818     -619    -138    1246    410     -694    -713    -776    -69     433     1096    1330    1307    789     419     22      -732    
86     2006 122     -473    819     -834    -21     1171    14      -710    -1085   -796    181     559     1142    1190    1179    650     -8      -601    -330    
86     2007 174     -572    757     -934    135     1110    305     -868    -1676   -58     39      420     845     1152    1325    740     509     -342    -160    
86     2008 120     -309    621     -451    -192    998     157     -546    -660    -676    -195    296     902     1192    896     615     256     -404    -266    
86     2009 71      -488    731     -733    -74     1037    245     -853    -1119   -602    -110    489     824     1104    1177    884     35      -176    -875    
86     2010 34      -706    822     -1110   -3      1112    152     -1224   -1245   -788    165     619     900     1403    1028    797     285     -631    -985    
86     2011 205     -730    894     -1243   141     1213    419     -1126   -1658   -348    206     565     1131    1407    1099    940     414     -96     -210    
86     2012 82      -377    772     -749    86      1073    249     -950    -1110   -351    -27     634     965     1229    1021    791     187     -229    -1210   
86     2013 248     -603    1019    -878    -40     1433    240     -650    -764    -956    43      795     1394    1473    1431    957     109     -341    -583    
86     2014 136     -473    774     -792    49      1158    154     -1335   -421    -255    -16     416     826     1361    1275    759     19      -310    -722    
86     2015 221     -475    832     -835    235     1077    338     -1183   -574    -86     92      694     984     993     1252    963     262     -207    -581    
86     2016 246     -486    976     -918    276     1306    276     -1650   -496    -238    177     886     1055    1608    1246    858     353     -386    -489    
86     2017 95      -399    664     -679    -119    1082    184     -795    -761    -353    -206    199     685     1423    1125    736     192     -377    -798    
86     2018 223     -623    980     -928    5       1388    356     -943    -1057   -789    24      779     997     1848    1335    934     158     -18     -547    
