EUROPEAN CLIMATE ASSESSMENT & DATASET (ECA&D), file created on: 13-11-2019
THESE DATA CAN BE USED FOR NON-COMMERCIAL RESEARCH AND EDUCATION PROVIDED THAT THE FOLLOWING SOURCE IS ACKNOWLEDGED: 

Klein Tank, A.M.G. and Coauthors, 2002. Daily dataset of 20th-century surface
air temperature and precipitation series for the European Climate Assessment.
Int. J. of Climatol., 22, 1441-1453.
Data and metadata available at http://www.ecad.eu

FILE FORMAT (MISSING VALUE CODE = -999999):

THIS FILE HOLDS DATA FOR STATION FINLAND                                  PORVOO KALBADAGRUND                      (STAID:   7034)
LATITUDE: dd:mm:ss +59:59:06
LONGITUDE: ddd:mm:ss +025:36:06
ELEVATION: m    0

DATA IS FOR INDEX Mean of daily mean temperature (TG) with unit 0.01 Temperature (&#176;C)

01-06 SOUID: Source identifier
08-11 YEAR : YYYY
13-20 ANNUAL DATA VALUES
21-28 WINTER HALF YEAR DATA VALUES
29-36 SUMMER HALF YEAR DATA VALUES
37-44 WINTER (DJF) DATA VALUES
45-52 SPRING (MAM) DATA VALUES
53-60 SUMMER (JJA) DATA VALUES
61-68 AUTUMN (SON) DATA VALUES
69-76 JANUARY DATA VALUES
etc. 
157-164 DECEMBER DATA VALUES

7034   1981 -999999 -999999 -999999 -999999 177     -999999 -999999 -180    -364    -387    139     863     -999999 -999999 -999999 -999999 -999999 -999999 -266    
7034   1982 -999999 -999999 -999999 -999999 -999999 -999999 808     -657    -999999 -64     -999999 -999999 1017    1610    1561    1190    736     516     191     
7034   1983 -999999 -999999 -999999 -999999 -999999 -999999 -999999 -999999 -999999 -999999 354     -999999 1297    1756    1635    1273    754     96      -29     
7034   1984 -999999 -999999 -999999 -999999 -999999 1496    787     -182    -999999 -999999 -999999 1000    1362    1525    1598    1147    918     303     -16     
7034   1985 -999999 -999999 -999999 -999999 -999999 -999999 -999999 -999999 -999999 -160    47      774     1294    1520    1653    1167    878     -999999 -999999 
7034   1986 -999999 -999999 -999999 -999999 -999999 -999999 -999999 -999999 -999999 -13     184     764     1455    1657    -999999 945     726     -999999 -999999 
7034   1987 -999999 -999999 -999999 -999999 123     1360    -999999 -999999 -490    -546    163     752     1208    1456    1398    1119    862     247     -999999 
7034   1988 -999999 -999999 -999999 -999999 -999999 -999999 -999999 -113    -252    -177    -999999 -999999 -999999 2030    1519    1341    777     -999999 -999999 
7034   1989 -999999 -999999 -999999 -999999 -999999 -999999 -999999 -999999 197     259     -999999 -999999 1618    1849    1679    1381    803     -999999 -999999 
7034   1990 -999999 -999999 -999999 -999999 -999999 -999999 -999999 -131    128     -999999 -999999 -999999 1492    1664    1825    1098    988     -999999 -999999 
7034   1991 -999999 -999999 -999999 -999999 -999999 -999999 -999999 -999999 -999999 -999999 -999999 -999999 -999999 -999999 -999999 -999999 -999999 -999999 -999999 
7034   1992 -999999 -999999 1216    -999999 -999999 1500    555     -999999 -999999 -999999 388     1061    1413    1550    1527    1360    323     15      160     
7034   1993 -999999 45      -999999 3       398     1334    -999999 -40     -126    -87     225     1045    1097    1472    1441    890     562     -187    -137    
7034   1994 488     -226    -999999 -486    268     -999999 655     -269    -1089   -238    319     759     1095    1770    1657    1218    616     152     49      
7034   1995 -999999 121     -999999 -33     -999999 -999999 740     -181    40      43      -999999 663     1521    -999999 1611    1279    915     51      -289    
7034   1996 -999999 -999999 -999999 -999999 150     -999999 790     -388    -999999 -333    163     590     1136    1387    1813    1085    795     489     -188    
7034   1997 605     109     1178    -196    228     1717    609     -197    -204    -70     132     619     1463    1823    1857    1151    505     176     -131    
7034   1998 532     -30     1077    -188    206     1415    665     -75     -369    -320    153     785     1244    1555    1434    1281    789     -80     -64     
7034   1999 -999999 -59     -999999 -338    309     1630    -999999 -401    -573    -75     369     635     1559    1721    1616    -999999 -999999 374     -1      
7034   2000 -999999 107     1139    -82     375     1468    -999999 -141    -105    -43     407     774     1190    1615    1590    -999999 -999999 561     -999999 
7034   2001 -999999 -999999 -999999 -999999 288     -999999 -999999 -999999 -999999 -256    331     755     1212    -999999 -999999 -999999 944     209     -999999 
7034   2002 594     -999999 1293    -999999 458     1725    475     -190    -23     30      366     977     1410    1782    1953    1245    291     -79     -606    
7034   2003 470     -333    -999999 -665    140     -999999 726     -819    -561    -237    61      624     1101    1875    -999999 1260    533     392     103     
7034   2004 601     13      1156    -254    343     1495    775     -494    -379    -92     293     827     1182    1582    1713    1316    773     236     206     
7034   2005 659     70      1220    -45     212     1608    941     23      -400    -458    283     813     1310    1846    1659    1386    904     533     -65     
7034   2006 666     -10     1269    -335    204     1689    910     -223    -759    -504    245     871     1405    1794    1860    1417    944     368     463     
7034   2007 681     239     1199    -40     469     1577    769     23      -668    220     379     806     1382    1618    1726    1263    836     207     268     
7034   2008 723     248     1156    142     438     1499    851     45      111     12      418     884     1285    1658    1547    1124    967     458     144     
7034   2009 627     174     1208    -98     368     1532    803     -135    -326    -107    307     901     1283    1630    1674    1432    591     393     -179    
7034   2010 525     -146    1284    -571    341     1743    687     -806    -744    -171    325     870     1293    2075    1846    1265    673     123     -541    
7034   2011 689     -176    1273    -580    322     1714    970     -357    -870    -145    352     760     1431    1940    1763    1368    926     618     369     
7034   2012 589     196     1152    -132    396     1475    864     -194    -602    22      269     894     1161    1654    1600    1311    784     499     -379    
7034   2013 680     -18     1242    -317    224     1660    903     -380    -179    -452    218     907     1551    1689    1737    1332    837     541     300     
7034   2014 714     240     1270    -36     499     1621    826     -420    16      151     446     898     1215    1848    1788    1404    725     352     94      
7034   2015 749     233     1157    38      433     1464    941     -37     60      191     372     734     1140    1523    1717    1439    803     584     412     
7034   2016 658     202     1276    -75     531     1573    702     -668    40      43      372     1174    1392    1681    1640    1378    642     89      94      
7034   2017 629     102     1070    -66     317     1416    800     -145    -154    60      160     725     1154    1461    1623    1274    686     443     202     
7034   2018 703     55      1360    -157    409     1706    916     -95     -623    -335    348     1213    1341    1936    1829    1459    856     434     -29     
7034   2019 -999999 158     -999999 -115    -999999 -999999 -999999 -327    24      10      -999999 -999999 -999999 -999999 -999999 -999999 -999999 -999999 -999999 
