EUROPEAN CLIMATE ASSESSMENT & DATASET (ECA&D), file created on: 13-11-2019
THESE DATA CAN BE USED FOR NON-COMMERCIAL RESEARCH AND EDUCATION PROVIDED THAT THE FOLLOWING SOURCE IS ACKNOWLEDGED: 

Klein Tank, A.M.G. and Coauthors, 2002. Daily dataset of 20th-century surface
air temperature and precipitation series for the European Climate Assessment.
Int. J. of Climatol., 22, 1441-1453.
Data and metadata available at http://www.ecad.eu

FILE FORMAT (MISSING VALUE CODE = -999999):

THIS FILE HOLDS DATA FOR STATION FINLAND                                  ESPOO SEPANKYLA                          (STAID:   7021)
LATITUDE: dd:mm:ss +60:12:27
LONGITUDE: ddd:mm:ss +024:44:39
ELEVATION: m   31

DATA IS FOR INDEX Mean of daily mean temperature (TG) with unit 0.01 Temperature (&#176;C)

01-06 SOUID: Source identifier
08-11 YEAR : YYYY
13-20 ANNUAL DATA VALUES
21-28 WINTER HALF YEAR DATA VALUES
29-36 SUMMER HALF YEAR DATA VALUES
37-44 WINTER (DJF) DATA VALUES
45-52 SPRING (MAM) DATA VALUES
53-60 SUMMER (JJA) DATA VALUES
61-68 AUTUMN (SON) DATA VALUES
69-76 JANUARY DATA VALUES
etc. 
157-164 DECEMBER DATA VALUES

7021   1959 601     -999999 1239    -999999 497     1700    542     -412    -185    110     406     971     1509    1822    1763    932     524     172     -455    
7021   1960 468     -318    1220    -729    279     1635    514     -896    -841    -430    205     1059    1576    1769    1559    1128    413     5       14      
7021   1961 641     40      1179    -90     449     1569    767     -280    -1      74      306     963     1682    1592    1436    1076    953     265     -437    
7021   1962 426     -109    1035    -410    187     1325    638     -337    -460    -662    391     837     1178    1480    1311    996     719     196     -589    
7021   1963 459     -387    1279    -831    251     1593    698     -928    -996    -780    271     1263    1459    1649    1665    1338    673     83      -333    
7021   1964 505     -174    1147    -470    264     1530    621     -246    -856    -399    261     930     1445    1674    1469    1084    781     -8      -162    
7021   1965 448     -113    1116    -393    242     1457    517     -324    -719    -306    344     691     1481    1451    1440    1282    627     -362    -308    
7021   1966 389     -437    1130    -904    224     1640    579     -1190   -1257   -231    -11     907     1671    1775    1475    936     562     240     -373    
7021   1967 508     -165    1201    -628    451     1541    842     -1030   -465    62      343     945     1353    1671    1594    1282    868     374     -946    
7021   1968 432     -266    1171    -930    358     1588    419     -1358   -469    -91     416     750     1636    1501    1629    1084    288     -110    -168    
7021   1969 393     -391    1173    -643    179     1624    547     -867    -921    -611    314     839     1552    1655    1663    996     547     83      -631    
7021   1970 430     -376    1178    -909    304     1636    510     -939    -1183   -181    147     941     1702    1615    1594    1050    487     -6      -190    
7021   1971 525     -129    1158    -279    270     1563    509     -142    -530    -426    226     1009    1403    1703    1578    1001    541     -34     -134    
7021   1972 535     -210    1217    -475    250     1720    516     -824    -478    -356    204     901     1601    1944    1612    1016    467     67      178     
7021   1973 499     -13     1180    -159    361     1673    327     -163    -529    -145    255     971     1628    1930    1458    808     342     -169    -509    
7021   1974 653     -95     1158    -247    355     1515    756     -210    -8      -25     362     727     1457    1589    1497    1307    628     306     145     
7021   1975 695     149     1305    -33     529     1645    703     -53     -209    56      354     1172    1384    1820    1723    1352    570     191     -90     
7021   1976 408     -201    1122    -517    303     1494    429     -864    -604    -425    224     1108    1302    1601    1573    892     281     120     -349    
7021   1977 451     -243    1072    -570    307     1475    557     -568    -817    -172    157     931     1460    1475    1490    900     557     213     -308    
7021   1978 377     -216    1119    -617    344     1501    549     -526    -1059   -242    225     1046    1486    1592    1424    916     455     279     -1171   
7021   1979 469     -367    1172    -950    366     1579    569     -786    -888    -123    186     1028    1603    1491    1643    1061    449     200     -331    
7021   1980 465     -288    1232    -618    225     1674    533     -769    -762    -530    486     726     1732    1748    1545    1143    596     -142    -231    
7021   1981 -999999 -183    -999999 -361    -999999 -999999 -999999 -343    -526    -486    215     -999999 -999999 -999999 -999999 -999999 -999999 -999999 -999999 
7021   1982 -999999 -999999 -999999 -999999 -999999 -999999 -999999 -999999 -999999 -999999 -999999 -999999 -999999 -999999 -999999 -999999 -999999 -999999 -999999 
7021   1983 -999999 -999999 -999999 -999999 -999999 -999999 -999999 -999999 -999999 -999999 -999999 -999999 -999999 -999999 -999999 -999999 -999999 -999999 -999999 
7021   1984 -999999 -999999 -999999 -999999 -999999 -999999 -999999 -999999 -999999 -999999 -999999 -999999 -999999 -999999 -999999 -999999 -999999 -999999 -999999 
7021   1985 -999999 -999999 -999999 -999999 -999999 -999999 -999999 -999999 -999999 -999999 -999999 -999999 -999999 -999999 -999999 -999999 -999999 -999999 -999999 
7021   1986 -999999 -999999 -999999 -999999 -999999 -999999 -999999 -999999 -999999 -999999 -999999 -999999 -999999 -999999 -999999 -999999 -999999 -999999 -999999 
7021   1987 -999999 -999999 -999999 -999999 -999999 -999999 -999999 -999999 -999999 -999999 -999999 -999999 -999999 -999999 -999999 -999999 -999999 -999999 -999999 
7021   1988 -999999 -999999 -999999 -999999 -999999 -999999 -999999 -999999 -999999 -999999 -999999 -999999 -999999 -999999 -999999 -999999 -999999 -999999 -999999 
7021   1989 -999999 -999999 -999999 -999999 -999999 -999999 -999999 -999999 -999999 -999999 -999999 -999999 -999999 -999999 -999999 -999999 -999999 -999999 -999999 
7021   1990 -999999 -999999 -999999 -999999 -999999 -999999 -999999 -999999 -999999 -999999 -999999 -999999 -999999 -999999 -999999 -999999 -999999 -999999 -999999 
7021   1991 -999999 -999999 -999999 -999999 -999999 -999999 -999999 -999999 -999999 -999999 -999999 -999999 -999999 -999999 -999999 -999999 -999999 -999999 -999999 
7021   1992 -999999 -999999 -999999 -999999 -999999 -999999 -999999 -999999 -999999 -999999 -999999 -999999 -999999 -999999 -999999 -999999 -999999 -999999 -999999 
7021   1993 -999999 -999999 -999999 -999999 -999999 -999999 -999999 -999999 -999999 -999999 -999999 -999999 -999999 -999999 -999999 -999999 -999999 -999999 -999999 
7021   1994 -999999 -999999 -999999 -999999 -999999 -999999 -999999 -999999 -999999 -999999 -999999 -999999 -999999 -999999 -999999 -999999 -999999 -999999 -999999 
7021   1995 -999999 -999999 -999999 -999999 -999999 -999999 -999999 -999999 -999999 -999999 -999999 -999999 -999999 -999999 -999999 -999999 -999999 -999999 -999999 
7021   1996 -999999 -999999 -999999 -999999 -999999 -999999 -999999 -999999 -999999 -999999 -999999 -999999 -999999 -999999 -999999 -999999 -999999 -999999 -999999 
7021   1997 -999999 -999999 -999999 -999999 -999999 -999999 -999999 -999999 -999999 -999999 -999999 -999999 -999999 -999999 -999999 -999999 -999999 -999999 -999999 
7021   1998 -999999 -999999 -999999 -999999 -999999 -999999 -999999 -999999 -999999 -999999 -999999 -999999 -999999 -999999 -999999 -999999 -999999 -999999 -999999 
7021   1999 -999999 -999999 -999999 -999999 -999999 -999999 -999999 -999999 -999999 -999999 -999999 -999999 -999999 -999999 -999999 -999999 -999999 -999999 -999999 
7021   2000 -999999 -999999 -999999 -999999 -999999 -999999 -999999 -999999 -999999 -999999 -999999 -999999 -999999 -999999 -999999 -999999 -999999 -999999 -999999 
7021   2001 -999999 -999999 -999999 -999999 -999999 -999999 -999999 -999999 -999999 -999999 -999999 -999999 -999999 -999999 -999999 -999999 -999999 -999999 -999999 
7021   2002 -999999 -999999 -999999 -999999 -999999 -999999 -999999 -999999 -999999 -999999 -999999 -999999 -999999 -999999 -999999 -999999 -999999 -999999 -999999 
7021   2003 -999999 -999999 -999999 -999999 -999999 -999999 -999999 -999999 -999999 -999999 -999999 -999999 -999999 -999999 -999999 -999999 -999999 -999999 -999999 
7021   2004 -999999 -999999 -999999 -999999 -999999 -999999 -999999 -999999 -999999 -999999 -999999 -999999 -999999 -999999 -999999 -999999 -999999 -999999 -999999 
7021   2005 -999999 -999999 1283    -999999 307     1656    781     -999999 -505    -546    446     1026    1433    1900    1628    1240    729     375     -305    
7021   2006 650     -161    1367    -507    286     1792    789     -420    -828    -566    370     1057    1611    1902    1856    1382    787     199     337     
7021   2007 663     103     1295    -229    637     1674    604     -212    -876    288     542     1077    1568    1719    1733    1107    656     47      179     
7021   2008 713     152     1230    76      558     1560    691     -5      52      -30     621     1085    1445    1729    1501    978     822     268     65      
7021   2009 571     40      1265    -242    476     1570    640     -359    -454    -143    457     1113    1395    1695    1616    1292    355     283     -458    
7021   2010 473     -329    1375    -809    473     1813    510     -1132   -841    -212    462     1170    1469    2196    1764    1155    511     -135    -822    
7021   2011 688     -342    1397    -780    502     1814    836     -493    -1050   -123    599     1032    1699    2057    1681    1294    758     458     218     
7021   2012 551     55      1232    -309    512     1564    706     -440    -734    31      406     1096    1352    1773    1560    1183    595     345     -607    
7021   2013 669     -172    1356    -467    342     1764    751     -551    -219    -585    293     1315    1754    1822    1716    1208    678     370     170     
7021   2014 698     120     1339    -179    612     1707    706     -689    -17     176     587     1073    1353    2013    1744    1238    615     269     -81     
7021   2015 756     147     1259    -73     562     1576    820     -150    21      200     533     951     1343    1634    1743    1334    616     516     281     
7021   2016 647     91      1363    -220    661     1649    593     -926    -1      65      492     1419    1542    1776    1625    1300    522     -42     -32     
7021   2017 653     17      1174    -165    450     1533    706     -232    -239    98      268     978     1373    1604    1618    1183    545     395     174     
7021   2018 743     1       1511    -198    588     1857    804     -115    -700    -350    560     1552    1576    2126    1860    1356    729     331     -125    
7021   2019 -999999 72      1359    -220    580     1745    -999999 -513    -3      13      683     1045    1758    1759    1718    1177    573     -999999 -999999 
