EUROPEAN CLIMATE ASSESSMENT & DATASET (ECA&D), file created on: 13-11-2019
THESE DATA CAN BE USED FOR NON-COMMERCIAL RESEARCH AND EDUCATION PROVIDED THAT THE FOLLOWING SOURCE IS ACKNOWLEDGED: 

Klein Tank, A.M.G. and Coauthors, 2002. Daily dataset of 20th-century surface
air temperature and precipitation series for the European Climate Assessment.
Int. J. of Climatol., 22, 1441-1453.
Data and metadata available at http://www.ecad.eu

FILE FORMAT (MISSING VALUE CODE = -999999):

THIS FILE HOLDS DATA FOR STATION AUSTRIA                                  BREGENZ                                  (STAID:   2219)
LATITUDE: dd:mm:ss +47:30:00
LONGITUDE: ddd:mm:ss +009:43:48
ELEVATION: m  424

DATA IS FOR INDEX Mean of daily mean temperature (TG) with unit 0.01 Temperature (&#176;C)

01-06 SOUID: Source identifier
08-11 YEAR : YYYY
13-20 ANNUAL DATA VALUES
21-28 WINTER HALF YEAR DATA VALUES
29-36 SUMMER HALF YEAR DATA VALUES
37-44 WINTER (DJF) DATA VALUES
45-52 SPRING (MAM) DATA VALUES
53-60 SUMMER (JJA) DATA VALUES
61-68 AUTUMN (SON) DATA VALUES
69-76 JANUARY DATA VALUES
etc. 
157-164 DECEMBER DATA VALUES

2219   1965 -999999 -999999 -999999 -999999 -999999 -999999 -999999 -999999 -999999 -999999 -999999 -999999 -999999 -999999 -999999 -999999 -999999 -999999 -999999 
2219   1966 -999999 -999999 -999999 -999999 -999999 -999999 -999999 -106    -999999 -999999 -999999 -999999 -999999 -999999 -999999 -999999 1391    -999999 181     
2219   1967 -999999 -999999 -999999 -999999 -999999 -999999 -999999 0       -999999 710     -999999 1326    1558    2043    1828    1438    1250    -999999 -32     
2219   1968 -999999 -999999 -999999 -999999 -999999 -999999 -999999 44      -999999 -999999 -999999 1305    -999999 1726    -999999 1384    1145    -999999 -999999 
2219   1969 -999999 -999999 -999999 -999999 -999999 -999999 -999999 -999999 -999999 426     -999999 -999999 1463    1920    -999999 -999999 1033    -999999 -399    
2219   1970 -999999 -999999 -999999 -999999 -999999 -999999 -999999 -999999 -999999 -999999 -999999 -999999 -999999 -999999 -999999 -999999 -999999 -999999 -999999 
2219   1971 -999999 -999999 -999999 -999999 -999999 -999999 -999999 -999999 -999999 -999999 -999999 -999999 -999999 -999999 -999999 -999999 -999999 -999999 -999999 
2219   1972 -999999 -999999 -999999 -999999 -999999 -999999 -999999 -999999 -999999 -999999 -999999 -999999 -999999 -999999 -999999 -999999 -999999 -999999 -999999 
2219   1973 -999999 -999999 -999999 -999999 -999999 -999999 -999999 -999999 96      371     626     1530    -999999 1818    -999999 1608    845     -999999 -999999 
2219   1974 -999999 -999999 -999999 -999999 -999999 -999999 -999999 -999999 -999999 819     -999999 1216    -999999 -999999 1950    -999999 598     586     441     
2219   1975 -999999 -999999 -999999 -999999 -999999 -999999 -999999 -999999 -999999 531     869     1271    1533    -999999 1817    -999999 864     -999999 -999999 
2219   1976 -999999 -999999 -999999 -999999 -999999 1821    -999999 -999999 132     448     -999999 1383    1838    1995    1625    1341    1130    536     -104    
2219   1977 -999999 -999999 -999999 -999999 -999999 -999999 -999999 162     550     800     -999999 1287    1668    1856    1666    1335    1115    575     144     
2219   1978 -999999 -999999 -999999 -999999 -999999 -999999 -999999 120     -12     598     870     1182    1570    1752    1715    1480    -999999 368     224     
2219   1979 -999999 -999999 -999999 -999999 891     -999999 -999999 -229    -999999 610     674     1398    1750    1822    1711    1535    1108    -999999 457     
2219   1980 -999999 -999999 -999999 -999999 794     -999999 -999999 -97     357     565     619     1150    1526    1652    1906    1633    975     414     -999999 
2219   1981 -999999 -999999 -999999 -999999 -999999 -999999 -999999 -215    -86     817     1035    1305    1675    1754    1882    1571    1075    600     -999999 
2219   1982 -999999 -999999 -999999 -999999 914     -999999 1120    -999999 77      522     789     1373    1766    2023    1833    1685    1047    652     348     
2219   1983 -999999 499     -999999 221     952     -999999 1004    373     -100    611     1056    1184    1800    2274    1892    1560    1079    349     168     
2219   1984 897     351     1387    122     730     1713    1028    182     7       304     772     1115    1563    1802    1783    1344    1097    621     218     
2219   1985 915     -999999 1536    -70     909     1773    947     -420    6       411     920     1381    1500    2014    1798    1585    985     221     363     
2219   1986 948     311     1529    70      924     1792    1047    179     -389    423     789     1556    1666    1838    1867    1450    1080    612     193     
2219   1987 949     318     1549    -3      784     1769    1204    -330    138     206     1060    1096    1533    1953    1812    1851    1175    585     269     
2219   1988 1045    521     1609    318     987     1836    1038    417     260     410     1019    1571    1666    1916    1922    1559    1229    312     275     
2219   1989 1042    517     1570    203     1110    1815    989     56      287     889     933     1494    1617    1952    1870    1530    1097    377     313     
2219   1990 1089    571     1577    368     1083    1868    1125    123     704     823     846     1588    1647    1903    2041    1450    1267    637     51      
2219   1991 -999999 505     -999999 78      911     -999999 -999999 204     -29     836     840     1053    1610    2063    2043    1792    1009    527     56      
2219   1992 -999999 -999999 1727    90      1075    2048    1072    11      203     681     962     1596    1774    2079    2275    1620    898     704     179     
2219   1993 998     -999999 1589    195     1043    1778    865     367     13      382     1189    1547    1758    1751    1823    1422    947     242     435     
2219   1994 1126    538     1608    349     1049    1982    1100    344     259     953     809     1387    1756    2185    1999    1480    970     855     404     
2219   1995 1001    557     1519    354     912     1839    995     65      620     443     950     1344    1520    2143    1845    1289    1272    416     77      
2219   1996 904     363     1473    41      886     1780    924     27      17      349     990     1323    1774    1775    1791    1169    1008    591     4       
2219   1997 1030    469     1536    122     1018    1806    1033    -110    509     821     793     1433    1668    1765    1981    1556    986     557     365     
2219   1998 1043    515     1621    316     1044    1907    947     229     359     579     1024    1529    1849    1917    1954    1433    1098    304     184     
2219   1999 1023    424     1621    141     1071    1803    1037    244     -19     687     984     1540    1605    1929    1869    1783    1062    264     243     
2219   2000 1103    454     1632    243     1128    1841    1115    38      461     651     1115    1616    1874    1664    1985    1526    1105    714     467     
2219   2001 1028    630     1520    390     1064    1823    970     258     450     771     754     1658    1544    1938    1980    1214    1341    343     24      
2219   2002 1095    520     1577    215     1045    1902    1065    37      624     758     935     1438    1965    1906    1835    1366    1063    765     429     
2219   2003 1086    498     1792    129     1108    2217    939     75      -144    749     1011    1560    2313    2054    2286    1509    755     560     225     
2219   2004 1025    423     1571    237     940     1848    1114    176     314     504     1054    1266    1690    1867    1983    1552    1270    515     90      
2219   2005 1007    431     1612    64      1025    1831    1099    130     -36     577     1045    1455    1883    1905    1705    1673    1129    493     58      
2219   2006 -999999 -999999 -999999 -999999 -999999 -999999 -999999 -221    -999999 -999999 -999999 -999999 -999999 -999999 -999999 -999999 -999999 -999999 -999999 
