EUROPEAN CLIMATE ASSESSMENT & DATASET (ECA&D), file created on: 13-11-2019
THESE DATA CAN BE USED FOR NON-COMMERCIAL RESEARCH AND EDUCATION PROVIDED THAT THE FOLLOWING SOURCE IS ACKNOWLEDGED: 

Klein Tank, A.M.G. and Coauthors, 2002. Daily dataset of 20th-century surface
air temperature and precipitation series for the European Climate Assessment.
Int. J. of Climatol., 22, 1441-1453.
Data and metadata available at http://www.ecad.eu

FILE FORMAT (MISSING VALUE CODE = -999999):

THIS FILE HOLDS DATA FOR STATION SWEDEN                                   ARESKUTAN                                (STAID:   5683)
LATITUDE: dd:mm:ss +63:25:48
LONGITUDE: ddd:mm:ss +013:04:12
ELEVATION: m 1280

DATA IS FOR INDEX Mean of daily mean temperature (TG) with unit 0.01 Temperature (&#176;C)

01-06 SOUID: Source identifier
08-11 YEAR : YYYY
13-20 ANNUAL DATA VALUES
21-28 WINTER HALF YEAR DATA VALUES
29-36 SUMMER HALF YEAR DATA VALUES
37-44 WINTER (DJF) DATA VALUES
45-52 SPRING (MAM) DATA VALUES
53-60 SUMMER (JJA) DATA VALUES
61-68 AUTUMN (SON) DATA VALUES
69-76 JANUARY DATA VALUES
etc. 
157-164 DECEMBER DATA VALUES

5683   1982 -999999 -999999 -999999 -999999 -488    -999999 -999999 -1189   -623    -705    -593    -169    62      647     -999999 -999999 -213    -571    -731    
5683   1983 -999999 -999999 204     -999999 -999999 445     -288    -999999 -939    -999999 -379    82      249     667     412     173     -311    -726    -831    
5683   1984 -999999 -757    -999999 -875    -320    -999999 -143    -1054   -731    -884    -347    269     319     480     -999999 61      -122    -367    -594    
5683   1985 -371    -759    167     -1077   -546    602     -317    -1353   -1305   -850    -721    -71     482     688     631     -34     -53     -874    -1074   
5683   1986 -322    -823    157     -1148   -390    551     -283    -1285   -1078   -603    -761    183     715     618     325     -162    -214    -476    -1180   
5683   1987 -999999 -884    -999999 -1201   -611    -999999 -177    -1368   -1039   -1033   -451    -282    -999999 489     -999999 55      5       -596    -675    
5683   1988 -217    -617    281     -734    -531    699     -241    -712    -821    -913    -739    53      637     902     555     255     -205    -774    -870    
5683   1989 -207    -631    184     -730    -407    481     -167    -568    -756    -629    -471    -122    388     526     525     248     -243    -505    -917    
5683   1990 -184    -597    -999999 -741    -383    -999999 -195    -715    -573    -627    -457    -66     445     580     -999999 56      0       -648    -608    
5683   1991 -999999 -999999 -999999 -999999 -999999 -999999 -999999 -681    -999999 -999999 -999999 -999999 -999999 -999999 -999999 -999999 -999999 -999999 -999999 
5683   1992 -999999 -999999 -999999 -999999 -999999 -999999 -999999 -999999 -688    -589    -999999 -999999 -999999 -999999 -999999 -999999 -615    -667    -545    
5683   1993 -193    -648    216     -660    -184    378     -999999 -737    -701    -627    -195    269     94      615     417     74      -342    -999999 -846    
5683   1994 -999999 -999999 338     -999999 -999999 669     -140    -965    -999999 -999999 -237    20      207     1131    652     228     -202    -443    -495    
5683   1995 -150    -539    282     -650    -347    591     -98     -791    -666    -649    -489    91      520     673     577     306     28      -631    -812    
5683   1996 -161    -607    305     -798    -346    664     -155    -486    -1116   -655    -263    -118    393     580     1010    212     10      -694    -855    
5683   1997 -90     -601    406     -764    -444    938     -197    -616    -828    -646    -565    -125    616     1138    1051    289     -355    -522    -582    
5683   1998 -999999 -999999 -999999 -999999 -999999 -999999 -999999 -999999 -999999 -999999 -999999 -999999 -999999 -999999 -999999 -999999 -999999 -999999 -999999 
