EUROPEAN CLIMATE ASSESSMENT & DATASET (ECA&D), file created on: 13-11-2019
THESE DATA CAN BE USED FOR NON-COMMERCIAL RESEARCH AND EDUCATION PROVIDED THAT THE FOLLOWING SOURCE IS ACKNOWLEDGED: 

Klein Tank, A.M.G. and Coauthors, 2002. Daily dataset of 20th-century surface
air temperature and precipitation series for the European Climate Assessment.
Int. J. of Climatol., 22, 1441-1453.
Data and metadata available at http://www.ecad.eu

FILE FORMAT (MISSING VALUE CODE = -999999):

THIS FILE HOLDS DATA FOR STATION NORWAY                                   BODOE - SKIVIKA                          (STAID:  18353)
LATITUDE: dd:mm:ss +67:18:29
LONGITUDE: ddd:mm:ss +014:25:50
ELEVATION: m    5

DATA IS FOR INDEX Mean of daily mean temperature (TG) with unit 0.01 Temperature (&#176;C)

01-06 SOUID: Source identifier
08-11 YEAR : YYYY
13-20 ANNUAL DATA VALUES
21-28 WINTER HALF YEAR DATA VALUES
29-36 SUMMER HALF YEAR DATA VALUES
37-44 WINTER (DJF) DATA VALUES
45-52 SPRING (MAM) DATA VALUES
53-60 SUMMER (JJA) DATA VALUES
61-68 AUTUMN (SON) DATA VALUES
69-76 JANUARY DATA VALUES
etc. 
157-164 DECEMBER DATA VALUES

18353  1954 502     -999999 959     -999999 349     1240    472     -147    -248    -76     181     938     930     1503    1278    898     433     86      174     
18353  1955 294     -29     760     -164    55      1035    484     -331    -361    -214    -37     413     753     1142    1202    1072    339     46      -553    
18353  1956 392     -150    832     -459    261     1157    412     -399    -421    77      33      667     946     1349    1168    805     455     -25     2       
18353  1957 452     11      855     -97     256     1130    551     -2      -313    -81     292     558     811     1418    1151    881     493     282     -124    
18353  1958 411     -119    894     -367    140     1176    748     -358    -647    -397    216     604     998     1149    1374    1006    728     511     -315    
18353  1959 532     189     870     -162    439     1143    583     -440    315     357     312     643     972     1186    1265    827     612     309     8       
18353  1960 491     58      1048    -245    458     1341    443     -283    -475    151     415     805     1009    1561    1444    1033    243     60      -110    
18353  1961 543     30      917     -35     244     1235    777     -52     66      -20     73      674     1080    1343    1277    1035    918     374     -291    
18353  1962 398     31      839     -205    154     1049    558     -212    -102    -506    310     663     857     1084    1202    906     597     169     -215    
18353  1963 494     -55     1009    -291    370     1208    582     -253    -418    -240    377     975     1059    1127    1434    1062    651     30      56      
18353  1964 527     142     871     34      386     1109    566     229     -200    60      351     747     870     1241    1210    789     784     116     76      
18353  1965 391     75      874     -101    242     1074    528     -262    -119    -164    395     500     1076    1023    1124    1126    638     -183    -481    
18353  1966 310     -259    772     -594    90      1159    429     -444    -885    -255    9       514     1139    1223    1115    614     379     295     -77     
18353  1967 490     63      940     -161    412     1150    673     -386    -5      172     248     810     953     1192    1300    1118    441     466     -447    
18353  1968 385     -48     820     -383    252     1063    380     -467    -223    -55     286     526     1022    1098    1068    910     114     125     203     
18353  1969 480     -50     999     -152    309     1365    483     -263    -421    -86     328     687     1179    1332    1576    873     638     -66     -94     
18353  1970 449     -70     952     -325    291     1282    474     -312    -595    -41     122     787     1142    1339    1362    940     552     -74     79      
18353  1971 434     -5      878     -69     195     1170    396     -62     -239    -313    177     721     1155    1157    1197    843     460     -117    177     
18353  1972 591     64      1022    -3      401     1388    501     -91     -100    41      324     835     1390    1502    1273    789     542     171     384     
18353  1973 437     210     877     128     342     1197    297     130     -159    153     164     704     1070    1459    1059    785     235     -127    -279    
18353  1974 575     2       1018    -70     444     1260    539     145     -77     105     363     863     1209    1306    1263    1091    423     108     52      
18353  1975 465     133     746     41      308     938     604     -48     128     133     181     605     725     987     1095    868     641     302     -67     
18353  1976 412     73      836     -141    316     1118    400     -409    68      -87     137     892     1025    1220    1105    614     449     135     -224    
18353  1977 423     -37     795     -287    211     1126    525     -294    -351    37      93      499     842     1260    1267    790     611     170     85      
18353  1978 413     10      941     -219    259     1311    486     -300    -465    -83     159     699     1183    1491    1256    838     399     224     -508    
18353  1979 456     -88     923     -378    281     1268    475     -374    -238    -34     281     597     1069    1387    1340    844     399     183     -37     
18353  1980 493     -4      1075    -178    360     1421    444     -297    -201    -78     420     740     1296    1517    1445    1014    365     -43     -283    
18353  1981 358     -133    881     -235    276     1021    463     -256    -158    -423    234     1015    750     1189    1114    958     479     -50     -594    
18353  1982 458     -67     813     -323    331     1054    533     -431    95      112     252     628     769     1165    1217    826     587     183     58      
18353  1983 462     109     916     -27     453     1015    455     -93     -49     -46     448     956     899     1140    1003    1042    413     -89     -112    
18353  1984 515     -22     933     -106    413     1101    539     -296    102     -143    399     983     1069    1091    1143    900     558     160     205     
18353  1985 377     -20     888     -264    208     1272    495     -361    -674    -63     64      619     1071    1398    1340    815     615     52      -435    
18353  1986 404     -71     855     -421    372     1142    539     -575    -235    141     154     813     1058    1187    1178    717     598     300     -526    
18353  1987 394     -144    832     -523    220     1067    665     -539    -503    -215    248     627     1017    1161    1021    906     891     190     -141    
18353  1988 459     61      929     -178    187     1255    546     -110    -292    -189    30      715     950     1454    1350    1049    513     78      -76     
18353  1989 544     158     921     56      448     1146    564     173     71      176     524     648     1049    1051    1335    913     460     323     -217    
18353  1990 576     125     950     -42     335     1265    583     -141    263     81      373     552     1192    1321    1278    973     666     105     227     
18353  1991 539     149     894     43      297     1208    578     45      -162    -19     378     535     1107    1239    1275    818     598     318     281     
18353  1992 546     267     947     167     349     1239    410     155     59      180     124     735     1253    1215    1249    1091    100     50      323     
18353  1993 533     120     923     151     392     1214    510     59      61      119     287     765     859     1475    1297    830     340     366     -101    
18353  1994 493     25      924     -214    380     1176    494     -336    -205    73      444     626     904     1260    1356    937     408     139     252     
18353  1995 469     156     824     89      309     1055    548     -4      12      117     131     672     976     1116    1070    964     611     66      -145    
18353  1996 497     78      913     -95     287     1245    544     199     -353    65      225     570     974     1219    1533    935     658     36      -141    
18353  1997 549     72      983     -77     204     1386    567     23      -116    -46     20      632     1248    1482    1423    1075    433     199     166     
18353  1998 547     101     1001    10      272     1342    575     13      -166    -61     259     619     1174    1510    1337    1091    583     50      99      
18353  1999 554     86      971     -74     403     1161    804     -143    -191    88      410     710     1169    1207    1108    1217    682     516     -160    
18353  2000 559     170     901     -33     321     1121    771     34      30      -83     260     785     917     1294    1145    990     836     485     -2      
18353  2001 454     112     888     -111    167     1147    645     103     -468    -328    231     601     1029    1165    1244    1047    642     247     -123    
18353  2002 554     96      1146    -102    503     1471    353     -99     -81     -22     558     973     1409    1469    1534    918     238     -95     -197    
18353  2003 548     -47     1004    -208    427     1337    549     -533    140     184     324     769     1065    1565    1371    904     385     364     13      
18353  2004 572     98      1011    -99     493     1241    579     -184    -127    130     594     759     975     1353    1387    980     603     152     209     
18353  2005 572     161     975     96      325     1291    660     102     -37     -85     457     606     1096    1496    1274    907     702     370     -71     
18353  2006 594     132     1018    8       327     1252    634     171     -86     -306    415     876     960     1274    1511    1051    474     381     350     
18353  2007 584     176     980     -35     447     1325    579     -109    -380    291     337     709     1166    1560    1243    847     729     154     371     
18353  2008 577     229     964     197     328     1237    611     64      153     -107    381     711     1094    1374    1240    971     694     166     172     
18353  2009 555     145     1024    -30     455     1289    607     -19     -266    81      392     889     1038    1393    1427    986     415     426     -161    
18353  2010 422     -26     930     -275    318     1137    514     -194    -489    -185    357     785     871     1290    1243    1014    636     -113    -222    
18353  2011 658     4       1087    -189    470     1335    873     -87     -265    42      503     866     1314    1340    1351    1138    802     680     149     
18353  2012 470     278     864     -17     356     1139    557     -103    -103    232     232     601     1033    1193    1188    926     415     335     -321    
18353  2013 599     17      1067    -134    361     1304    666     -36     -36     -249    251     1077    1263    1310    1338    1144    577     280     219     
18353  2014 645     216     1070    80      441     1421    669     -247    287     186     396     740     1092    1735    1425    1007    674     325     97      
18353  2015 620     234     980     34      481     1187    716     -78     86      288     399     752     869     1202    1480    1160    644     346     245     
18353  2016 575     162     1026    -74     493     1230    640     -390    -77     194     424     860     1026    1419    1238    1175    606     140     251     
18353  2017 598     210     994     147     290     1289    713     153     15      63      214     591     1223    1342    1300    1283    674     184     60      
18353  2018 578     42      1043    -125    382     1265    741     -174    -279    -245    404     988     894     1545    1343    1062    569     587     150     
18353  2019 -999999 179     1043    -6      407     1326    -999999 -194    9       -62     577     710     1095    1387    1490    982     419     -999999 -999999 
