EUROPEAN CLIMATE ASSESSMENT & DATASET (ECA&D), file created on: 13-11-2019
THESE DATA CAN BE USED FOR NON-COMMERCIAL RESEARCH AND EDUCATION PROVIDED THAT THE FOLLOWING SOURCE IS ACKNOWLEDGED: 

Klein Tank, A.M.G. and Coauthors, 2002. Daily dataset of 20th-century surface
air temperature and precipitation series for the European Climate Assessment.
Int. J. of Climatol., 22, 1441-1453.
Data and metadata available at http://www.ecad.eu

FILE FORMAT (MISSING VALUE CODE = -999999):

THIS FILE HOLDS DATA FOR STATION SWEDEN                                   MALILLA                                  (STAID:   2263)
LATITUDE: dd:mm:ss +57:23:30
LONGITUDE: ddd:mm:ss +015:54:48
ELEVATION: m  100

DATA IS FOR INDEX Mean of daily mean temperature (TG) with unit 0.01 Temperature (&#176;C)

01-06 SOUID: Source identifier
08-11 YEAR : YYYY
13-20 ANNUAL DATA VALUES
21-28 WINTER HALF YEAR DATA VALUES
29-36 SUMMER HALF YEAR DATA VALUES
37-44 WINTER (DJF) DATA VALUES
45-52 SPRING (MAM) DATA VALUES
53-60 SUMMER (JJA) DATA VALUES
61-68 AUTUMN (SON) DATA VALUES
69-76 JANUARY DATA VALUES
etc. 
157-164 DECEMBER DATA VALUES

2263   1965 -999999 -999999 -999999 -999999 394     -999999 567     -139    -391    -83     486     782     1450    -999999 1381    1228    722     -256    -416    
2263   1966 541     -203    1161    -594    433     1547    650     -638    -742    55      173     1063    1634    1604    1405    1070    663     217     -105    
2263   1967 679     114     1220    -209    618     1547    827     -450    -59     405     437     1006    1359    1680    1596    1221    927     331     -358    
2263   1968 621     34      1249    -436    584     1582    687     -545    -404    233     682     840     1642    1491    1613    1220    628     215     -192    
2263   1969 560     -90     1265    -349    343     1658    719     -352    -521    -352    456     929     1607    1749    1615    1214    778     164     -634    
2263   1970 497     -233    1161    -753    373     1550    598     -717    -925    -118    282     952     1625    1517    1510    1064    622     108     -62     
2263   1971 642     48      1184    -102    468     1505    611     -185    -56     -149    425     1127    1315    1678    1515    1017    696     118     143     
2263   1972 651     76      1196    -153    501     1604    600     -510    -88     86      487     930     1527    1801    1481    927     544     332     270     
2263   1973 638     236     1220    64      574     1610    441     -82     -2      335     350     1032    1564    1760    1504    1091    358     -122    -186    
2263   1974 687     51      1165    -26     534     1435    677     44      74      136     569     899     1345    1495    1464    1208    491     337     147     
2263   1975 749     187     1287    78      501     1651    757     184     -115    54      382     1064    1350    1730    1863    1304    757     210     134     
2263   1976 545     22      1181    -201    392     1550    601     -529    -207    -242    408     1010    1480    1643    1524    999     567     239     -373    
2263   1977 601     -17     1100    -336    459     1462    668     -250    -392    80      302     990     1539    1432    1418    903     792     306     19      
2263   1978 565     77      1106    -214    437     1447    741     -151    -542    -15     322     1000    1446    1465    1431    954     698     573     -472    
2263   1979 542     -66     1182    -543    479     1485    614     -564    -600    -62     354     1142    1597    1430    1431    1121    453     273     -139    
2263   1980 528     -127    1186    -400    348     1529    585     -453    -622    -292    504     837     1495    1625    1465    1177    552     27      -21     
2263   1981 549     5       1190    -185    531     1454    619     -376    -156    -12     442     1160    1337    1566    1455    1159    548     154     -724    
2263   1982 650     -143    1232    -613    594     1547    799     -690    -405    245     517     1018    1279    1747    1607    1202    776     418     13      
2263   1983 706     214     1281    -36     580     1642    663     242     -399    183     520     1035    1431    1806    1683    1191    717     79      -114    
2263   1984 678     29      1214    -178    545     1510    759     -197    -227    -99     646     1090    1363    1546    1614    1003    900     369     95      
2263   1985 444     -69     1110    -560    427     1453    576     -838    -975    -36     252     1058    1341    1571    1443    969     765     -12     -316    
2263   1986 556     -140    1145    -566    526     1505    665     -481    -936    68      317     1185    1534    1625    1356    830     666     497     -108    
2263   1987 447     -145    1083    -529    317     1354    642     -1071   -396    -461    521     897     1246    1503    1310    1006    756     159     -154    
2263   1988 653     122     1268    -13     478     1597    552     101     16      -155    403     1185    1631    1660    1500    1210    555     -110    -183    
2263   1989 792     218     1277    152     731     1549    717     354     299     392     582     1214    1475    1690    1479    1200    772     177     -173    
2263   1990 799     326     1261    163     788     1566    598     229     461     500     709     1152    1536    1551    1609    994     664     134     20      
2263   1991 677     126     1188    -125    570     1533    686     -117    -293    306     533     869     1136    1801    1650    1113    642     306     100     
2263   1992 716     236     1299    66      673     1647    537     -12     114     260     455     1298    1646    1711    1583    1076    327     215     -101    
2263   1993 639     81      1164    -80     697     1397    489     -93     -44     176     570     1340    1373    1479    1339    859     534     74      5       
2263   1994 700     34      1302    -199    582     1679    677     -67     -570    170     662     915     1360    2009    1658    1185    549     303     121     
2263   1995 649     170     1241    -9      526     1620    672     -260    124     181     460     934     1502    1660    1695    1175    929     -96     -557    
2263   1996 541     -131    1161    -510    439     1536    669     -353    -627    -111    597     837     1458    1435    1711    909     774     321     -498    
2263   1997 689     64      1307    -319    512     1758    617     -449    24      216     375     942     1555    1770    1943    1231    449     176     -14     
2263   1998 649     162     1175    97      532     1411    601     11      316     47      449     1098    1366    1479    1388    1254    648     -102    -185    
2263   1999 -999999 49      -999999 -171    641     -999999 820     -110    -224    234     757     935     -999999 -999999 1540    1398    704     361     -132    
2263   2000 804     206     1254    -5      740     1487    867     -5      131     176     793     1253    1443    1550    1467    1001    997     600     217     
2263   2001 685     217     1291    -47     503     1632    779     -65     -319    -166    528     1148    1402    1844    1643    1156    988     187     -208    
2263   2002 740     249     1376    6       718     1734    557     7       241     278     638     1236    1557    1758    1882    1160    407     110     -426    
2263   2003 687     -71     1302    -403    605     1665    669     -343    -445    239     436     1135    1535    1832    1624    1225    382     408     131     
2263   2004 657     84      1244    -155    622     1528    636     -487    -107    178     621     1068    1385    1497    1697    1179    676     50      92      
2263   2005 691     81      1273    -25     493     1569    774     73      -261    -178    593     1069    1429    1757    1517    1256    744     323     -98     
2263   2006 753     -42     1403    -312    409     1777    946     -495    -344    -398    530     1098    1664    2007    1655    1447    939     451     410     
2263   2007 769     365     1321    112     817     1586    629     86      -190    443     789     1217    1628    1537    1593    1147    575     167     169     
2263   2008 760     250     1265    204     661     1546    668     188     259     143     688     1152    1456    1692    1486    1099    680     225     29      
2263   2009 651     91      1267    -155    644     1515    702     -230    -275    86      775     1075    1307    1670    1562    1195    432     489     -327    
2263   2010 511     -98     1273    -500    508     1657    533     -739    -426    -33     597     962     1437    1901    1626    1095    464     42      -849    
2263   2011 750     -152    1365    -513    700     1628    824     -272    -409    95      899     1113    1588    1748    1546    1283    712     482     141     
2263   2012 645     200     1203    -141    674     1493    727     -157    -426    420     451     1144    1301    1645    1527    1124    616     444     -392    
2263   2013 686     -40     1270    -306    435     1601    757     -325    -189    -393    464     1235    1535    1723    1544    1093    815     362     309     
2263   2014 834     347     1328    141     777     1614    900     -98     219     461     723     1144    1408    1891    1536    1248    946     504     -20     
2263   2015 807     322     1254    41      670     1544    816     82      63      340     728     945     1384    1614    1629    1210    765     474     395     
2263   2016 763     253     1364    -10     718     1634    767     -422    -4      299     592     1259    1606    1740    1554    1418    704     181     199     
2263   2017 772     229     1277    41      681     1565    795     -104    27      346     518     1172    1510    1607    1577    1260    819     307     168     
2263   2018 833     131     1546    -52     697     1878    815     19      -374    -195    758     1531    1716    2104    1810    1329    774     344     89      
2263   2019 -999999 272     1353    41      689     1720    -999999 -184    236     369     659     1039    1827    1668    1668    1244    715     -999999 -999999 
