EUROPEAN CLIMATE ASSESSMENT & DATASET (ECA&D), file created on: 13-11-2019
THESE DATA CAN BE USED FOR NON-COMMERCIAL RESEARCH AND EDUCATION PROVIDED THAT THE FOLLOWING SOURCE IS ACKNOWLEDGED: 

Klein Tank, A.M.G. and Coauthors, 2002. Daily dataset of 20th-century surface
air temperature and precipitation series for the European Climate Assessment.
Int. J. of Climatol., 22, 1441-1453.
Data and metadata available at http://www.ecad.eu

FILE FORMAT (MISSING VALUE CODE = -999999):

THIS FILE HOLDS DATA FOR STATION SWEDEN                                   ARBOGA                                   (STAID:   6286)
LATITUDE: dd:mm:ss +59:22:48
LONGITUDE: ddd:mm:ss +015:49:48
ELEVATION: m   50

DATA IS FOR INDEX Mean of daily mean temperature (TG) with unit 0.01 Temperature (&#176;C)

01-06 SOUID: Source identifier
08-11 YEAR : YYYY
13-20 ANNUAL DATA VALUES
21-28 WINTER HALF YEAR DATA VALUES
29-36 SUMMER HALF YEAR DATA VALUES
37-44 WINTER (DJF) DATA VALUES
45-52 SPRING (MAM) DATA VALUES
53-60 SUMMER (JJA) DATA VALUES
61-68 AUTUMN (SON) DATA VALUES
69-76 JANUARY DATA VALUES
etc. 
157-164 DECEMBER DATA VALUES

6286   1952 -999999 -999999 1160    -999999 427     1473    367     -999999 -281    -362    687     964     1333    1629    1453    875     424     -201    -289    
6286   1953 740     -79     1307    -354    696     1655    785     -308    -476    333     651     1103    1731    1691    1545    1106    889     355     169     
6286   1954 563     9       1215    -419    531     1528    612     -590    -880    35      364     1190    1467    1589    1525    1134    619     83      100     
6286   1955 537     -100    1253    -334    233     1720    700     -458    -679    -314    237     777     1339    1955    1856    1327    574     203     -463    
6286   1956 456     -232    1141    -667    395     1454    470     -553    -1007   -185    191     1171    1441    1601    1319    1098    568     -258    15      
6286   1957 599     -23     1157    -75     363     1537    622     -49     -204    -232    404     917     1356    1743    1506    990     725     147     -175    
6286   1958 507     -189    1161    -464    199     1497    808     -446    -803    -627    261     964     1409    1621    1457    1232    825     366     -266    
6286   1959 702     45      1349    -377    633     1728    713     -665    -180    181     623     1096    1541    1855    1783    1171    682     288     -13     
6286   1960 565     -69     1241    -417    491     1562    609     -512    -748    -145    452     1165    1615    1598    1475    1126    477     228     5       
6286   1961 692     117     1248    -131    639     1563    862     -434    53      370     550     995     1643    1602    1447    1241    1069    269     -528    
6286   1962 -999999 -28     -999999 -332    -999999 1362    609     -235    -223    -528    -999999 801     1373    1414    1298    1008    782     31      -481    
6286   1963 505     -284    1246    -725    407     1562    675     -867    -839    -376    386     1209    1502    1657    1523    1178    718     127     -251    
6286   1964 581     -28     1188    -274    507     1441    620     -157    -423    -200    548     1175    1382    1535    1404    1067    623     170     -190    
6286   1965 490     -17     1130    -258    386     1419    544     -213    -382    -138    441     858     1462    1405    1391    1212    728     -313    -632    
6286   1966 462     -373    1180    -867    360     1616    569     -831    -1166   -99     119     1052    1698    1717    1434    1037    538     131     -213    
6286   1967 606     -12     1197    -360    565     1548    770     -687    -161    312     446     934     1414    1661    1565    1146    787     378     -566    
6286   1968 534     -104    1258    -623    516     1633    499     -829    -463    62      682     808     1721    1569    1613    1147    502     -151    -277    
6286   1969 520     -259    1296    -476    287     1747    616     -381    -800    -496    398     963     1707    1776    1757    1154    745     -55     -615    
6286   1970 454     -341    1186    -876    354     1609    535     -859    -1183   -154    186     1025    1768    1518    1546    1058    635     -90     -127    
6286   1971 -999999 -22     -999999 -153    418     1543    -999999 -177    -155    -236    324     1163    1428    1696    1502    -999999 -999999 -999999 -999999 
