EUROPEAN CLIMATE ASSESSMENT & DATASET (ECA&D), file created on: 13-11-2019
THESE DATA CAN BE USED FOR NON-COMMERCIAL RESEARCH AND EDUCATION PROVIDED THAT THE FOLLOWING SOURCE IS ACKNOWLEDGED: 

Klein Tank, A.M.G. and Coauthors, 2002. Daily dataset of 20th-century surface
air temperature and precipitation series for the European Climate Assessment.
Int. J. of Climatol., 22, 1441-1453.
Data and metadata available at http://www.ecad.eu

FILE FORMAT (MISSING VALUE CODE = -999999):

THIS FILE HOLDS DATA FOR STATION SPAIN                                    CALAMOCHA-VOR                            (STAID:   3965)
LATITUDE: dd:mm:ss +40:51:55
LONGITUDE: ddd:mm:ss -001:18:16
ELEVATION: m  932

DATA IS FOR INDEX Mean of daily mean temperature (TG) with unit 0.01 Temperature (&#176;C)

01-06 SOUID: Source identifier
08-11 YEAR : YYYY
13-20 ANNUAL DATA VALUES
21-28 WINTER HALF YEAR DATA VALUES
29-36 SUMMER HALF YEAR DATA VALUES
37-44 WINTER (DJF) DATA VALUES
45-52 SPRING (MAM) DATA VALUES
53-60 SUMMER (JJA) DATA VALUES
61-68 AUTUMN (SON) DATA VALUES
69-76 JANUARY DATA VALUES
etc. 
157-164 DECEMBER DATA VALUES

3965   1961 -999999 -999999 -999999 -999999 -999999 1871    1202    205     639     965     -999999 1372    1675    2009    1924    1832    1141    636     508     
3965   1962 1086    635     1625    455     872     1977    1176    472     375     652     728     1230    1619    2048    2252    1852    1275    398     67      
3965   1963 1022    466     1519    136     884     1868    1177    219     122     679     901     1073    1658    2023    1915    1530    1197    803     52      
3965   1964 1116    545     1739    205     1067    1920    1208    126     448     627     911     1632    1711    2092    1949    1988    998     646     212     
3965   1965 -999999 496     1576    202     969     1923    1106    237     156     678     798     1409    1802    1997    1965    1425    1203    638     388     
3965   1966 -999999 -999999 1590    -999999 898     1820    -999999 554     786     487     917     1278    1570    1858    2031    1820    1066    -999999 -999999 
3965   1967 1065    -999999 1536    -999999 871     1897    1233    244     424     748     701     1146    1482    2187    2010    1613    1372    711     62      
3965   1968 1087    558     1549    241     858     1865    1258    254     418     528     929     1120    1669    2039    1882    1642    1430    695     392     
3965   1969 967     605     1450    314     850     1774    990     367     173     529     807     1214    1430    1975    1905    1342    1121    501     164     
3965   1970 1013    490     1552    321     734     1880    1210    464     338     335     743     1125    1693    2003    1940    1810    984     844     -126    
3965   1971 949     384     1476    71      715     1792    1056    37      326     244     846     1044    1460    1935    1974    1597    1239    327     317     
3965   1972 963     494     1401    266     801     1745    1024    89      400     578     765     1060    1524    1943    1762    1333    1031    707     348     
3965   1973 1036    510     1588    303     833     1911    1126    280     279     399     755     1341    1602    1988    2132    1686    1041    655     222     
3965   1974 1033    544     1539    328     880     1861    997     432     330     564     741     1332    1630    1964    1982    1563    777     657     371     
3965   1975 1043    534     1516    439     750     1922    1108    450     504     448     798     1007    1610    2172    1973    1514    1219    587     190     
3965   1976 1021    526     1518    261     864     1858    974     193     410     549     706     1331    1722    1949    1899    1481    995     446     543     
3965   1977 1043    608     1401    481     896     1599    1178    296     615     745     938     1009    1375    1694    1722    1676    1249    603     570     
3965   1978 1048    637     1500    412     847     1810    1106    148     540     712     757     1068    1441    1949    2027    1737    1060    524     573     
3965   1979 1097    616     1576    494     871     1933    1141    447     460     614     697     1295    1751    2047    1994    1652    1178    591     385     
3965   1980 1020    593     1510    378     759     1843    1200    248     509     643     666     964     1473    1857    2188    1893    1136    572     75      
3965   1981 1096    519     1568    157     981     1880    1216    189     211     901     854     1185    1770    1930    1936    1724    1182    743     470     
3965   1982 1154    641     1697    451     928     2085    1157    472     406     556     906     1322    1921    2267    2061    1686    1110    676     410     
3965   1983 1179    587     1682    318     953     2036    1385    280     258     759     870     1227    1821    2340    1941    1876    1281    1002    429     
3965   1984 1048    623     1546    343     744     1938    1194    347     248     418     1056    769     1595    2294    1914    1639    1108    836     330     
3965   1985 -999999 -999999 -999999 357     -999999 -999999 -999999 53      722     -999999 -999999 -999999 1832    -999999 -999999 -999999 -999999 -999999 -999999 
