EUROPEAN CLIMATE ASSESSMENT & DATASET (ECA&D), file created on: 13-11-2019
THESE DATA CAN BE USED FOR NON-COMMERCIAL RESEARCH AND EDUCATION PROVIDED THAT THE FOLLOWING SOURCE IS ACKNOWLEDGED: 

Klein Tank, A.M.G. and Coauthors, 2002. Daily dataset of 20th-century surface
air temperature and precipitation series for the European Climate Assessment.
Int. J. of Climatol., 22, 1441-1453.
Data and metadata available at http://www.ecad.eu

FILE FORMAT (MISSING VALUE CODE = -999999):

THIS FILE HOLDS DATA FOR STATION SWEDEN                                   DJURSKOG                                 (STAID:   5485)
LATITUDE: dd:mm:ss +59:36:36
LONGITUDE: ddd:mm:ss +011:55:48
ELEVATION: m  125

DATA IS FOR INDEX Mean of daily mean temperature (TG) with unit 0.01 Temperature (&#176;C)

01-06 SOUID: Source identifier
08-11 YEAR : YYYY
13-20 ANNUAL DATA VALUES
21-28 WINTER HALF YEAR DATA VALUES
29-36 SUMMER HALF YEAR DATA VALUES
37-44 WINTER (DJF) DATA VALUES
45-52 SPRING (MAM) DATA VALUES
53-60 SUMMER (JJA) DATA VALUES
61-68 AUTUMN (SON) DATA VALUES
69-76 JANUARY DATA VALUES
etc. 
157-164 DECEMBER DATA VALUES

5485   1967 -999999 -999999 -999999 -999999 -999999 -999999 -999999 -999999 -999999 -999999 -999999 -999999 -999999 -999999 -999999 -999999 -999999 -999999 -999999 
5485   1968 436     -999999 1142    -999999 429     1480    395     -722    -531    -24     546     768     1506    1451    1482    1092    419     -326    -451    
5485   1969 461     -333    1200    -583    274     1633    526     -431    -898    -366    300     888     1617    1586    1696    1092    669     -188    -531    
5485   1970 387     -359    1090    -814    289     1493    443     -835    -1105   -231    86      1005    1677    1322    1486    944     536     -155    -204    
5485   1971 539     -99     1097    -216    331     1404    524     -270    -171    -343    300     1035    1280    1550    1378    1015    626     -72     86      
5485   1972 532     -72     1097    -317    412     1466    522     -684    -357    -48     330     952     1341    1698    1356    884     579     100     190     
5485   1973 532     149     1099    -18     466     1520    323     -113    -145    253     248     889     1472    1737    1348    874     274     -177    -332    
5485   1974 600     -38     1140    -143    577     1374    478     -47     -40     87      633     1013    1345    1382    1395    1058    316     67      -45     
5485   1975 656     14      1206    -92     428     1592    646     3       -249    -30     296     1012    1337    1680    1749    1132    618     187     61      
5485   1976 475     -33     1146    -243    365     1549    438     -531    -260    -283    349     1029    1403    1651    1588    828     405     84      -583    
5485   1977 478     -204    1045    -583    365     1418    552     -507    -666    12      82      993     1405    1434    1416    920     647     87      -182    
5485   1978 429     -102    1049    -390    367     1400    576     -255    -769    -197    259     1035    1424    1415    1362    777     630     320     -935    
5485   1979 372     -284    1033    -834    274     1392    452     -870    -682    -188    256     752     1507    1380    1292    999     385     -26     -404    
5485   1980 438     -298    1171    -602    383     1473    408     -697    -712    -351    476     1026    1460    1590    1370    1090    349     -214    -169    
5485   1981 422     -183    1111    -324    415     1335    515     -419    -392    -275    406     1113    1140    1470    1390    1125    447     -26     -959    
5485   1982 543     -286    1160    -749    449     1529    629     -917    -330    76      420     850     1267    1718    1593    1089    546     254     -111    
5485   1983 598     55      1162    -166    447     1531    581     14      -426    14      399     928     1298    1692    1595    1038    620     82      -167    
5485   1984 548     -99     1139    -357    458     1445    596     -559    -343    -239    499     1113    1308    1495    1529    866     701     216     -43     
5485   1985 327     -205    1025    -665    323     1381    439     -978    -1008   -181    124     1019    1281    1499    1360    841     750     -284    -611    
5485   1986 441     -267    1022    -694    367     1395    571     -683    -798    -30     110     1014    1531    1491    1169    797     581     334     -311    
5485   1987 373     -235    991     -646    279     1254    543     -1165   -444    -409    461     791     1047    1515    1194    919     671     34      -181    
5485   1988 554     -3      1184    -154    363     1530    485     -47     -240    -269    219     1136    1674    1521    1401    1136    443     -123    -227    
5485   1989 671     123     1145    58      548     1448    624     243     169     228     369     1041    1404    1625    1313    1098    597     178     -251    
5485   1990 674     190     1169    -5      699     1460    477     29      230     363     585     1145    1397    1513    1467    888     583     -43     -110    
5485   1991 593     -8      1127    -243    500     1438    603     -155    -488    120     471     908     1018    1742    1541    1056    570     185     56      
5485   1992 628     169     1187    30      579     1505    407     56      -26     159     298     1269    1651    1550    1319    1015    191     21      2       
5485   1993 502     2       1049    -85     613     1230    354     -116    -148    45      562     1232    1196    1330    1164    790     410     -140    -346    
5485   1994 555     -218    1204    -515    488     1581    518     -397    -833    -57     539     983     1226    2003    1504    942     473     143     25      
5485   1995 532     36      1116    -134    378     1520    560     -361    -59     -9      283     857     1346    1555    1653    981     802     -111    -599    
5485   1996 447     -208    1081    -602    328     1473    532     -549    -663    -155    434     708     1276    1440    1697    913     664     13      -461    
5485   1997 617     -12     1265    -306    416     1721    517     -319    -119    142     340     846     1490    1769    1896    1142    384     31      -206    
5485   1998 516     19      1042    -105    444     1271    419     -179    90      3       297     1027    1173    1379    1257    1101    419     -262    -144    
5485   1999 584     -101    1176    -240    438     1452    735     -335    -242    -62     557     823     1261    1632    1458    1314    568     328     -342    
5485   2000 667     86      1134    -160    576     1346    768     -57     -77     96      552     1200    1221    1421    1392    1012    832     456     27      
5485   2001 527     42      1135    -284    384     1473    658     -326    -580    -202    308     1044    1306    1647    1459    1020    815     134     -391    
5485   2002 -999999 82      -999999 -198    617     -999999 -999999 -168    -17     113     581     1156    1513    -999999 -999999 -999999 -999999 -999999 -999999 
