EUROPEAN CLIMATE ASSESSMENT & DATASET (ECA&D), file created on: 13-11-2019
THESE DATA CAN BE USED FOR NON-COMMERCIAL RESEARCH AND EDUCATION PROVIDED THAT THE FOLLOWING SOURCE IS ACKNOWLEDGED: 

Klein Tank, A.M.G. and Coauthors, 2002. Daily dataset of 20th-century surface
air temperature and precipitation series for the European Climate Assessment.
Int. J. of Climatol., 22, 1441-1453.
Data and metadata available at http://www.ecad.eu

FILE FORMAT (MISSING VALUE CODE = -999999):

THIS FILE HOLDS DATA FOR STATION SLOVENIA                                 MALKOVEC                                 (STAID:   3321)
LATITUDE: dd:mm:ss +46:00:00
LONGITUDE: ddd:mm:ss +015:12:00
ELEVATION: m  400

DATA IS FOR INDEX Mean of daily mean temperature (TG) with unit 0.01 Temperature (&#176;C)

01-06 SOUID: Source identifier
08-11 YEAR : YYYY
13-20 ANNUAL DATA VALUES
21-28 WINTER HALF YEAR DATA VALUES
29-36 SUMMER HALF YEAR DATA VALUES
37-44 WINTER (DJF) DATA VALUES
45-52 SPRING (MAM) DATA VALUES
53-60 SUMMER (JJA) DATA VALUES
61-68 AUTUMN (SON) DATA VALUES
69-76 JANUARY DATA VALUES
etc. 
157-164 DECEMBER DATA VALUES

3321   1961 1043    -999999 1632    -999999 1133    1807    1179    -171    381     829     1272    1303    1792    1747    1880    1797    1178    561     -77     
3321   1962 858     306     1504    -12     776     1782    953     14      30      110     947     1278    1552    1761    2027    1438    1094    322     -335    
3321   1963 901     78      1633    -460    942     1917    1203    -632    -408    390     1051    1390    1812    2000    1935    1595    995     1027    -412    
3321   1964 920     246     1608    -280    926     1870    1030    -485    80      287     1054    1441    1915    1929    1767    1530    946     617     -44     
3321   1965 894     307     1470    -91     851     1751    959     17      -264    527     784     1239    1735    1860    1655    1533    1023    320     217     
3321   1966 1007    391     1580    183     1014    1757    1085    -339    725     433     1175    1440    1805    1763    1704    1592    1406    248     128     
3321   1967 1007    423     1605    58      995     1906    1112    -143    204     669     842     1470    1680    2093    1936    1584    1202    548     -56     
3321   1968 953     401     1564    6       1076    1762    1045    -187    280     615     1199    1419    1705    1864    1715    1473    1156    501     -317    
3321   1969 891     213     1555    -229    931     1743    1130    -243    -116    274     914     1606    1628    1900    1696    1570    1067    755     -411    
3321   1970 923     279     1515    -160    762     1854    1095    -78     26      304     804     1179    1793    1890    1876    1536    976     776     -60     
3321   1971 947     331     1592    21      910     1882    909     -93     238     151     1059    1524    1623    2020    1995    1308    978     438     81      
3321   1972 906     369     1470    12      988     1799    853     -304    277     743     918     1299    1748    1875    1774    1188    864     507     -36     
3321   1973 909     293     1539    -33     888     1816    907     -158    110     458     696     1505    1745    1848    1854    1565    837     322     68      
3321   1974 984     407     1522    198     948     1822    863     36      520     666     882     1295    1556    1899    2003    1477    561     560     325     
3321   1975 990     431     1567    300     1001    1739    1009    426     131     557     938     1504    1559    1875    1778    1734    959     336     18      
3321   1976 900     253     1499    11      847     1744    1014    62      -50     176     914     1452    1723    1968    1542    1380    1019    644     -61     
3321   1977 999     513     1477    175     1017    1793    999     158     454     864     813     1369    1752    1865    1762    1282    1165    546     -82     
3321   1978 -999999 -999999 -999999 -999999 -999999 -999999 -999999 -999999 -999999 -999999 -999999 -999999 -999999 -999999 -999999 -999999 -999999 -999999 -999999 
3321   1979 -999999 -999999 -999999 -999999 -999999 -999999 -999999 -999999 -999999 -999999 -999999 -999999 -999999 -999999 -999999 -999999 -999999 -999999 -999999 
3321   1980 -999999 -999999 -999999 -999999 -999999 -999999 -999999 -999999 -999999 -999999 -999999 -999999 -999999 -999999 -999999 -999999 -999999 -999999 -999999 
3321   1981 -999999 -999999 -999999 -999999 -999999 -999999 -999999 -999999 -999999 -999999 -999999 -999999 -999999 -999999 -999999 -999999 -999999 -999999 -999999 
3321   1982 -999999 -999999 -999999 -999999 -999999 -999999 -999999 -999999 -999999 -999999 -999999 -999999 -999999 -999999 -999999 -999999 -999999 -999999 -999999 
3321   1983 -999999 -999999 -999999 -999999 -999999 -999999 -999999 -999999 -999999 -999999 -999999 -999999 -999999 -999999 -999999 -999999 -999999 -999999 -999999 
3321   1984 -999999 -999999 -999999 -999999 -999999 -999999 -999999 -999999 -999999 -999999 -999999 -999999 -999999 -999999 -999999 -999999 -999999 -999999 -999999 
3321   1985 -999999 -999999 -999999 -999999 -999999 -999999 -999999 -999999 -999999 -999999 -999999 -999999 -999999 -999999 -999999 -999999 -999999 -999999 -999999 
3321   1986 919     -999999 1602    -999999 989     1802    1015    33      -433    240     1017    1712    1612    1844    1944    1462    1000    584     -78     
3321   1987 921     207     1601    -134    780     1823    1111    -383    80      39      1050    1260    1689    2014    1761    1825    1075    436     170     
3321   1988 983     463     1580    264     926     1887    882     340     285     462     904     1411    1642    2043    1968    1492    1019    130     64      
3321   1989 1019    406     1547    137     1073    1789    992     -10     382     841     1015    1361    1541    1929    1889    1527    1108    337     259     
3321   1990 1036    537     1553    289     1085    1848    987     -6      650     876     853     1518    1676    1902    1960    1387    1105    466     12      
3321   1991 937     380     1559    -39     906     1913    1001    14      -155    792     820     1103    1724    2066    1942    1683    841     485     -146    
3321   1992 1075    378     1718    112     1045    2042    1044    101     399     593     1047    1496    1782    2004    2333    1623    884     631     -6      
3321   1993 1010    378     1661    80      1066    1935    865     164     84      488     1064    1647    1823    1945    2033    1432    1089    67      208     
3321   1994 1113    489     1674    248     1128    1997    1050    357     172     996     940     1440    1779    2113    2091    1662    792     706     233     
3321   1995 986     436     1560    230     966     1842    980     -3      484     419     1071    1411    1598    2116    1804    1336    1181    415     -27     
3321   1996 872     239     1520    -139    905     1812    974     -225    -165    235     970     1513    1836    1775    1826    1184    1026    710     -246    
3321   1997 972     385     1556    -23     954     1839    960     -192    411     615     717     1522    1767    1873    1875    1560    850     475     160     
3321   1998 1023    468     1646    344     993     1960    914     309     585     442     1100    1441    1883    1985    2009    1442    1080    215     -244    
3321   1999 1029    319     1674    -46     1115    1900    1007    25      94      718     1099    1527    1812    1974    1912    1710    1095    214     100     
3321   2000 1166    395     1752    117     1199    2006    1222    -186    458     685     1293    1621    1967    1875    2175    1569    1254    842     425     
3321   2001 1060    664     1640    346     1129    1984    995     237     380     822     927     1631    1694    2076    2171    1308    1370    294     -252    
3321   2002 1112    469     1648    93      1130    1972    1124    35      540     826     907     1650    1959    2014    1943    1396    1075    904     68      
3321   2003 1162    433     1917    -43     1203    2351    1068    -75     -131    719     1019    1865    2347    2248    2459    1534    890     786     195     
3321   2004 992     391     1577    80      910     1884    1120    -131    181     424     1000    1309    1731    1954    1961    1488    1266    603     90      
3321   2005 973     400     1613    1       1025    1847    1022    73      -177    494     1048    1535    1836    1972    1732    1539    1128    396     22      
3321   2006 1086    294     1692    -64     995     1945    1308    -234    28      404     1121    1464    1908    2220    1705    1722    1316    884     434     
3321   2007 1144    767     1742    531     1267    2011    927     561     605     788     1400    1618    1977    2131    1925    1385    946     449     -94     
3321   2008 1106    439     1653    213     1066    1965    1085    280     468     589     1023    1586    1918    2013    1962    1397    1212    643     160     
3321   2009 1112    440     1771    44      1205    1961    1206    -212    199     623     1316    1680    1745    2038    2092    1738    1086    798     183     
3321   2010 998     420     1648    17      1022    1992    1018    -238    116     556     1093    1419    1885    2169    1917    1385    878     795     -76     
3321   2011 1120    428     1799    61      1166    2022    1075    141     120     673     1304    1525    1875    1992    2195    1890    1017    319     316     
3321   2012 1140    437     1779    110     1197    2139    1184    199     -207    964     1105    1505    2017    2160    2236    1633    1094    828     85      
3321   2013 1079    413     1709    71      958     2066    1127    115     8       321     1149    1408    1847    2214    2130    1482    1257    638     297     
3321   2014 1179    670     1640    377     1202    1893    1205    451     383     964     1215    1427    1844    1983    1850    1507    1295    810     361     
3321   2015 1164    605     1765    267     1131    2097    1140    268     162     699     1109    1585    1896    2264    2123    1593    1022    810     365     
3321   2016 1107    589     1716    345     1091    1980    1105    161     521     659     1169    1447    1880    2144    1912    1731    946     642     67      
3321   2017 1144    453     1758    26      1237    2159    1062    -386    437     1017    1104    1587    2049    2230    2194    1359    1190    633     265     
3321   2018 1155    469     1817    204     1176    2025    1202    463     -151    360     1454    1724    1896    2023    2152    1640    1267    697     243     
3321   2019 -999999 605     1713    247     1052    2144    -999999 11      513     892     1093    1172    2192    2115    2127    1569    -999999 -999999 -999999 
