EUROPEAN CLIMATE ASSESSMENT & DATASET (ECA&D), file created on: 13-11-2019
THESE DATA CAN BE USED FOR NON-COMMERCIAL RESEARCH AND EDUCATION PROVIDED THAT THE FOLLOWING SOURCE IS ACKNOWLEDGED: 

Klein Tank, A.M.G. and Coauthors, 2002. Daily dataset of 20th-century surface
air temperature and precipitation series for the European Climate Assessment.
Int. J. of Climatol., 22, 1441-1453.
Data and metadata available at http://www.ecad.eu

FILE FORMAT (MISSING VALUE CODE = -999999):

THIS FILE HOLDS DATA FOR STATION NORWAY                                   SKODJE                                   (STAID:  18953)
LATITUDE: dd:mm:ss +62:30:00
LONGITUDE: ddd:mm:ss +006:40:59
ELEVATION: m   26

DATA IS FOR INDEX Mean of daily mean temperature (TG) with unit 0.01 Temperature (&#176;C)

01-06 SOUID: Source identifier
08-11 YEAR : YYYY
13-20 ANNUAL DATA VALUES
21-28 WINTER HALF YEAR DATA VALUES
29-36 SUMMER HALF YEAR DATA VALUES
37-44 WINTER (DJF) DATA VALUES
45-52 SPRING (MAM) DATA VALUES
53-60 SUMMER (JJA) DATA VALUES
61-68 AUTUMN (SON) DATA VALUES
69-76 JANUARY DATA VALUES
etc. 
157-164 DECEMBER DATA VALUES

18953  1961 740     -999999 1066    -999999 579     1261    986     -9      351     363     502     869     1173    1314    1292    1238    1133    583     49      
18953  1962 596     332     951     130     357     1160    720     240     99      -128    412     790     1002    1241    1230    1014    818     326     77      
18953  1963 674     177     1144    -109    624     1368    765     -168    -250    222     608     1043    1352    1250    1503    1100    842     350     171     
18953  1964 653     345     975     174     618     1151    674     231     117     345     569     936     1054    1206    1191    881     781     357     145     
18953  1965 598     246     1047    68      522     1208    707     16      40      121     603     844     1215    1177    1234    1208    815     95      -220    
18953  1966 591     76      1005    -221    439     1324    649     -193    -253    181     279     851     1434    1233    1309    910     711     324     237     
18953  1967 669     288     1037    134     541     1215    835     -100    278     280     396     942     1032    1295    1312    1228    688     592     72      
18953  1968 585     232     1045    -13     423     1305    627     -39     -75     144     405     718     1265    1326    1322    1228    552     105     53      
18953  1969 652     109     1148    9       490     1462    635     214     -266    -39     562     948     1348    1313    1722    977     819     103     52      
18953  1970 617     144     1065    -49     440     1365    662     -22     -189    68      269     978     1400    1271    1425    1033    699     251     162     
18953  1971 660     276     1025    199     521     1226    604     147     296     99      408     1050    1063    1275    1336    999     663     150     402     
18953  1972 738     299     1091    184     680     1343    673     -8      158     415     558     1064    1268    1473    1285    882     784     350     595     
18953  1973 643     460     992     377     531     1278    542     405     104     483     235     866     1180    1432    1218    1001    497     129     110     
18953  1974 765     336     1096    316     675     1277    709     545     290     433     593     995     1286    1221    1326    1149    580     401     329     
18953  1975 718     372     1026    314     515     1296    770     318     294     305     422     816     1064    1319    1497    1022    774     515     236     
18953  1976 645     291     1038    104     532     1319    720     -112    194     137     325     1127    1229    1387    1338    795     881     480     -61     
18953  1977 615     252     924     -71     489     1191    689     -68     -86     343     293     824     1026    1216    1325    843     930     286     383     
18953  1978 605     302     1034    102     545     1310    670     75      -180    269     366     995     1257    1370    1302    896     719     394     -260    
18953  1979 578     131     976     -184    489     1234    652     -211    -70     203     486     779     1255    1195    1253    880     703     372     49      
18953  1980 -999999 216     -999999 12      -999999 -999999 -999999 -49     38      173     -999999 -999999 -999999 -999999 -999999 -999999 -999999 -999999 -999999 
18953  1981 -999999 -999999 -999999 -999999 -999999 -999999 -999999 -999999 -999999 -999999 -999999 -999999 -999999 -999999 -999999 -999999 -999999 -999999 -999999 
18953  1982 -999999 -999999 -999999 -999999 -999999 -999999 -999999 -999999 -999999 -999999 -999999 -999999 -999999 -999999 -999999 -999999 -999999 -999999 -999999 
18953  1983 -999999 -999999 -999999 -999999 -999999 -999999 -999999 -999999 -999999 -999999 -999999 -999999 -999999 -999999 -999999 -999999 -999999 -999999 -999999 
18953  1984 -999999 -999999 -999999 -999999 -999999 -999999 -999999 -999999 -999999 -999999 -999999 -999999 -999999 -999999 -999999 -999999 -999999 -999999 -999999 
18953  1985 -999999 -999999 -999999 -999999 -999999 -999999 -999999 -999999 -999999 -999999 -999999 -999999 -999999 -999999 -999999 -999999 -999999 -999999 -999999 
18953  1986 -999999 -999999 -999999 -999999 -999999 -999999 -999999 -999999 -999999 -999999 -999999 -999999 -999999 -999999 -999999 -999999 -999999 -999999 -999999 
18953  1987 -999999 -999999 -999999 -999999 -999999 -999999 -999999 -999999 -999999 -999999 -999999 -999999 -999999 -999999 -999999 -999999 -999999 -999999 -999999 
18953  1988 -999999 -999999 -999999 -999999 -999999 -999999 -999999 -999999 -999999 -999999 -999999 -999999 -999999 -999999 -999999 -999999 -999999 -999999 -999999 
18953  1989 -999999 -999999 -999999 -999999 -999999 -999999 -999999 -999999 -999999 -999999 -999999 -999999 -999999 -999999 -999999 -999999 -999999 -999999 -999999 
18953  1990 -999999 -999999 -999999 -999999 -999999 -999999 -999999 -999999 -999999 -999999 -999999 -999999 -999999 -999999 -999999 -999999 -999999 -999999 -999999 
18953  1991 -999999 -999999 -999999 -999999 -999999 -999999 -999999 -999999 -999999 -999999 -999999 -999999 -999999 -999999 -999999 -999999 -999999 -999999 -999999 
18953  1992 -999999 -999999 -999999 -999999 -999999 -999999 -999999 -999999 -999999 -999999 -999999 -999999 -999999 -999999 -999999 -999999 -999999 -999999 -999999 
18953  1993 -999999 -999999 -999999 -999999 -999999 -999999 -999999 -999999 -999999 -999999 -999999 -999999 -999999 -999999 -999999 -999999 -999999 -999999 -999999 
18953  1994 -999999 -999999 -999999 -999999 -999999 -999999 -999999 -999999 -999999 -999999 -999999 -999999 -999999 -999999 -999999 -999999 -999999 -999999 -999999 
18953  1995 -999999 -999999 -999999 -999999 -999999 -999999 -999999 -999999 -999999 -999999 -999999 -999999 -999999 -999999 -999999 -999999 -999999 -999999 -999999 
18953  1996 -999999 -999999 -999999 -999999 -999999 -999999 -999999 -999999 -999999 -999999 -999999 -999999 -999999 -999999 -999999 -999999 -999999 -999999 -999999 
18953  1997 -999999 -999999 -999999 -999999 -999999 -999999 -999999 -999999 -999999 -999999 -999999 -999999 -999999 -999999 -999999 -999999 -999999 -999999 -999999 
18953  1998 -999999 -999999 -999999 -999999 -999999 -999999 -999999 -999999 -999999 -999999 -999999 -999999 -999999 -999999 -999999 -999999 -999999 -999999 -999999 
18953  1999 -999999 -999999 -999999 -999999 -999999 -999999 -999999 -999999 -999999 -999999 -999999 -999999 -999999 -999999 -999999 -999999 -999999 -999999 -999999 
18953  2000 -999999 -999999 -999999 -999999 -999999 -999999 -999999 -999999 -999999 -999999 -999999 -999999 -999999 -999999 -999999 -999999 -999999 -999999 -999999 
18953  2001 -999999 -999999 -999999 -999999 -999999 -999999 -999999 -999999 -999999 -999999 -999999 -999999 -999999 -999999 -999999 -999999 -999999 -999999 -999999 
18953  2002 -999999 -999999 -999999 -999999 -999999 -999999 -999999 -999999 -999999 -999999 -999999 -999999 -999999 -999999 -999999 -999999 -999999 -999999 -999999 
18953  2003 -999999 -999999 -999999 -999999 -999999 -999999 -999999 -999999 -999999 -999999 -999999 -999999 -999999 -999999 -999999 -999999 -999999 -999999 -999999 
18953  2004 -999999 -999999 -999999 -999999 -999999 -999999 -999999 -999999 -999999 -999999 -999999 -999999 -999999 -999999 -999999 -999999 -999999 -999999 -999999 
18953  2005 -999999 -999999 -999999 -999999 -999999 -999999 -999999 -999999 -999999 -999999 -999999 -999999 -999999 -999999 -999999 -999999 -999999 -999999 -999999 
18953  2006 -999999 -999999 -999999 -999999 -999999 -999999 -999999 -999999 -999999 -999999 -999999 -999999 -999999 -999999 -999999 -999999 -999999 -999999 -999999 
18953  2007 -999999 -999999 -999999 -999999 -999999 -999999 -999999 -999999 -999999 -999999 -999999 -999999 -999999 -999999 -999999 -999999 -999999 -999999 -999999 
18953  2008 -999999 -999999 -999999 -999999 -999999 -999999 -999999 -999999 -999999 -999999 -999999 -999999 -999999 -999999 -999999 -999999 -999999 -999999 -999999 
18953  2009 -999999 -999999 -999999 -999999 -999999 -999999 -999999 -999999 -999999 -999999 -999999 -999999 -999999 -999999 -999999 -999999 -999999 -999999 -999999 
18953  2010 -999999 -999999 -999999 -999999 -999999 -999999 -999999 -999999 -999999 -999999 -999999 -999999 -999999 -999999 -999999 -999999 -999999 -999999 -999999 
18953  2011 -999999 -999999 -999999 -999999 -999999 -999999 -999999 -999999 -999999 -999999 -999999 -999999 -999999 -999999 -999999 -999999 -999999 -999999 -999999 
18953  2012 -999999 -999999 -999999 -999999 -999999 -999999 -999999 -999999 -999999 -999999 -999999 -999999 -999999 -999999 -999999 -999999 -999999 -999999 -999999 
18953  2013 -999999 -999999 -999999 -999999 -999999 -999999 -999999 -999999 -999999 -999999 -999999 -999999 -999999 -999999 -999999 -999999 -999999 -999999 -999999 
18953  2014 -999999 -999999 -999999 -999999 -999999 -999999 -999999 303     -999999 -999999 -999999 -999999 -999999 -999999 -999999 -999999 -999999 -999999 262     
18953  2015 809     -999999 1076    313     620     1301    914     295     390     504     523     830     1035    1306    1552    1196    958     585     494     
18953  2016 739     440     1148    224     622     1350    769     40      130     408     442     1011    1233    1466    1346    1375    661     274     430     
18953  2017 744     386     1125    341     607     1326    814     327     259     348     460     1009    1254    1358    1365    1291    857     292     70      
18953  2018 737     251     1179    120     620     1368    779     171     119     -12     576     1295    1183    1594    1320    1085    686     570     215     
18953  2019 -999999 365     1108    227     583     1395    -999999 82      400     249     785     721     1290    1446    1445    952     594     -999999 -999999 
