EUROPEAN CLIMATE ASSESSMENT & DATASET (ECA&D), file created on: 13-11-2019
THESE DATA CAN BE USED FOR NON-COMMERCIAL RESEARCH AND EDUCATION PROVIDED THAT THE FOLLOWING SOURCE IS ACKNOWLEDGED: 

Klein Tank, A.M.G. and Coauthors, 2002. Daily dataset of 20th-century surface
air temperature and precipitation series for the European Climate Assessment.
Int. J. of Climatol., 22, 1441-1453.
Data and metadata available at http://www.ecad.eu

FILE FORMAT (MISSING VALUE CODE = -999999):

THIS FILE HOLDS DATA FOR STATION ITALY                                    MANTOVA (TRIDOLINO)                      (STAID:  11659)
LATITUDE: dd:mm:ss +45:09:16
LONGITUDE: ddd:mm:ss +010:51:33
ELEVATION: m   22

DATA IS FOR INDEX Mean of daily mean temperature (TG) with unit 0.01 Temperature (&#176;C)

01-06 SOUID: Source identifier
08-11 YEAR : YYYY
13-20 ANNUAL DATA VALUES
21-28 WINTER HALF YEAR DATA VALUES
29-36 SUMMER HALF YEAR DATA VALUES
37-44 WINTER (DJF) DATA VALUES
45-52 SPRING (MAM) DATA VALUES
53-60 SUMMER (JJA) DATA VALUES
61-68 AUTUMN (SON) DATA VALUES
69-76 JANUARY DATA VALUES
etc. 
157-164 DECEMBER DATA VALUES

11659  1992 -999999 -999999 -999999 -999999 -999999 -999999 -999999 -999999 -999999 776     -999999 -999999 -999999 -999999 -999999 -999999 -999999 -999999 -999999 
11659  1993 -999999 -999999 -999999 -999999 -999999 -999999 -999999 -999999 -999999 708     -999999 -999999 -999999 -999999 2351    -999999 -999999 628     292     
11659  1994 -999999 -999999 1954    344     1335    2335    1335    368     374     1121    1122    1747    2071    2486    2430    1846    1220    930     -999999 
11659  1995 -999999 -999999 1833    -999999 1211    2159    1189    21      472     716     1218    1684    1866    2469    2133    1637    1341    629     306     
11659  1996 -999999 -999999 1840    -999999 1254    2132    -999999 265     218     664     1323    1780    2174    2116    2106    1524    -999999 -999999 -999999 
11659  1997 -999999 -999999 -999999 -999999 -999999 -999999 1310    -999999 469     -999999 1123    1720    1994    2176    2208    1929    1261    740     322     
11659  1998 -999999 -999999 1936    -999999 1219    2276    -999999 340     568     749     1204    1719    2166    2334    2329    1766    1266    -999999 -999999 
11659  1999 -999999 -999999 -999999 -999999 -999999 -999999 1247    211     326     880     -999999 1897    2112    2389    -999999 1948    1296    469     68      
11659  2000 1262    504     1925    141     1357    2154    1294    -40     405     827     1350    1876    2140    2087    2236    1839    1328    735     379     
11659  2001 -999999 660     1843    342     1289    2192    -999999 234     416     899     1109    1852    2028    2251    2292    1497    -999999 -999999 -999999 
11659  2002 -999999 -999999 1931    -999999 1351    2267    -999999 -999999 486     1023    1241    1758    2299    2300    2202    1757    1324    -999999 426     
11659  2003 1343    -999999 2074    218     1289    2538    1290    121     96      815     1114    1933    2513    2467    2633    1757    1259    804     451     
11659  2004 1421    659     2070    351     1337    2427    1497    224     382     866     1367    1745    2314    2458    2504    2006    1596    887     503     
11659  2005 -999999 649     -999999 -999999 -999999 -999999 1442    -23     113     693     1098    -999999 -999999 2573    2426    2170    1403    756     320     
11659  2006 1432    649     2114    298     1370    2412    1554    181     403     809     1429    1874    2351    2703    2180    2134    1622    904     533     
11659  2007 1476    898     2160    587     1607    2427    1341    557     680     1070    1721    2034    2298    2595    2386    1910    1341    772     298     
11659  2008 1445    741     2067    456     1381    2430    1469    499     579     949     1314    1876    2266    2495    2525    1903    1590    911     400     
11659  2009 1514    769     2241    368     1526    2488    1694    173     548     974     1488    2115    2320    2525    2615    2365    1735    981     272     
11659  2010 1351    752     2046    308     1336    2412    1353    168     503     837     1404    1770    2264    2625    2342    1854    1276    933     187     
11659  2011 1437    694     2163    327     1512    2377    1446    249     569     946     1602    1991    2218    2335    2567    2252    1366    722     397     
11659  2012 1427    677     2132    241     1437    2562    1519    151     170     1225    1263    1816    2423    2598    2661    2009    1520    1027    215     
11659  2013 1473    711     2147    306     1284    2550    1624    358     350     768     1404    1683    2349    2723    2573    2131    1628    1112    529     
11659  2014 1572    1027    2069    726     1537    2330    1640    735     934     1217    1535    1859    2345    2314    2330    2020    1694    1206    635     
11659  2015 1540    946     2236    565     1504    2621    1503    479     583     1052    1478    1981    2422    2853    2582    2079    1485    946     468     
11659  2016 1446    841     2101    541     1407    2396    1475    413     754     976     1482    1765    2214    2585    2383    2161    1358    911     334     
11659  2017 -999999 770     2151    361     1531    2561    1380    131     654     1222    1463    1905    2494    2556    2630    1836    1480    820     -999999 
