EUROPEAN CLIMATE ASSESSMENT & DATASET (ECA&D), file created on: 13-11-2019
THESE DATA CAN BE USED FOR NON-COMMERCIAL RESEARCH AND EDUCATION PROVIDED THAT THE FOLLOWING SOURCE IS ACKNOWLEDGED: 

Klein Tank, A.M.G. and Coauthors, 2002. Daily dataset of 20th-century surface
air temperature and precipitation series for the European Climate Assessment.
Int. J. of Climatol., 22, 1441-1453.
Data and metadata available at http://www.ecad.eu

FILE FORMAT (MISSING VALUE CODE = -999999):

THIS FILE HOLDS DATA FOR STATION ITALY                                    FORLI                                    (STAID:    857)
LATITUDE: dd:mm:ss +44:13:06
LONGITUDE: ddd:mm:ss +012:03:20
ELEVATION: m   34

DATA IS FOR INDEX Mean of daily mean temperature (TG) with unit 0.01 Temperature (&#176;C)

01-06 SOUID: Source identifier
08-11 YEAR : YYYY
13-20 ANNUAL DATA VALUES
21-28 WINTER HALF YEAR DATA VALUES
29-36 SUMMER HALF YEAR DATA VALUES
37-44 WINTER (DJF) DATA VALUES
45-52 SPRING (MAM) DATA VALUES
53-60 SUMMER (JJA) DATA VALUES
61-68 AUTUMN (SON) DATA VALUES
69-76 JANUARY DATA VALUES
etc. 
157-164 DECEMBER DATA VALUES

857    1958 1483    -999999 2109    -999999 1263    2446    1646    264     831     675     1071    2037    2206    2547    2577    2190    1635    1113    607     
857    1959 1463    928     2034    550     1445    2365    1431    451     596     1139    1449    1748    2179    2574    2336    1898    1425    971     726     
857    1960 1407    819     1968    514     1350    2273    1505    287     531     958     1341    1749    2226    2201    2389    1886    1558    1068    661     
857    1961 1513    925     2136    566     1538    2369    1648    238     823     1199    1625    1791    2287    2383    2435    2286    1689    967     404     
857    1962 1381    781     2053    458     1232    2369    1492    456     519     629     1285    1785    2043    2355    2697    2132    1502    842     265     
857    1963 1363    602     2058    129     1327    2378    1603    -15     138     843     1394    1747    2187    2496    2444    2060    1457    1296    241     
857    1964 1373    694     2074    200     1371    2370    1438    -59     434     799     1455    1861    2339    2410    2361    2008    1444    864     543     
857    1965 1391    771     2002    457     1305    2345    1454    434     386     922     1211    1780    2228    2520    2284    1973    1495    892     491     
857    1966 1457    785     2109    439     1479    2362    1558    25      839     973     1568    1897    2337    2389    2360    2092    1801    773     397     
857    1967 1434    802     2046    340     1437    2356    1608    155     481     1173    1210    1921    2099    2541    2419    2062    1734    1024    321     
857    1968 1382    837     1988    384     1434    2233    1481    201     648     1090    1507    1708    2030    2423    2239    2006    1517    918     275     
857    1969 1403    712     2049    308     1400    2310    1571    299     354     880     1294    2023    2120    2428    2376    2029    1592    1092    277     
857    1970 1438    790     2080    415     1260    2413    1607    426     556     784     1336    1663    2313    2430    2494    2231    1532    1059    388     
857    1971 1394    784     2067    469     1355    2397    1322    416     618     684     1491    1895    2156    2393    2635    1809    1326    833     425     
857    1972 1363    822     1880    546     1356    2210    1294    482     743     1117    1293    1655    2102    2318    2206    1687    1269    927     536     
857    1973 1411    755     2075    511     1254    2438    1469    392     615     779     1168    1813    2287    2542    2481    2136    1490    780     397     
857    1974 1445    844     2074    603     1343    2421    1372    565     873     960     1267    1799    2130    2531    2593    2100    1161    861     466     
857    1975 1470    763     2113    511     1427    2382    1540    473     603     1003    1377    1898    2173    2554    2411    2248    1497    877     471     
857    1976 1367    710     1977    406     1289    2259    1480    172     586     655     1382    1832    2223    2480    2074    1858    1565    1015    540     
857    1977 1454    950     1986    629     1430    2335    1456    525     842     1207    1295    1782    2229    2519    2253    1818    1615    929     392     
857    1978 1359    842     1946    471     1304    2270    1400    538     485     1062    1214    1633    2172    2324    2311    2019    1442    739     336     
857    1979 1425    741     2033    373     1403    2370    1446    199     606     1109    1214    1878    2415    2389    2307    1977    1518    840     590     
857    1980 1363    794     2008    473     1242    2385    1433    240     598     967     1177    1579    2188    2429    2531    2127    1515    655     329     
857    1981 1431    709     2073    309     1396    2402    1530    192     416     1120    1264    1798    2286    2464    2454    2157    1647    781     524     
857    1982 1468    759     2143    408     1342    2473    1576    332     360     861     1282    1880    2477    2533    2408    2263    1521    947     644     
857    1983 1496    835     2180    508     1491    2465    1559    440     431     992     1513    1967    2204    2708    2476    2191    1607    876     471     
857    1984 1340    764     1919    430     1160    2260    1500    393     427     792     1204    1484    2102    2426    2248    2034    1532    933     474     
857    1985 -999999 -999999 2001    174     1279    2274    -999999 -207    242     809     1254    1727    2002    2443    2386    2213    1555    -999999 410     
857    1986 -999999 -999999 -999999 -999999 -999999 -999999 -999999 -999999 -999999 -999999 -999999 -999999 -999999 -999999 -999999 -999999 -999999 -999999 -999999 
857    1987 -999999 -999999 -999999 -999999 -999999 -999999 -999999 -999999 -999999 -999999 -999999 -999999 -999999 -999999 -999999 -999999 -999999 -999999 -999999 
857    1988 -999999 -999999 -999999 -999999 -999999 -999999 -999999 -999999 -999999 -999999 -999999 -999999 -999999 -999999 -999999 -999999 -999999 -999999 -999999 
857    1989 -999999 -999999 -999999 -999999 -999999 -999999 -999999 -999999 -999999 -999999 -999999 -999999 -999999 -999999 -999999 -999999 -999999 -999999 -999999 
857    1990 1495    -999999 2100    -999999 1478    2414    1568    375     859     1173    1343    1915    2285    2469    2484    2084    1653    965     296     
857    1991 1388    764     2064    273     1251    2493    1525    302     216     1107    1138    1504    2255    2654    2574    2282    1464    830     297     
857    1992 1492    727     2162    357     1404    2487    1607    251     534     961     1395    1855    2152    2480    2817    2247    1586    987     605     
857    1993 1505    812     2207    476     1429    2546    1530    373     446     844     1412    2031    2451    2507    2678    2142    1635    811     649     
857    1994 1591    945     2212    618     1548    2586    1617    668     526     1335    1341    1963    2264    2683    2802    2192    1518    1144    566     
857    1995 1443    904     2015    617     1340    2346    1464    491     812     892     1347    1783    2052    2638    2339    1909    1600    880     525     
857    1996 1420    770     2044    467     1318    2407    1491    431     443     721     1378    1855    2294    2444    2480    1789    1492    1193    494     
857    1997 1509    934     2099    574     1450    2410    1572    482     766     1167    1222    1953    2298    2467    2460    2175    1576    966     525     
857    1998 1521    893     2189    598     1434    2592    1498    462     828     995     1471    1837    2437    2665    2669    2036    1612    842     348     
857    1999 1524    838     2192    484     1530    2475    1540    566     544     1085    1461    2042    2309    2510    2602    2208    1602    808     474     
857    2000 1574    841     2207    496     1583    2493    1643    325     702     1125    1561    2064    2404    2449    2625    2123    1615    1193    685     
