EUROPEAN CLIMATE ASSESSMENT & DATASET (ECA&D), file created on: 13-11-2019
THESE DATA CAN BE USED FOR NON-COMMERCIAL RESEARCH AND EDUCATION PROVIDED THAT THE FOLLOWING SOURCE IS ACKNOWLEDGED: 

Klein Tank, A.M.G. and Coauthors, 2002. Daily dataset of 20th-century surface
air temperature and precipitation series for the European Climate Assessment.
Int. J. of Climatol., 22, 1441-1453.
Data and metadata available at http://www.ecad.eu

FILE FORMAT (MISSING VALUE CODE = -999999):

THIS FILE HOLDS DATA FOR STATION ITALY                                    BORMIO                                   (STAID:  11503)
LATITUDE: dd:mm:ss +46:28:14
LONGITUDE: ddd:mm:ss +010:22:32
ELEVATION: m 1225

DATA IS FOR INDEX Mean of daily mean temperature (TG) with unit 0.01 Temperature (&#176;C)

01-06 SOUID: Source identifier
08-11 YEAR : YYYY
13-20 ANNUAL DATA VALUES
21-28 WINTER HALF YEAR DATA VALUES
29-36 SUMMER HALF YEAR DATA VALUES
37-44 WINTER (DJF) DATA VALUES
45-52 SPRING (MAM) DATA VALUES
53-60 SUMMER (JJA) DATA VALUES
61-68 AUTUMN (SON) DATA VALUES
69-76 JANUARY DATA VALUES
etc. 
157-164 DECEMBER DATA VALUES

11503  1993 -999999 -999999 -999999 -999999 -999999 -999999 -999999 -999999 -999999 -999999 -999999 -999999 -999999 -999999 -999999 -999999 -999999 160     -80     
11503  1994 -999999 -999999 -999999 -999999 -999999 -999999 -999999 -4      -999999 679     -999999 -999999 -999999 -999999 -999999 -999999 765     679     89      
11503  1995 781     -999999 1347    -21     675     1722    788     -282    147     125     773     1130    1284    2034    1834    995     1067    294     -78     
11503  1996 775     210     -999999 -113    742     1706    785     -46     -224    208     859     1209    1769    1757    1579    1103    887     361     10      
11503  1997 -999999 408     -999999 -999999 971     1779    -999999 59      -999999 824     861     -999999 1627    1790    1936    1732    -999999 206     -97     
11503  1998 -999999 -999999 -999999 75      -999999 -999999 547     -99     456     447     721     -999999 -999999 1683    1651    1086    609     -98     -150    
11503  1999 -999999 -999999 1423    -194    797     1673    -999999 -187    -251    333     679     1301    1473    1832    1706    1526    -999999 -999999 -999999 
11503  2000 708     -999999 1249    -999999 723     1499    683     -206    53      357     638     1170    1527    1409    1566    1180    717     113     -58     
11503  2001 511     144     1000    -111    640     1294    353     -283    21      337     435     1141    1305    1296    1279    519     531     4       -492    
11503  2002 -999999 70      -999999 -180    -999999 -999999 728     -156    138     398     524     -999999 -999999 1586    1505    1077    740     326     5       
11503  2003 780     190     1431    -168    805     -999999 693     -171    -333    516     650     1244    1901    1804    -999999 1224    528     304     -1      
11503  2004 798     144     -999999 -58     667     1646    998     -234    69      262     728     1024    1581    1678    1678    1533    1072    367     -60     
11503  2005 703     225     1345    -153    801     -999999 722     -145    -266    344     753     1305    1674    1711    1440    1268    744     135     -352    
11503  2006 790     -999999 1393    -295    -999999 1658    947     -382    -135    -999999 718     1165    1640    1949    1386    1468    934     441     67      
11503  2007 882     387     1463    160     977     1666    762     174     249     447     1204    1288    1589    1785    1622    1280    837     147     -102    
11503  2008 808     213     1346    7       696     1682    812     -4      136     255     564     1265    1639    1672    1735    1181    904     316     -27     
11503  2009 876     233     1531    -80     931     1779    920     -188    -19     394     921     1477    1598    1813    1922    1444    900     417     -197    
11503  2010 695     165     1406    -204    702     1762    628     -302    -103    258     770     1083    1630    1984    1661    1256    603     69      -515    
11503  2011 839     22      1449    -261    859     1631    923     -306    70      243     920     1342    1524    1567    1799    1494    835     444     29      
11503  2012 872     329     1427    -35     895     1774    872     -32     -108    767     665     1246    1688    1763    1867    1325    865     410     -154    
11503  2013 835     224     1407    -72     683     1738    845     83      -168    217     841     996     1548    1870    1791    1394    870     290     135     
11503  2014 874     -999999 1342    67      884     1540    966     -4      78      566     942     1137    1567    1592    1467    1331    984     595     213     
11503  2015 935     396     1484    101     869     1863    880     37      48      469     859     1278    1641    2121    1814    1173    847     621     265     
11503  2016 -999999 384     1396    139     765     1658    -999999 -64     223     401     837     1079    1479    1803    1686    1473    -999999 -999999 -999999 
