EUROPEAN CLIMATE ASSESSMENT & DATASET (ECA&D), file created on: 13-11-2019
THESE DATA CAN BE USED FOR NON-COMMERCIAL RESEARCH AND EDUCATION PROVIDED THAT THE FOLLOWING SOURCE IS ACKNOWLEDGED: 

Klein Tank, A.M.G. and Coauthors, 2002. Daily dataset of 20th-century surface
air temperature and precipitation series for the European Climate Assessment.
Int. J. of Climatol., 22, 1441-1453.
Data and metadata available at http://www.ecad.eu

FILE FORMAT (MISSING VALUE CODE = -999999):

THIS FILE HOLDS DATA FOR STATION ITALY                                    LAVENA PONTE TRESA (VIA DELLA BOSCHIVA)  (STAID:  11679)
LATITUDE: dd:mm:ss +45:58:23
LONGITUDE: ddd:mm:ss +008:51:01
ELEVATION: m  269

DATA IS FOR INDEX Mean of daily mean temperature (TG) with unit 0.01 Temperature (&#176;C)

01-06 SOUID: Source identifier
08-11 YEAR : YYYY
13-20 ANNUAL DATA VALUES
21-28 WINTER HALF YEAR DATA VALUES
29-36 SUMMER HALF YEAR DATA VALUES
37-44 WINTER (DJF) DATA VALUES
45-52 SPRING (MAM) DATA VALUES
53-60 SUMMER (JJA) DATA VALUES
61-68 AUTUMN (SON) DATA VALUES
69-76 JANUARY DATA VALUES
etc. 
157-164 DECEMBER DATA VALUES

11679  1901 1081    -999999 1757    -999999 1042    2067    1135    65      -133    502     1106    1521    2069    2050    2081    1701    1153    553     225     
11679  1902 1122    556     1704    273     1101    2011    1066    278     321     781     1239    1287    1782    2215    2030    1657    1050    491     278     
11679  1903 1110    511     1652    222     1067    1948    1190    9       397     827     931     1438    1699    2058    2081    1685    1196    688     260     
11679  1904 1192    570     1836    281     1219    2157    1115    223     366     680     1245    1734    2006    2315    2145    1547    1226    569     211     
11679  1905 1089    512     1709    185     1029    2039    1051    67      286     695     1097    1298    1848    2285    1979    1735    839     585     303     
11679  1906 1147    474     1733    246     1046    2095    1205    161     276     666     988     1481    1980    2128    2172    1632    1287    693     243     
11679  1907 1142    539     1725    185     1067    2018    1240    96      219     672     1001    1525    1939    1994    2118    1754    1278    688     359     
11679  1908 1122    592     1700    347     1042    1995    1125    179     515     529     931     1663    1963    2040    1980    1601    1220    552     265     
11679  1909 1089    449     1689    152     1087    1903    1133    66      122     440     1283    1543    1682    1994    2025    1588    1245    564     442     
11679  1910 1125    627     1627    388     1045    1924    1115    314     410     763     1024    1346    1874    1935    1962    1611    1220    509     478     
11679  1911 1168    560     1768    309     1084    2074    1204    133     315     676     1068    1508    1765    2234    2212    1799    1087    730     434     
11679  1912 1103    670     1619    425     1198    1899    945     338     510     914     1044    1632    1855    2053    1788    1324    1051    456     241     
11679  1913 1141    497     1667    241     1079    1967    1209    215     270     727     1003    1504    1986    1953    1964    1576    1187    866     383     
11679  1914 1116    620     1673    293     1132    1902    1135    48      465     761     1230    1407    1753    1965    1984    1687    1092    629     340     
11679  1915 1094    505     1695    212     1102    2000    990     127     163     649     1021    1633    1937    2065    1995    1495    1029    443     495     
11679  1916 1104    533     1653    384     1080    1909    1094    334     320     560     1138    1544    1695    2012    2013    1493    1123    665     317     
11679  1917 1066    479     1713    192     987     1984    1138    142     109     488     912     1557    1980    2054    1919    1840    981     598     158     
11679  1918 1129    501     1717    243     1075    1984    1141    162     426     676     939     1607    1766    2147    2032    1789    1070    565     314     
11679  1919 1150    547     1795    303     1123    2083    1076    296     300     714     1059    1594    2073    1932    2243    1856    971     406     294     
11679  1920 1191    592     1744    418     1274    1952    1100    472     494     904     1058    1854    1884    2072    1898    1680    1137    482     328     
11679  1921 1235    621     1785    405     1161    2108    1234    475     411     865     1004    1608    2005    2295    2020    1762    1425    508     377     
11679  1922 1117    582     1725    253     1178    2033    1026    104     280     767     977     1783    1981    2068    2048    1469    1050    558     254     
11679  1923 1193    560     1741    302     1145    2063    1221    236     428     822     1008    1603    1712    2265    2200    1633    1305    722     317     
11679  1924 1145    563     1762    226     1183    1990    1164    73      293     654     1190    1704    1979    2183    1808    1694    1161    638     336     
11679  1925 1107    558     1683    341     990     2039    1128    299     391     511     1018    1441    2102    2005    2012    1504    1199    678     85      
11679  1926 1209    556     1760    208     1117    2029    1348    67      502     805     1168    1380    1809    2155    2115    1922    1217    909     419     
11679  1927 1207    647     1804    322     1242    2071    1197    275     266     766     1269    1690    2001    2185    2025    1640    1182    769     348     
11679  1928 1223    636     1834    388     1076    2250    1201    273     553     689     1181    1362    2005    2526    2212    1695    1145    764     255     
11679  1929 1162    464     1820    33      1115    2115    1302    -53     -119    743     996     1603    2051    2286    2005    1964    1237    707     432     
11679  1930 1138    605     1702    300     1086    1995    1189    212     253     758     1085    1413    2032    1989    1965    1720    1109    741     331     
11679  1931 1097    529     1678    251     1022    2042    1096    168     255     550     962     1554    2135    2069    1924    1410    1145    731     208     
11679  1932 1101    476     1695    161     938     1981    1242    281     -16     486     908     1418    1769    1947    2221    1889    1103    738     424     
11679  1933 1118    575     1735    285     1144    1989    1150    159     273     732     1206    1495    1627    2168    2159    1732    1224    493     88      
11679  1934 1172    520     1774    234     1176    1991    1147    185     451     672     1166    1689    1873    2215    1881    1804    1094    544     439     
11679  1935 1141    558     1703    326     1005    2072    1232    106     445     709     1048    1260    2043    2214    1957    1686    1245    765     177     
11679  1936 1131    616     1703    282     1154    1972    1051    338     333     825     1082    1553    1850    2019    2042    1654    918     586     336     
11679  1937 1163    520     1771    343     1120    2061    1162    171     541     574     1166    1621    1966    2142    2072    1641    1185    659     180     
11679  1938 1153    586     1691    214     1121    2048    1197    125     350     996     1035    1329    2057    2112    1976    1628    1195    768     211     
11679  1939 1117    577     1658    309     999     1947    1190    255     479     548     1189    1267    1860    2013    1967    1645    1130    798     223     
11679  1940 1104    530     1703    179     1147    1906    1241    13      309     704     1164    1574    1749    1948    2017    1750    1168    809     22      
11679  1941 1099    531     1655    144     999     1996    1134    125     299     747     1007    1244    1915    2116    1953    1680    1160    561     327     
11679  1942 1191    519     1791    179     1169    2055    1333    -16     229     828     1118    1559    1964    2137    2062    1892    1445    659     355     
11679  1943 1273    680     1868    356     1304    2115    1267    177     556     878     1384    1652    1970    2112    2257    1819    1345    633     441     
11679  1944 1150    625     1773    344     1189    2048    1088    281     308     724     1290    1557    1877    2089    2173    1637    1094    532     207     
11679  1945 1258    527     1907    158     1368    2195    1223    -99     386     1029    1396    1679    2148    2435    2002    1772    1262    632     395     
11679  1946 1172    637     1763    368     1180    2002    1193    106     629     796     1321    1427    1760    2220    2017    1818    1149    614     181     
11679  1947 1225    452     1926    89      1233    2202    1308    -77     171     652     1344    1706    2089    2285    2228    1888    1270    768     312     
11679  1948 1238    715     1745    372     1296    1977    1304    333     478     1119    1230    1537    1917    1985    2027    1766    1339    805     298     
11679  1949 1275    658     1876    380     1180    2146    1361    361     491     643     1448    1458    2030    2231    2172    1907    1453    721     345     
11679  1950 1241    689     1836    330     1205    2211    1224    201     455     937     1047    1628    2120    2381    2129    1692    1301    675     274     
11679  1951 1192    611     1761    350     1068    2027    1274    382     398     620     1157    1429    1900    2156    2022    1893    1120    814     371     
11679  1952 1194    611     1827    306     1231    2185    1071    174     378     798     1268    1628    2088    2378    2085    1497    1109    604     288     
11679  1953 1241    567     1807    262     1315    1983    1274    154     353     872     1266    1806    1701    2127    2112    1807    1337    676     615     
11679  1954 1159    627     1719    317     1121    1973    1251    149     172     767     1106    1491    1945    2034    1940    1787    1227    739     482     
11679  1955 1207    640     1791    413     1169    2027    1219    370     383     619     1313    1579    1936    2130    2011    1767    1234    656     435     
11679  1956 1119    526     1740    204     1093    2003    1195    285     -129    635     949     1690    1853    2096    2055    1775    1137    673     348     
11679  1957 1196    634     1716    349     1162    1999    1280    190     525     922     1196    1370    1840    2158    1995    1726    1289    825     273     
11679  1958 1239    629     1834    351     1122    2102    1345    249     550     590     960     1812    1920    2197    2182    1908    1284    847     330     
11679  1959 1248    707     1822    379     1249    2120    1207    284     540     947     1203    1595    2009    2287    2060    1762    1196    663     378     
11679  1960 1143    587     1707    291     1217    1940    1117    221     271     778     1221    1652    1955    1939    1927    1537    1098    717     366     
11679  1961 1260    647     1835    336     1289    2038    1363    73      595     1029    1340    1499    1930    2026    2155    2056    1330    704     353     
11679  1962 1173    616     1770    384     1012    2090    1248    375     428     489     1107    1444    1881    2120    2262    1792    1325    625     178     
11679  1963 1127    485     1727    97      1098    1992    1275    -11     125     635     1136    1524    1792    2209    1968    1718    1237    871     253     
11679  1964 1209    603     1813    285     1168    2080    1254    121     495     642     1176    1686    2009    2211    2018    1761    1198    789     375     
11679  1965 1143    604     1701    313     1119    2014    1118    325     233     683     1164    1511    1944    2093    2004    1471    1221    658     345     
11679  1966 1196    622     1770    337     1220    1967    1264    80      612     817     1212    1632    2002    1987    1914    1866    1400    522     280     
11679  1967 1226    637     1770    309     1187    2107    1265    264     392     935     1087    1537    1919    2320    2076    1659    1342    790     328     
11679  1968 1168    658     1691    327     1169    1934    1254    252     407     816     1239    1455    1834    2104    1860    1641    1355    764     269     
11679  1969 1154    575     1744    214     1121    2005    1282    176     195     657     1071    1634    1784    2176    2047    1730    1365    749     201     
11679  1970 1166    596     1750    278     1012    2059    1294    239     407     603     974     1457    1974    2122    2079    1879    1220    784     205     
11679  1971 1218    577     1823    297     1115    2119    1254    159     551     548     1271    1533    1799    2282    2267    1767    1291    703     400     
11679  1972 1163    689     1660    423     1157    1976    1112    296     582     855     1144    1472    1794    2098    2031    1402    1175    757     328     
11679  1973 1205    637     1785    364     1103    2102    1259    305     469     775     983     1546    1973    2115    2213    1863    1184    732     255     
11679  1974 1219    661     1778    412     1141    2099    1087    460     532     792     1111    1520    1830    2222    2235    1727    870     672     605     
11679  1975 1211    624     1783    511     1114    2049    1223    452     474     657     1192    1497    1811    2210    2117    1856    1160    657     398     
11679  1976 1225    642     1780    450     1164    2102    1187    448     509     673     1122    1697    2122    2282    1905    1534    1245    781     357     
11679  1977 1162    661     1632    339     1128    1883    1277    186     487     899     1118    1366    1764    2023    1857    1650    1393    784     379     
11679  1978 1122    653     1641    312     1011    1943    1220    297     253     780     948     1305    1733    2054    2036    1752    1235    673     335     
11679  1979 1143    591     1669    305     1069    1945    1190    146     447     700     949     1555    1912    2049    1872    1662    1225    681     465     
11679  1980 1116    633     1634    402     980     1903    1217    221     527     674     1032    1235    1696    1873    2133    1823    1163    666     338     
11679  1981 1163    606     1716    311     1130    2003    1201    267     329     848     1163    1381    1942    1978    2086    1738    1195    671     305     
11679  1982 1215    590     1794    325     1118    2078    1250    343     329     676     1119    1560    2021    2235    1976    1842    1108    807     505     
11679  1983 1199    655     1746    409     1028    2133    1263    473     232     771     1026    1286    1925    2381    2085    1756    1318    714     345     
11679  1984 1158    625     1657    343     966     2056    1196    333     351     673     1074    1153    1893    2265    2005    1535    1230    823     535     
11679  1985 1180    596     1774    293     1071    2062    1269    6       341     623     1154    1439    1810    2265    2105    1858    1369    577     554     
11679  1986 1212    629     1758    365     1116    2054    1336    355     167     708     929     1704    1932    2148    2078    1736    1393    876     441     
11679  1987 1186    643     1746    348     1029    1986    1347    213     396     523     1169    1401    1748    2141    2062    1943    1266    834     487     
11679  1988 1240    741     1758    493     1186    2029    1233    466     528     857     1183    1518    1766    2172    2141    1748    1388    557     519     
11679  1989 1230    733     1733    474     1189    2042    1235    336     578     1000    979     1580    1830    2176    2112    1698    1276    731     405     
11679  1990 1267    738     1803    447     1275    2082    1294    253     708     1050    1067    1700    1837    2225    2175    1792    1362    726     262     
11679  1991 1234    650     1834    273     1133    2199    1282    305     250     958     1055    1384    1858    2358    2370    1956    1187    706     350     
11679  1992 1239    666     1791    406     1233    2070    1211    301     578     867     1138    1693    1752    2141    2306    1694    1069    874     425     
11679  1993 1214    666     1768    414     1174    2077    1159    383     436     794     1138    1587    1980    2033    2215    1638    1169    671     467     
11679  1994 1320    716     1847    438     1269    2229    1297    455     386     1113    1109    1580    1970    2401    2307    1693    1200    1001    552     
11679  1995 1248    736     1759    491     1169    2078    1272    305     631     724     1226    1560    1785    2340    2101    1516    1446    847     446     
11679  1996 1212    711     1745    421     1164    2055    1198    445     368     696     1245    1553    2071    2088    2006    1491    1265    836     447     
11679  1997 1301    780     1798    479     1295    2027    1360    375     630     1113    1179    1590    1819    2057    2197    1931    1367    780     525     
11679  1998 1247    775     1794    527     1189    2139    1171    396     673     900     1040    1623    1965    2240    2206    1668    1233    609     362     
11679  1999 1259    645     1836    388     1249    2083    1301    387     416     839     1197    1708    1909    2229    2106    1849    1300    755     353     
11679  2000 1298    722     1836    435     1278    2100    1298    346     618     953     1152    1725    2109    2037    2156    1821    1326    746     559     
11679  2001 1279    755     1805    508     1260    2122    1294    356     620     906     1143    1727    1954    2161    2245    1575    1503    796     309     
11679  2002 1319    750     1823    382     1273    2138    1363    240     621     1022    1227    1569    2189    2132    2094    1715    1348    1025    603     
11679  2003 1378    779     2053    434     1353    2464    1279    402     284     972     1211    1872    2489    2384    2521    1821    1170    852     482     
11679  2004 1267    678     1827    427     1121    2152    1372    353     449     756     1150    1458    2099    2206    2149    1888    1407    819     449     
11679  2005 1261    708     1872    390     1230    2171    1305    354     365     825     1139    1723    2138    2287    2087    1841    1306    769     241     
11679  2006 1310    603     1900    270     1207    2189    1453    215     362     708     1244    1668    2145    2426    1995    1906    1479    973     541     
11679  2007 1358    890     1894    626     1436    2105    1284    635     710     988     1560    1765    1987    2265    2060    1713    1348    788     434     
11679  2008 1266    753     1785    483     1218    2101    1266    454     566     913     1137    1601    1985    2136    2177    1655    1353    787     397     
11679  2009 1322    702     1935    380     1344    2196    1362    260     494     902     1259    1867    2055    2221    2306    1882    1322    885     355     
11679  2010 1216    656     1830    322     1144    2188    1222    208     412     738     1192    1504    2022    2439    2099    1707    1178    783     263     
11679  2011 1358    658     1962    367     1415    2117    1402    315     540     863     1540    1846    1963    2079    2304    2030    1347    832     587     
11679  2012 1257    773     1854    436     1282    2226    1239    447     263     1132    1080    1629    2132    2253    2292    1720    1233    766     90      
11679  2013 1179    520     1809    173     1051    2170    1255    222     211     576     1172    1408    1986    2353    2166    1753    1308    703     228     
11679  2014 1270    654     1796    328     1262    2037    1354    309     459     899     1314    1575    2071    2055    1986    1766    1423    872     469     
11679  2015 1263    694     1930    334     1266    2319    1171    246     283     834     1287    1678    2155    2584    2214    1640    1188    686     285     
11679  2016 1223    600     1861    320     1181    2147    1251    189     498     752     1285    1509    1982    2278    2174    1926    1133    698     242     
11679  2017 1246    583     1896    210     1325    2266    1146    -71     486     1004    1265    1704    2249    2298    2252    1591    1263    579     279     
11679  2018 1394    632     1996    406     1264    2298    1496    560     377     705     1410    1681    2171    2391    2329    1982    1534    971     548     
11679  2019 -999999 870     1920    562     1226    2316    -999999 506     640     1001    1232    1445    2258    2450    2238    1885    1489    -999999 -999999 
