EUROPEAN CLIMATE ASSESSMENT & DATASET (ECA&D), file created on: 13-11-2019
THESE DATA CAN BE USED FOR NON-COMMERCIAL RESEARCH AND EDUCATION PROVIDED THAT THE FOLLOWING SOURCE IS ACKNOWLEDGED: 

Klein Tank, A.M.G. and Coauthors, 2002. Daily dataset of 20th-century surface
air temperature and precipitation series for the European Climate Assessment.
Int. J. of Climatol., 22, 1441-1453.
Data and metadata available at http://www.ecad.eu

FILE FORMAT (MISSING VALUE CODE = -999999):

THIS FILE HOLDS DATA FOR STATION SWEDEN                                   VARPNAS                                  (STAID:   6292)
LATITUDE: dd:mm:ss +59:24:00
LONGITUDE: ddd:mm:ss +013:16:12
ELEVATION: m   68

DATA IS FOR INDEX Mean of daily mean temperature (TG) with unit 0.01 Temperature (&#176;C)

01-06 SOUID: Source identifier
08-11 YEAR : YYYY
13-20 ANNUAL DATA VALUES
21-28 WINTER HALF YEAR DATA VALUES
29-36 SUMMER HALF YEAR DATA VALUES
37-44 WINTER (DJF) DATA VALUES
45-52 SPRING (MAM) DATA VALUES
53-60 SUMMER (JJA) DATA VALUES
61-68 AUTUMN (SON) DATA VALUES
69-76 JANUARY DATA VALUES
etc. 
157-164 DECEMBER DATA VALUES

6292   1918 619     -999999 1241    -999999 533     1578    710     -742    -193    -70     479     1188    1368    1749    1611    1024    776     328     -150    
6292   1919 530     -10     1270    -344    514     1564    480     -239    -675    -155    433     1261    1433    1866    1387    1216    509     -287    -481    
6292   1920 667     -52     1239    -297    651     1556    647     -412    23      332     539     1078    1501    1724    1441    1133    526     287     -187    
6292   1921 689     93      1297    -205    790     1551    559     -177    -254    333     796     1242    1446    1722    1480    1079    718     -126    -73     
6292   1922 532     -88     1149    -372    422     1514    533     -601    -451    -35     250     1045    1474    1610    1455    1035    441     125     -40     
6292   1923 537     2       1111    -181    389     1453    611     47      -590    -23     320     868     1145    1769    1434    1104    761     -36     -451    
6292   1924 577     -210    1170    -523    215     1553    788     -476    -649    -434    211     869     1389    1651    1614    1264    794     306     333     
6292   1925 636     239     1355    196     464     1775    447     158     87      -256    571     1081    1589    2067    1663    1134    475     -268    -705    
6292   1926 627     -197    1311    -501    532     1721    596     -337    -458    85      538     972     1519    1970    1667    1178    305     316     -306    
6292   1927 580     49      1211    -188    455     1662    538     -78     -180    225     388     749     1285    1948    1741    1131    551     -68     -795    
6292   1928 561     -198    1132    -478    390     1410    676     -352    -275    -252    424     998     1232    1486    1504    1128    643     258     -91     
6292   1929 594     -82     1153    -514    432     1496    816     -575    -915    120     159     1008    1387    1621    1475    1243    753     456     276     
6292   1930 776     261     1339    95      629     1710    703     233     -259    62      641     1184    1663    1829    1635    1062    761     285     131     
6292   1931 529     -24     1133    -225    276     1505    640     -504    -312    -522    287     1062    1302    1726    1479    911     573     440     -149    
6292   1932 718     129     1290    -28     455     1681    623     118     -54     -152    440     1077    1420    1901    1713    1160    490     223     244     
6292   1933 695     115     1369    -46     540     1816    689     -148    -255    107     461     1049    1836    1949    1664    1239    754     74      -459    
6292   1934 842     111     1387    -103    619     1727    844     61      110     128     529     1198    1601    1858    1717    1400    849     284     316     
6292   1935 706     170     1303    -41     493     1717    774     -294    -155    -9      546     942     1587    1861    1698    1165    718     440     -76     
6292   1936 712     75      1332    -245    517     1807    647     -204    -468    19      362     1164    1847    1859    1717    1017    562     364     256     
6292   1937 726     69      1470    -103    598     1836    793     -162    -436    -209    712     1294    1571    1981    1946    1290    896     190     -443    
6292   1938 822     170     1364    -196    735     1698    905     -219    103     485     638     1079    1428    1785    1873    1360    835     521     -69     
6292   1939 715     202     1392    -77     604     1765    655     -277    135     70      570     1170    1633    1752    1907    1298    374     303     -378    
6292   1940 523     -310    1317    -709    396     1725    638     -774    -994    -413    342     1257    1812    1798    1567    1104    569     244     -285    
6292   1941 550     -244    1368    -721    435     1837    617     -1166   -710    -144    377     1070    1698    2188    1619    1230    577     43      -265    
6292   1942 487     -415    1288    -840    335     1611    758     -1209   -1069   -616    570     1059    1438    1740    1650    1249    801     223     -93     
6292   1943 782     175     1390    -135    804     1684    800     -479    199     405     765     1242    1650    1815    1585    1266    895     237     -227    
6292   1944 713     99      1286    -184    463     1704    743     -206    -116    4       419     964     1345    1887    1867    1206    796     224     118     
6292   1945 728     154     1391    -137    689     1787    681     -389    -140    286     692     1089    1532    1921    1899    1191    700     153     -256    
6292   1946 679     -57     1383    -368    615     1665    709     -422    -430    -115    761     1202    1443    1907    1639    1327    508     299     -44     
6292   1947 597     -220    1509    -550    474     1878    659     -392    -1284   -496    488     1429    1759    1904    1966    1481    661     -165    -334    
6292   1948 684     -146    1378    -526    713     1692    644     -790    -450    180     740     1221    1591    1869    1612    1220    574     139     264     
6292   1949 817     191     1418    139     661     1675    874     74      72      11      660     1311    1522    1936    1561    1500    783     341     -9      
6292   1950 -999999 -999999 -999999 -999999 -999999 -999999 -999999 -999999 -999999 -999999 -999999 -999999 -999999 -999999 -999999 -999999 -999999 -999999 -999999 
6292   1951 -999999 -999999 -999999 -999999 -999999 -999999 -999999 -999999 -999999 -999999 -999999 -999999 -999999 -999999 -999999 -999999 -999999 -999999 -999999 
6292   1952 -999999 -999999 -999999 -999999 -999999 -999999 -999999 -999999 -999999 -999999 -999999 -999999 -999999 -999999 -999999 -999999 -999999 -999999 -999999 
6292   1953 -999999 -999999 -999999 -999999 -999999 -999999 -999999 -999999 -999999 -999999 -999999 -999999 -999999 -999999 -999999 -999999 -999999 -999999 -999999 
6292   1954 -999999 -999999 -999999 -999999 -999999 -999999 -999999 -999999 -999999 -999999 -999999 -999999 -999999 -999999 -999999 -999999 -999999 -999999 -999999 
6292   1955 -999999 -999999 -999999 -999999 -999999 -999999 -999999 -999999 -999999 -999999 -999999 -999999 -999999 -999999 -999999 -999999 -999999 -999999 -999999 
6292   1956 -999999 -999999 -999999 -999999 -999999 -999999 -999999 -999999 -999999 -999999 -999999 -999999 -999999 -999999 -999999 -999999 -999999 -999999 -999999 
6292   1957 -999999 -999999 -999999 -999999 -999999 -999999 -999999 -999999 -999999 -999999 -999999 -999999 -999999 -999999 -999999 -999999 -999999 -999999 -999999 
6292   1958 -999999 -999999 -999999 -999999 -999999 -999999 -999999 -999999 -999999 -999999 -999999 -999999 -999999 -999999 -999999 -999999 -999999 -999999 -999999 
6292   1959 -999999 -999999 -999999 -999999 -999999 -999999 -999999 -999999 -999999 -999999 -999999 -999999 -999999 -999999 -999999 -999999 -999999 -999999 -999999 
6292   1960 -999999 -999999 -999999 -999999 -999999 -999999 -999999 -999999 -999999 -999999 -999999 -999999 -999999 -999999 -999999 -999999 -999999 -999999 -999999 
6292   1961 633     -999999 1173    -999999 595     1471    799     -499    -17     337     475     969     1539    1543    1332    1172    1014    203     -501    
6292   1962 435     -44     1014    -317    209     1305    558     -275    -159    -549    427     757     1281    1396    1237    972     692     4       -587    
6292   1963 412     -403    1160    -904    310     1494    647     -1133   -1002   -439    342     1028    1456    1555    1469    1088    696     154     -363    
6292   1964 528     -37     1102    -320    476     1352    574     -209    -392    -124    487     1066    1279    1400    1374    987     544     190     -300    
6292   1965 436     -57     1070    -297    349     1329    508     -274    -319    -203    450     804     1367    1312    1309    1170    693     -345    -772    
6292   1966 425     -438    1126    -971    301     1558    588     -914    -1253   -111    49      957     1670    1600    1407    1055    542     169     -197    
6292   1967 586     -44     1187    -409    533     1520    782     -744    -274    223     435     939     1408    1616    1531    1173    764     408     -498    
6292   1968 512     -143    1261    -668    472     1616    544     -862    -644    -43     595     867     1639    1592    1619    1242    569     -180    -280    
6292   1969 552     -237    1302    -431    263     1751    652     -295    -749    -535    371     956     1699    1766    1786    1210    795     -53     -428    
6292   1970 459     -314    1189    -825    341     1608    577     -807    -1283   -194    183     1029    1740    1508    1581    1077    680     -29     -105    
6292   1971 634     -5      1203    -147    408     1533    652     -200    -133    -254    358     1119    1390    1690    1515    1120    755     77      105     
6292   1972 648     23      1216    -221    461     1615    642     -529    -240    -44     391     1034    1487    1854    1499    1004    654     268     359     
6292   1973 632     252     1234    92      560     1662    406     -75     -20     298     371     1005    1598    1885    1500    1024    307     -109    -249    
6292   1974 725     32      1259    -39     597     1527    676     57      85      101     631     1061    1503    1533    1544    1271    493     270     119     
6292   1975 787     149     1353    16      558     1716    828     117     -211    73      436     1161    1447    1784    1910    1352    759     374     163     
6292   1976 574     55      1250    -197    427     1674    594     -517    -238    -222    429     1075    1534    1786    1696    953     577     254     -458    
6292   1977 579     -92     1146    -474    425     1522    698     -379    -598    15      210     1044    1506    1533    1527    1031    823     235     -94     
6292   1978 537     10      1166    -295    426     1539    710     -128    -703    -137    338     1073    1567    1557    1494    945     714     472     -825    
6292   1979 465     -220    1155    -828    392     1514    583     -810    -853    -56     348     881     1596    1522    1428    1141    449     164     -319    
6292   1980 511     -235    1264    -579    394     1626    512     -584    -853    -294    461     1017    1606    1741    1531    1214    479     -156    -77     
6292   1981 507     -127    1205    -281    447     1469    651     -435    -337    -258    400     1197    1286    1609    1507    1207    614     132     -893    
6292   1982 635     -227    1266    -768    533     1636    793     -1011   -361    157     483     959     1373    1815    1712    1234    719     429     53      
6292   1983 692     174     1267    -68     548     1614    715     132     -424    83      497     1061    1416    1789    1630    1188    764     193     -116    
6292   1984 656     2       1227    -258    509     1547    740     -435    -222    -183    535     1176    1449    1584    1605    990     861     366     112     
6292   1985 362     -154    1103    -676    334     1493    524     -959    -1236   -158    114     1040    1382    1608    1486    957     728     -121    -623    
6292   1986 498     -253    1088    -717    408     1475    650     -639    -906    -14     181     1049    1542    1587    1299    846     644     460     -181    
6292   1987 353     -273    1018    -722    193     1318    617     -1345   -631    -599    363     821     1137    1555    1256    958     764     124     -227    
6292   1988 605     66      1257    -89     398     1622    517     48      -90     -232    264     1159    1713    1674    1481    1232    505     -184    -341    
6292   1989 745     148     1232    69      649     1535    673     277     294     339     525     1080    1525    1655    1424    1169    688     163     -226    
6292   1990 759     253     1246    65      746     1550    582     108     340     451     643     1140    1472    1607    1570    1024    670     49      -2      
6292   1991 671     85      1176    -137    523     1503    735     -75     -354    181     462     924     1099    1770    1628    1146    695     365     125     
6292   1992 730     272     1292    98      653     1648    544     124     40      273     384     1294    1747    1695    1504    1108    348     182     38      
6292   1993 581     71      1120    -50     637     1344    449     -25     -175    39      573     1295    1280    1468    1282    802     494     51      -175    
6292   1994 656     -117    1309    -437    559     1699    657     -295    -885    39      596     1043    1369    2051    1667    1100    599     274     183     
6292   1995 605     146     1209    -44     475     1601    675     -355    49      119     399     905     1479    1623    1698    1132    921     -35     -717    
6292   1996 534     -186    1166    -644    379     1581    692     -498    -722    -94     421     811     1370    1547    1818    1003    820     248     -372    
6292   1997 688     83      1348    -267    514     1839    581     -395    -10     204     438     897     1616    1899    1995    1219    451     79      -187    
6292   1998 586     52      1145    -80     489     1399    501     -153    119     8       414     1042    1291    1532    1371    1206    500     -204    -130    
6292   1999 698     -57     1316    -245    556     1608    891     -314    -296    74      683     915     1464    1781    1575    1469    745     463     -238    
6292   2000 806     188     1275    -89     710     1515    935     -22     -1      178     706     1245    1396    1591    1553    1139    1019    645     194     
6292   2001 651     184     1283    -149    477     1649    793     -202    -469    -130    447     1112    1441    1863    1636    1171    937     267     -348    
6292   2002 724     167     1462    -143    717     1828    543     -180    127     199     682     1268    1649    1815    2015    1320    375     -62     -559    
6292   2003 699     -114    1347    -410    606     1731    647     -366    -294    206     542     1067    1582    1922    1685    1262    381     305     33      
6292   2004 696     56      1312    -164    668     1578    677     -375    -148    134     674     1197    1414    1573    1741    1253    677     100     83      
6292   2005 733     105     1320    0       470     1659    850     92      -192    -161    611     963     1450    1885    1636    1359    765     430     -99     
6292   2006 765     3       1421    -257    383     1821    943     -315    -369    -417    444     1122    1614    2018    1824    1479    901     450     349     
6292   2007 728     292     1305    1       718     1631    673     -58     -318    373     717     1064    1619    1621    1654    1140    697     182     -35     
6292   2008 -999999 215     1310    104     645     1643    -999999 145     208     90      655     1191    1571    1811    1545    1066    -999999 -999999 -999999 
