EUROPEAN CLIMATE ASSESSMENT & DATASET (ECA&D), file created on: 13-11-2019
THESE DATA CAN BE USED FOR NON-COMMERCIAL RESEARCH AND EDUCATION PROVIDED THAT THE FOLLOWING SOURCE IS ACKNOWLEDGED: 

Klein Tank, A.M.G. and Coauthors, 2002. Daily dataset of 20th-century surface
air temperature and precipitation series for the European Climate Assessment.
Int. J. of Climatol., 22, 1441-1453.
Data and metadata available at http://www.ecad.eu

FILE FORMAT (MISSING VALUE CODE = -999999):

THIS FILE HOLDS DATA FOR STATION ITALY                                    LA THUILE                                (STAID:  10908)
LATITUDE: dd:mm:ss +45:43:53
LONGITUDE: ddd:mm:ss +006:58:04
ELEVATION: m 1637

DATA IS FOR INDEX Mean of daily mean temperature (TG) with unit 0.01 Temperature (&#176;C)

01-06 SOUID: Source identifier
08-11 YEAR : YYYY
13-20 ANNUAL DATA VALUES
21-28 WINTER HALF YEAR DATA VALUES
29-36 SUMMER HALF YEAR DATA VALUES
37-44 WINTER (DJF) DATA VALUES
45-52 SPRING (MAM) DATA VALUES
53-60 SUMMER (JJA) DATA VALUES
61-68 AUTUMN (SON) DATA VALUES
69-76 JANUARY DATA VALUES
etc. 
157-164 DECEMBER DATA VALUES

10908  1994 -999999 -999999 -999999 -999999 -999999 -999999 -999999 -999999 -999999 459     101     -999999 1145    1596    -999999 -999999 -999999 -999999 19      
10908  1995 -999999 -999999 -999999 -999999 -999999 -999999 -999999 -381    -999999 -999999 427     700     1018    1548    -999999 734     826     30      -231    
10908  1996 -999999 -999999 -999999 -999999 -999999 -999999 452     -999999 -999999 -156    475     -999999 -999999 1273    1181    714     568     22      -353    
10908  1997 -999999 -999999 1023    -226    508     1249    629     -332    26      304     386     818     1017    1245    1455    1193    592     65      -151    
10908  1998 -999999 95      -999999 -88     -999999 -999999 403     -260    164     141     181     -999999 -999999 1456    1501    876     532     -166    -160    
10908  1999 493     -44     1017    -223    417     1271    509     -167    -354    14      268     942     1060    1409    1350    1052    576     -102    -215    
10908  2000 544     45      1022    -130    462     1281    510     -195    24      156     304     910     1265    1170    1401    1076    515     -82     -116    
10908  2001 -999999 -7      977     -228    436     1339    -999999 -448    -103    158     217     943     1104    1451    1469    683     862     -999999 -261    
10908  2002 563     -999999 983     -96     426     1341    525     -77     60      188     348     724     1423    1347    1247    845     564     166     -68     
10908  2003 -999999 -999999 -999999 -328    -999999 1645    482     -356    -577    -999999 402     918     1652    1588    1701    996     279     164     -192    
10908  2004 -999999 -33     -999999 -190    -999999 -999999 -999999 -260    -110    -65     -999999 -999999 -999999 1374    1347    1123    530     -999999 -159    
10908  2005 -999999 -999999 -999999 -999999 -999999 -999999 -999999 -103    -640    -999999 330     905     -999999 1411    -999999 -999999 581     90      -429    
10908  2006 -999999 -999999 1063    -418    331     1349    -999999 -499    -314    -178    347     776     1271    1690    1093    1218    -999999 342     -21     
10908  2007 -999999 -999999 -999999 64      558     1218    -999999 145     63      57      782     844     1171    1267    1213    950     478     -6      -255    
10908  2008 -999999 -999999 -999999 -999999 310     -999999 -999999 -999999 5       -74     188     806     1149    -999999 -999999 883     621     -92     -408    
10908  2009 524     -999999 -999999 -999999 432     1417    663     -496    -368    27      380     953     1245    1406    1583    1094    652     242     -355    
10908  2010 452     -74     1053    -426    354     1390    500     -499    -427    -82     443     705     1217    1590    1353    997     504     -17     -487    
10908  2011 626     -999999 1139    -285    638     1288    703     -363    8       146     752     1021    1220    1240    -999999 1231    610     285     -70     
10908  2012 582     -999999 1087    -999999 525     1447    589     -150    -428    424     284     851     1317    1466    1555    1013    634     133     -304    
10908  2013 496     -58     1024    -347    270     1351    595     -202    -564    -104    400     522     1111    1524    1410    1145    648     -11     -45     
