EUROPEAN CLIMATE ASSESSMENT & DATASET (ECA&D), file created on: 13-11-2019
THESE DATA CAN BE USED FOR NON-COMMERCIAL RESEARCH AND EDUCATION PROVIDED THAT THE FOLLOWING SOURCE IS ACKNOWLEDGED: 

Klein Tank, A.M.G. and Coauthors, 2002. Daily dataset of 20th-century surface
air temperature and precipitation series for the European Climate Assessment.
Int. J. of Climatol., 22, 1441-1453.
Data and metadata available at http://www.ecad.eu

FILE FORMAT (MISSING VALUE CODE = -999999):

THIS FILE HOLDS DATA FOR STATION GREENLAND [DENMARK]                      KANGERLUSSUAQ                            (STAID:   7983)
LATITUDE: dd:mm:ss +67:01:00
LONGITUDE: ddd:mm:ss -050:42:00
ELEVATION: m   50

DATA IS FOR INDEX Mean of daily mean temperature (TG) with unit 0.01 Temperature (&#176;C)

01-06 SOUID: Source identifier
08-11 YEAR : YYYY
13-20 ANNUAL DATA VALUES
21-28 WINTER HALF YEAR DATA VALUES
29-36 SUMMER HALF YEAR DATA VALUES
37-44 WINTER (DJF) DATA VALUES
45-52 SPRING (MAM) DATA VALUES
53-60 SUMMER (JJA) DATA VALUES
61-68 AUTUMN (SON) DATA VALUES
69-76 JANUARY DATA VALUES
etc. 
157-164 DECEMBER DATA VALUES

7983   1973 -999999 -999999 -999999 -999999 -999999 -999999 -999999 -999999 -999999 -999999 -999999 -19     550     783     -999999 -999999 -315    -999999 -1385   
7983   1974 -478    -999999 627     -1824   -388    1101    -314    -2138   -1961   -1204   -456    495     996     1272    1032    391     -195    -1143   -2911   
7983   1975 -647    -1797   391     -2511   -1023   1026    -532    -2496   -2086   -1959   -1190   76      935     1195    943     349     -521    -1425   -1681   
7983   1976 -491    -1596   415     -1958   -852    882     -314    -2187   -2009   -1775   -964    181     906     1065    677     601     -509    -1027   -895    
7983   1977 -276    -1037   556     -1185   -306    980     -375    -1325   -1352   -1142   -297    522     863     1172    901     144     -601    -661    -1600   
7983   1978 -639    -1573   318     -1983   -1063   836     -702    -2119   -2255   -2241   -957    12      516     1137    845     318     -487    -1944   -638    
7983   1979 -470    -1197   449     -1146   -458    821     -625    -1311   -1526   -1333   -304    270     644     912     901     249     -446    -1683   -2093   
7983   1980 -357    -1353   505     -1616   -524    1016    -418    -1049   -1712   -1171   -894    479     999     1095    954     361     -608    -1001   -1794   
7983   1981 -582    -1580   377     -2016   -884    888     -505    -2073   -2200   -1847   -1014   205     875     1034    756     379     -489    -1408   -1321   
7983   1982 -999999 -1525   372     -1780   -772    875     -999999 -1558   -2533   -2015   -635    143     931     934     761     40      -650    -999999 -2100   
7983   1983 -871    -999999 233     -2703   -1144   712     -610    -3681   -2323   -2502   -1145   170     723     851     563     208     -739    -1318   -1495   
7983   1984 -893    -1954   188     -2636   -1228   886     -574    -2959   -3663   -1873   -1492   -266    775     1104    783     191     -782    -1126   -1847   
7983   1985 -999999 -1358   586     -1612   -442    1005    -999999 -903    -2136   -1426   -503    606     1000    1119    896     371     -999999 -863    -1144   
7983   1986 -472    -999999 437     -1006   -751    901     -749    -1212   -649    -1630   -803    151     760     1064    875     553     -832    -1921   -2074   
7983   1987 -537    -1760   478     -2026   -813    1017    -359    -1611   -2433   -1772   -903    231     1022    1006    1022    417     -584    -920    -2117   
7983   1988 -427    -1405   411     -1814   -677    892     -305    -1998   -1302   -1495   -805    266     647     1120    900     300     -245    -950    -1596   
7983   1989 -758    -1787   340     -2356   -1055   871     -548    -2591   -2930   -2473   -790    108     776     1045    787     73      -958    -737    -1612   
7983   1990 -602    -1647   431     -2129   -894    1010    -413    -2325   -2478   -1823   -1097   263     1028    1195    807     290     -708    -764    -1730   
7983   1991 -545    -1463   369     -1964   -809    960     -527    -2436   -1700   -1438   -1142   123     1052    1154    678     319     -355    -1551   -1353   
7983   1992 -769    -1625   156     -1929   -1239   790     -465    -1441   -3066   -2075   -1327   -288    563     1041    757     139     -53     -1494   -2089   
7983   1993 -798    -1963   387     -2442   -1314   914     -294    -2867   -2361   -2949   -1020   37      920     1017    801     560     -80     -1447   -2304   
7983   1994 -681    -1758   467     -2247   -759    879     -650    -2364   -2054   -2295   -584    615     739     1042    853     69      -650    -1370   -2251   
7983   1995 -607    -2061   611     -2598   -851    1003    -198    -2981   -2559   -2580   -547    583     1074    1160    770     607     -865    -319    -1659   
7983   1996 -313    -1145   514     -1540   -262    855     -552    -1474   -1483   -1036   -349    596     844     990     731     235     -680    -1181   -979    
7983   1997 -405    -1356   463     -1469   -760    951     -322    -1103   -2417   -1873   -882    473     1173    959     727     300     -278    -990    -1106   
7983   1998 -999999 -999999 -999999 -999999 -999999 -999999 -999999 -999999 -999999 -999999 -999999 -999999 -999999 -999999 -999999 -999999 -999999 -999999 -999999 
7983   1999 -999999 -999999 -999999 -999999 -999999 -999999 -999999 -999999 -999999 -999999 -999999 -999999 -999999 -999999 920     -999999 -999999 -999999 -999999 
7983   2000 -999999 -999999 -999999 -999999 -999999 -999999 -285    -999999 -999999 -999999 73      -999999 1167    1059    -999999 573     -615    -782    -1561   
7983   2001 -999999 -999999 -999999 -999999 -999999 1053    -999999 -1811   -999999 -1698   -597    239     954     1168    1030    480     -325    -957    -999999 
7983   2002 -999999 -999999 -999999 -999999 -999999 -999999 -366    -999999 -999999 -999999 -1168   441     1037    979     723     525     -556    -1043   -1269   
7983   2003 -999999 -999999 -999999 -999999 -999999 -999999 -999999 -1223   -2238   -1082   -655    456     -999999 1112    931     -999999 -51     -1311   -1005   
7983   2004 -999999 -999999 -999999 -999999 -999999 -999999 -999999 -2136   -1692   -2030   -901    595     -999999 996     852     304     -126    -925    -2043   
7983   2005 -999999 -999999 -999999 -1699   -999999 -999999 -999999 -1914   -1063   -380    -484    251     1044    1115    -999999 -999999 -643    -629    -1309   
7983   2006 -999999 -999999 -999999 -999999 -999999 964     -422    -2373   -1739   -877    -620    470     864     1101    911     511     -350    -1491   -1673   
7983   2007 -416    -999999 440     -1435   -685    1045    -549    -1650   -941    -1435   -920    260     1050    1152    934     176     -746    -1069   -1787   
7983   2008 -999999 -999999 618     -999999 -456    1030    -349    -2253   -2347   -1585   -361    553     1099    1184    802     310     -465    -902    -1506   
7983   2009 -476    -1316   469     -1504   -807    1015    -698    -1569   -1430   -2031   -734    308     991     1129    918     222     -628    -1658   -1185   
7983   2010 -999999 -1156   -999999 -1124   -268    -999999 -44     -1195   -981    -1291   -330    812     1076    1156    1074    603     -226    -460    -473    
7983   2011 -999999 -1001   -999999 -1207   -1023   -999999 -999999 -1380   -1776   -1767   -1587   128     1060    -999999 -999999 243     -896    -1337   -1514   
7983   2012 -999999 -999999 692     -1783   -553    1089    -999999 -1992   -1843   -2206   -224    560     1165    1215    894     493     -180    -1264   -1631   
7983   2013 -999999 -999999 522     -999999 -395    996     -358    -1643   -1685   -914    -244    -10     1083    1109    785     400     -443    -1087   -1830   
7983   2014 -438    -999999 495     -1637   -811    1115    -524    -1447   -1661   -1667   -966    199     1169    1239    936     311     -532    -1293   -1583   
7983   2015 -749    -1699   381     -2122   -987    988     -709    -2230   -2580   -2081   -1135   145     959     1189    812     313     -628    -1813   -2194   
7983   2016 -259    -1454   707     -1792   -56     1078    -410    -1537   -1654   -942    226     528     1032    1249    951     234     -530    -929    -1889   
7983   2017 -443    -1494   448     -1940   -783    981     -367    -1806   -2153   -1734   -1042   468     987     1025    932     304     -219    -1214   -1013   
7983   2018 -582    -1442   417     -1858   -752    936     -562    -2112   -2513   -1633   -599    -18     895     1029    883     328     -690    -1319   -1267   
