EUROPEAN CLIMATE ASSESSMENT & DATASET (ECA&D), file created on: 13-11-2019
THESE DATA CAN BE USED FOR NON-COMMERCIAL RESEARCH AND EDUCATION PROVIDED THAT THE FOLLOWING SOURCE IS ACKNOWLEDGED: 

Klein Tank, A.M.G. and Coauthors, 2002. Daily dataset of 20th-century surface
air temperature and precipitation series for the European Climate Assessment.
Int. J. of Climatol., 22, 1441-1453.
Data and metadata available at http://www.ecad.eu

FILE FORMAT (MISSING VALUE CODE = -999999):

THIS FILE HOLDS DATA FOR STATION ARMENIA                                  YEREVAN                                  (STAID:    289)
LATITUDE: dd:mm:ss +40:12:00
LONGITUDE: ddd:mm:ss +044:30:00
ELEVATION: m 1113

DATA IS FOR INDEX Mean of daily mean temperature (TG) with unit 0.01 Temperature (&#176;C)

01-06 SOUID: Source identifier
08-11 YEAR : YYYY
13-20 ANNUAL DATA VALUES
21-28 WINTER HALF YEAR DATA VALUES
29-36 SUMMER HALF YEAR DATA VALUES
37-44 WINTER (DJF) DATA VALUES
45-52 SPRING (MAM) DATA VALUES
53-60 SUMMER (JJA) DATA VALUES
61-68 AUTUMN (SON) DATA VALUES
69-76 JANUARY DATA VALUES
etc. 
157-164 DECEMBER DATA VALUES

289    1885 -999999 -999999 -999999 -999999 -999999 2319    1409    -999999 -999999 -999999 -999999 -999999 2078    2414    2457    2038    1397    791     -302    
289    1886 1095    244     1964    -464    1177    2348    1214    -881    -182    652     962     1910    2222    2432    2386    1843    1263    536     -87     
289    1887 1056    -67     2043    -670    915     2373    1488    -896    -1064   -231    1140    1844    2318    2354    2445    2140    1476    847     169     
289    1888 1197    471     1980    -999999 1228    2330    1270    -999999 -67     650     1277    1760    2122    2429    2432    1836    1548    416     -8      
289    1889 1215    397     2072    -144    1289    2398    1370    -608    219     798     1255    1815    2057    2662    2465    2157    1392    562     -251    
289    1890 1134    183     2047    -538    1266    2400    1321    -932    -421    700     1321    1777    2277    2470    2448    1966    1278    720     -92     
289    1891 1088    185     2025    -452    1109    2431    1224    -566    -724    424     1225    1682    2304    2449    2535    1935    1295    441     -69     
289    1892 1205    278     2033    -237    1087    2502    1397    -375    -270    614     1092    1555    2433    2566    2504    2031    1426    734     100     
289    1893 1173    237     2097    -403    1111    2508    1471    -354    -1016   426     1067    1838    2333    2553    2633    2131    1421    862     23      
289    1894 1081    181     2009    -555    1099    2425    1285    -1064   -631    418     1084    1794    2223    2464    2581    1881    1368    602     139     
289    1895 -999999 -999999 -999999 -999999 1127    -999999 -999999 -999999 139     547     1187    1648    -999999 -999999 -999999 -999999 1405    505     418     
289    1896 -999999 485     -999999 115     -999999 -999999 1238    34      -123    631     -999999 1439    2025    -999999 2572    2104    1194    417     -22     
289    1897 -999999 -53     -999999 -576    870     -999999 -999999 -793    -963    -252    1077    1791    -999999 -999999 -999999 -999999 -999999 291     -158    
289    1898 1078    -999999 1972    -461    1023    2385    1310    -1109   -77     337     1103    1632    1912    2685    2542    1925    1441    560     -84     
289    1899 -999999 388     -999999 -114    1354    -999999 1503    -502    283     627     1508    1933    -999999 -999999 2759    2380    1466    664     -203    
289    1900 -999999 -999999 -999999 -999999 -999999 -999999 -999999 -999999 -999999 -999999 -999999 -999999 -999999 -999999 -999999 -999999 -999999 -999999 -999999 
289    1901 -999999 -999999 -999999 -999999 1488    -999999 -999999 -607    -407    1054    1652    1765    -999999 -999999 -999999 -999999 1152    693     441     
289    1902 -999999 518     -999999 211     1238    -999999 -999999 -64     262     604     1244    1867    -999999 -999999 -999999 -999999 -999999 -999999 -999999 
289    1903 -999999 -999999 -999999 -999999 1065    -999999 -999999 -608    -410    -54     1417    1843    -999999 -999999 -999999 -999999 -999999 -999999 -999999 
289    1904 -999999 -999999 -999999 -999999 -999999 -999999 -999999 -999999 -999999 -999999 -999999 -999999 -999999 -999999 -999999 -999999 1451    838     -199    
289    1905 -999999 163     -999999 -499    1026    -999999 -999999 -646    -668    141     1260    1684    -999999 -999999 -999999 -999999 -999999 943     -999999 
289    1906 -999999 -999999 -999999 -999999 -999999 2322    -999999 -950    -243    503     -999999 -999999 2175    2367    2419    1960    -999999 -999999 -999999 
289    1907 -999999 -999999 -999999 -999999 -999999 -999999 -999999 -225    -169    -999999 -999999 -999999 -999999 -999999 -999999 -999999 -999999 -1      -65     
289    1908 1072    -999999 2051    -363    966     2443    1314    -534    -499    172     1046    1682    2260    2504    2559    2238    1241    466     -310    
289    1909 1200    178     2019    -420    1212    2329    1495    -681    -253    574     1136    1925    1970    2694    2312    2048    1493    943     140     
289    1910 1205    574     2003    155     1108    2410    1359    7       335     516     1148    1661    2188    2568    2466    1962    1385    730     -551    
289    1911 1015    36      1917    -731    969     2329    1237    -1029   -599    241     1032    1637    2026    2534    2417    1830    1136    749     104     
289    1912 1280    542     2014    195     1189    2343    1477    6       494     767     1229    1572    2287    2379    2363    2243    1437    751     -180    
289    1913 1024    26      2017    -588    784     2453    1335    -765    -843    -303    1033    1629    2139    2599    2610    2063    1246    698     60      
289    1914 1184    478     1941    15      1170    2336    1254    -73     63      838     1124    1547    1992    2573    2433    1952    1312    497     -130    
289    1915 1235    422     1932    -49     1176    2270    1417    -138    138     827     1071    1625    1998    2331    2472    2072    1383    799     163     
289    1916 1294    530     2039    81      1276    2434    1294    -28     112     732     1275    1820    2176    2560    2557    1818    1368    693     398     
289    1917 1303    547     2114    160     1364    2407    1407    14      58      711     1716    1676    2179    2657    2377    2066    1317    841     -48     
289    1918 1274    354     2114    -205    1142    2497    1597    -480    -75     545     1175    1707    2206    2663    2612    2298    1724    764     64      
289    1919 -999999 -999999 -999999 -999999 -999999 -999999 -999999 -999999 -999999 -999999 1451    1579    -999999 -999999 -999999 -999999 -999999 -999999 -999999 
289    1920 1058    -999999 1981    -999999 1116    2318    1185    -18     -799    423     1256    1673    2126    2319    2502    2015    1264    272     -327    
289    1921 -999999 -999999 2005    -999999 1033    2342    -999999 -776    -999999 133     1171    1800    2087    2500    2429    2018    -999999 694     51      
289    1922 1270    -999999 2080    -15     1317    2402    1441    -201    119     690     1345    1917    2209    2524    2468    1991    1607    719     -227    
289    1923 -999999 357     -999999 -232    1079    -999999 1356    -362    -95     466     926     1840    2268    2678    -999999 2012    1347    711     361     
289    1924 1307    604     2082    287     1187    2472    1437    321     170     690     1090    1776    2285    2498    2626    2193    1373    746     -121    
289    1925 1241    278     2128    -500    1346    2503    1414    -1011   -352    988     1141    1902    2200    2552    2746    2198    1274    775     371     
289    1926 1213    480     1978    75      1136    2382    1326    -277    136     575     1047    1784    2137    2371    2631    1867    1385    726     102     
289    1927 1163    260     2129    -287    1102    2512    1510    -292    -711    274     1168    1867    2376    2539    2617    2184    1654    688     -537    
289    1928 1024    -36     2050    -787    1015    2293    1361    -1081   -739    -224    1473    1811    2179    2422    2275    2127    1209    751     51      
289    1929 1096    57      2070    -471    990     2401    1400    -713    -781    -233    1295    1917    2056    2474    2662    1991    1408    802     153     
289    1930 1328    529     2123    73      1290    2490    1416    -25     95      708     1346    1819    2111    2664    2682    2090    1269    896     196     
289    1931 1110    383     2032    -173    1130    2409    1346    -384    -346    614     1190    1587    2155    2577    2486    2178    1324    536     -680    
289    1932 1043    60      2036    -685    1179    2444    1311    -944    -415    526     1325    1690    2385    2386    2558    1854    1653    414     -954    
289    1933 960     -216    2002    -1046   808     2390    1407    -1251   -920    -287    855     1857    1953    2545    2658    2108    1358    758     -232    
289    1934 1096    138     2016    -559    1054    2431    1364    -803    -651    341     1120    1705    2228    2604    2455    1961    1439    689     -48     
289    1935 1286    326     2188    -204    1206    2529    1453    -489    -63     402     1309    1909    2161    2644    2769    2311    1519    527     334     
289    1936 1180    482     1946    98      1125    2335    1304    -275    245     530     1289    1562    2043    2489    2465    1805    1288    819     -121    
289    1937 1187    274     2044    -410    1186    2388    1491    -680    -430    715     1247    1597    1946    2626    2578    2245    1433    797     62      
289    1938 1191    396     2006    -38     1062    2380    1240    -188    18      228     1281    1685    2132    2522    2479    1917    1206    599     340     
289    1939 1227    471     1999    156     1198    2326    1321    -10     135     527     1142    1922    2222    2380    2372    1933    1429    596     -4      
289    1940 1273    384     2078    -27     1126    2461    1391    -212    146     342     1408    1637    2131    2538    2704    2030    1345    799     371     
289    1941 1189    506     2145    63      1320    2461    1255    -336    164     669     1300    1990    2380    2634    2366    2182    1100    489     -722    
289    1942 1166    43      2068    -501    1010    2500    1391    -531    -223    134     1046    1851    2262    2637    2592    1993    1364    816     -37     
289    1943 1208    341     1995    -62     950     2405    1419    -66     -85     27      1044    1782    2153    2468    2585    1907    1529    816     243     
289    1944 1184    423     2028    -221    1236    2393    1427    -614    -297    824     1200    1683    2202    2591    2381    2093    1463    724     -92     
289    1945 -999999 317     -999999 -186    1003    -999999 -999999 -200    -275    240     1098    1674    1993    2499    -999999 2004    -999999 527     -999999 
289    1946 1105    -999999 1959    -999999 1132    2249    1256    -388    -191    526     1153    1717    2002    2344    2392    2129    1002    644     -145    
289    1947 1247    332     2019    -212    1314    2393    1350    -235    -261    938     1345    1661    2155    2580    2437    1917    1263    874     186     
289    1948 1162    477     2042    157     980     2526    1118    7       286     246     999     1697    2272    2693    2605    1956    1179    216     -238    
289    1949 1071    -45     2076    -573    903     2594    1279    -745    -753    12      900     1798    2474    2806    2497    1950    1250    638     -92     
289    1950 1089    94      2079    -597    1244    2318    1359    -914    -805    415     1487    1836    2053    2436    2455    2187    1292    599     -95     
289    1951 1187    326     2081    -253    1317    2463    1178    -210    -476    778     1412    1765    2190    2617    2574    1907    940     695     -59     
289    1952 1257    316     2058    -91     1150    2428    1458    -318    118     519     1187    1745    1991    2611    2669    2117    1645    605     152     
289    1953 1124    492     2060    106     1138    2417    1252    -71     251     351     1245    1821    2154    2448    2639    2027    1377    348     -1142   
289    1954 1196    -14     2075    -772    1106    2494    1459    -799    -331    446     1081    1791    2207    2615    2653    2077    1524    775     205     
289    1955 1309    635     1994    266     1219    2330    1421    93      525     685     1294    1680    2191    2408    2389    1999    1533    727     176     
289    1956 1024    452     1835    72      874     2307    1109    -169    220     218     1001    1407    2090    2352    2474    1659    1222    460     -640    
289    1957 1077    -17     1978    -760    1085    2267    1414    -1069   -552    438     1277    1546    1954    2336    2502    2238    1322    684     148     
289    1958 1159    535     1953    147     1243    2260    1184    89      210     733     1197    1798    2064    2315    2396    1929    1250    371     -505    
289    1959 1071    136     1923    -382    1103    2256    1149    -305    -330    301     1395    1623    2015    2442    2303    1738    1090    620     -123    
289    1960 1217    377     1920    58      1058    2213    1416    11      301     365     1004    1803    2058    2303    2273    2061    1441    746     219     
289    1961 1222    437     2029    25      1155    2413    1280    -197    55      332     1224    1910    2313    2480    2444    1777    1255    808     192     
289    1962 1246    438     2020    -115    1245    2427    1376    -555    33      865     1047    1816    2117    2675    2483    1996    1373    760     377     
289    1963 1189    618     1840    387     963     2187    1326    387     399     394     1112    1403    1939    2374    2241    1941    1396    639     2       
289    1964 1011    148     1911    -527    1020    2275    1307    -1155   -422    405     957     1696    2162    2394    2265    1969    1237    718     -126    
289    1965 1076    251     1920    -365    1096    2298    1148    -628    -337    603     951     1729    2039    2363    2484    1926    946     580     162     
289    1966 1362    581     1982    386     1162    2435    1387    530     473     784     1217    1488    2150    2567    2578    1868    1377    916     334     
289    1967 1067    412     1805    -79     986     2147    1279    -106    -507    387     954     1615    1856    2231    2345    1800    1365    670     69      
289    1968 1150    325     1935    -197    1140    2201    1465    -370    -296    483     1247    1693    1818    2474    2298    2058    1476    860     7       
289    1969 1067    285     1899    -362    1028    2289    1173    -489    -629    415     988     1680    2146    2278    2438    1837    1186    494     332     
289    1970 1281    534     2011    267     1298    2297    1402    95      387     692     1468    1739    2137    2421    2327    1960    1266    983     -139    
289    1971 1150    356     2017    -328    1239    2311    1357    -641    -191    825     1134    1755    1981    2600    2341    2271    1159    648     -164    
289    1972 978     -15     1938    -663    930     2289    1380    -891    -953    74      1341    1388    1988    2495    2366    2038    1558    538     -231    
289    1973 1024    231     1900    -384    1008    2269    1196    -683    -222    391     1053    1582    1957    2359    2482    1941    1454    186     -303    
289    1974 1062    108     1838    -497    1014    2240    1335    -677    -513    441     809     1784    2189    2319    2210    1692    1586    717     75      
289    1975 1154    418     2044    -91     1158    2427    1227    -252    -96     439     1503    1542    2229    2612    2435    1930    1153    601     -320    
289    1976 1126    230     1911    -267    1006    2311    1249    -47     -444    409     1106    1508    1991    2329    2603    1907    1260    581     245     
289    1977 1110    317     1984    -201    1173    2315    1241    -730    -110    621     1264    1637    2120    2373    2446    2048    930     755     -89     
289    1978 1163    376     1893    -60     1078    2235    1275    -213    142     731     980     1508    1813    2541    2338    2155    1396    271     203     
289    1979 1293    503     2034    207     1214    2331    1408    21      418     692     1265    1687    1932    2432    2616    2250    1249    730     171     
289    1980 1221    365     2029    -100    1120    2454    1323    -355    -117    493     1130    1738    2228    2732    2395    1927    1242    802     383     
289    1981 1250    610     1894    285     1025    2303    1355    110     374     722     948     1402    2012    2504    2383    2098    1466    497     387     
289    1982 1023    369     1933    -36     1091    2219    1142    -266    -249    324     1344    1614    2000    2395    2256    1974    1165    286     -643    
289    1983 1101    17      1942    -620    1118    2286    1315    -838    -355    459     1245    1654    1952    2524    2372    1882    1268    797     162     
289    1984 1166    478     1951    34      1084    2337    1360    34      -103    682     1169    1405    2107    2602    2295    2114    1248    721     -318    
289    1985 1139    165     2039    -288    1006    2338    1381    -305    -235    -139    1326    1840    2255    2295    2463    2042    1191    917     -54     
289    1986 1184    404     1996    -41     1031    2356    1338    -193    143     410     1328    1365    1960    2555    2540    2210    1282    525     26      
289    1987 1192    458     1967    193     1062    2362    1102    257     308     337     988     1858    2272    2476    2335    1848    934     531     109     
289    1988 1102    289     1842    -103    1078    2166    1223    -423    12      562     1201    1475    1940    2344    2206    1869    1285    514     202     
289    1989 1252    357     2127    -191    1404    2482    1299    -549    -230    871     1564    1783    2248    2647    2550    1967    1252    680     185     
289    1990 1156    336     1952    -188    1068    2342    1385    -608    -138    611     1013    1580    2140    2540    2338    2082    1295    780     156     
289    1991 1176    391     2013    -107    1121    2386    1377    -296    -190    558     1361    1488    2151    2499    2492    2027    1484    617     -99     
289    1992 -999999 -999999 -999999 -999999 -999999 -999999 -999999 -633    -999999 308     1055    -999999 -999999 -999999 -999999 -999999 -999999 -999999 -999999 
289    1993 -999999 -999999 -999999 -999999 -999999 -999999 -999999 -999999 -999999 -999999 -999999 -999999 -999999 -999999 -999999 -999999 -999999 -999999 -999999 
289    1994 1130    -999999 1972    -999999 1184    2264    1351    -186    -231    536     1422    1600    2028    2368    2390    2007    1410    634     -499    
289    1995 -999999 357     -999999 -230    1239    -999999 1332    -205    40      736     1183    1796    2152    2443    -999999 2018    1214    746     -999999 
289    1996 1270    -999999 2020    -999999 1151    2406    1318    -98     168     545     1074    1832    2037    2598    2569    1981    1339    634     517     
289    1997 1194    456     1981    167     1080    2395    1297    150     -204    202     1122    1776    2161    2414    2597    1793    1460    632     -13     
289    1998 1305    350     2133    -224    1239    2535    1522    -369    -297    633     1413    1692    2419    2577    2609    2086    1513    969     413     
289    1999 -999999 689     -999999 297     1209    -999999 1326    77      412     730     1215    1683    2180    -999999 2753    1948    1427    661     187     
289    2000 1262    420     2142    -9      1169    2542    1362    -168    -49     448     1469    1601    2216    2778    2620    2149    1284    657     104     
289    2001 -999999 499     -999999 20      1255    -999999 -999999 -288    269     949     1283    1533    -999999 2560    2621    2196    -999999 499     185     
289    2002 1204    -999999 1963    81      1068    2359    1530    -266    351     769     973     1458    2103    2515    2449    2262    1547    779     -592    
289    2003 1190    301     1990    -278    1045    2334    1429    -264    42      253     1094    1789    2027    2426    2538    2037    1638    607     13      
289    2004 1223    511     2013    -15     1163    2433    1438    -192    146     837     1065    1583    2178    2441    2672    2116    1483    713     -393    
289    2005 -999999 285     2092    -355    1185    2471    -999999 -454    -203    529     1345    1686    2081    2689    2630    2095    -999999 -999999 -999999 
