EUROPEAN CLIMATE ASSESSMENT & DATASET (ECA&D), file created on: 13-11-2019
THESE DATA CAN BE USED FOR NON-COMMERCIAL RESEARCH AND EDUCATION PROVIDED THAT THE FOLLOWING SOURCE IS ACKNOWLEDGED: 

Klein Tank, A.M.G. and Coauthors, 2002. Daily dataset of 20th-century surface
air temperature and precipitation series for the European Climate Assessment.
Int. J. of Climatol., 22, 1441-1453.
Data and metadata available at http://www.ecad.eu

FILE FORMAT (MISSING VALUE CODE = -999999):

THIS FILE HOLDS DATA FOR STATION RUSSIAN FEDERATION                       PETROPAVLOVSK-KAMCHATSKIJ                (STAID:   3275)
LATITUDE: dd:mm:ss +52:58:59
LONGITUDE: ddd:mm:ss +158:39:00
ELEVATION: m   32

DATA IS FOR INDEX Mean of daily mean temperature (TG) with unit 0.01 Temperature (&#176;C)

01-06 SOUID: Source identifier
08-11 YEAR : YYYY
13-20 ANNUAL DATA VALUES
21-28 WINTER HALF YEAR DATA VALUES
29-36 SUMMER HALF YEAR DATA VALUES
37-44 WINTER (DJF) DATA VALUES
45-52 SPRING (MAM) DATA VALUES
53-60 SUMMER (JJA) DATA VALUES
61-68 AUTUMN (SON) DATA VALUES
69-76 JANUARY DATA VALUES
etc. 
157-164 DECEMBER DATA VALUES

3275   1894 -999999 -999999 -999999 -999999 -999999 -999999 387     -999999 -999999 -999999 -999999 -999999 -999999 -999999 1255    944     356     -140    -999999 
3275   1895 -999999 -999999 637     -999999 -286    949     -999999 -1845   -1228   -885    -234    259     525     1197    1124    951     -999999 -433    -999999 
3275   1896 -999999 -999999 725     -999999 -277    1109    556     -562    -1087   -870    -289    370     1010    1032    1281    944     576     148     -999999 
3275   1897 -999999 -999999 1164    -999999 -361    1891    552     -1730   -2115   -1495   15      398     1188    2537    2013    970     550     136     -999999 
3275   1898 -999999 -999999 649     -999999 -802    1142    193     -1332   -2213   -2041   -612    249     953     1187    1285    831     226     -478    -999999 
3275   1899 -999999 -999999 630     -999999 -254    929     472     -1621   -1571   -698    -234    171     533     1024    1230    1057    468     -108    -999999 
3275   1900 56      -999999 -999999 -999999 -118    -999999 385     -851    -758    -353    -183    181     -999999 818     1119    940     461     -249    -887    
3275   1901 243     -414    799     -810    41      1121    445     -919    -604    -299    52      370     768     1152    1432    998     476     -141    -430    
3275   1902 33      -471    649     -852    -163    942     244     -1074   -1075   -628    -115    256     527     995     1291    921     360     -554    -600    
3275   1903 -34     -650    560     -1013   -274    850     350     -1049   -1432   -698    -245    122     558     848     1135    927     310     -185    -795    
3275   1904 54      -548    628     -960    -161    944     322     -1225   -852    -547    -158    222     665     1113    1046    864     297     -195    -608    
3275   1905 -999999 -999999 -999999 -999999 -999999 -999999 -999999 -999999 -847    -999999 -999999 -999999 -999999 -999999 -999999 -999999 -999999 -332    -955    
3275   1906 190     -999999 767     -895    -44     1085    374     -816    -914    -463    51      282     696     1335    1211    1009    374     -261    -305    
3275   1907 151     -423    777     -727    -41     1084    415     -1124   -756    -491    17      355     755     1344    1142    1031    476     -265    -729    
3275   1908 84      -545    702     -997    -60     984     404     -1099   -1176   -509    -31     361     565     1102    1270    923     486     -201    -734    
3275   1909 277     -256    774     -867    338     1136    421     -860    -1024   725     -73     348     1026    1247    1132    948     455     -140    -563    
3275   1910 -999999 -457    732     -802    -214    1117    -999999 -1119   -714    -677    -182    217     868     1090    1385    999     490     -999999 -999999 
3275   1911 34      -999999 592     -999999 -233    929     302     -727    -1135   -585    -244    131     689     1002    1090    868     219     -179    -800    
3275   1912 -71     -589    536     -906    -335    854     210     -1030   -887    -864    -309    169     601     866     1086    784     329     -487    -1140   
3275   1913 -52     -711    547     -1131   -314    876     318     -1105   -1150   -749    -269    76      550     1067    1001    839     388     -277    -1063   
3275   1914 17      -601    626     -993    -229    952     302     -1190   -699    -767    -205    287     630     1085    1129    810     360     -267    -1013   
3275   1915 14      -573    612     -989    -232    927     294     -868    -1097   -596    -278    175     678     921     1175    987     362     -471    -900    
3275   1916 -999999 -999999 636     -999999 -999999 1001    281     -1400   -999999 -999999 -210    179     668     1137    1188    831     270     -257    -789    
3275   1917 -999999 -573    641     -893    -309    997     -999999 -930    -967    -790    -243    108     591     1010    1375    988     512     -999999 -999999 
3275   1918 128     -999999 594     -999999 -66     834     383     -538    -739    -359    -130    289     506     925     1061    896     499     -249    -695    
3275   1919 -999999 -538    590     -900    -312    900     401     -809    -1227   -804    -194    66      522     1092    1075    960     466     -225    -999999 
3275   1920 108     -999999 773     -999999 -143    1106    288     -355    -1238   -881    -27     481     735     1235    1336    849     399     -387    -921    
3275   1921 119     -504    782     -841    -141    1206    191     -901    -686    -540    -257    371     778     1375    1449    945     177     -548    -797    
3275   1922 4       -637    579     -932    -285    918     304     -1030   -972    -682    -244    72      741     922     1084    885     273     -244    -817    
3275   1923 42      -513    584     -898    -113    858     268     -1066   -801    -439    -250    345     636     857     1074    823     310     -332    -706    
3275   1924 52      -535    629     -836    -241    912     369     -1064   -730    -691    -312    278     571     911     1241    1068    541     -507    -711    
3275   1925 227     -417    758     -653    -124    1111    483     -645    -598    -606    -37     275     788     1112    1422    972     577     -105    -494    
3275   1926 181     -288    648     -555    -203    987     -999999 -611    -561    -552    -220    162     832     1008    1117    975     485     -999999 -466    
3275   1927 252     -999999 740     -615    -26     1082    528     -592    -806    -323    -20     266     739     1181    1315    940     518     127     -398    
3275   1928 129     -322    762     -754    -53     1134    326     -1040   -829    -326    -127    292     798     1318    1275    994     389     -406    -826    
3275   1929 101     -452    650     -742    -115    940     299     -732    -661    -496    -171    318     672     923     1217    925     305     -332    -807    
3275   1930 90      -569    635     -902    -238    921     438     -1139   -744    -709    -130    130     601     1072    1078    1044    462     -193    -999999 
3275   1931 -48     -999999 572     -999999 -234    873     257     -1191   -1200   -618    -260    177     576     916     1117    890     336     -457    -942    
3275   1932 6       -673    551     -1108   -278    885     -999999 -1381   -995    -613    -290    68      594     1010    1041    868     453     -999999 -682    
3275   1933 119     -999999 678     -994    -185    1009    434     -1311   -990    -602    -249    294     587     1098    1327    989     476     -165    -115    
3275   1934 210     -200    668     -399    -80     985     480     -520    -578    -333    -172    261     919     875     1160    956     472     12      -575    
3275   1935 163     -377    672     -693    -238    1020    539     -662    -857    -688    -166    142     762     1153    1137    987     606     21      -552    
3275   1936 181     -312    743     -620    -157    1086    499     -890    -403    -650    -94     274     840     1140    1270    1010    495     -9      -816    
3275   1937 -999999 -435    656     -880    -130    954     424     -915    -911    -486    -105    203     617     1160    1075    970     543     -246    -999999 
3275   1938 155     -999999 776     -999999 -119    1096    371     -799    -417    -699    -53     397     746     1210    1319    1016    371     -274    -985    
3275   1939 120     -492    685     -924    -40     968     432     -906    -877    -313    -170    357     566     1191    1135    1013    522     -242    -912    
3275   1940 136     -371    640     -703    -145    1022    286     -485    -713    -417    -248    226     573     1052    1426    783     400     -328    -685    
3275   1941 23      -480    593     -809    -186    884     330     -795    -963    -549    -179    169     502     1050    1088    907     347     -265    -1107   
3275   1942 73      -616    549     -959    -398    915     445     -852    -914    -920    -399    127     467     1086    1178    810     444     82      -304    
3275   1943 222     -174    758     -484    25      1120    351     -424    -749    -138    -63     273     715     1344    1290    969     556     -478    -716    
3275   1944 120     -483    693     -835    -187    1072    450     -824    -973    -494    -258    189     726     1135    1345    1000    460     -110    -799    
3275   1945 58      -489    581     -833    -241    875     330     -902    -794    -807    -105    192     640     967     1011    768     319     -96     -541    
3275   1946 111     -477    689     -811    -229    1060    361     -1042   -855    -669    -156    140     639     1149    1379    961     358     -235    -407    
3275   1947 87      -394    621     -672    -141    942     304     -831    -789    -491    -104    173     644     1108    1064    822     415     -328    -706    
3275   1948 178     -401    708     -669    -127    1072    391     -765    -528    -502    -131    251     704     1248    1253    903     418     -150    -595    
3275   1949 48      -470    651     -805    -218    992     303     -979    -843    -699    -229    274     717     1013    1238    874     356     -322    -887    
3275   1950 185     -406    698     -655    -165    1077    407     -392    -690    -523    -206    235     784     1199    1240    921     346     -44     -712    
3275   1951 127     -452    678     -814    -196    1043    400     -848    -889    -593    -149    154     660     1163    1295    926     454     -180    -545    
3275   1952 30      -482    661     -838    -183    972     275     -945    -1036   -664    -129    247     635     1078    1191    926     482     -590    -879    
3275   1953 10      -594    631     -992    -134    904     228     -979    -1131   -521    -144    262     535     994     1171    950     238     -506    -837    
3275   1954 42      -645    615     -942    -239    899     319     -1251   -717    -797    -112    197     611     874     1201    905     345     -293    -506    
3275   1955 246     -399    798     -663    -63     1150    463     -958    -511    -478    -73     362     886     1239    1317    1040    402     -52     -267    
3275   1956 271     -223    774     -386    -88     1105    548     -429    -468    -535    -162    430     959     1066    1285    1048    656     -64     -554    
3275   1957 230     -326    773     -644    -104    1114    490     -666    -718    -641    -74     405     729     1236    1364    956     593     -82     -410    
3275   1958 170     -347    748     -653    -165    1085    441     -819    -740    -654    -119    279     751     1182    1312    1067    459     -204    -540    
3275   1959 240     -385    859     -745    43      1173    504     -759    -956    -361    87      404     851     1275    1382    1135    516     -140    -637    
3275   1960 150     -386    784     -726    -76     1124    296     -572    -985    -525    -24     322     683     1218    1458    1023    340     -474    -716    
3275   1961 299     -372    835     -570    8       1175    419     -660    -307    -411    59      379     866     1127    1523    1038    419     -200    -280    
3275   1962 291     -313    919     -571    103     1218    461     -586    -876    -408    181     538     986     1320    1340    1137    469     -223    -467    
3275   1963 377     -142    821     -310    63      1174    565     -146    -318    -188    -61     436     850     1269    1394    1020    646     26      -455    
3275   1964 101     -398    691     -808    -109    985     361     -1052   -925    -646    -121    439     797     966     1186    861     400     -178    -554    
3275   1965 227     -305    770     -614    49      1065    445     -882    -384    -237    -71     450     762     1187    1235    1039    582     -292    -708    
3275   1966 216     -428    754     -849    -58     1119    505     -844    -1012   -350    -106    279     837     1187    1325    987     589     -64     -327    
3275   1967 131     -431    775     -801    -126    1113    415     -1014   -1090   -732    -93     447     809     1208    1312    947     481     -187    -602    
3275   1968 263     -223    774     -437    53      1046    345     -414    -284    -333    44      447     810     1066    1256    1007    430     -405    -485    
3275   1969 176     -418    773     -692    -85     1122    437     -658    -959    -480    -109    333     796     1288    1270    1039    413     -141    -767    
3275   1970 274     -404    893     -727    -12     1256    478     -528    -904    -536    19      481     913     1356    1486    1084    471     -122    -517    
3275   1971 218     -311    744     -592    -46     1041    455     -589    -676    -463    -63     388     814     1095    1207    1006    535     -178    -530    
3275   1972 211     -332    778     -709    90      1067    354     -1124   -458    -244    40      472     822     1110    1259    949     505     -398    -428    
3275   1973 217     -417    776     -743    -11     1090    487     -884    -936    -410    -50     426     735     1104    1420    999     477     -13     -355    
3275   1974 279     -181    791     -377    2       1070    495     -309    -477    -430    15      423     809     1168    1224    1091    538     -144    -607    
3275   1975 200     -422    823     -750    -85     1181    466     -904    -739    -697    63      384     1021    1270    1248    940     472     -15     -690    
3275   1976 198     -292    715     -557    -154    1076    377     -416    -566    -546    -193    277     848     1159    1213    970     395     -235    -555    
3275   1977 173     -478    818     -747    -151    1153    374     -642    -1075   -805    -22     377     812     1198    1438    1085    307     -267    -422    
3275   1978 209     -429    853     -810    102     1199    488     -1109   -907    -215    -7      523     876     1399    1312    993     494     -24     -900    
3275   1979 186     -434    782     -882    -24     1120    357     -1195   -515    -456    -53     437     908     1155    1290    937     386     -252    -451    
3275   1980 242     -310    762     -520    -119    1154    385     -422    -697    -445    -261    345     878     1293    1282    1011    339     -194    -272    
3275   1981 250     -386    865     -620    -34     1211    513     -835    -767    -617    60      456     997     1263    1367    1027    575     -65     -529    
3275   1982 246     -270    829     -572    19      1141    433     -798    -369    -438    37      458     865     1238    1312    1022    488     -214    -694    
3275   1983 278     -337    806     -683    30      1155    474     -582    -781    -277    13      353     809     1336    1309    994     585     -162    -348    
3275   1984 278     -249    851     -531    60      1193    489     -734    -509    -339    -28     543     1074    1284    1216    998     568     -102    -660    
3275   1985 170     -371    685     -648    -122    948     445     -797    -469    -767    66      340     626     1042    1165    853     509     -29     -531    
3275   1986 -999999 -204    -999999 -481    130     1253    -999999 -502    -403    -282    193     480     1055    1257    1442    -999999 -999999 -999999 -999999 
3275   1987 228     -999999 803     -999999 23      1164    491     -895    -779    -184    -126    374     1015    1198    1275    1064    428     -16     -681    
3275   1988 267     -390    868     -732    -44     1238    517     -851    -660    -562    22      411     914     1329    1460    1053    622     -127    -439    
3275   1989 314     -288    879     -675    90      1232    527     -799    -798    -231    95      406     855     1406    1421    1068    610     -98     -256    
3275   1990 346     -289    930     -656    126     1314    615     -797    -942    -307    146     540     1089    1481    1365    943     710     190     -353    
3275   1991 315     -78     785     -341    51      1073    558     -357    -312    -361    50      464     739     1152    1318    970     645     56      -628    
3275   1992 236     -270    827     -652    62      1176    363     -786    -533    -377    105     459     1040    1214    1270    858     479     -251    -670    
3275   1993 238     -354    812     -673    10      1132    493     -963    -354    -363    -90     482     811     1242    1331    1074    557     -153    -755    
3275   1994 300     -320    852     -623    -48     1218    583     -810    -268    -478    -33     368     902     1308    1434    1112    658     -25     -596    
3275   1995 313     -274    816     -702    131     1074    591     -869    -635    -202    18      589     797     1275    1140    1049    530     196     -191    
3275   1996 381     -95     913     -342    139     1242    506     -301    -548    -276    96      595     1019    1328    1371    1047    675     -209    -275    
3275   1997 339     -145    846     -419    158     1172    552     -364    -641    -106    145     434     1026    1175    1310    973     676     2       -636    
3275   1998 245     -304    880     -665    -95     1319    405     -614    -752    -536    -89     338     1266    1327    1361    1063    365     -211    -646    
3275   1999 224     -429    770     -695    -162    1123    521     -578    -878    -660    -190    364     795     1259    1304    1070    562     -70     -375    
3275   2000 210     -325    823     -630    -4      1125    407     -723    -802    -562    84      468     775     1302    1287    1004    538     -325    -570    
3275   2001 -2      -530    580     -917    -201    869     268     -1013   -1194   -674    -138    210     516     929     1151    795     274     -265    -705    
3275   2002 254     -406    839     -670    110     1038    483     -631    -674    -457    134     655     847     1134    1127    1121    441     -111    -596    
3275   2003 336     -296    900     -604    74      1277    534     -686    -523    -315    76      461     1016    1451    1355    1024    656     -82     -465    
3275   2004 320     -171    846     -465    131     1109    485     -542    -382    -219    85      527     916     1120    1286    1132    430     -105    -434    
3275   2005 345     -255    892     -559    117     1239    597     -645    -602    -207    80      477     950     1344    1415    1068    593     129     -532    
3275   2006 299     -245    883     -611    -23     1286    597     -384    -952    -380    -80     387     1100    1198    1553    1126    504     164     -734    
3275   2007 264     -276    810     -749    98      1136    507     -771    -741    -112    -21     422     933     1107    1362    1044    507     -31     -604    
3275   2008 364     -279    936     -654    122     1273    581     -720    -638    -204    135     436     1077    1356    1380    1221    525     0       -237    
3275   2009 329     -208    932     -467    27      1363    477     -571    -606    -388    44      426     1211    1438    1434    1023    594     -189    -534    
3275   2010 308     -326    848     -599    -111    1253    511     -666    -597    -588    -222    473     1024    1300    1428    1064    502     -33     -51     
3275   2011 319     -167    913     -432    112     1271    532     -594    -676    -197    62      470     890     1356    1554    1126    546     -77     -701    
3275   2012 323     -378    941     -745    13      1346    563     -735    -802    -515    31      524     1129    1385    1518    1039    563     86      -382    
3275   2013 376     -201    955     -478    -2      1390    515     -492    -570    -439    19      415     1095    1610    1454    1114    384     52      -201    
