EUROPEAN CLIMATE ASSESSMENT & DATASET (ECA&D), file created on: 13-11-2019
THESE DATA CAN BE USED FOR NON-COMMERCIAL RESEARCH AND EDUCATION PROVIDED THAT THE FOLLOWING SOURCE IS ACKNOWLEDGED: 

Klein Tank, A.M.G. and Coauthors, 2002. Daily dataset of 20th-century surface
air temperature and precipitation series for the European Climate Assessment.
Int. J. of Climatol., 22, 1441-1453.
Data and metadata available at http://www.ecad.eu

FILE FORMAT (MISSING VALUE CODE = -999999):

THIS FILE HOLDS DATA FOR STATION RUSSIAN FEDERATION                       ELATMA                                   (STAID:     74)
LATITUDE: dd:mm:ss +54:57:00
LONGITUDE: ddd:mm:ss +041:46:00
ELEVATION: m  136

DATA IS FOR INDEX Mean of daily mean temperature (TG) with unit 0.01 Temperature (&#176;C)

01-06 SOUID: Source identifier
08-11 YEAR : YYYY
13-20 ANNUAL DATA VALUES
21-28 WINTER HALF YEAR DATA VALUES
29-36 SUMMER HALF YEAR DATA VALUES
37-44 WINTER (DJF) DATA VALUES
45-52 SPRING (MAM) DATA VALUES
53-60 SUMMER (JJA) DATA VALUES
61-68 AUTUMN (SON) DATA VALUES
69-76 JANUARY DATA VALUES
etc. 
157-164 DECEMBER DATA VALUES

74     1886 505     -999999 1313    -999999 458     1718    364     -999999 -1085   -396    473     1299    1633    1884    1634    925     236     -66     -191    
74     1887 460     -416    1405    -682    408     1705    498     -1027   -843    -635    346     1510    1538    1918    1655    1432    365     -298    -525    
74     1888 264     -662    1361    -1034   350     1659    407     -1412   -1173   -950    778     1235    1411    1922    1638    1157    494     -433    -1534   
74     1889 354     -834    1387    -1410   399     1742    489     -1546   -1124   -878    485     1593    1548    1965    1705    992     727     -259    -1059   
74     1890 498     -409    1603    -948    671     2058    269     -955    -818    -128    766     1376    1898    2255    2014    1281    316     -791    -1331   
74     1891 414     -762    1453    -1355   671     1871    148     -1908   -770    -91     541     1559    1780    2142    1687    973     371     -907    -500    
74     1892 343     -640    1422    -951    433     1837    355     -1504   -843    -478    303     1469    1836    1990    1685    1218    238     -388    -1430   
74     1893 312     -929    1304    -1677   244     1828    536     -2057   -1531   -448    6       1166    1686    2060    1734    1137    643     -175    -606    
74     1894 409     -399    1339    -779    464     1760    276     -1034   -688    -554    454     1493    1617    1796    1863    773     241     -185    -942    
74     1895 414     -554    1343    -1052   399     1854    497     -968    -1266   -262    209     1245    1834    2054    1674    1013    794     -325    -1156   
74     1896 310     -703    1349    -1393   252     1866    527     -1744   -1273   -538    99      1189    1821    1884    1892    1178    866     -475    -1231   
74     1897 426     -626    1550    -1238   620     1901    414     -1260   -1222   -484    534     1806    1820    2025    1854    1229    430     -416    -1318   
74     1898 424     -737    1449    -1140   244     1944    335     -924    -1182   -1042   122     1648    1759    2156    1911    1055    -43     6       -490    
74     1899 400     -485    1321    -733    330     1668    587     -540    -1216   -681    466     1208    1471    2061    1467    1227    537     0       -1309   
74     1900 303     -663    1238    -1365   308     1708    334     -1514   -1263   -466    260     1128    1496    1821    1799    893     583     -482    -739    
74     1901 488     -463    1492    -820    497     2011    320     -841    -885    -453    685     1265    2175    1903    1962    941     424     -408    -995    
74     1902 309     -522    1279    -906    320     1793    111     -866    -851    -463    103     1315    1818    1937    1624    845     194     -708    -1325   
74     1903 542     -615    1556    -929    613     1973    387     -870    -557    -423    940     1331    2079    2126    1718    1124    171     -128    -1050   
74     1904 344     -519    1126    -851    219     1526    389     -1001   -478    -616    238     1036    1368    1645    1560    880     533     -250    -810    
74     1905 489     -547    1417    -1001   494     1760    597     -1414   -754    -596    450     1626    1822    1772    1687    1117    757     -88     -591    
74     1906 530     -339    1520    -837    782     1889    316     -915    -1022   -232    734     1843    1883    2120    1664    841     368     -262    -775    
74     1907 252     -625    1304    -1160   359     1763    251     -1592   -1108   -418    428     1070    1723    1997    1569    1010    525     -792    -1481   
74     1908 238     -809    1269    -1262   167     1710    195     -1369   -912    -830    337     999     1689    1824    1615    1127    184     -727    -1113   
74     1909 411     -762    1338    -1137   224     1711    682     -1135   -1166   -655    260     1068    1716    1757    1659    1549    704     -206    -714    
74     1910 512     -393    1451    -855    606     1790    370     -879    -984    -331    741     1412    1700    2048    1620    1163    136     -182    -400    
74     1911 -999999 -999999 1354    -999999 374     1762    407     -999999 -1568   -751    479     1397    1744    1826    1715    935     287     1       -761    
74     1912 344     -598    1330    -1251   399     1819    294     -1577   -1424   -146    293     1046    2071    1629    1765    1159    -7      -259    -474    
74     1913 506     -541    1448    -924    574     1827    512     -1017   -1318   -239    976     996     1561    1899    2012    1222    155     170     -463    
74     1914 462     -275    1316    -594    491     1753    206     -1101   -179    -208    258     1415    1778    2056    1425    930     217     -531    -561    
74     1915 407     -465    1303    -599    337     1656    377     -671    -563    -696    488     1224    1533    1950    1482    1115    261     -241    -1049   
74     1916 404     -495    1256    -811    359     1659    344     -717    -656    -572    560     1094    1683    1813    1483    879     391     -238    -904    
74     1917 -999999 -999999 -999999 -999999 -999999 -999999 -999999 -999999 -999999 -999999 -999999 -999999 -999999 -999999 -999999 -999999 -999999 -999999 -999999 
74     1918 -999999 -999999 -999999 -999999 -999999 -999999 -999999 -999999 -999999 -999999 -999999 -999999 -999999 -999999 -999999 -999999 -999999 -999999 -999999 
74     1919 -999999 -999999 -999999 -999999 -999999 -999999 -999999 -999999 -999999 -999999 -999999 -999999 -999999 -999999 -999999 -999999 -999999 -999999 -999999 
74     1920 463     -999999 1532    -999999 769     1853    201     -931    -1106   -126    816     1619    1589    2082    1879    1176    -73     -490    -945    
74     1921 -999999 -640    -999999 -1059   873     1773    -999999 -1127   -1108   -136    1013    1747    1948    1685    1691    -999999 -999999 -999999 -999999 
74     1922 444     -999999 1365    -999999 498     1777    382     -1011   -1065   -384    475     1401    1674    2012    1642    958     242     -50     -675    
74     1923 417     -546    1276    -1013   345     1623    733     -1034   -1366   -455    85      1395    1687    1763    1421    1277    708     216     -811    
74     1924 387     -511    1421    -1101   395     1758    485     -1182   -1324   -703    440     1450    1917    1736    1625    1341    369     -251    -827    
74     1925 544     -333    1411    -647    640     1753    348     -676    -417    -205    626     1499    1527    1996    1729    1054    259     -265    -663    
74     1926 320     -607    1227    -1035   299     1600    518     -1200   -1264   -560    115     1336    1761    1700    1344    1082    290     189     -1041   
74     1927 334     -633    1393    -1243   315     1861    461     -1606   -1065   -579    386     1141    1791    1890    1900    1228    416     -259    -1306   
74     1928 334     -699    1234    -1187   224     1582    546     -945    -1318   -808    172     1306    1453    1739    1548    1155    370     120     -843    
74     1929 319     -711    1300    -1322   203     1809    573     -1162   -2028   -821    -106    1525    1549    1915    1955    913     770     28      -901    
74     1930 486     -323    1389    -904    671     1766    450     -658    -1180   -66     740     1341    1368    1886    2032    930     514     -96     -1109   
74     1931 359     -670    1412    -1321   425     1871    335     -1306   -1573   -521    355     1437    1686    2186    1736    1033    400     -428    -842    
74     1932 531     -622    1501    -962    353     1945    587     -477    -1611   -832    427     1466    1827    1961    2045    1250    614     -104    -285    
74     1933 280     -505    1369    -1000   345     1782    436     -1436   -1307   -575    527     1090    1652    2141    1547    1231    473     -399    -1680   
74     1934 492     -674    1431    -1246   546     1766    664     -1074   -957    -424    500     1559    1438    2066    1784    1200    727     64      -1082   
74     1935 475     -404    1331    -948    395     1718    572     -1147   -578    -410    537     1062    1767    1664    1724    1218    842     -353    -685    
74     1936 530     -424    1485    -864    390     2061    397     -570    -1369   -466    410     1226    1948    2324    1907    1061    194     -58     -325    
74     1937 523     -408    1447    -807    554     1798    635     -1280   -816    -193    777     1084    1718    1875    1797    1419    554     -64     -669    
74     1938 579     -367    1563    -820    491     2045    760     -1008   -778    -267    470     1270    1659    2345    2118    1482    634     169     -1233   
74     1939 431     -457    1347    -1018   336     1904    313     -1085   -706    -522    302     1226    1839    2052    1821    808     203     -70     -764    
74     1940 336     -768    1426    -1385   308     1882    552     -2094   -1293   -602    298     1226    1634    2016    1986    1365    222     80      -850    
74     1941 -999999 -999999 -999999 -999999 -999999 1735    201     -999999 -999999 -999999 -999999 -999999 1310    2141    1739    973     220     -590    -1333   
74     1942 221     -1019   1284    -1563   108     1713    413     -2055   -1271   -1097   176     1247    1531    1918    1685    1116    588     -472    -810    
74     1943 438     -624    1402    -1125   487     1775    467     -1539   -1013   -529    630     1364    1725    1863    1737    1070    466     -135    -476    
74     1944 467     -250    1326    -520    436     1670    488     -466    -625    -284    306     1281    1614    1812    1583    1337    499     -372    -1122   
74     1945 219     -733    1221    -1269   96      1727    297     -1348   -1343   -759    257     795     1625    1785    1767    1077    234     -418    -1141   
74     1946 401     -612    1426    -962    312     1946    231     -934    -795    -626    314     1248    2079    1853    1911    1129    -29     -397    -1005   
74     1947 394     -749    1338    -1200   336     1772    461     -1215   -1401   -498    485     1025    1737    1849    1729    1183    339     -135    -490    
74     1948 463     -502    1447    -854    423     1880    416     -972    -1116   -665    299     1632    2191    1691    1769    1073    415     -240    -575    
74     1949 506     -379    1384    -684    497     1745    434     -547    -957    -422    362     1547    1778    1778    1679    1133    378     -206    -560    
74     1950 374     -588    1321    -1112   568     1533    519     -1874   -879    -401    870     1245    1557    1603    1439    1204    465     -110    -681    
74     1951 398     -590    1453    -1172   500     1869    239     -1339   -1530   -422    938     997     1805    1886    1915    1164    201     -647    -320    
74     1952 424     -537    1325    -578    113     1780    520     -593    -839    -1045   276     1115    1777    1870    1693    1198    467     -104    -763    
74     1953 384     -602    1406    -1183   443     1885    322     -1132   -1706   -465    660     1142    1923    1905    1827    958     472     -469    -654    
74     1954 402     -776    1499    -1396   404     2000    535     -1756   -1818   -520    380     1353    1964    2141    1892    1233    542     -168    -572    
74     1955 380     -369    1287    -666    241     1690    577     -695    -739    -611    212     1119    1567    1771    1728    1301    813     -389    -1585   
74     1956 242     -845    1278    -1639   316     1745    184     -1257   -2104   -616    400     1166    2103    1562    1582    840     448     -746    -577    
74     1957 558     -475    1505    -598    473     1784    531     -905    -280    -781    565     1638    1647    1887    1813    1450    432     -285    -530    
74     1958 389     -474    1265    -772    332     1672    386     -788    -1023   -699    381     1315    1538    1879    1596    851     515     -211    -787    
74     1959 404     -384    1367    -758    494     1827    133     -643    -854    -365    590     1261    1686    2118    1672    844     152     -599    -1111   
74     1960 460     -669    1392    -986    312     1915    249     -955    -886    -630    420     1150    1848    2186    1709    1011    238     -501    -127    
74     1961 519     -284    1373    -445    487     1890    382     -768    -439    -128    375     1211    1954    1964    1755    949     595     -406    -897    
74     1962 485     -437    1326    -787    577     1538    565     -655    -813    -481    779     1440    1355    1786    1465    1104    494     99      -836    
74     1963 290     -754    1405    -1328   286     1670    599     -1980   -1149   -1160   339     1680    1420    1847    1734    1374    514     -89     -1130   
74     1964 418     -620    1355    -1127   248     1800    489     -1053   -1204   -777    330     1193    1815    1977    1608    1180    569     -285    -403    
74     1965 352     -479    1247    -907    231     1657    338     -1148   -1198   -474    148     1016    1652    1754    1564    1329    272     -584    -217    
74     1966 503     -420    1489    -720    796     1815    425     -939    -1033   -81     918     1555    1624    1998    1818    994     482     -203    -1202   
74     1967 442     -678    1484    -1411   751     1787    567     -1644   -1385   -170    705     1716    1640    1813    1903    1093    719     -116    -1102   
74     1968 327     -609    1343    -1297   464     1699    313     -1657   -1120   -393    507     1279    1759    1600    1741    1150    183     -389    -771    
74     1969 225     -868    1272    -1384   248     1629    477     -1848   -1547   -886    611     1031    1482    1766    1634    1090    366     -22     -1072   
74     1970 409     -530    1348    -1047   455     1724    430     -1215   -832    -419    596     1194    1587    1957    1622    1107    498     -317    -951    
74     1971 436     -503    1326    -881    316     1736    473     -507    -1217   -585    320     1212    1690    1877    1639    1194    248     -14     -736    
74     1972 532     -630    1587    -1189   498     2138    497     -1731   -1093   -462    652     1308    1890    2218    2297    1122    527     -160    -249    
74     1973 459     -342    1384    -699    655     1733    254     -1338   -490    -349    944     1380    1822    1765    1614    760     269     -267    -651    
74     1974 538     -417    1310    -799    420     1706    757     -1330   -376    -135    295     1095    1641    1881    1594    1336    852     81      -522    
74     1975 586     -199    1558    -686    847     1760    408     -595    -967    -106    1042    1611    1863    1885    1535    1398    276     -447    -565    
74     1976 215     -709    1188    -1168   341     1511    160     -1399   -1565   -600    550     1078    1460    1575    1495    951     -166    -293    -558    
74     1977 436     -593    1414    -967    653     1763    425     -1418   -920    -224    693     1490    1758    1897    1635    984     183     118     -1039   
74     1978 328     -465    1199    -1011   480     1552    450     -873    -1133   -92     454     1077    1386    1656    1607    992     320     42      -1586   
74     1979 446     -613    1376    -1276   569     1706    425     -1209   -1006   -257    208     1744    1567    1801    1745    1151    325     -197    -627    
74     1980 336     -596    1239    -957    219     1609    419     -1305   -939    -842    533     976     1711    1732    1387    1084    434     -261    -501    
74     1981 601     -348    1455    -577    333     2021    565     -609    -627    -546    249     1293    1947    2214    1900    1093    728     -130    -399    
74     1982 463     -372    1314    -847    463     1644    505     -1092   -1070   -325    512     1204    1399    1855    1671    1217    269     39      -230    
74     1983 554     -265    1415    -489    677     1607    469     -519    -741    -445    1034    1452    1429    1811    1575    1172    492     -257    -438    
74     1984 422     -438    1426    -829    624     1665    463     -636    -1453   -396    629     1639    1654    1866    1474    1273    557     -445    -1177   
74     1985 362     -697    1335    -1225   378     1720    401     -1061   -1461   -658    434     1361    1507    1696    1951    1029    475     -305    -768    
74     1986 423     -533    1399    -1063   637     1780    353     -805    -1677   -223    834     1306    1896    1764    1684    891     394     -226    -905    
74     1987 241     -707    1278    -1259   303     1713    185     -1957   -879    -672    214     1365    1916    1679    1551    917     207     -571    -933    
74     1988 481     -547    1477    -910    582     1938    282     -938    -854    -215    564     1396    1956    2173    1686    1059    454     -672    -884    
74     1989 635     -312    1457    -546    646     1851    463     -467    -258    -49     711     1276    2034    1892    1632    1184    535     -332    -594    
74     1990 549     -201    1265    -513    635     1609    428     -786    -121    96      802     1012    1455    1788    1578    936     447     -100    -555    
74     1991 568     -353    1461    -709    611     1812    578     -769    -812    -366    748     1456    1987    1841    1614    1101    759     -133    -692    
74     1992 509     -275    1389    -752    546     1771    439     -713    -859    -46     533     1149    1661    1858    1788    1325    243     -246    -631    
74     1993 391     -385    1250    -651    534     1586    42      -630    -696    -373    571     1405    1448    1758    1549    735     401     -1021   -555    
74     1994 368     -604    1280    -823    345     1549    540     -512    -1463   -570    597     1017    1483    1641    1521    1409    491     -278    -1041   
74     1995 629     -315    1550    -684    819     1806    543     -720    -250    -84     1007    1541    1967    1815    1642    1314    595     -281    -1037   
74     1996 433     -631    1411    -1206   525     1782    564     -1380   -1200   -511    454     1631    1735    1919    1690    1003    435     257     -887    
74     1997 442     -386    1368    -933    476     1863    356     -1143   -753    -243    474     1197    1931    1895    1765    918     392     -243    -962    
74     1998 442     -469    1401    -939    518     1851    238     -821    -1045   -182    325     1405    2010    1966    1583    1095    475     -865    -756    
74     1999 555     -452    1433    -683    474     1905    354     -574    -722    -307    864     878     2004    2138    1576    1131    645     -723    -345    
74     2000 569     -314    1384    -536    590     1761    475     -827    -429    -228    1026    986     1616    1998    1663    1001    621     -201    -427    
74     2001 553     -254    1502    -567    637     1852    530     -531    -761    -271    981     1211    1619    2259    1669    1250    378     -34     -1206   
74     2002 535     -259    1410    -697    658     1825    437     -658    -178    158     663     1152    1654    2200    1615    1149    335     -169    -1531   
74     2003 495     -646    1360    -1168   454     1680    584     -857    -1112   -572    438     1497    1265    2024    1738    1162    548     42      -354    
74     2004 547     -222    1373    -659    553     1774    557     -728    -912    34      373     1246    1549    1951    1815    1274    564     -166    -507    
74     2005 564     -382    1470    -650    493     1756    640     -450    -1030   -757    618     1623    1635    1875    1754    1289    561     72      -527    
74     2006 460     -537    1398    -1123   416     1770    584     -1345   -1537   -522    524     1250    1854    1699    1760    1284    599     -130    -56     
74     2007 645     -111    1512    -480    806     1906    520     -248    -1205   266     557     1587    1654    1896    2161    1179    669     -295    -643    
74     2008 650     -261    1420    -700    757     1770    674     -1039   -400    134     977     1166    1522    1948    1833    1054    812     152     -385    
74     2009 541     -186    1405    -628    506     1750    671     -819    -686    -228    381     1362    1780    1882    1589    1418    556     42      -861    
74     2010 596     -553    1733    -1216   710     2230    596     -1754   -1014   -317    749     1700    1940    2553    2188    1230    327     240     -784    
74     2011 532     -514    1514    -1067   483     1974    521     -1069   -1379   -479    488     1441    1762    2258    1894    1205    602     -245    -245    
74     2012 543     -420    1542    -816    640     1864    688     -864    -1376   -450    824     1552    1775    2007    1808    1260    728     74      -894    
74     2013 631     -381    1521    -810    538     1904    656     -955    -558    -683    604     1695    1966    1894    1855    1084    572     313     -285    
74     2014 582     -131    1480    -587    777     1804    376     -1025   -435    61      636     1629    1580    1949    1877    1173    261     -304    -491    
74     2015 653     -274    1462    -528    677     1749    563     -696    -382    -43     539     1531    1837    1794    1620    1433    315     -52     -127    
74     2016 601     -193    1527    -468    743     1948    382     -1137   -117    -34     842     1425    1765    2061    2014    1028    427     -312    -768    
74     2017 573     -348    1339    -790    613     1684    537     -961    -624    126     593     1119    1429    1782    1833    1256    466     -107    -122    
