EUROPEAN CLIMATE ASSESSMENT & DATASET (ECA&D), file created on: 13-11-2019
THESE DATA CAN BE USED FOR NON-COMMERCIAL RESEARCH AND EDUCATION PROVIDED THAT THE FOLLOWING SOURCE IS ACKNOWLEDGED: 

Klein Tank, A.M.G. and Coauthors, 2002. Daily dataset of 20th-century surface
air temperature and precipitation series for the European Climate Assessment.
Int. J. of Climatol., 22, 1441-1453.
Data and metadata available at http://www.ecad.eu

FILE FORMAT (MISSING VALUE CODE = -999999):

THIS FILE HOLDS DATA FOR STATION NORWAY                                   SORTLAND-KLEIVA                          (STAID:  11096)
LATITUDE: dd:mm:ss +68:38:53
LONGITUDE: ddd:mm:ss +015:16:58
ELEVATION: m   14

DATA IS FOR INDEX Mean of daily mean temperature (TG) with unit 0.01 Temperature (&#176;C)

01-06 SOUID: Source identifier
08-11 YEAR : YYYY
13-20 ANNUAL DATA VALUES
21-28 WINTER HALF YEAR DATA VALUES
29-36 SUMMER HALF YEAR DATA VALUES
37-44 WINTER (DJF) DATA VALUES
45-52 SPRING (MAM) DATA VALUES
53-60 SUMMER (JJA) DATA VALUES
61-68 AUTUMN (SON) DATA VALUES
69-76 JANUARY DATA VALUES
etc. 
157-164 DECEMBER DATA VALUES

11096  1957 -999999 -999999 -999999 -999999 -999999 -999999 520     -999999 -999999 -999999 -999999 -999999 -999999 -999999 -999999 890     432     242     -999999 
11096  1958 426     -999999 871     -999999 170     1163    656     -202    -540    -333    244     603     979     1177    1328    879     639     452     -181    
11096  1959 520     186     853     -106    422     1133    543     -347    245     324     338     601     957     1200    1237    768     565     295     38      
11096  1960 499     72      1059    -214    467     1365    424     -256    -439    204     430     766     977     1651    1456    1052    218     9       -120    
11096  1961 514     0       904     -53     185     1272    699     -47     14      -73     36      587     1074    1449    1287    968     820     304     -294    
11096  1962 343     -7      779     -224    86      1019    474     -219    -153    -505    230     538     819     1036    1197    842     444     136     -276    
11096  1963 455     -102    964     -321    324     1188    524     -280    -416    -244    239     974     1021    1140    1398    989     585     -5      -6      
11096  1964 470     95      808     -28     324     1070    502     129     -219    65      220     685     802     1246    1155    718     703     77      14      
11096  1965 334     25      786     -129    113     1021    468     -202    -206    -258    253     350     967     998     1096    1047    484     -128    -421    
11096  1966 289     -246    733     -521    27      1161    351     -415    -748    -292    -24     394     1093    1257    1132    528     264     265     -61     
11096  1967 428     -5      874     -211    323     1085    612     -446    -117    65      156     742     884     1138    1228    1078    359     408     -382    
11096  1968 312     -86     700     -363    101     968     349     -444    -256    -194    141     357     927     983     993     794     45      219     171     
11096  1969 450     -26     933     -107    219     1325    440     -217    -293    -101    211     547     1152    1341    1475    850     506     -38     -89     
11096  1970 417     -67     887     -281    235     1236    438     -218    -562    -48     85      662     1120    1307    1278    850     532     -71     -17     
11096  1971 374     -52     809     -145    102     1140    341     -171    -257    -347    88      566     1151    1078    1190    766     393     -136    116     
11096  1972 -999999 68      -999999 50      309     -999999 450     84      -58     -5      237     691     1377    1501    -999999 745     462     142     358     
11096  1973 402     159     843     108     257     1180    258     112     -174    23      137     607     1054    1431    1052    756     188     -168    -247    
11096  1974 552     -22     985     -97     400     1259    523     57      -101    129     299     769     1232    1341    1204    1054    422     96      73      
11096  1975 434     124     750     26      318     947     536     -100    114     135     225     590     727     1036    1070    837     537     234     -216    
11096  1976 395     32      809     -191    305     1111    377     -387    44      -13     112     809     981     1197    1150    582     443     103     -301    
11096  1977 375     -87     795     -335    172     1153    418     -368    -336    -78     111     481     857     1311    1280    704     463     86      -76     
11096  1978 358     -100    919     -315    187     1330    328     -424    -458    -216    151     625     1262    1474    1252    730     211     48      -417    
11096  1979 407     -142    860     -345    192     1237    401     -360    -250    -89     190     477     1020    1419    1266    772     348     84      -44     
11096  1980 455     -20     1005    -163    318     1365    369     -247    -201    -67     335     688     1276    1416    1401    899     302     -93     -267    
11096  1981 319     -156    791     -242    152     990     421     -293    -156    -427    121     760     668     1185    1106    884     400     -19     -437    
11096  1982 425     -53     778     -260    281     1041    482     -405    98      60      181     599     702     1193    1217    750     533     162     -19     
11096  1983 423     78      879     -62     425     993     376     -70     -99     -55     407     921     879     1138    958     957     321     -149    -164    
11096  1984 502     -52     899     -117    380     1080    513     -265    90      -139    355     924     1050    1045    1144    862     508     170     270     
11096  1985 392     50      863     -127    177     1294    436     -220    -464    -11     1       534     1001    1496    1377    743     524     39      -398    
11096  1986 434     -47     879     -334    381     1181    508     -394    -197    132     132     871     1086    1255    1201    708     548     268     -444    
11096  1987 392     -92     814     -429    234     1061    626     -390    -454    -105    210     598     988     1112    1081    887     844     139     -260    
11096  1988 436     49      899     -190    148     1276    469     -108    -204    -132    -43     612     994     1495    1331    982     406     20      -155    
11096  1989 528     90      924     -8      414     1185    524     139     -9      128     498     617     1055    1065    1431    864     429     283     -205    
11096  1990 596     125     1002    -7      312     1354    577     2       202     49      355     533     1238    1436    1385    1052    647     29      200     
11096  1991 513     151     874     86      267     1233    479     93      -49     -37     330     508     1192    1243    1262    698     568     169     141     
11096  1992 478     186     860     78      313     1125    376     46      44      136     134     662     1108    1114    1154    976     90      72      186     
11096  1993 465     80      837     79      309     1144    446     56      -14     83      210     631     714     1424    1281    734     226     387     -188    
11096  1994 429     -18     839     -251    308     1096    419     -377    -182    25      386     516     875     1178    1227    840     347     72      195     
11096  1995 396     86      757     14      243     1006    432     -27     -140    44      95      584     948     1053    1016    834     448     13      -153    
11096  1996 413     20      805     -122    195     1136    458     140     -369    15      125     443     937     1129    1335    843     551     -22     -207    
11096  1997 446     -20     870     -187    115     1260    475     -165    -188    -103    -28     472     1103    1275    1396    983     321     128     114     
11096  1998 477     34      910     -50     194     1275    502     -104    -173    -100    149     531     1027    1474    1315    948     517     42      45      
11096  1999 487     45      877     -99     312     1083    719     -150    -201    -8      276     668     1081    1161    1008    1060    615     484     -190    
11096  2000 474     111     810     -97     214     1037    704     -45     -56     -142    88      691     873     1090    1144    958     818     331     -91     
11096  2001 427     75      837     -134    133     1103    579     61      -396    -307    163     545     1003    1154    1149    998     587     153     -50     
11096  2002 493     80      1035    -93     470     1312    331     -115    -117    3       531     880     1112    1393    1425    854     247     -104    -240    
11096  2003 518     -37     939     -174    402     1238    532     -477    234     145     339     720     961     1425    1320    848     382     371     -66     
11096  2004 521     89      935     -125    436     1177    523     -178    -131    151     520     641     872     1366    1284    912     519     139     129     
11096  2005 526     132     905     57      315     1192    606     39      -4      -42     415     576     1033    1315    1221    857     660     299     -96     
11096  2006 547     134     936     26      341     1129    565     226     -60     -238    424     839     966     1185    1231    958     393     342     254     
11096  2007 543     130     908     -65     410     1211    569     -104    -374    232     292     701     1014    1402    1210    807     742     153     353     
11096  2008 475     195     816     141     231     1055    543     -10     77      -155    234     615     885     1154    1119    874     629     124     135     
11096  2009 494     115     951     -37     387     1209    523     -38     -225    33      268     856     920     1301    1396    943     365     266     -206    
11096  2010 382     -58     852     -247    290     1016    447     -106    -447    -244    301     814     770     1204    1066    943     492     -94     -180    
11096  2011 584     -22     986     -174    409     1181    813     -176    -164    -28     460     796     1120    1146    1274    1109    757     573     92      
11096  2012 398     229     750     -31     245     1014    489     -98     -92     131     85      512     884     1088    1065    853     347     272     -286    
11096  2013 513     -13     993     -148    295     1229    542     -77     -74     -259    172     991     1168    1243    1275    1101    424     105     85      
11096  2014 546     105     955     -8      332     1324    558     -246    153     116     274     605     1004    1654    1305    863     573     238     -14     
11096  2015 561     158     920     -41     410     1158    645     -105    0       243     318     665     818     1223    1420    1059    559     318     162     
11096  2016 529     142     929     -60     441     1111    600     -288    -54     147     382     791     909     1305    1111    1060    576     164     222     
11096  2017 491     149     880     51      201     1184    612     33      -118    -8      133     477     1146    1233    1171    1113    551     173     -52     
11096  2018 503     -13     953     -169    279     1206    625     -212    -249    -305    266     877     802     1525    1277    944     467     468     111     
11096  2019 -999999 91      933     -83     294     1240    -999999 -251    -104    -153    417     621     1021    1328    1363    828     237     -999999 -999999 
