EUROPEAN CLIMATE ASSESSMENT & DATASET (ECA&D), file created on: 13-11-2019
THESE DATA CAN BE USED FOR NON-COMMERCIAL RESEARCH AND EDUCATION PROVIDED THAT THE FOLLOWING SOURCE IS ACKNOWLEDGED: 

Klein Tank, A.M.G. and Coauthors, 2002. Daily dataset of 20th-century surface
air temperature and precipitation series for the European Climate Assessment.
Int. J. of Climatol., 22, 1441-1453.
Data and metadata available at http://www.ecad.eu

FILE FORMAT (MISSING VALUE CODE = -999999):

THIS FILE HOLDS DATA FOR STATION SWITZERLAND                              SAMEDAN 1                                (STAID:   1657)
LATITUDE: dd:mm:ss +46:31:59
LONGITUDE: ddd:mm:ss +009:52:59
ELEVATION: m 1712

DATA IS FOR INDEX Mean of daily mean temperature (TG) with unit 0.01 Temperature (&#176;C)

01-06 SOUID: Source identifier
08-11 YEAR : YYYY
13-20 ANNUAL DATA VALUES
21-28 WINTER HALF YEAR DATA VALUES
29-36 SUMMER HALF YEAR DATA VALUES
37-44 WINTER (DJF) DATA VALUES
45-52 SPRING (MAM) DATA VALUES
53-60 SUMMER (JJA) DATA VALUES
61-68 AUTUMN (SON) DATA VALUES
69-76 JANUARY DATA VALUES
etc. 
157-164 DECEMBER DATA VALUES

1657   1901 74      -999999 777     -999999 34      1068    202     -1073   -1390   -543    93      554     1050    1084    1071    796     219     -410    -666    
1657   1902 132     -450    717     -691    25      1006    194     -836    -559    -460    272     271     826     1163    1025    735     222     -375    -739    
1657   1903 83      -490    680     -827    -8      1013    224     -1104   -618    -336    -203    510     885     1033    1118    713     299     -343    -1005   
1657   1904 163     -521    836     -900    186     1148    158     -1023   -659    -397    242     715     1089    1235    1119    599     308     -440    -862    
1657   1905 89      -543    806     -934    89      1126    70      -1085   -848    -360    98      531     1001    1324    1049    819     -187    -414    -917    
1657   1906 99      -655    757     -963    53      1093    247     -1031   -938    -465    2       620     942     1189    1143    624     427     -316    -1087   
1657   1907 133     -556    741     -966    -11     1027    324     -850    -960    -584    -71     622     1003    962     1116    802     422     -254    -688    
1657   1908 83      -465    719     -796    26      999     174     -1000   -693    -583    -127    783     1038    1027    934     639     322     -445    -924    
1657   1909 87      -626    716     -1015   65      941     186     -1143   -976    -618    222     596     787     993     1037    645     398     -491    -482    
1657   1910 113     -413    653     -673    21      958     157     -824    -718    -392    46      410     942     939     993     577     353     -466    -567    
1657   1911 139     -520    808     -875    55      1153    228     -1266   -782    -417    -55     634     892     1294    1265    794     188     -296    -647    
1657   1912 115     -354    644     -596    137     951     -35     -676    -457    -241    -21     666     938     1105    811     343     125     -578    -659    
1657   1913 155     -477    665     -759    139     903     342     -788    -838    -161    16      559     913     846     951     695     412     -82     -728    
1657   1914 134     -382    726     -784    155     961     153     -1140   -453    -299    238     529     821     968     1090    698     235     -478    -637    
1657   1915 135     -501    766     -801    132     1066    18      -920    -850    -392    -36     818     1132    1112    955     598     74      -621    -325    
1657   1916 154     -383    699     -520    178     961     99      -612    -630    -209    99      642     777     1080    1020    555     207     -467    -657    
1657   1917 23      -606    767     -944    -36     1084    107     -1091   -1099   -573    -221    679     1095    1122    1036    870     5       -551    -1065   
1657   1918 160     -593    765     -874    144     961     217     -793    -754    -415    171     679     738     1111    1025    846     156     -349    -559    
1657   1919 40      -497    725     -808    -12     1042    22      -974    -898    -391    -66     419     1012    905     1209    861     -161    -628    -868    
1657   1920 245     -518    827     -709    261     1051    346     -557    -703    -208    97      889     1001    1166    985     804     437     -205    -804    
1657   1921 237     -376    850     -750    174     1129    299     -573    -887    -271    19      767     950     1333    1098    910     478     -498    -576    
1657   1922 133     -408    751     -750    168     1070    101     -971    -697    -218    5       711     1029    1050    1129    563     229     -494    -800    
1657   1923 199     -509    811     -804    120     1119    336     -1052   -533    -407    110     656     706     1400    1238    729     446     -171    -789    
1657   1924 151     -462    815     -916    245     1031    264     -1003   -959    -322    241     815     1022    1218    854     723     248     -178    -886    
1657   1925 113     -488    760     -785    24      1085    116     -780    -678    -663    78      657     1108    1099    1049    551     281     -488    -907    
1657   1926 196     -432    727     -730    119     958     384     -880    -368    -224    112     469     712     1071    1084    897     299     -41     -803    
1657   1927 187     -439    825     -832    170     1075    274     -809    -890    -419    148     781     1028    1143    1053    783     236     -195    -689    
1657   1928 192     -403    836     -753    118     1234    267     -892    -673    -214    153     416     1016    1462    1218    734     271     -204    -1007   
1657   1929 103     -667    828     -1227   60      1155    269     -1376   -1305   -426    -63     665     1109    1277    1076    885     293     -371    -624    
1657   1930 186     -440    801     -767    138     1104    319     -691    -1011   -292    146     562     1183    1129    1003    772     207     -18     -833    
1657   1931 103     -520    738     -941    65      1105    198     -1064   -925    -509    -21     721     1206    1155    958     390     243     -42     -939    
1657   1932 137     -545    801     -999    -14     1094    374     -796    -1281   -487    -98     541     897     1134    1244    1070    235     -179    -685    
1657   1933 102     -459    790     -833    116     1077    182     -1058   -748    -336    182     505     782     1279    1160    816     165     -435    -1134   
1657   1934 206     -594    891     -991    241     1128    208     -1025   -796    -353    232     843     999     1327    1053    871     246     -495    -498    
1657   1935 152     -511    799     -767    -36     1186    321     -1154   -637    -538    30      403     1206    1276    1075    793     400     -233    -839    
1657   1936 207     -338    831     -657    210     1094    157     -425    -712    -241    150     718     991     1178    1109    824     -18     -329    -795    
1657   1937 224     -465    873     -679    148     1190    288     -792    -426    -424    118     748     1152    1234    1183    786     377     -301    -1007   
1657   1938 201     -461    784     -922    89      1174    333     -888    -866    -115    -114    489     1209    1210    1105    791     317     -109    -688    
1657   1939 176     -387    791     -642    46      1077    274     -637    -597    -620    310     457     978     1099    1149    742     240     -160    -884    
1657   1940 108     -493    769     -907    129     1010    336     -1113   -712    -332    123     595     925     1045    1058    856     370     -220    -1312   
1657   1941 128     -543    760     -1022   9       1143    184     -992    -735    -379    14      393     1085    1273    1069    710     227     -388    -795    
1657   1942 261     -498    921     -958    311     1197    408     -1145   -931    4       226     701     1114    1279    1196    999     576     -355    -616    
1657   1943 286     -329    925     -702    333     1167    362     -827    -660    -123    323     798     998     1218    1278    917     475     -309    -717    
1657   1944 173     -456    927     -772    148     1210    223     -669    -940    -602    299     753     1000    1227    1395    869     254     -455    -1090   
1657   1945 250     -537    955     -961    280     1295    205     -1331   -407    -177    250     765     1275    1457    1153    814     209     -408    -638    
1657   1946 176     -439    856     -740    248     1091    223     -1120   -432    -241    334     654     899     1271    1096    867     176     -373    -1050   
1657   1947 254     -575    946     -1050   323     1235    408     -1296   -778    -139    268     839     1143    1295    1265    850     368     8       -828    
1657   1948 225     -302    762     -696    280     950     338     -559    -701    -114    181     771     850     905     1091    756     381     -124    -766    
1657   1949 215     -435    892     -782    141     1140    356     -806    -773    -546    390     587     1005    1270    1142    948     478     -362    -810    
1657   1950 176     -436    854     -818    125     1234    208     -999    -628    -311    -16     698     1170    1359    1171    720     225     -321    -1008   
1657   1951 192     -513    788     -830    -8      1106    371     -762    -709    -512    -39     526     978     1216    1119    909     279     -73     -689    
1657   1952 159     -427    873     -869    268     1227    54      -995    -926    -178    302     683     1128    1392    1159    555     191     -589    -864    
1657   1953 199     -651    855     -1050   215     1055    404     -1277   -1006   -391    285     753     855     1181    1123    919     500     -209    -424    
1657   1954 159     -369    737     -755    119     991     324     -1051   -796    -269    101     525     1027    982     967     813     309     -150    -606    
1657   1955 128     -427    708     -719    -29     1008    191     -728    -834    -582    13      484     949     1102    972     718     172     -317    -478    
1657   1956 13      -559    705     -957    65      943     136     -889    -1541   -355    -29     576     696     1099    1025    841     78      -508    -909    
1657   1957 152     -474    699     -783    146     1002    232     -1006   -399    -93     158     373     974     1063    967     648     291     -246    -929    
1657   1958 125     -513    767     -809    -54     1058    218     -1070   -388    -717    -176    728     882     1157    1130    860     150     -353    -729    
1657   1959 165     -448    802     -819    228     1080    158     -989    -731    -57     158     581     954     1247    1035    822     182     -529    -753    
1657   1960 100     -487    705     -785    156     985     100     -909    -688    -241    49      658     1035    958     962     554     82      -334    -953    
1657   1961 204     -519    837     -853    182     1041    321     -1063   -511    -325    390     489     1038    1026    1059    1014    334     -385    -643    
1657   1962 62      -477    710     -719    -107    1063    164     -749    -771    -676    -85     442     889     1074    1219    701     282     -496    -1139   
1657   1963 53      -748    772     -1268   48      1052    337     -1370   -1299   -511    141     517     928     1201    1021    810     265     -61     -1087   
1657   1964 197     -458    852     -918    254     1124    265     -1093   -551    -216    206     770     1097    1214    1061    746     119     -64     -937    
1657   1965 70      -531    651     -922    -6      961     163     -714    -1136   -501    -45     526     961     958     965     526     280     -322    -746    
1657   1966 156     -450    762     -728    112     963     278     -1157   -233    -494    209     624     1002    959     929     841     545     -560    -805    
1657   1967 117     -465    697     -865    64      1036    256     -999    -783    -220    -91     498     841     1217    1044    651     356     -242    -933    
1657   1968 104     -478    704     -835    69      958     254     -909    -651    -494    151     552     891     1042    940     632     422     -297    -1051   
1657   1969 115     -516    760     -972    139     984     325     -868    -999    -345    51      708     813     1176    957     832     416     -275    -1161   
1657   1970 92      -537    704     -919    -153    1065    271     -774    -813    -632    -218    390     1042    1114    1040    842     182     -208    -918    
1657   1971 131     -577    797     -906    41      1066    234     -1013   -774    -739    217     651     793     1191    1205    706     396     -407    -719    
1657   1972 133     -353    657     -662    147     968     102     -869    -379    -144    107     478     841     1020    1038    439     140     -276    -810    
1657   1973 139     -516    751     -832    -35     1089    284     -789    -905    -487    -261    635     1022    1042    1202    846     181     -171    -723    
1657   1974 180     -324    718     -581    119     988     89      -541    -466    -230    82      504     736     1062    1157    747     -181    -290    -466    
1657   1975 187     -428    786     -583    102     1004    341     -506    -799    -360    82      583     774     1099    1130    1030    287     -292    -853    
1657   1976 191     -400    770     -675    169     1045    243     -691    -468    -387    185     710     1097    1120    918     575     467     -320    -929    
1657   1977 210     -337    707     -721    177     966     321     -697    -516    -43     19      552     873     1051    970     763     506     -313    -695    
1657   1978 174     -341    683     -683    84      930     301     -730    -618    -219    5       463     804     1002    982     828     335     -262    -560    
1657   1979 170     -357    703     -680    66      1005    278     -910    -558    -205    -116    514     965     1058    990     796     462     -431    -575    
1657   1980 17      -476    647     -832    -65     948     157     -1140   -779    -408    -220    428     768     903     1166    817     47      -389    -1009   
1657   1981 86      -610    757     -1070   207     976     138     -1125   -1077   -145    264     505     906     933     1087    842     180     -609    -808    
1657   1982 152     -574    795     -833    16      1080    320     -731    -973    -544    12      580     982     1240    1013    925     245     -209    -786    
1657   1983 135     -491    770     -894    46      1108    281     -736    -1187   -333    113     360     924     1337    1055    813     321     -292    -846    
1657   1984 17      -574    593     -931    -173    928     240     -935    -1017   -696    -116    295     768     1005    1005    584     302     -166    -856    
1657   1985 61      -539    706     -949    -16     963     147     -1277   -688    -549    -25     526     724     1183    973     839     335     -739    -620    
1657   1986 97      -587    747     -925    112     985     256     -877    -1318   -377    -41     748     876     1016    1058    802     313     -349    -795    
1657   1987 123     -555    728     -857    -115    986     408     -1117   -637    -746    105     303     747     1152    1052    1000    458     -236    -645    
1657   1988 201     -379    812     -696    175     1043    284     -618    -834    -427    235     717     834     1170    1118    776     503     -434    -679    
1657   1989 185     -324    738     -651    201     987     189     -836    -414    -96     81      613     768     1131    1055    758     293     -488    -697    
1657   1990 163     -404    765     -716    222     1039    237     -997    -425    -116    94      685     885     1120    1106    679     518     -495    -1143   
1657   1991 98      -547    769     -1123   92      1123    260     -1087   -1140   12      -14     274     861     1276    1222    979     228     -427    -1095   
1657   1992 155     -599    825     -1052   177     1132    297     -1212   -836    -261    53      735     872     1183    1332    746     194     -46     -932    
1657   1993 178     -452    795     -836    198     1035    159     -677    -907    -375    244     728     970     1001    1134    676     217     -418    -542    
1657   1994 308     -362    856     -692    278     1194    399     -726    -820    73      65      689     976     1349    1249    784     299     118     -445    
1657   1995 179     -347    776     -650    84      1091    251     -1010   -479    -565    228     593     816     1362    1086    544     514     -313    -670    
1657   1996 132     -429    747     -778    139     1032    172     -744    -929    -462    247     637     1003    1050    1043    488     303     -278    -814    
1657   1997 183     -420    772     -823    165     1029    301     -956    -686    -109    23      576     904     973     1206    935     323     -355    -693    
1657   1998 173     -421    810     -757    147     1145    156     -933    -631    -257    66      631     1035    1179    1216    713     282     -531    -747    
1657   1999 187     -477    849     -797    214     1076    257     -780    -871    -256    83      811     858     1172    1192    958     374     -566    -808    
1657   2000 226     -462    838     -820    283     1069    294     -1079   -557    -147    221     773     1070    980     1156    813     465     -402    -605    
1657   2001 216     -329    757     -676    245     1083    270     -780    -639    -42     -34     803     825     1165    1249    501     573     -273    -836    
1657   2002 290     -286    820     -640    235     1127    341     -750    -303    -128    197     635     1156    1135    1090    692     366     -35     -604    
1657   2003 246     -417    974     -914    266     1369    253     -1012   -1149   -128    148     774     1389    1280    1440    795     102     -132    -655    
1657   2004 212     -428    819     -730    109     1103    426     -832    -701    -357    190     497     995     1146    1163    914     563     -204    -851    
1657   2005 157     -489    895     -1001   232     1136    331     -1057   -1106   -329    258     769     1164    1223    1023    922     416     -349    -1126   
1657   2006 256     -597    934     -1067   171     1183    546     -1228   -823    -484    248     752     1144    1494    909     1042    590     6       -632    
1657   2007 281     -164    900     -494    418     1132    153     -449    -391    -126    583     803     1145    1174    1077    605     273     -422    -936    
1657   2008 238     -425    833     -725    194     1152    257     -610    -624    -245    83      741     1123    1144    1189    698     408     -341    -752    
1657   2009 226     -485    930     -896    254     1180    393     -1152   -773    -325    252     835     1010    1210    1315    936     285     -39     -895    
1657   2010 153     -506    832     -959    98      1177    242     -1156   -812    -435    151     580     1048    1361    1119    716     259     -250    -798    
1657   2011 290     -398    916     -744    335     1118    356     -845    -574    -189    418     779     1061    1049    1241    939     236     -102    -585    
1657   2012 239     -396    882     -813    249     1208    365     -789    -1082   -87     143     687     1120    1225    1276    824     341     -68     -772    
1657   2013 212     -421    831     -818    118     1142    342     -714    -983    -375    236     496     944     1292    1183    819     485     -283    -645    
1657   2014 324     -294    811     -584    214     1047    485     -616    -483    -243    292     596     1016    1119    1004    829     509     115     -303    
1657   2015 343     -195    944     -563    282     1319    346     -615    -793    -132    249     728     1105    1536    1310    709     356     -27     -404    
1657   2016 286     -250    887     -482    154     1155    354     -707    -323    -394    289     572     1023    1246    1192    987     248     -169    -545    
1657   2017 279     -293    890     -648    340     1257    224     -981    -391    73      189     754     1224    1275    1270    605     397     -335    -774    
1657   2018 324     -410    984     -748    295     1244    462     -507    -986    -305    349     844     1153    1294    1283    967     495     -76     -712    
1657   2019 -999999 -359    889     -791    128     1290    -999999 -1001   -646    -229    178     435     1288    1314    1270    839     550     -999999 -999999 
