EUROPEAN CLIMATE ASSESSMENT & DATASET (ECA&D), file created on: 13-11-2019
THESE DATA CAN BE USED FOR NON-COMMERCIAL RESEARCH AND EDUCATION PROVIDED THAT THE FOLLOWING SOURCE IS ACKNOWLEDGED: 

Klein Tank, A.M.G. and Coauthors, 2002. Daily dataset of 20th-century surface
air temperature and precipitation series for the European Climate Assessment.
Int. J. of Climatol., 22, 1441-1453.
Data and metadata available at http://www.ecad.eu

FILE FORMAT (MISSING VALUE CODE = -999999):

THIS FILE HOLDS DATA FOR STATION NORWAY                                   LILLEHAMMER - SAETHERENGEN               (STAID:  18092)
LATITUDE: dd:mm:ss +61:05:30
LONGITUDE: ddd:mm:ss +010:28:33
ELEVATION: m  240

DATA IS FOR INDEX Mean of daily mean temperature (TG) with unit 0.01 Temperature (&#176;C)

01-06 SOUID: Source identifier
08-11 YEAR : YYYY
13-20 ANNUAL DATA VALUES
21-28 WINTER HALF YEAR DATA VALUES
29-36 SUMMER HALF YEAR DATA VALUES
37-44 WINTER (DJF) DATA VALUES
45-52 SPRING (MAM) DATA VALUES
53-60 SUMMER (JJA) DATA VALUES
61-68 AUTUMN (SON) DATA VALUES
69-76 JANUARY DATA VALUES
etc. 
157-164 DECEMBER DATA VALUES

18092  1957 306     -999999 964     -999999 206     1322    288     -590    -690    -419    249     788     1167    1520    1273    764     343     -244    -564    
18092  1958 233     -565    993     -926    26      1364    514     -993    -1251   -735    141     677     1308    1457    1325    1034    563     -56     -772    
18092  1959 406     -369    1117    -871    360     1515    456     -1062   -768    -145    258     964     1375    1645    1520    911     384     74      -365    
18092  1960 302     -342    1068    -765    363     1391    278     -889    -1062   -227    287     1028    1488    1356    1332    902     148     -211    -572    
18092  1961 354     -387    1030    -771    388     1339    560     -1048   -684    20      264     875     1408    1414    1197    1006    741     -74     -939    
18092  1962 199     -384    879     -763    43      1207    293     -744    -591    -708    201     643     1160    1331    1128    796     388     -308    -946    
18092  1963 232     -653    1054    -1168   212     1415    363     -1241   -1332   -533    250     922     1459    1427    1360    888     423     -225    -714    
18092  1964 287     -378    975     -685    297     1231    297     -711    -627    -425    360     957     1171    1266    1255    820     296     -225    -723    
18092  1965 212     -403    955     -666    155     1254    268     -797    -456    -511    267     713     1264    1282    1215    977     411     -588    -1264   
18092  1966 187     -747    952     -1363   123     1428    300     -1476   -1347   -270    -77     710     1530    1503    1256    770     319     -190    -594    
18092  1967 311     -376    978     -805    304     1340    454     -1218   -580    -8      214     704     1232    1421    1365    914     429     21      -811    
18092  1968 206     -473    1059    -1015   252     1453    130     -1208   -1027   -264    334     688     1463    1455    1442    963     204     -779    -840    
18092  1969 -999999 -693    -999999 -950    91      -999999 -999999 -732    -1313   -763    201     838     1590    1483    -999999 -999999 -999999 -999999 -999999 
18092  1970 -999999 -999999 -999999 -999999 -999999 -999999 -999999 -999999 -999999 -999999 -999999 -999999 -999999 -999999 -999999 -999999 -999999 -999999 -999999 
18092  1971 -999999 -999999 -999999 -999999 -999999 -999999 -999999 -999999 -999999 -999999 -999999 -999999 -999999 -999999 -999999 -999999 -999999 -999999 -999999 
18092  1972 -999999 -999999 -999999 -999999 -999999 -999999 -999999 -999999 -999999 -999999 -999999 -999999 -999999 -999999 -999999 -999999 -999999 -999999 -999999 
18092  1973 -999999 -999999 -999999 -999999 -999999 -999999 -999999 -999999 -999999 -999999 -999999 -999999 -999999 -999999 -999999 -999999 -999999 -999999 -999999 
18092  1974 -999999 -999999 -999999 -999999 -999999 -999999 -999999 -999999 -999999 -999999 -999999 -999999 -999999 -999999 -999999 -999999 -999999 -999999 -999999 
18092  1975 -999999 -999999 -999999 -999999 -999999 -999999 -999999 -999999 -999999 -999999 -999999 -999999 -999999 -999999 -999999 -999999 -999999 -999999 -999999 
18092  1976 -999999 -999999 -999999 -999999 -999999 -999999 -999999 -999999 -999999 -999999 -999999 -999999 -999999 -999999 -999999 -999999 -999999 -999999 -999999 
18092  1977 -999999 -999999 -999999 -999999 -999999 -999999 -999999 -999999 -999999 -999999 -999999 -999999 -999999 -999999 -999999 -999999 -999999 -999999 -999999 
18092  1978 -999999 -999999 -999999 -999999 -999999 -999999 -999999 -999999 -999999 -999999 -999999 -999999 -999999 -999999 -999999 -999999 -999999 -999999 -999999 
18092  1979 -999999 -999999 -999999 -999999 -999999 -999999 -999999 -999999 -999999 -999999 -999999 -999999 -999999 -999999 -999999 -999999 -999999 -999999 -999999 
18092  1980 -999999 -999999 -999999 -999999 -999999 -999999 -999999 -999999 -999999 -999999 -999999 -999999 -999999 -999999 -999999 -999999 -999999 -999999 -999999 
18092  1981 -999999 -999999 -999999 -999999 -999999 -999999 -999999 -999999 -999999 -999999 -999999 -999999 -999999 -999999 -999999 -999999 -999999 -999999 -999999 
18092  1982 -999999 -999999 -999999 -999999 -999999 -999999 -999999 -999999 -999999 -999999 -999999 -999999 -999999 -999999 -999999 -999999 -999999 -999999 -652    
18092  1983 424     -999999 1085    -624    351     1460    442     -415    -825    -122    282     891     1298    1616    1460    940     467     -84     -513    
18092  1984 380     -364    1077    -723    350     1386    423     -1055   -593    -413    445     1019    1291    1455    1409    821     478     -31     -295    
18092  1985 165     -412    961     -891    247     1356    207     -1156   -1257   -278    93      920     1314    1469    1285    658     514     -561    -1135   
18092  1986 291     -596    982     -1170   315     1405    390     -1231   -1141   -70     72      937     1586    1504    1131    644     429     95      -556    
18092  1987 184     -524    933     -1004   141     1243    368     -1623   -813    -681    356     755     1079    1499    1144    745     560     -207    -661    
18092  1988 399     -235    1112    -459    234     1513    299     -276    -439    -401    103     995     1679    1524    1341    1013    235     -347    -664    
18092  1989 497     -154    1061    -312    436     1400    464     -177    -71     105     310     888     1377    1570    1252    949     386     58      -718    
18092  1990 538     -57     1109    -359    595     1434    342     -464    154     266     432     1082    1400    1484    1416    818     435     -231    -370    
18092  1991 399     -266    1050    -615    411     1398    378     -648    -851    12      377     844     1034    1678    1469    873     392     -131    -360    
18092  1992 422     -117    1080    -352    488     1391    199     -321    -378    75      232     1150    1559    1424    1196    904     55      -356    -504    
18092  1993 334     -262    971     -383    451     1219    164     -365    -270    -136    422     1065    1131    1381    1144    660     254     -424    -896    
18092  1994 328     -553    1075    -990    327     1477    307     -896    -1199   -216    406     795     1172    1876    1372    803     242     -120    -412    
18092  1995 366     -238    1044    -475    269     1456    408     -583    -427    -140    185     761     1380    1502    1483    931     676     -392    -1037   
18092  1996 254     -497    1014    -979    202     1441    267     -922    -979    -354    301     663     1313    1431    1575    780     535     -521    -827    
18092  1997 454     -330    1164    -679    345     1651    353     -764    -422    4       306     726     1422    1741    1783    981     227     -146    -473    
18092  1998 360     -222    993     -392    303     1259    265     -449    -238    -251    174     981     1173    1393    1209    1010    233     -445    -518    
18092  1999 428     -359    1115    -599    346     1409    613     -612    -674    -174    428     786     1291    1591    1343    1238    379     231     -748    
18092  2000 530     -158    1069    -505    475     1325    646     -350    -410    -54     397     1079    1196    1468    1306    946     713     275     -242    
18092  2001 348     -220    1062    -602    214     1407    510     -586    -1017   -526    230     938     1291    1595    1331    962     600     -34     -704    
18092  2002 400     -213    1235    -604    501     1592    208     -773    -308    -65     492     1075    1446    1564    1762    1049    85      -507    -1059   
18092  2003 431     -472    1132    -823    404     1532    366     -716    -679    24      380     808     1428    1727    1439    994     158     -45     -419    
18092  2004 438     -268    1133    -564    502     1408    402     -839    -423    -44     519     1033    1278    1428    1515    1009    399     -201    -446    
18092  2005 522     -178    1134    -329    323     1478    604     -169    -375    -296    505     767     1273    1733    1422    1087    518     211     -463    
18092  2006 545     -222    1247    -499    208     1664    633     -533    -502    -576    288     915     1528    1857    1603    1273    569     59      -10     
18092  2007 467     -66     1140    -409    546     1503    396     -526    -721    173     510     954     1562    1499    1450    851     485     -150    -574    
18092  2008 501     -145    1141    -351    429     1484    437     -310    -158    -166    459     995     1407    1700    1341    927     497     -116    -588    
18092  2009 414     -281    1177    -681    516     1456    412     -583    -893    -58     566     1042    1395    1561    1412    1069    170     4       -803    
18092  2010 217     -513    1102    -1026   347     1484    206     -1236   -1042   -204    349     896     1357    1644    1446    896     345     -629    -1302   
18092  2011 499     -558    1220    -951    482     1500    605     -718    -819    -254    762     947     1470    1593    1437    1100    507     211     -322    
18092  2012 389     -93     1039    -533    520     1351    402     -713    -566    304     274     976     1211    1439    1397    911     259     40      -899    
18092  2013 420     -466    1150    -865    281     1497    481     -1017   -660    -518    274     1087    1349    1688    1450    1028    459     -43     -134    
18092  2014 602     -14     1224    -254    596     1565    620     -583    -21     236     551     1001    1387    1881    1419    1083    656     120     -538    
18092  2015 525     -49     1075    -404    445     1387    532     -470    -184    112     505     720     1241    1481    1435    1054    536     7       -183    
18092  2016 475     -148    1198    -518    499     1488    446     -939    -427    102     363     1027    1503    1557    1404    1318    326     -304    -259    
18092  2017 411     -225    1087    -452    428     1385    411     -647    -448    -42     330     994     1326    1488    1339    1027    448     -243    -693    
18092  2018 521     -392    1332    -675    414     1706    545     -592    -748    -551    322     1469    1590    2083    1442    1052    505     80      -496    
18092  2019 -999999 -146    1167    -481    454     1546    -999999 -640    -290    -45     559     853     1435    1663    1537    940     358     -999999 -999999 
