EUROPEAN CLIMATE ASSESSMENT & DATASET (ECA&D), file created on: 13-11-2019
THESE DATA CAN BE USED FOR NON-COMMERCIAL RESEARCH AND EDUCATION PROVIDED THAT THE FOLLOWING SOURCE IS ACKNOWLEDGED: 

Klein Tank, A.M.G. and Coauthors, 2002. Daily dataset of 20th-century surface
air temperature and precipitation series for the European Climate Assessment.
Int. J. of Climatol., 22, 1441-1453.
Data and metadata available at http://www.ecad.eu

FILE FORMAT (MISSING VALUE CODE = -999999):

THIS FILE HOLDS DATA FOR STATION RUSSIAN FEDERATION                       GROZNYJ                                  (STAID:   1379)
LATITUDE: dd:mm:ss +43:21:00
LONGITUDE: ddd:mm:ss +045:40:59
ELEVATION: m  162

DATA IS FOR INDEX Mean of daily mean temperature (TG) with unit 0.01 Temperature (&#176;C)

01-06 SOUID: Source identifier
08-11 YEAR : YYYY
13-20 ANNUAL DATA VALUES
21-28 WINTER HALF YEAR DATA VALUES
29-36 SUMMER HALF YEAR DATA VALUES
37-44 WINTER (DJF) DATA VALUES
45-52 SPRING (MAM) DATA VALUES
53-60 SUMMER (JJA) DATA VALUES
61-68 AUTUMN (SON) DATA VALUES
69-76 JANUARY DATA VALUES
etc. 
157-164 DECEMBER DATA VALUES

1379   1938 -999999 -999999 -999999 -999999 -999999 -999999 1254    956     -999999 -999999 -999999 -999999 -999999 -999999 -999999 1980    1283    500     -72     
1379   1939 1070    293     1868    -86     995     2269    1006    -145    -36     199     1017    1770    2234    2425    2147    1592    953     476     132     
1379   1940 1057    159     1939    -219    910     2391    1154    -593    -194    169     1161    1407    2090    2468    2604    1879    964     625     66      
1379   1941 975     259     1901    -117    1056    2273    865     -472    74      291     1147    1732    2190    2446    2179    1692    858     45      -531    
1379   1942 -999999 -115    -999999 -537    793     -999999 1054    -761    -294    -19     771     1626    2188    2300    -999999 1631    1133    393     66      
1379   1943 986     138     1814    -239    881     2192    1112    -400    -397    -14     1005    1655    2048    2242    2281    1631    1158    547     -16     
1379   1944 1094    362     1816    -38     1042    2163    1217    -201    112     563     940     1620    2099    2344    2044    1831    1145    678     -72     
1379   1945 898     229     1798    -208    822     2222    935     -181    -388    144     804     1517    1968    2411    2278    1781    918     105     -670    
1379   1946 1016    41      1907    -399    1012    2270    1055    -497    10      379     935     1721    2127    2278    2402    1955    810     407     -390    
1379   1947 1088    115     1880    -406    1088    2317    1074    -489    -333    653     1085    1526    2163    2532    2252    1703    955     569     347     
1379   1948 1043    374     1957    214     924     2462    886     149     142     72      804     1893    2400    2496    2488    1626    906     99      -624    
1379   1949 984     -108    1882    -591    843     2401    991     -563    -585    85      821     1623    2288    2602    2311    1617    770     594     139     
1379   1950 1026    29      1964    -515    1167    2206    1206    -1255   -419    319     1318    1870    2107    2322    2187    1965    1190    462     158     
1379   1951 1057    264     1961    -168    1123    2339    994     -294    -389    402     1260    1712    2111    2469    2429    1763    743     483     -95     
1379   1952 1110    211     1867    -29     804     2344    1294    -118    138     120     807     1484    1961    2485    2575    1861    1455    560     -43     
1379   1953 1005    350     1919    -45     941     2381    845     -116    31      189     930     1703    2269    2436    2434    1716    959     -145    -421    
1379   1954 1011    -235    1960    -794    882     2417    1303    -826    -1171   108     826     1712    2228    2591    2425    1951    1314    645     168     
1379   1955 1156    447     1932    145     992     2340    1248    -17     300     261     882     1830    2265    2484    2270    1838    1447    453     -204    
1379   1956 904     168     1782    -273    796     2238    879     -63     -570    -96     1029    1462    2076    2250    2384    1466    1078    87      -315    
1379   1957 1085    66      2013    -358    1088    2340    1129    -704    -23     262     1166    1839    2184    2375    2457    2034    964     395     15      
1379   1958 1009    324     1763    69      992     2144    902     47      153     359     874     1738    2085    2162    2183    1510    885     312     -256    
1379   1959 910     87      1824    -262    938     2220    811     31      -593    87      1098    1632    1966    2379    2307    1530    638     269     -529    
1379   1960 1025    -14     1780    -311    798     2194    1131    -149    -250    -70     941     1526    2125    2319    2136    1611    1171    609     283     
1379   1961 1121    380     1893    18      1119    2256    1064    -205    -28     419     1106    1833    2232    2250    2286    1631    1045    516     290     
1379   1962 1156    413     1936    75      1139    2350    1166    -191    130     666     1034    1714    2153    2521    2370    1796    1075    631     -93     
1379   1963 1012    264     1850    -87     903     2214    1096    -211    59      113     977     1622    1990    2378    2267    1842    1078    368     -390    
1379   1964 953     19      1846    -506    923     2236    1047    -866    -246    166     988     1615    2283    2321    2105    1748    1013    382     -102    
1379   1965 1013    176     1830    -213    880     2281    972     -333    -205    271     703     1660    2195    2396    2250    1752    782     388     213     
1379   1966 1265    410     1970    228     1160    2397    1229    246     224     585     1256    1641    2097    2601    2484    1716    1237    734     287     
1379   1967 1036    310     1841    -106    1023    2161    1167    9       -670    181     1038    1852    1949    2233    2294    1655    1179    667     -83     
1379   1968 1097    293     1920    -159    1130    2191    1231    -304    -86     372     1054    1963    2033    2364    2170    1911    1197    587     -130    
1379   1969 951     49      1875    -514    880     2284    1019    -668    -768    11      962     1670    2319    2222    2311    1744    884     434     176     
1379   1970 1097    317     1891    19      1177    2222    1037    -238    132     500     1312    1723    1992    2433    2234    1628    899     589     -94     
1379   1971 1094    235     1908    -185    998     2267    1205    -334    -121    447     852     1689    2004    2522    2268    2086    990     547     99      
1379   1972 993     -57     2065    -665    1053    2491    1219    -1275   -828    94      1346    1728    2351    2551    2566    1828    1327    498     -321    
1379   1973 998     192     1823    -368    1089    2168    1009    -749    2       384     1168    1716    1989    2310    2199    1531    1185    305     -129    
1379   1974 1061    153     1834    -345    1004    2209    1243    -532    -377    417     884     1708    2097    2312    2215    1761    1386    576     177     
1379   1975 1154    359     2093    -42     1205    2432    1070    -57     -268    288     1412    1922    2402    2525    2367    1913    1040    257     -42     
1379   1976 988     61      1924    -339    966     2298    959     -197    -808    65      1205    1635    2067    2325    2495    1795    640     452     110     
1379   1977 997     138     1913    -285    1179    2249    971     -1021   94      562     1215    1762    2164    2312    2268    1738    660     526     -346    
1379   1978 1034    205     1784    -172    996     2115    1114    -248    104     535     993     1460    1885    2364    2090    1893    1109    341     -173    
1379   1979 1145    249     1955    -193    1124    2316    1194    -404    18      585     1002    1780    2104    2346    2492    1981    1041    564     155     
1379   1980 1086    232     1905    -161    987     2328    1129    -567    -63     255     1057    1650    2154    2582    2243    1716    1007    669     297     
1379   1981 1181    454     1849    197     920     2288    1275    107     185     440     905     1415    2141    2440    2279    1897    1337    589     361     
1379   1982 969     282     1835    -153    1015    2104    1048    -285    -576    191     1227    1635    1971    2197    2139    1824    954     370     -116    
1379   1983 1105    251     1945    -29     1135    2240    1095    -170    224     244     1360    1809    2014    2471    2229    1767    1095    421     -258    
1379   1984 1053    259     1859    -112    1017    2181    1134    198     -287    357     985     1708    2005    2462    2069    1904    1086    415     -321    
1379   1985 1012    82      1915    -287    924     2256    1062    -259    -280    -175    1172    1785    2093    2196    2475    1744    978     466     -131    
1379   1986 1092    168     2012    -208    995     2398    1106    -44     -474    158     1306    1531    2171    2512    2503    2035    1009    276     15      
1379   1987 1028    191     1873    -84     853     2334    1052    -160    -108    89      765     1702    2277    2486    2237    1745    892     523     -183    
1379   1988 1036    165     1873    -275    1008    2284    1018    -282    -364    380     1147    1502    2217    2412    2222    1724    1088    239     101     
1379   1989 1110    267     1923    -126    1149    2292    1167    -359    -119    615     1246    1589    2085    2425    2359    1814    1138    549     -99     
1379   1990 1134    364     1863    -70     1122    2203    1226    -222    131     671     1145    1549    2105    2359    2143    1860    1067    755     -4      
1379   1991 1086    255     1919    -231    1021    2337    1217    -133    -592    372     1163    1533    2213    2511    2283    1791    1362    495     -85     
1379   1992 941     268     1720    -191    874     2106    1022    -207    -286    299     889     1434    1924    2172    2216    1664    1011    391     -254    
1379   1993 870     128     1757    -358    950     2136    730     -438    -384    399     923     1528    1984    2157    2261    1668    972     -459    -273    
1379   1994 -999999 32      1935    -221    1037    2154    -999999 71      -489    303     1224    1589    1913    2363    2178    2333    1824    -999999 -999999 
1379   1995 -999999 -999999 -999999 -999999 -999999 -999999 -999999 -999999 -999999 -999999 -999999 -999999 -999999 -999999 -999999 -999999 -999999 -999999 -999999 
1379   1996 -999999 -999999 -999999 -999999 -999999 -999999 -999999 -999999 -999999 -999999 -999999 -999999 -999999 -999999 -999999 -999999 -999999 -999999 -999999 
1379   1997 -999999 -999999 -999999 -999999 -999999 -999999 -999999 -999999 -999999 -999999 -999999 -999999 -999999 -999999 -999999 -999999 -999999 -999999 -999999 
1379   1998 -999999 -999999 -999999 -999999 -999999 -999999 -999999 -999999 -999999 -999999 -999999 -999999 -999999 -999999 -999999 -999999 -999999 -999999 -999999 
1379   1999 -999999 -999999 -999999 -999999 -999999 -999999 -999999 -999999 -999999 -999999 -999999 -999999 -999999 -999999 -999999 -999999 -999999 -999999 -999999 
1379   2000 -999999 -999999 -999999 -999999 -999999 -999999 -999999 -999999 -999999 -999999 -999999 -999999 -999999 -999999 -999999 -999999 -999999 -999999 -999999 
1379   2001 -999999 -999999 -999999 -999999 -999999 2451    1236    -999999 -999999 -999999 -999999 1742    2193    2604    2549    1994    1078    631     34      
1379   2002 1191    469     1961    83      1161    2322    1389    -149    431     828     1031    1621    2090    2517    2351    2134    1359    674     -708    
1379   2003 1171    236     1982    -284    1055    2348    1281    42      -176    202     975     1984    2124    2388    2524    1867    1348    625     43      
1379   2004 1239    518     1967    133     1180    2348    1279    83      281     713     1128    1697    2187    2372    2479    1920    1247    672     55      
1379   2005 1287    439     2067    92      1152    2419    1336    310     -108    412     1186    1861    2148    2581    2520    2079    1241    690     416     
1379   2006 -999999 -999999 -999999 -999999 -999999 -999999 -999999 -999999 -64     -999999 -999999 -999999 -999999 -999999 -999999 -999999 -999999 -999999 -999999 
1379   2007 1129    -999999 1927    -999999 994     2311    1197    76      -132    365     843     1768    2111    2366    2448    1998    1317    271     19      
1379   2008 1074    256     1900    -322    1219    2278    1155    -743    -236    877     1276    1505    1967    2399    2458    1771    1171    523     -129    
1379   2009 1085    325     1763    -78     933     2175    1192    -262    182     458     795     1543    2137    2354    2033    1695    1287    593     148     
1379   2010 1205    347     2029    -80     1029    2497    1252    -277    -113    405     1019    1662    2328    2607    2551    1983    1036    746     424     
1379   2011 1012    360     1846    14      910     2303    905     -200    -203    317     829     1581    2099    2574    2230    1733    1046    -68     108     
1379   2012 1115    43      2012    -333    1199    2275    1345    -329    -808    252     1467    1889    2216    2245    2361    1878    1471    681     -13     
1379   2013 1133    498     1897    70      1204    2226    1070    -20     262     591     1177    1845    2185    2285    2207    1659    993     561     -204    
1379   2014 -999999 -999999 -999999 -999999 -999999 -999999 -999999 -999999 -999999 -999999 -999999 -999999 -999999 -999999 -999999 -999999 -999999 -999999 -999999 
