EUROPEAN CLIMATE ASSESSMENT & DATASET (ECA&D), file created on: 13-11-2019
THESE DATA CAN BE USED FOR NON-COMMERCIAL RESEARCH AND EDUCATION PROVIDED THAT THE FOLLOWING SOURCE IS ACKNOWLEDGED: 

Klein Tank, A.M.G. and Coauthors, 2002. Daily dataset of 20th-century surface
air temperature and precipitation series for the European Climate Assessment.
Int. J. of Climatol., 22, 1441-1453.
Data and metadata available at http://www.ecad.eu

FILE FORMAT (MISSING VALUE CODE = -999999):

THIS FILE HOLDS DATA FOR STATION SWEDEN                                   NASUDDEN                                 (STAID:   5253)
LATITUDE: dd:mm:ss +57:04:12
LONGITUDE: ddd:mm:ss +018:13:12
ELEVATION: m    5

DATA IS FOR INDEX Mean of daily mean temperature (TG) with unit 0.01 Temperature (&#176;C)

01-06 SOUID: Source identifier
08-11 YEAR : YYYY
13-20 ANNUAL DATA VALUES
21-28 WINTER HALF YEAR DATA VALUES
29-36 SUMMER HALF YEAR DATA VALUES
37-44 WINTER (DJF) DATA VALUES
45-52 SPRING (MAM) DATA VALUES
53-60 SUMMER (JJA) DATA VALUES
61-68 AUTUMN (SON) DATA VALUES
69-76 JANUARY DATA VALUES
etc. 
157-164 DECEMBER DATA VALUES

5253   1981 -999999 -999999 -999999 -999999 -999999 -999999 -999999 -999999 -999999 -999999 -999999 -999999 -999999 -999999 -999999 -999999 -999999 -999999 -999999 
5253   1982 -999999 -999999 -999999 -999999 -999999 -999999 -999999 -999999 -999999 -999999 -999999 -999999 -999999 -999999 -999999 -999999 884     -999999 -999999 
5253   1983 -999999 -999999 -999999 -999999 -999999 -999999 -999999 -999999 -999999 -999999 -999999 -999999 -999999 -999999 -999999 -999999 -999999 -999999 112     
5253   1984 -999999 -999999 -999999 -999999 -999999 -999999 -999999 -999999 -999999 -85     -999999 -999999 -999999 -999999 -999999 -999999 -999999 -999999 126     
5253   1985 -999999 -999999 -999999 -999999 -999999 -999999 -999999 -999999 -999999 -999999 -999999 -999999 -999999 -999999 -999999 -999999 -999999 160     39      
5253   1986 -999999 -999999 -999999 -999999 -999999 -999999 797     -229    -574    30      -999999 -999999 -999999 -999999 -999999 992     827     571     79      
5253   1987 527     41      998     -270    248     1263    796     -644    -243    -353    386     715     1075    1422    1285    1089    897     398     189     
5253   1988 -999999 263     -999999 -999999 418     -999999 -999999 80      52      -75     289     1037    1487    1657    1495    1348    710     -999999 94      
5253   1989 -999999 -999999 -999999 246     -999999 1529    911     341     320     344     456     1071    1376    1679    1508    1343    942     447     146     
5253   1990 851     454     1245    286     723     1526    830     270     457     461     694     1034    1422    1481    1665    1156    868     466     218     
5253   1991 -999999 -999999 -999999 -999999 -999999 -999999 -999999 -999999 -160    240     -999999 -999999 -999999 -999999 -999999 -999999 -999999 538     -999999 
5253   1992 -999999 -999999 1261    -999999 -999999 1606    727     -999999 -999999 -999999 367     1122    1564    1675    1578    1242    587     407     287     
5253   1993 -999999 288     -999999 176     -999999 -999999 -999999 169     52      174     -999999 -999999 -999999 -999999 -999999 -999999 -999999 -999999 -999999 
5253   1994 -999999 -999999 -999999 -999999 -999999 -999999 854     -999999 -999999 -999999 573     -999999 -999999 1909    1765    1290    770     504     342     
5253   1995 762     349     1212    204     473     1576    915     43      230     201     430     787     1368    1603    1752    1312    1118    307     -47     
5253   1996 650     143     1126    -170    385     1461    906     -136    -336    -74     508     725     1210    1387    1777    1133    984     600     -16     
5253   1997 797     319     1316    34      437     1792    840     18      108     209     295     803     1473    1818    2073    1409    706     409     187     
5253   1998 -999999 312     -999999 220     501     -999999 -999999 207     271     92      443     965     -999999 -999999 -999999 -999999 -999999 146     112     
5253   1999 -999999 -999999 -999999 -999999 -999999 -999999 -999999 21      -999999 -999999 -999999 -999999 -999999 -999999 -999999 -999999 -999999 -999999 -999999 
