EUROPEAN CLIMATE ASSESSMENT & DATASET (ECA&D), file created on: 13-11-2019
THESE DATA CAN BE USED FOR NON-COMMERCIAL RESEARCH AND EDUCATION PROVIDED THAT THE FOLLOWING SOURCE IS ACKNOWLEDGED: 

Klein Tank, A.M.G. and Coauthors, 2002. Daily dataset of 20th-century surface
air temperature and precipitation series for the European Climate Assessment.
Int. J. of Climatol., 22, 1441-1453.
Data and metadata available at http://www.ecad.eu

FILE FORMAT (MISSING VALUE CODE = -999999):

THIS FILE HOLDS DATA FOR STATION GERMANY                                  CELLE (STADT)                            (STAID:   4951)
LATITUDE: dd:mm:ss +52:36:59
LONGITUDE: ddd:mm:ss +010:04:26
ELEVATION: m   33

DATA IS FOR INDEX Mean of daily mean temperature (TG) with unit 0.01 Temperature (&#176;C)

01-06 SOUID: Source identifier
08-11 YEAR : YYYY
13-20 ANNUAL DATA VALUES
21-28 WINTER HALF YEAR DATA VALUES
29-36 SUMMER HALF YEAR DATA VALUES
37-44 WINTER (DJF) DATA VALUES
45-52 SPRING (MAM) DATA VALUES
53-60 SUMMER (JJA) DATA VALUES
61-68 AUTUMN (SON) DATA VALUES
69-76 JANUARY DATA VALUES
etc. 
157-164 DECEMBER DATA VALUES

4951   1940 682     -999999 1369    -999999 810     1631    846     -966    -598    315     816     1298    1752    1659    1486    1195    745     602     -149    
4951   1941 765     144     1349    -272    632     1740    788     -580    -66     307     563     1024    1734    1980    1505    1275    828     261     293     
4951   1942 764     39      1402    -316    684     1641    1008    -758    -501    69      749     1237    1463    1617    1837    1492    1096    433     341     
4951   1943 934     481     1458    247     969     1692    897     51      359     593     978     1336    1479    1791    1799    1344    1004    340     88      
4951   1944 907     355     1462    195     769     1772    909     451     35      194     905     1213    1463    1819    2024    1326    880     522     21      
4951   1945 -999999 -999999 -999999 -999999 -999999 -999999 -999999 -999999 -999999 -999999 -999999 -999999 -999999 -999999 -999999 -999999 -999999 -999999 -999999 
4951   1946 -999999 -999999 -999999 -999999 -999999 -999999 -999999 -999999 -999999 -999999 -999999 -999999 -999999 -999999 -999999 -999999 -999999 -999999 -999999 
4951   1947 -999999 -999999 -999999 -999999 -999999 -999999 -999999 -999999 -999999 -999999 -999999 -999999 -999999 -999999 -999999 -999999 -999999 -999999 -999999 
4951   1948 960     -999999 1492    -999999 995     1670    934     335     114     509     1092    1388    1639    1718    1654    1455    885     463     245     
4951   1949 977     411     1496    282     875     1645    1052    283     321     259     1067    1305    1450    1764    1715    1667    1087    401     369     
4951   1950 883     457     1427    237     855     1736    852     -23     377     524     680     1355    1727    1717    1765    1301    794     462     -113    
4951   1951 897     293     1378    82      708     1639    966     188     179     245     731     1148    1552    1647    1714    1463    748     693     411     
4951   1952 806     384     1391    219     834     1657    645     129     109     203     1065    1240    1470    1757    1738    1058    715     161     2       
4951   1953 940     248     1436    43      889     1698    992     86      39      465     884     1317    1693    1743    1658    1307    1062    606     355     
4951   1954 -999999 -999999 -999999 -999999 -999999 -999999 -999999 -999999 -999999 -999999 -999999 -999999 -999999 -999999 -999999 -999999 -999999 -999999 -999999 
4951   1955 823     -999999 1382    -999999 604     1710    928     -115    -144    66      733     1016    1482    1847    1795    1403    873     509     349     
4951   1956 756     232     1302    -127    742     1518    888     76      -853    375     522     1321    1375    1765    1409    1400    897     366     338     
4951   1957 918     482     1349    329     826     1689    898     220     441     624     807     1048    1731    1780    1557    1156    987     548     87      
4951   1958 877     315     1401    96      659     1660    996     4       209     51      588     1337    1521    1720    1734    1485    1055    445     331     
4951   1959 1000    452     1591    173     1023    1893    919     104     73      668     1015    1387    1727    2055    1891    1454    922     382     254     
4951   1960 904     370     1391    155     859     1618    994     110     96      441     790     1345    1674    1602    1580    1344    955     684     203     
4951   1961 951     507     1448    239     947     1610    1080    0       544     664     1097    1086    1698    1547    1589    1674    1112    452     -48     
4951   1962 777     351     1273    140     662     1501    862     307     165     106     845     1041    1460    1505    1535    1246    980     357     -253    
4951   1963 787     35      1472    -500    847     1742    1016    -731    -517    329     917     1298    1724    1818    1684    1377    862     815     -205    
4951   1964 876     250     1496    -89     816     1733    898     -138    88      84      930     1437    1712    1835    1652    1400    758     542     195     
4951   1965 830     352     1336    156     780     1544    783     238     23      329     779     1231    1606    1510    1519    1361    892     93      322     
4951   1966 916     298     1455    107     912     1698    940     -167    172     456     871     1409    1809    1645    1644    1341    1154    317     296     
4951   1967 970     512     1428    309     890     1708    994     245     395     649     700     1314    1544    1893    1680    1417    1112    450     188     
4951   1968 875     391     1433    78      865     1703    967     -34     80      529     971     1099    1685    1635    1790    1412    1059    427     -170    
4951   1969 823     224     1443    -48     679     1738    1007    179     -164    -15     737     1317    1607    1869    1735    1371    1080    568     -467    
4951   1970 821     159     1384    -312    678     1720    960     -346    -102    206     559     1264    1811    1634    1720    1299    945     637     171     
4951   1971 910     364     1432    133     817     1690    878     -7      247     188     795     1468    1461    1802    1798    1243    962     426     483     
4951   1972 836     400     1341    147     849     1652    781     -258    222     557     773     1213    1486    1820    1643    1087    725     532     208     
4951   1973 894     394     1423    194     771     1764    863     141     238     506     549     1250    1684    1795    1812    1427    778     387     116     
4951   1974 937     445     1338    307     844     1568    849     419     393     571     837     1124    1445    1525    1731    1355    627     572     606     
4951   1975 966     503     1489    469     759     1840    894     595     177     409     689     1175    1572    1909    2029    1541    787     359     287     
4951   1976 882     305     1458    181     720     1802    924     158     91      138     733     1288    1755    1977    1672    1306    925     542     -29     
4951   1977 920     415     1328    134     815     1632    958     98      355     597     598     1241    1584    1685    1625    1217    1048    607     342     
4951   1978 839     438     1312    128     848     1547    939     145     -126    564     679     1295    1520    1568    1553    1240    1015    559     -18     
4951   1979 794     201     1345    -243    772     1589    874     -403    -316    332     717     1265    1644    1533    1592    1309    863     451     460     
4951   1980 841     351     1370    151     740     1622    922     -230    227     329     733     1158    1566    1585    1715    1454    883     431     225     
4951   1981 885     396     1443    99      1008    1651    926     -8      78      739     827     1452    1568    1688    1694    1411    828     541     -255    
4951   1982 965     252     1518    -115    828     1821    1117    -154    82      461     726     1293    1668    1987    1801    1617    1032    705     308     
4951   1983 996     514     1547    268     883     1902    962     528     -65     524     909     1218    1704    2072    1922    1439    987     460     167     
4951   1984 877     362     1355    154     750     1609    979     214     76      253     765     1232    1413    1599    1810    1293    1108    533     195     
4951   1985 823     254     1419    -161    883     1610    840     -485    -196    335     834     1479    1432    1753    1640    1357    978     180     490     
4951   1986 863     253     1410    -11     834     1725    957     60      -645    366     675     1457    1695    1795    1683    1131    1016    721     286     
4951   1987 784     234     1350    -108    650     1571    995     -613    16      -29     952     1037    1423    1727    1560    1391    964     631     317     
4951   1988 976     506     1456    366     897     1671    918     454     324     339     816     1533    1536    1750    1722    1357    974     420     449     
4951   1989 1031    567     1507    420     984     1758    998     359     455     727     758     1459    1685    1832    1753    1536    1109    347     305     
4951   1990 1041    608     1461    471     1016    1741    950     453     676     756     822     1465    1598    1703    1918    1238    1071    536     216     
4951   1991 910     448     1408    108     846     1714    947     286     -208    725     760     1050    1372    1972    1788    1487    892     465     232     
4951   1992 1031    464     1611    287     990     1946    891     216     422     554     845     1565    1939    1971    1929    1395    674     611     232     
4951   1993 907     383     1459    189     1041    1608    719     297     22      437     1134    1554    1614    1653    1558    1229    846     77      388     
4951   1994 1043    393     1573    259     981     1919    973     425     -66     635     956     1350    1629    2274    1846    1358    779     788     457     
4951   1995 974     510     1536    372     853     1882    998     118     559     376     895     1291    1530    2111    1995    1369    1215    404     -206    
4951   1996 780     172     1402    -249    754     1703    880     -337    -200    139     939     1190    1566    1672    1868    1161    958     518     -139    
4951   1997 965     373     1524    47      877     1900    877     -202    527     595     709     1323    1717    1840    2136    1395    803     435     270     
4951   1998 983     519     1483    420     1017    1678    833     394     615     604     962     1484    1674    1662    1698    1404    894     198     179     
4951   1999 1070    418     1619    259     1027    1811    1096    391     200     615     1016    1451    1620    2040    1765    1810    997     484     390     
4951   2000 1071    543     1542    390     1087    1705    1095    287     500     592     1092    1576    1751    1588    1776    1456    1116    712     389     
4951   2001 981     505     1501    274     895     1803    1042    163     270     362     798     1521    1459    2004    1935    1258    1315    545     80      
4951   2002 1016    572     1572    322     988     1868    927     304     610     582     877     1503    1765    1821    2013    1434    813     538     -82     
4951   2003 1022    313     1663    -15     1000    2032    921     129     -101    549     956     1494    1999    2017    2079    1415    615     745     288     
4951   2004 997     449     1511    269     943     1758    1009    150     377     527     1057    1250    1593    1719    1957    1478    1028    520     289     
4951   2005 1003    462     1527    247     949     1736    1078    384     47      463     1038    1348    1665    1895    1645    1561    1147    523     248     
4951   2006 1068    343     1645    55      832     1929    1309    -165    85      200     869     1427    1777    2343    1662    1776    1315    835     626     
4951   2007 -999999 759     1581    547     1149    1786    916     577     427     738     1260    1466    1843    1775    1739    1362    879     510     -999999 
4951   2008 1066    -999999 1528    -999999 986     1826    969     527     439     529     836     1529    1800    1897    1777    1336    984     587     -999999 
4951   2009 -999999 -999999 1610    -999999 1067    1793    1076    -52     177     526     1274    1426    1527    1886    1959    1540    828     869     -999999 
4951   2010 -999999 -999999 1521    -999999 823     1883    906     -371    -52     495     968     1054    1724    2180    1740    1329    906     483     -999999 
4951   2011 1034    -999999 1575    -999999 1025    1737    1011    220     133     465     1189    1443    1746    1684    1782    1561    993     481     -999999 
4951   2012 -999999 485     1506    -999999 1055    1720    976     270     -109    767     -999999 1513    1538    1772    1850    1393    927     553     -999999 
4951   2013 941     -999999 1511    -999999 -999999 1845    996     48      35      -38     858     1273    1649    2009    1870    1335    1152    522     483     
4951   2014 1095    591     1563    391     1075    1766    1181    172     532     731     1178    1318    1603    2047    1644    1575    1257    707     340     
4951   2015 1044    570     1482    285     883     1828    1002    304     204     579     856     1214    1571    1899    2006    1321    866     823     813     
4951   2016 998     569     1589    418     927     1824    989     87      348     468     829     1481    1781    1903    1785    1739    876     355     304     
4951   2017 974     409     1441    164     958     1723    1005    -63     260     704     719     1443    1722    1745    1702    1297    1158    554     390     
4951   2018 1111    444     1760    224     1093    1993    1072    379     -130    261     1267    1755    1842    2112    2022    1543    1106    566     520     
4951   2019 -999999 604     1612    401     990     1996    -999999 195     496     730     1050    1192    2074    1927    1989    1429    1154    -999999 -999999 
