EUROPEAN CLIMATE ASSESSMENT & DATASET (ECA&D), file created on: 13-11-2019
THESE DATA CAN BE USED FOR NON-COMMERCIAL RESEARCH AND EDUCATION PROVIDED THAT THE FOLLOWING SOURCE IS ACKNOWLEDGED: 

Klein Tank, A.M.G. and Coauthors, 2002. Daily dataset of 20th-century surface
air temperature and precipitation series for the European Climate Assessment.
Int. J. of Climatol., 22, 1441-1453.
Data and metadata available at http://www.ecad.eu

FILE FORMAT (MISSING VALUE CODE = -999999):

THIS FILE HOLDS DATA FOR STATION GERMANY                                  KAHL/MAIN                                (STAID:   4269)
LATITUDE: dd:mm:ss +50:03:56
LONGITUDE: ddd:mm:ss +008:59:39
ELEVATION: m  107

DATA IS FOR INDEX Mean of daily mean temperature (TG) with unit 0.01 Temperature (&#176;C)

01-06 SOUID: Source identifier
08-11 YEAR : YYYY
13-20 ANNUAL DATA VALUES
21-28 WINTER HALF YEAR DATA VALUES
29-36 SUMMER HALF YEAR DATA VALUES
37-44 WINTER (DJF) DATA VALUES
45-52 SPRING (MAM) DATA VALUES
53-60 SUMMER (JJA) DATA VALUES
61-68 AUTUMN (SON) DATA VALUES
69-76 JANUARY DATA VALUES
etc. 
157-164 DECEMBER DATA VALUES

4269   1947 1020    -999999 1786    -999999 1086    2062    1066    -317    -445    518     1134    1607    1996    2097    2092    1774    789     645     255     
4269   1948 1010    520     1558    331     1140    1733    913     512     219     687     1178    1557    1732    1732    1736    1404    931     402     4       
4269   1949 1050    354     1634    115     1011    1819    1111    183     164     423     1241    1377    1595    2016    1840    1726    1128    480     364     
4269   1950 991     501     1596    263     988     1921    936     10      431     588     839     1534    1929    1996    1838    1424    844     545     -113    
4269   1951 1032    414     1552    220     884     1842    1036    389     401     423     877     1351    1713    1949    1860    1546    778     791     269     
4269   1952 967     424     1609    153     1051    1945    767     144     40      511     1204    1443    1753    2133    1943    1153    842     305     93      
4269   1953 1029    326     1609    58      1086    1820    1048    -65     155     606     1107    1544    1760    1888    1811    1529    1098    517     339     
4269   1954 940     391     1475    14      966     1709    1023    -214    -95     657     831     1406    1781    1609    1739    1475    1083    508     430     
4269   1955 899     379     1491    128     798     1794    897     -67     9       281     906     1210    1701    1899    1779    1436    865     392     315     
4269   1956 844     249     1435    -112    927     1637    918     175     -876    555     785     1438    1485    1848    1574    1460    931     364     301     
4269   1957 1006    502     1490    298     971     1822    966     55      564     798     961     1155    1864    1976    1627    1350    973     576     153     
4269   1958 984     398     1531    220     802     1780    1049    116     409     168     737     1500    1601    1848    1885    1591    976     583     354     
4269   1959 1066    482     1670    176     1139    1955    946     142     17      778     1161    1478    1812    2164    1885    1504    891     446     428     
4269   1960 1019    474     1519    270     1058    1761    1047    104     277     686     1001    1484    1853    1694    1740    1330    1064    747     225     
4269   1961 1040    571     1556    292     1054    1702    1131    100     578     717     1243    1207    1715    1653    1736    1780    1165    448     119     
4269   1962 870     409     1457    206     786     1729    886     320     177     201     1009    1155    1658    1708    1819    1386    950     320     -296    
4269   1963 859     65      1580    -436    943     1829    1062    -576    -434    388     1061    1385    1720    2017    1747    1536    821     838     -267    
4269   1964 985     289     1647    -78     969     1922    973     -217    272     302     1028    1580    1909    2067    1790    1489    818     617     154     
4269   1965 920     388     1446    138     877     1709    840     268     -22     464     829     1338    1759    1700    1670    1368    825     326     447     
4269   1966 1026    440     1559    337     1025    1746    1009    -108    708     465     1103    1510    1823    1680    1738    1493    1231    296     366     
4269   1967 1051    544     1576    335     1021    1874    1047    215     433     707     889     1463    1680    2127    1807    1465    1259    411     105     
4269   1968 936     439     1483    119     964     1709    992     32      226     585     1043    1267    1695    1732    1699    1455    1105    411     -37     
4269   1969 916     333     1534    20      919     1792    998     201     -116    394     886     1476    1598    1998    1774    1449    946     602     -287    
4269   1970 926     260     1489    -113    787     1806    1073    -104    70      325     725     1310    1834    1741    1845    1465    1063    690     102     
4269   1971 969     382     1566    83      962     1809    900     -106    271     272     1010    1605    1514    1996    1909    1335    935     430     406     
4269   1972 909     452     1439    227     943     1746    804     -49     332     649     909     1272    1583    1932    1719    1196    737     482     123     
4269   1973 986     357     1597    126     905     1926    975     77      182     527     731     1452    1861    1910    2006    1601    868     459     103     
4269   1974 1042    523     1484    349     1019    1712    895     502     452     745     1016    1296    1590    1693    1848    1448    632     614     628     
4269   1975 1045    545     1620    502     926     1926    970     575     283     515     901     1361    1682    2016    2072    1669    834     413     164     
4269   1976 1049    379     1674    215     926     2062    1042    313     164     373     887     1515    2086    2226    1874    1438    1095    593     -6      
4269   1977 1029    538     1464    238     966     1770    1036    233     515     799     746     1346    1695    1854    1757    1366    1097    642     254     
4269   1978 940     498     1439    187     958     1681    921     215     81      664     903     1306    1664    1725    1655    1369    963     429     244     
4269   1979 940     318     1495    -39     923     1774    983     -402    50      604     797     1365    1895    1779    1651    1471    1024    454     534     
4269   1980 933     502     1461    300     907     1708    939     -47     419     619     796     1304    1623    1636    1862    1530    883     406     153     
4269   1981 964     382     1538    35      1095    1764    1004    -97     50      869     980     1433    1701    1794    1794    1516    909     590     -26     
4269   1982 1017    323     1604    -42     912     1917    1136    -185    98      541     831     1363    1801    2071    1875    1666    1017    730     334     
4269   1983 1026    527     1621    276     932     2006    934     499     -34     570     1027    1201    1795    2220    1995    1469    982     348     157     
4269   1984 923     382     1390    196     754     1696    1009    256     173     362     763     1137    1522    1766    1793    1341    1116    565     245     
4269   1985 858     288     1488    -145    954     1680    844     -404    -290    446     955     1460    1473    1842    1718    1460    924     147     473     
4269   1986 932     311     1481    103     919     1796    936     216     -431    458     753     1540    1779    1845    1765    1184    1010    613     338     
4269   1987 881     298     1471    -13     781     1687    1065    -450    84      185     1078    1091    1533    1844    1679    1597    1028    570     292     
4269   1988 -999999 529     -999999 369     977     -999999 -999999 482     331     460     926     1544    1647    1806    -999999 -999999 1076    394     477     
4269   1989 1042    561     1567    364     1069    1813    961     263     351     780     810     1608    1674    1943    1818    1525    1042    312     315     
4269   1990 1067    572     1534    419     1066    1830    983     318     645     801     828     1561    1619    1856    2009    1301    1080    566     177     
4269   1991 1019    461     1604    119     889     1978    1086    270     -113    732     786     1145    1591    2198    2133    1749    970     544     130     
4269   1992 1138    504     1722    256     1177    1990    1055    242     407     728     1048    1753    1861    1992    2113    1543    860     767     322     
4269   1993 1060    539     1684    304     1244    1906    745     499     69      678     1329    1726    1857    1906    1955    1317    824     91      389     
4269   1994 1122    411     1658    263     1001    2059    1100    320     60      735     903     1361    1742    2321    2103    1490    929     886     527     
4269   1995 1131    616     1687    447     1063    1998    1123    197     635     532     1149    1511    1723    2274    1988    1452    1397    512     163     
4269   1996 929     441     1490    101     911     1789    975     63      74      415     1085    1238    1818    1769    1780    1240    1074    608     -44     
4269   1997 1072    474     1640    84      1114    1938    977     -232    575     877     932     1527    1790    1927    2092    1550    879     506     413     
4269   1998 1076    567     1619    418     1137    1860    930     392     454     745     1037    1625    1867    1825    1888    1456    1008    324     239     
4269   1999 1092    481     1666    284     1086    1861    1085    397     208     676     1033    1548    1683    2043    1852    1822    990     447     336     
4269   2000 1166    552     1668    367     1210    1858    1175    265     508     758     1189    1682    1920    1686    1969    1549    1189    786     478     
4269   2001 1076    654     1597    409     1093    1908    995     280     477     702     900     1671    1637    2071    2007    1261    1289    424     127     
4269   2002 1135    563     1638    306     1067    1973    1099    161     665     717     1009    1472    1968    1921    2031    1413    1049    837     354     
4269   2003 1175    566     1839    207     1212    2228    1042    169     85      865     1149    1620    2210    2137    2337    1564    814     755     324     
4269   2004 1052    505     1624    284     1043    1893    1045    176     358     599     1162    1372    1738    1909    2027    1523    1101    508     124     
4269   2005 1052    452     1620    160     1039    1853    1112    316     26      595     1089    1435    1854    1961    1744    1625    1180    530     194     
4269   2006 1101    385     1690    65      942     1956    1319    -114    121     380     971     1477    1831    2372    1661    1813    1320    824     494     
4269   2007 1108    759     1634    556     1221    1838    900     607     570     723     1352    1591    1887    1841    1787    1335    914     451     204     
4269   2008 1068    509     1598    364     1050    1900    964     499     390     588     862     1695    1858    1962    1878    1307    965     619     157     
4269   2009 1104    -999999 1701    -999999 1156    1899    1141    -244    -999999 560     1349    1565    1699    1963    2029    1588    965     877     206     
4269   2010 962     446     1580    67      959     1943    992     -175    181     608     1055    1217    1851    2178    1796    1369    921     690     -187    
4269   2011 1119    446     1680    113     1211    1829    1063    251     292     704     1329    1605    1822    1748    1917    1654    1041    494     518     
4269   2012 1074    526     1637    260     1157    1897    1019    348     -111    824     992     1650    1730    1913    2042    1471    948     640     382     
4269   2013 1041    422     1614    224     852     1958    1088    185     93      259     1020    1283    1756    2176    1935    1494    1193    573     451     
4269   2014 1181    677     1653    495     1162    1874    1199    449     594     793     1293    1405    1812    2075    1731    1589    1273    733     394     
4269   2015 1153    594     1693    304     1039    2072    1071    307     201     622     1022    1472    1809    2220    2178    1434    957     824     717     
4269   2016 1089    646     1666    511     997     1919    1087    323     491     561     935     1493    1797    2025    1932    1802    957     506     224     
4269   2017 1110    489     1641    187     1124    1975    1074    -135    505     881     921     1564    2001    1998    1927    1416    1185    618     395     
4269   2018 1228    549     1878    337     1208    2150    1160    601     -19     461     1400    1771    2004    2248    2194    1631    1163    688     502     
4269   2019 -999999 636     1709    378     1076    2098    -999999 199     439     809     1156    1265    2111    2115    2068    1530    1218    -999999 -999999 
