EUROPEAN CLIMATE ASSESSMENT & DATASET (ECA&D), file created on: 13-11-2019
THESE DATA CAN BE USED FOR NON-COMMERCIAL RESEARCH AND EDUCATION PROVIDED THAT THE FOLLOWING SOURCE IS ACKNOWLEDGED: 

Klein Tank, A.M.G. and Coauthors, 2002. Daily dataset of 20th-century surface
air temperature and precipitation series for the European Climate Assessment.
Int. J. of Climatol., 22, 1441-1453.
Data and metadata available at http://www.ecad.eu

FILE FORMAT (MISSING VALUE CODE = -999999):

THIS FILE HOLDS DATA FOR STATION FINLAND                                  KUUSANKOSKI KESKUSTA                     (STAID:   7180)
LATITUDE: dd:mm:ss +60:54:00
LONGITUDE: ddd:mm:ss +026:39:00
ELEVATION: m   61

DATA IS FOR INDEX Mean of daily mean temperature (TG) with unit 0.01 Temperature (&#176;C)

01-06 SOUID: Source identifier
08-11 YEAR : YYYY
13-20 ANNUAL DATA VALUES
21-28 WINTER HALF YEAR DATA VALUES
29-36 SUMMER HALF YEAR DATA VALUES
37-44 WINTER (DJF) DATA VALUES
45-52 SPRING (MAM) DATA VALUES
53-60 SUMMER (JJA) DATA VALUES
61-68 AUTUMN (SON) DATA VALUES
69-76 JANUARY DATA VALUES
etc. 
157-164 DECEMBER DATA VALUES

7180   1959 517     -999999 1211    -999999 440     1693    431     -572    -281    11      344     963     1541    1835    1698    855     405     34      -684    
7180   1960 394     -455    1215    -912    272     1677    348     -1051   -1009   -448    128     1131    1675    1812    1546    972     250     -174    -160    
7180   1961 574     -102    1171    -224    394     1608    642     -403    -97     -28     222     984     1742    1647    1440    972     846     100     -572    
7180   1962 372     -241    1040    -537    155     1334    579     -450    -595    -798    405     866     1241    1490    1269    953     646     136     -756    
7180   1963 386     -528    1299    -1008   225     1619    611     -1098   -1187   -951    263     1365    1441    1732    1677    1288    581     -36     -555    
7180   1964 445     -300    1150    -620    250     1540    517     -341    -987    -499    295     955     1499    1688    1431    1012    695     -161    -312    
7180   1965 380     -245    1100    -535    182     1459    437     -468    -856    -421    273     696     1516    1445    1419    1245    518     -454    -433    
7180   1966 302     -591    1132    -1115   228     1638    487     -1497   -1445   -314    10      982     1741    1735    1442    856     461     144     -604    
7180   1967 464     -311    1235    -853    463     1601    770     -1246   -695    48      330     1008    1393    1722    1683    1250    767     295     -1047   
7180   1968 353     -395    1160    -1116   349     1605    306     -1667   -602    -105    369     782     1689    1505    1624    976     173     -227    -301    
7180   1969 331     -525    1171    -828    185     1621    473     -1159   -1045   -634    314     880     1568    1657    1636    948     492     -23     -744    
7180   1970 368     -466    1172    -1034   304     1646    391     -1044   -1343   -206    143     970     1733    1680    1529    955     365     -145    -349    
7180   1971 415     -284    1134    -470    232     1563    343     -297    -797    -524    150     1068    1439    1694    1551    873     384     -228    -426    
7180   1972 528     -357    1275    -666    273     1819    485     -1036   -527    -317    185     949     1726    2021    1706    1032    453     -28     125     
7180   1973 464     -68     1237    -231    409     1778    189     -321    -527    -157    318     1064    1752    2063    1518    679     219     -331    -790    
7180   1974 577     -250    1130    -434    277     1533    646     -430    -44     -108    224     715     1498    1641    1458    1229    552     161     -11     
7180   1975 603     17      1273    -205    503     1612    573     -233    -390    -15     321     1197    1387    1824    1617    1263    408     55      -271    
7180   1976 289     -395    1077    -775    271     1444    286     -1190   -871    -515    202     1122    1246    1573    1507    779     103     -19     -514    
7180   1977 379     -391    1064    -730    297     1469    459     -737    -962    -260    183     963     1432    1530    1444    807     434     138     -522    
7180   1978 281     -372    1090    -844    315     1479    443     -755    -1300   -299    168     1072    1484    1588    1365    842     342     148     -1382   
7180   1979 408     -511    1177    -1144   389     1583    473     -945    -1102   -165    171     1155    1613    1530    1606    961     362     100     -492    
7180   1980 372     -414    1197    -776    181     1642    417     -955    -887    -626    438     739     1756    1696    1476    1064    517     -334    -453    
7180   1981 417     -338    1140    -529    216     1507    525     -462    -689    -645    140     1150    1370    1743    1404    1006    599     -33     -664    
7180   1982 455     -333    1120    -854    407     1484    572     -1215   -665    -42     287     971     1146    1745    1550    991     425     305     -116    
7180   1983 516     -138    1286    -419    479     1594    482     -264    -925    -316    528     1225    1411    1823    1541    1163    542     -260    -391    
7180   1984 511     -286    1219    -527    471     1486    578     -528    -671    -431    484     1360    1416    1579    1460    992     686     52      -317    
7180   1985 246     -508    1108    -1203   275     1540    482     -1712   -1623   -224    88      955     1384    1601    1628    962     655     -176    -730    
7180   1986 413     -402    1190    -961    460     1660    516     -929    -1253   -57     282     1150    1770    1812    1403    697     530     320     -888    
7180   1987 220     -566    1020    -1220   156     1377    445     -1943   -787    -620    227     864     1368    1534    1229    879     654     -206    -609    
7180   1988 490     -225    1294    -515    376     1742    383     -425    -511    -271    144     1248    1753    2028    1445    1117    437     -408    -724    
7180   1989 650     -112    1303    -287    611     1650    554     -104    -7      136     547     1149    1685    1798    1466    1152    488     24      -578    
7180   1990 571     -89     1189    -383    569     1544    394     -603    77      75      642     992     1426    1613    1591    849     504     -176    -173    
