EUROPEAN CLIMATE ASSESSMENT & DATASET (ECA&D), file created on: 13-11-2019
THESE DATA CAN BE USED FOR NON-COMMERCIAL RESEARCH AND EDUCATION PROVIDED THAT THE FOLLOWING SOURCE IS ACKNOWLEDGED: 

Klein Tank, A.M.G. and Coauthors, 2002. Daily dataset of 20th-century surface
air temperature and precipitation series for the European Climate Assessment.
Int. J. of Climatol., 22, 1441-1453.
Data and metadata available at http://www.ecad.eu

FILE FORMAT (MISSING VALUE CODE = -999999):

THIS FILE HOLDS DATA FOR STATION RUSSIAN FEDERATION                       TERNEJ                                   (STAID:   3267)
LATITUDE: dd:mm:ss +45:00:00
LONGITUDE: ddd:mm:ss +136:36:00
ELEVATION: m   51

DATA IS FOR INDEX Mean of daily mean temperature (TG) with unit 0.01 Temperature (&#176;C)

01-06 SOUID: Source identifier
08-11 YEAR : YYYY
13-20 ANNUAL DATA VALUES
21-28 WINTER HALF YEAR DATA VALUES
29-36 SUMMER HALF YEAR DATA VALUES
37-44 WINTER (DJF) DATA VALUES
45-52 SPRING (MAM) DATA VALUES
53-60 SUMMER (JJA) DATA VALUES
61-68 AUTUMN (SON) DATA VALUES
69-76 JANUARY DATA VALUES
etc. 
157-164 DECEMBER DATA VALUES

3267   1923 -999999 -999999 -999999 -999999 -999999 -999999 -999999 -999999 -999999 -999999 -999999 -999999 -999999 -999999 -999999 -999999 -999999 -999999 -999999 
3267   1924 -999999 -999999 -999999 -999999 -999999 -999999 -999999 -999999 -999999 -999999 -999999 -999999 -999999 -999999 -999999 -999999 -999999 -999999 -1138   
3267   1925 -999999 -999999 1233    -1160   188     1647    -999999 -1365   -957    -432    318     683     1420    1625    1887    1447    -999999 -999999 -999999 
3267   1926 -999999 -999999 1147    -999999 189     1488    618     -999999 -999999 -371    93      842     1094    1593    1764    1471    468     -80     -985    
3267   1927 350     -569    1210    -1155   224     1599    730     -1350   -1128   -375    311     738     1164    1815    1805    1401    830     -45     -1064   
3267   1928 352     -449    1230    -1070   271     1614    599     -1125   -1016   -300    354     763     1125    1732    1968    1414    685     -305    -1122   
3267   1929 -999999 -999999 -999999 -999999 -999999 1554    574     -999999 -999999 -379    200     -999999 1078    1762    1808    1197    673     -151    -1089   
3267   1930 -999999 -487    -999999 -1099   -999999 -999999 -999999 -1313   -873    -197    435     -999999 -999999 1786    1809    -999999 -999999 -999999 -999999 
3267   1931 -999999 -999999 -999999 -999999 -999999 -999999 -999999 -999999 -999999 -999999 -999999 -999999 -999999 -999999 -999999 -999999 -999999 -999999 -999999 
3267   1932 -999999 -999999 -999999 -999999 -999999 -999999 -999999 -999999 -999999 -999999 -999999 -999999 -999999 -999999 -999999 -999999 -999999 -999999 -999999 
3267   1933 -999999 -999999 -999999 -999999 -999999 -999999 -999999 -999999 -999999 -999999 -999999 -999999 -999999 -999999 -999999 -999999 -999999 -999999 -999999 
3267   1934 -999999 -999999 -999999 -999999 -999999 -999999 -999999 -999999 -999999 -999999 -999999 -999999 -999999 -999999 -999999 -999999 -999999 -999999 -999999 
3267   1935 -999999 -999999 -999999 -999999 -999999 -999999 -999999 -999999 -999999 -999999 -999999 -999999 -999999 -999999 -999999 -999999 -999999 -999999 -999999 
3267   1936 -999999 -999999 -999999 -999999 -999999 -999999 -999999 -999999 -999999 -999999 -999999 -999999 -999999 -999999 -999999 -999999 -999999 -999999 -999999 
3267   1937 -999999 -999999 -999999 -999999 -999999 -999999 -999999 -999999 -999999 -999999 -999999 -999999 -999999 -999999 -999999 -999999 -999999 -999999 -999999 
3267   1938 -999999 -999999 -999999 -999999 -999999 -999999 -999999 -999999 -999999 -999999 -999999 -999999 -999999 -999999 -999999 -999999 -999999 -999999 -999999 
3267   1939 -999999 -999999 -999999 -999999 -999999 -999999 -999999 -999999 -999999 -999999 -999999 -999999 -999999 -999999 -999999 -999999 -999999 -999999 -999999 
3267   1940 -999999 -999999 1027    -999999 222     1328    576     -999999 -921    -214    170     707     928     1420    1623    1290    610     -174    -875    
3267   1941 179     -581    972     -1128   38      1259    592     -1373   -1138   -577    118     574     965     1265    1538    1355    617     -198    -1075   
3267   1942 210     -609    1050    -1278   173     1403    522     -1413   -1353   -291    232     580     972     1528    1694    1271    671     -379    -1106   
3267   1943 313     -538    1129    -1107   211     1481    603     -1194   -1011   -251    252     635     1082    1567    1782    1434    742     -372    -1000   
3267   1944 248     -539    1140    -1119   191     1524    525     -1347   -1002   -279    126     725     1132    1634    1794    1405    590     -421    -1420   
3267   1945 168     -737    975     -1422   96      1259    664     -1615   -1211   -379    324     349     842     1224    1697    1403    699     -110    -1287   
3267   1946 303     -618    1200    -1256   125     1624    633     -1342   -1126   -572    396     560     1244    1719    1896    1364    689     -156    -1123   
3267   1947 203     -577    1074    -1188   166     1354    579     -1378   -1050   -476    245     733     948     1416    1685    1394    751     -414    -1492   
3267   1948 400     -542    1188    -1128   332     1499    626     -974    -904    -242    446     796     1024    1562    1895    1382    621     -125    -735    
3267   1949 334     -384    1108    -748    82      1478    622     -871    -627    -584    123     710     1065    1517    1837    1370    745     -253    -1088   
3267   1950 291     -504    1177    -1047   120     1634    467     -1183   -853    -419    118     663     1214    1715    1959    1368    465     -432    -1199   
3267   1951 297     -711    1144    -1274   145     1533    583     -1630   -962    -522    197     763     1095    1581    1910    1290    659     -203    -695    
3267   1952 169     -566    1084    -1139   133     1421    508     -1358   -1378   -464    202     663     1037    1406    1807    1367    617     -465    -1454   
3267   1953 196     -686    988     -1349   107     1361    469     -1403   -1172   -281    145     456     971     1435    1665    1235    722     -559    -967    
3267   1954 210     -577    988     -1063   97      1261    572     -1381   -817    -482    211     565     882     1291    1599    1366    607     -259    -1119   
3267   1955 307     -611    1116    -1171   73      1537    621     -1309   -1077   -545    249     519     1039    1677    1877    1310    711     -161    -706    
3267   1956 209     -497    1081    -1070   228     1351    512     -1388   -1119   -349    248     786     982     1386    1672    1393    611     -470    -1284   
3267   1957 313     -618    1062    -1148   182     1372    655     -1059   -1096   -454    309     695     989     1446    1670    1240    695     29      -804    
3267   1958 365     -411    1142    -914    148     1502    654     -1200   -720    -482    221     708     1217    1609    1670    1411    664     -113    -673    
3267   1959 352     -388    1150    -934    303     1461    674     -1476   -621    -120    338     692     1031    1535    1803    1484    835     -302    -1029   
3267   1960 232     -531    1053    -1123   103     1395    590     -1489   -833    -380    156     536     785     1525    1856    1434    501     -160    -1179   
3267   1961 360     -589    1200    -1212   269     1544    669     -1456   -979    -283    352     740     1225    1608    1789    1470    618     -80     -769    
3267   1962 290     -415    1079    -870    152     1392    497     -944    -899    -450    248     662     989     1492    1682    1383    531     -423    -878    
3267   1963 361     -466    1155    -909    357     1435    576     -1127   -703    -221    412     881     1105    1545    1644    1325    690     -290    -994    
3267   1964 282     -485    1054    -1029   251     1387    509     -1011   -1088   -249    261     743     1020    1483    1646    1147    568     -190    -1001   
3267   1965 245     -537    1085    -1059   124     1422    564     -1071   -1111   -460    213     622     1173    1409    1677    1401    718     -434    -1285   
3267   1966 230     -624    1019    -1260   178     1361    616     -1274   -1217   -306    154     685     1022    1440    1609    1182    898     -241    -1290   
3267   1967 291     -499    1091    -1145   230     1427    566     -1251   -866    -270    223     736     971     1423    1871    1296    732     -337    -1120   
3267   1968 364     -492    1114    -1073   307     1423    679     -1187   -900    -158    396     687     1070    1531    1656    1327    579     135     -806    
3267   1969 126     -546    970     -1188   100     1262    497     -1466   -1303   -466    233     538     862     1371    1541    1258    635     -407    -1376   
3267   1970 259     -700    1124    -1267   103     1454    605     -1397   -1003   -670    256     729     1083    1511    1756    1386    587     -158    -1047   
3267   1971 289     -481    988     -989    142     1261    692     -1086   -818    -384    293     521     843     1394    1533    1328    786     -43     -961    
3267   1972 338     -375    1076    -956    278     1407    591     -1071   -829    -153    239     746     1009    1535    1665    1235    750     -217    -902    
3267   1973 330     -423    1141    -892    191     1480    574     -919    -853    -430    299     708     908     1611    1902    1389    564     -231    -1071   
3267   1974 288     -482    1089    -994    233     1396    552     -992    -909    -284    320     666     932     1460    1780    1353    629     -329    -1255   
3267   1975 334     -527    1098    -1087   185     1475    666     -1092   -896    -246    229     573     1163    1520    1733    1352    714     -70     -1049   
3267   1976 320     -434    1157    -1022   341     1462    507     -1191   -813    -206    357     873     1103    1609    1661    1318    677     -479    -1111   
3267   1977 291     -669    1159    -1327   230     1519    661     -1665   -1191   -288    291     690     1031    1745    1751    1419    710     -145    -915    
3267   1978 375     -520    1267    -1148   299     1695    623     -1257   -1284   -251    263     885     1336    1799    1937    1351    539     -17     -919    
3267   1979 332     -490    1130    -1063   184     1538    563     -1281   -981    -312    142     721     1243    1500    1862    1286    752     -356    -692    
3267   1980 272     -503    1062    -1047   191     1391    627     -1349   -1103   -307    135     760     1196    1405    1566    1280    644     -44     -946    
3267   1981 330     -434    1150    -983    301     1454    468     -1174   -813    -295    459     743     1025    1638    1686    1325    642     -570    -794    
3267   1982 382     -519    1209    -996    316     1553    633     -1255   -934    -244    335     858     1259    1475    1914    1392    641     -132    -815    
3267   1983 358     -433    1169    -975    353     1410    665     -1050   -1069   -223    512     775     873     1425    1913    1497    534     -31     -955    
3267   1984 300     -553    1198    -1105   116     1639    566     -1214   -1148   -527    199     678     1295    1688    1923    1383    571     -257    -1041   
3267   1985 320     -550    1205    -1106   302     1526    615     -1491   -750    -341    286     961     1010    1625    1927    1389    670     -214    -1297   
3267   1986 -999999 -572    -999999 -1246   315     1493    -999999 -1436   -981    -200    390     759     1227    1410    1833    -999999 -999999 -999999 -999999 
3267   1987 278     -999999 1153    -999999 244     1511    486     -1353   -957    -345    309     770     1212    1667    1645    1296    660     -503    -1142   
3267   1988 360     -603    1202    -1163   219     1610    655     -1182   -1164   -322    247     731     1269    1586    1964    1393    780     -212    -829    
3267   1989 458     -291    1206    -764    391     1526    686     -897    -546    -67     458     785     1026    1582    1953    1409    682     -33     -919    
3267   1990 512     -380    1290    -1010   497     1619    812     -1456   -616    53      501     937     1247    1742    1855    1436    955     41      -618    
3267   1991 429     -282    1280    -802    379     1583    681     -982    -806    -320    456     1002    1305    1547    1887    1464    751     -174    -1061   
3267   1992 383     -406    1155    -952    334     1447    644     -972    -813    -188    397     795     991     1619    1714    1390    879     -346    -923    
3267   1993 407     -351    1156    -857    351     1445    687     -978    -650    -114    301     863     1073    1562    1688    1429    749     -120    -986    
3267   1994 422     -474    1307    -1069   329     1672    751     -1472   -713    -312    439     864     1142    1800    2056    1516    829     -95     -1059   
3267   1995 464     -388    1238    -963    318     1620    722     -1157   -643    -217    323     849     1169    1810    1867    1384    913     -137    -676    
3267   1996 333     -374    1165    -949    297     1468    643     -1280   -889    -202    389     707     1139    1515    1740    1485    735     -295    -1083   
3267   1997 411     -441    1177    -943    305     1516    648     -1077   -639    -304    463     760     1120    1718    1697    1282    592     73      -809    
3267   1998 404     -393    1260    -1004   498     1495    662     -1484   -689    -55     525     1026    1239    1544    1694    1490    951     -464    -993    
3267   1999 375     -518    1250    -1050   197     1642    650     -1186   -963    -496    290     800     1376    1619    1923    1474    647     -171    -890    
3267   2000 367     -455    1280    -964    247     1668    627     -1116   -880    -342    247     836     1213    1768    2007    1581    682     -385    -1252   
3267   2001 329     -651    1187    -1321   267     1553    730     -1461   -1243   -298    429     676     1287    1561    1804    1351    868     -34     -1092   
3267   2002 397     -288    1217    -848    444     1485    533     -866    -557    -62     420     974     1238    1518    1691    1445    704     -555    -1250   
3267   2003 429     -531    1233    -1106   433     1538    667     -1175   -873    -71     518     855     1305    1505    1798    1404    766     -173    -791    
3267   2004 491     -366    1344    -837    368     1713    779     -998    -712    -306    481     932     1482    1753    1896    1502    724     114     -999    
3267   2005 391     -427    1258    -1052   230     1666    752     -1111   -1046   -285    341     636     1293    1663    2031    1562    775     -81     -1171   
3267   2006 403     -507    1275    -1154   257     1672    696     -1305   -968    -324    196     897     1086    1771    2141    1525    754     -192    -840    
3267   2007 483     -310    1257    -728    280     1623    696     -708    -625    -276    353     765     1324    1596    1940    1546    746     -207    -733    
3267   2008 434     -349    1248    -903    396     1627    680     -1256   -706    46      421     722     1283    1728    1858    1459    771     -193    -960    
3267   2009 375     -425    1198    -956    366     1466    634     -1034   -866    -305    434     971     1130    1477    1780    1376    831     -310    -1065   
3267   2010 395     -524    1296    -1099   179     1756    727     -1141   -1091   -416    202     753     1411    1744    2092    1557    693     -66     -1056   
3267   2011 399     -438    1224    -1015   245     1629    736     -1308   -646    -253    418     576     1156    1690    2025    1455    801     -50     -1129   
3267   2012 350     -531    1258    -1209   257     1602    776     -1401   -1088   -336    307     801     1200    1690    1902    1628    743     -40     -1245   
3267   2013 415     -540    1259    -1204   208     1700    753     -1351   -994    -377    346     660     1287    1849    1950    1438    770     51      -739    
