EUROPEAN CLIMATE ASSESSMENT & DATASET (ECA&D), file created on: 13-11-2019
THESE DATA CAN BE USED FOR NON-COMMERCIAL RESEARCH AND EDUCATION PROVIDED THAT THE FOLLOWING SOURCE IS ACKNOWLEDGED: 

Klein Tank, A.M.G. and Coauthors, 2002. Daily dataset of 20th-century surface
air temperature and precipitation series for the European Climate Assessment.
Int. J. of Climatol., 22, 1441-1453.
Data and metadata available at http://www.ecad.eu

FILE FORMAT (MISSING VALUE CODE = -999999):

THIS FILE HOLDS DATA FOR STATION NORWAY                                   E136 TRESFJORDBRUA                       (STAID:  18329)
LATITUDE: dd:mm:ss +62:36:39
LONGITUDE: ddd:mm:ss +007:06:48
ELEVATION: m   20

DATA IS FOR INDEX Mean of daily mean temperature (TG) with unit 0.01 Temperature (&#176;C)

01-06 SOUID: Source identifier
08-11 YEAR : YYYY
13-20 ANNUAL DATA VALUES
21-28 WINTER HALF YEAR DATA VALUES
29-36 SUMMER HALF YEAR DATA VALUES
37-44 WINTER (DJF) DATA VALUES
45-52 SPRING (MAM) DATA VALUES
53-60 SUMMER (JJA) DATA VALUES
61-68 AUTUMN (SON) DATA VALUES
69-76 JANUARY DATA VALUES
etc. 
157-164 DECEMBER DATA VALUES

18329  1973 -999999 -999999 -999999 -999999 -999999 -999999 565     -999999 -999999 -999999 -999999 -999999 -999999 -999999 -999999 973     549     172     147     
18329  1974 745     330     1084    318     616     1276    694     520     284     297     566     983     1278    1248    1302    1120    573     393     349     
18329  1975 725     376     1022    335     501     1288    789     321     336     281     418     801     1072    1322    1464    1037    791     538     293     
18329  1976 643     315     1027    147     526     1309    692     -39     192     115     356     1101    1205    1378    1340    758     815     498     -26     
18329  1977 617     236     930     -87     483     1205    709     -95     -146    343     296     805     1053    1230    1329    849     877     395     395     
18329  1978 601     309     1031    106     533     1318    663     112     -220    245     388     963     1277    1381    1294    867     719     400     -274    
18329  1979 569     131     976     -188    480     1243    615     -242    -33     207     445     786     1259    1207    1263    882     621     340     59      
18329  1980 627     190     1114    2       516     1389    576     -70     19      165     509     873     1364    1437    1365    1123    496     113     113     
18329  1981 574     150     1024    48      537     1170    680     53      -29     134     369     1104    1021    1250    1233    1151    619     272     -329    
18329  1982 699     199     1042    -60     605     1296    759     -130    316     459     440     911     1111    1385    1386    998     818     460     202     
18329  1983 661     341     1025    166     576     1219    652     242     44      257     490     979     1091    1316    1245    1013    634     311     261     
18329  1984 668     224     1032    112     530     1235    759     -134    215     60      565     966     1140    1275    1285    944     745     588     357     
18329  1985 563     283     990     55      483     1288    547     -162    -37     185     332     926     1138    1378    1343    800     851     -21     -30     
18329  1986 594     114     974     -190    567     1258    684     -285    -263    393     282     1017    1252    1256    1265    752     770     527     98      
18329  1987 614     195     988     -65     493     1202    760     -323    42      54      671     759     1044    1343    1215    883     1005    383     250     
18329  1988 694     357     1091    222     452     1380    707     229     185     81      266     1002    1209    1545    1378    1123    667     331     286     
18329  1989 745     425     1036    379     631     1231    745     494     354     405     623     866     1189    1267    1237    1024    688     523     243     
18329  1990 779     456     1078    373     634     1337    733     360     531     402     595     904     1324    1297    1389    947     815     435     331     
18329  1991 722     385     1060    206     585     1352    725     289     -25     429     624     702     1047    1535    1464    973     670     534     356     
18329  1992 -999999 433     1116    353     630     1344    605     421     277     335     436     1112    1488    1281    1269    1101    371     344     -999999 
18329  1993 -999999 -999999 -999999 -999999 -999999 -999999 -999999 -999999 -999999 -999999 -999999 -999999 -999999 -999999 -999999 -999999 -999999 -999999 -999999 
18329  1994 -999999 -999999 -999999 -999999 -999999 -999999 -999999 -999999 -999999 -999999 -999999 -999999 -999999 -999999 -999999 -999999 -999999 -999999 -999999 
18329  1995 -999999 -999999 -999999 -999999 -999999 -999999 -999999 -999999 -999999 -999999 -999999 -999999 -999999 -999999 -999999 -999999 -999999 -999999 -999999 
18329  1996 -999999 -999999 -999999 -999999 -999999 -999999 -999999 -999999 -999999 -999999 -999999 -999999 -999999 -999999 -999999 -999999 -999999 -999999 -999999 
18329  1997 -999999 -999999 -999999 -999999 -999999 -999999 -999999 -999999 -999999 -999999 -999999 -999999 -999999 -999999 -999999 -999999 -999999 -999999 -999999 
18329  1998 -999999 -999999 -999999 -999999 -999999 -999999 -999999 -999999 -999999 -999999 -999999 -999999 -999999 -999999 -999999 -999999 -999999 -999999 -999999 
18329  1999 -999999 -999999 -999999 -999999 -999999 -999999 -999999 -999999 -999999 -999999 -999999 -999999 -999999 -999999 -999999 -999999 743     685     -18     
18329  2000 752     352     1056    166     583     1210    951     313     207     185     544     1019    1056    1314    1257    1134    1024    693     259     
18329  2001 652     350     1040    110     460     1275    796     207     -164    38      467     875     1109    1362    1349    1065    891     428     131     
18329  2002 767     373     1310    217     744     1573    567     298     224     255     788     1190    1504    1505    1706    1147    443     117     -8      
18329  2003 793     235     1200    99      696     1516    744     109     207     538     645     903     1386    1701    1456    1093    516     631     295     
18329  2004 763     360     1152    200     710     1347    759     91      214     413     760     960     1168    1344    1523    1143    731     405     380     
18329  2005 749     377     1096    286     567     1335    872     330     134     264     656     785     1161    1532    1307    1122    938     552     164     
18329  2006 822     357     1217    249     477     1483    915     362     218     -102    521     1012    1204    1577    1658    1311    805     634     617     
18329  2007 716     464     1096    281     648     1398    662     206     -9      491     596     854     1358    1530    1303    921     735     326     219     
18329  2008 773     352     1177    275     595     1443    769     276     332     219     596     971     1288    1592    1443    1155    731     423     238     
18329  2009 -999999 364     -999999 201     779     -999999 -999999 301     48      414     834     1091    1239    -999999 -999999 -999999 -999999 -999999 -999999 
18329  2010 -999999 -999999 -999999 -999999 -999999 -999999 -999999 -999999 -999999 -999999 -999999 -999999 -999999 -999999 -999999 -999999 -999999 -999999 -999999 
18329  2011 -999999 -999999 -999999 -999999 -999999 -999999 -999999 -999999 -999999 -999999 -999999 -999999 -999999 -999999 -999999 -999999 -999999 -999999 -999999 
18329  2012 -999999 -999999 -999999 -999999 -999999 -999999 -999999 -999999 -999999 -999999 -999999 -999999 -999999 -999999 -999999 -999999 -999999 -999999 -999999 
18329  2013 -999999 -999999 -999999 -999999 -999999 -999999 -999999 -999999 -999999 -999999 -999999 -999999 -999999 -999999 -999999 -999999 -999999 -999999 -999999 
18329  2014 -999999 -999999 -999999 -999999 -999999 -999999 -999999 -999999 -999999 -999999 -999999 -999999 -999999 -999999 -999999 -999999 -999999 -999999 -999999 
18329  2015 -999999 -999999 -999999 -999999 -999999 -999999 -999999 -999999 -999999 -999999 -999999 -999999 -999999 -999999 -999999 -999999 -999999 -999999 -999999 
18329  2016 -999999 -999999 -999999 -999999 -999999 -999999 -999999 -999999 -999999 -999999 -999999 -999999 -999999 1456    1346    -999999 -999999 426     576     
18329  2017 -999999 -999999 -999999 -999999 -999999 1348    -999999 -999999 -999999 -999999 486     957     1224    1405    1410    1313    -999999 456     261     
18329  2018 -999999 -999999 -999999 231     -999999 1382    -999999 244     185     39      564     1281    1194    1587    1351    1227    -999999 699     352     
18329  2019 -999999 -999999 -999999 -999999 647     1438    -999999 146     428     329     869     785     1347    1480    1495    1060    -999999 -999999 -999999 
