EUROPEAN CLIMATE ASSESSMENT & DATASET (ECA&D), file created on: 13-11-2019
THESE DATA CAN BE USED FOR NON-COMMERCIAL RESEARCH AND EDUCATION PROVIDED THAT THE FOLLOWING SOURCE IS ACKNOWLEDGED: 

Klein Tank, A.M.G. and Coauthors, 2002. Daily dataset of 20th-century surface
air temperature and precipitation series for the European Climate Assessment.
Int. J. of Climatol., 22, 1441-1453.
Data and metadata available at http://www.ecad.eu

FILE FORMAT (MISSING VALUE CODE = -999999):

THIS FILE HOLDS DATA FOR STATION AUSTRIA                                  PATSCHERKOFEL                            (STAID:   2220)
LATITUDE: dd:mm:ss +47:13:12
LONGITUDE: ddd:mm:ss +011:28:12
ELEVATION: m 2247

DATA IS FOR INDEX Mean of daily mean temperature (TG) with unit 0.01 Temperature (&#176;C)

01-06 SOUID: Source identifier
08-11 YEAR : YYYY
13-20 ANNUAL DATA VALUES
21-28 WINTER HALF YEAR DATA VALUES
29-36 SUMMER HALF YEAR DATA VALUES
37-44 WINTER (DJF) DATA VALUES
45-52 SPRING (MAM) DATA VALUES
53-60 SUMMER (JJA) DATA VALUES
61-68 AUTUMN (SON) DATA VALUES
69-76 JANUARY DATA VALUES
etc. 
157-164 DECEMBER DATA VALUES

2220   1967 -999999 -999999 -999999 -999999 -999999 -999999 -999999 -999999 -999999 -999999 -999999 -999999 -999999 993     846     495     505     -999999 -999999 
2220   1968 -999999 -999999 -999999 -999999 -999999 -999999 -999999 -999999 -999999 -999999 -999999 180     -999999 -999999 -999999 -999999 452     -999999 -999999 
2220   1969 -999999 -999999 -999999 -999999 -999999 -999999 -999999 -999999 -999999 -517    -999999 -999999 362     -999999 -999999 -999999 556     -999999 -999999 
2220   1970 -999999 -999999 -999999 -999999 -999999 -999999 -999999 -999999 -999999 -999999 -999999 -999999 -999999 -999999 -999999 -999999 -999999 -999999 -999999 
2220   1971 -999999 -999999 -999999 -999999 -999999 -999999 -999999 -999999 -999999 -999999 -999999 -999999 -999999 -999999 -999999 -999999 -999999 -999999 -999999 
2220   1972 -999999 -999999 -999999 -999999 -999999 -999999 -999999 -999999 -999999 -999999 -999999 -999999 -999999 -999999 -999999 -999999 -999999 -999999 -999999 
2220   1973 -999999 -999999 -999999 -999999 -999999 -999999 -999999 -999999 -999999 -999999 -999999 290     -999999 668     -999999 -999999 108     -999999 -999999 
2220   1974 -999999 -999999 -999999 -999999 -999999 -999999 -999999 -999999 -999999 -999999 -999999 -999999 -999999 -999999 933     -999999 -999999 -999999 -999999 
2220   1975 -999999 -999999 -999999 -999999 -999999 -999999 -999999 -999999 -999999 -999999 -999999 -999999 -999999 807     -999999 -999999 191     -999999 -999999 
2220   1976 -999999 -999999 -999999 -999999 -999999 -999999 -999999 -999999 -999999 -667    -204    300     -999999 887     -999999 -999999 -999999 -999999 -999999 
2220   1977 -999999 -999999 -999999 -999999 -999999 -999999 -999999 -999999 -999999 -228    -378    -999999 572     -999999 -999999 -999999 441     -999999 -999999 
2220   1978 -999999 -999999 -999999 -999999 -999999 -999999 -999999 -999999 -999999 -999999 -999999 -38     448     642     -999999 523     338     80      -999999 
2220   1979 -999999 -999999 -999999 -999999 -999999 -999999 -999999 -999999 -999999 -475    -476    170     -999999 696     669     604     323     -999999 -999999 
2220   1980 -999999 -999999 -999999 -999999 -999999 -999999 -999999 -999999 -999999 -546    -999999 -9      -999999 588     -999999 -999999 -999999 -999999 -999999 
2220   1981 -999999 -999999 -999999 -999999 -999999 -999999 -999999 -999999 -999999 -999999 22      216     643     671     818     -999999 -999999 -999999 -999999 
2220   1982 -999999 -999999 -999999 -999999 -999999 -999999 -999999 -999999 -999999 -605    -397    198     691     994     790     852     137     -114    -536    
2220   1983 -999999 -999999 -999999 -637    -143    -999999 284     -376    -1041   -363    -204    131     656     1224    787     633     262     -82     -586    
2220   1984 -72     -509    304     -812    -399    651     244     -839    -1010   -753    -415    -41     456     783     717     367     274     86      -432    
2220   1985 15      -999999 489     -999999 -223    732     177     -1128   -705    -640    -316    271     399     983     793     779     358     -633    -204    
2220   1986 37      -999999 494     -999999 -99     712     311     -911    -1088   -456    -353    504     547     785     796     654     404     -113    -453    
2220   1987 39      -405    463     -625    -372    717     341     -868    -538    -893    -164    -86     455     880     815     896     379     -293    -245    
2220   1988 69      -350    522     -481    -145    763     228     -465    -746    -742    -92     400     483     908     889     545     427     -331    -543    
2220   1989 165     -150    422     -299    -47     664     216     -95     -273    -144    -263    249     342     841     792     535     330     -249    -203    
2220   1990 -999999 -999999 463     -999999 -53     792     177     -350    -236    -194    -353    392     550     845     950     416     409     -346    -842    
2220   1991 -999999 -999999 -999999 -681    -262    -999999 -999999 -416    -826    -189    -371    -235    513     952     1013    767     166     -999999 -470    
2220   1992 -999999 -999999 581     -999999 -103    904     141     -363    -526    -472    -262    413     572     961     1179    590     -86     -96     -380    
2220   1993 75      -999999 508     -413    -77     748     28      -357    -508    -659    -99     487     688     663     889     385     134     -424    -431    
2220   1994 174     -999999 574     -999999 -47     950     265     -518    -711    -131    -339    342     655     1135    1042    570     180     57      -341    
2220   1995 20      -349    427     -544    -219    751     169     -875    -402    -705    -195    245     388     1124    730     245     670     -426    -623    
2220   1996 -14     -378    417     -622    -172    742     -41     -343    -919    -673    -154    312     771     729     726     111     114     -353    -506    
2220   1997 130     -272    500     -389    -123    765     276     -287    -372    -239    -453    313     620     704     972     846     196     -210    -540    
2220   1998 65      -292    510     -395    -170    849     -28     -490    -132    -561    -242    306     700     888     957     439     113     -637    -560    
2220   1999 -999999 -481    563     -643    -59     783     223     -444    -969    -437    -207    461     554     922     867     762     263     -422    -999999 
2220   2000 -999999 -999999 -999999 -999999 -999999 -999999 -999999 -999999 -999999 -999999 -999999 -999999 -999999 -999999 -999999 -999999 -999999 -999999 -999999 
2220   2001 -999999 -999999 -999999 -999999 -999999 -999999 -999999 -999999 -999999 -247    -999999 -999999 -999999 -999999 -999999 -999999 -999999 -999999 -999999 
2220   2002 -999999 -999999 -999999 -999999 -999999 -999999 155     -999999 -999999 -328    -999999 -999999 972     908     874     469     178     -151    -383    
2220   2003 170     -372    738     -662    1       1180    147     -790    -829    -305    -247    537     1186    1073    1281    576     -115    -37     -465    
2220   2004 49      -452    481     -669    -191    784     237     -905    -633    -501    -163    91      604     809     934     611     400     -306    -358    
2220   2005 20      -422    532     -731    -63     758     274     -746    -1126   -459    -125    391     767     839     670     639     528     -353    -872    
2220   2006 -999999 -999999 -999999 -999999 -999999 -999999 -999999 -707    -999999 -999999 -999999 -999999 -999999 -999999 -999999 -999999 -999999 -999999 -999999 
