EUROPEAN CLIMATE ASSESSMENT & DATASET (ECA&D), file created on: 13-11-2019
THESE DATA CAN BE USED FOR NON-COMMERCIAL RESEARCH AND EDUCATION PROVIDED THAT THE FOLLOWING SOURCE IS ACKNOWLEDGED: 

Klein Tank, A.M.G. and Coauthors, 2002. Daily dataset of 20th-century surface
air temperature and precipitation series for the European Climate Assessment.
Int. J. of Climatol., 22, 1441-1453.
Data and metadata available at http://www.ecad.eu

FILE FORMAT (MISSING VALUE CODE = -999999):

THIS FILE HOLDS DATA FOR STATION SWEDEN                                   MALUNG_A                                 (STAID:   5564)
LATITUDE: dd:mm:ss +60:40:48
LONGITUDE: ddd:mm:ss +013:42:36
ELEVATION: m  306

DATA IS FOR INDEX Mean of daily mean temperature (TG) with unit 0.01 Temperature (&#176;C)

01-06 SOUID: Source identifier
08-11 YEAR : YYYY
13-20 ANNUAL DATA VALUES
21-28 WINTER HALF YEAR DATA VALUES
29-36 SUMMER HALF YEAR DATA VALUES
37-44 WINTER (DJF) DATA VALUES
45-52 SPRING (MAM) DATA VALUES
53-60 SUMMER (JJA) DATA VALUES
61-68 AUTUMN (SON) DATA VALUES
69-76 JANUARY DATA VALUES
etc. 
157-164 DECEMBER DATA VALUES

5564   1949 -999999 -999999 -999999 -999999 -999999 -999999 -999999 -999999 -999999 -999999 -999999 -999999 -999999 -999999 -999999 -999999 -999999 -999999 -999999 
5564   1950 -999999 -999999 -999999 -999999 335     -999999 265     -1021   -559    -175    301     878     1267    -999999 -999999 824     415     -451    -827    
5564   1951 306     -538    942     -815    -13     1306    498     -1041   -550    -770    113     621     1179    1327    1406    989     457     50      -160    
5564   1952 186     -269    908     -505    199     1217    38      -799    -559    -608    455     760     1081    1412    1154    565     134     -587    -793    
5564   1953 413     -513    1025    -913    408     1395    527     -986    -965    72      298     849     1518    1396    1275    799     667     109     -173    
5564   1954 260     -278    950     -774    314     1260    257     -990    -1200   -161    119     976     1212    1359    1209    799     239     -267    -292    
5564   1955 185     -475    953     -734    -42     1411    349     -850    -1096   -637    9       505     1065    1695    1463    954     236     -139    -1068   
5564   1956 145     -623    885     -1126   140     1192    155     -1108   -1205   -474    26      865     1165    1398    1013    821     271     -629    -459    
5564   1957 282     -388    883     -519    140     1253    269     -491    -615    -435    133     723     1064    1460    1230    664     353     -212    -561    
5564   1958 174     -576    921     -926    -45     1275    478     -929    -1327   -841    43      666     1219    1387    1217    975     552     -96     -875    
5564   1959 357     -407    1046    -941    347     1429    396     -1301   -614    -120    306     855     1311    1588    1385    809     334     48      -378    
5564   1960 255     -402    992     -822    264     1322    261     -930    -1180   -345    183     949     1387    1354    1227    832     84      -126    -426    
5564   1961 346     -302    980     -607    360     1293    540     -926    -454    29      243     805     1387    1367    1129    940     772     -98     -1085   
5564   1962 129     -442    816     -797    -68     1127    260     -754    -527    -957    185     578     1099    1205    1075    742     431     -398    -1158   
5564   1963 165     -765    1012    -1327   154     1342    336     -1414   -1418   -686    201     949     1290    1394    1340    878     439     -313    -786    
5564   1964 276     -396    944     -694    282     1188    312     -593    -704    -434    345     937     1151    1277    1134    802     334     -200    -767    
5564   1965 159     -418    909     -721    127     1193    230     -666    -730    -499    243     643     1220    1215    1145    977     418     -711    -1393   
5564   1966 146     -833    923     -1453   79      1384    295     -1380   -1601   -402    -138    771     1483    1475    1198    727     284     -126    -663    
5564   1967 285     -403    953     -870    295     1304    509     -1403   -510    -3      176     708     1191    1416    1303    905     487     137     -1018   
5564   1968 147     -513    987     -1165   244     1366    72      -1435   -1033   -226    356     607     1464    1375    1264    850     165     -803    -852    
5564   1969 179     -735    1042    -968    9       1491    188     -747    -1343   -891    156     768     1508    1493    1474    832     437     -713    -939    
5564   1970 153     -752    959     -1284   121     1393    211     -1293   -1655   -433    -27     816     1569    1311    1304    760     366     -500    -518    
5564   1971 291     -370    933     -508    149     1266    198     -588    -408    -578    124     902     1188    1412    1195    756     380     -549    -400    
5564   1972 352     -407    982     -681    230     1402    325     -1122   -510    -250    147     791     1340    1632    1231    728     373     -129    -40     
5564   1973 303     -78     965     -237    287     1410    3       -190    -505    -18     68      803     1392    1614    1225    665     -12     -643    -827    
5564   1974 395     -382    968     -457    295     1236    325     -297    -224    -279    363     803     1199    1266    1240    924     218     -164    -344    
5564   1975 425     -245    1037    -438    246     1424    461     -269    -730    -223    84      873     1175    1600    1490    970     421     -8      -383    
5564   1976 212     -363    966     -662    162     1375    175     -1100   -491    -615    194     906     1298    1479    1345    544     221     -243    -1004   
5564   1977 235     -510    861     -953    147     1267    324     -855    -1005   -210    -107    748     1288    1299    1215    701     484     -218    -616    
5564   1978 182     -423    910     -821    182     1277    341     -654    -1233   -375    58      860     1330    1331    1172    691     339     -5      -1421   
5564   1979 150     -647    939     -1325   191     1305    220     -1354   -1187   -285    116     738     1442    1303    1174    844     159     -340    -888    
5564   1980 169     -705    1053    -1113   145     1384    117     -1221   -1238   -723    314     850     1407    1473    1275    987     97      -731    -513    
5564   1981 171     -577    987     -766    188     1289    288     -1004   -784    -555    160     959     1130    1451    1280    920     275     -332    -1505   
5564   1982 314     -623    1006    -1206   300     1366    442     -1341   -725    -110    234     774     1111    1606    1371    915     384     29      -540    
5564   1983 390     -255    1041    -586    322     1392    393     -353    -894    -208    300     874     1223    1578    1369    876     452     -152    -485    
5564   1984 342     -408    1014    -743    261     1334    422     -1181   -552    -531    339     977     1247    1407    1346    745     538     -20     -238    
5564   1985 73      -507    920     -1066   158     1316    191     -1452   -1554   -400    18      851     1260    1401    1285    678     506     -620    -1221   
5564   1986 229     -651    905     -1235   248     1333    351     -1147   -1347   -141    -52     926     1518    1446    1040    526     386     141     -662    
5564   1987 115     -618    877     -1145   40      1184    377     -1853   -895    -830    276     682     1047    1447    1054    737     557     -168    -731    
5564   1988 334     -239    1054    -441    171     1436    184     -180    -409    -514    43      981     1527    1513    1269    973     183     -604    -808    
5564   1989 475     -199    1040    -289    417     1364    401     -17     -16     76      249     922     1316    1507    1267    963     355     -114    -841    
5564   1990 479     -103    1021    -352    493     1352    258     -303    134     175     365     934     1291    1407    1357    749     378     -357    -415    
5564   1991 376     -298    994     -609    369     1334    381     -597    -835    -11     341     777     959     1632    1399    826     392     -75     -392    
5564   1992 415     -117    1024    -362    427     1364    181     -329    -367    56      93      1121    1468    1414    1213    812     -9      -252    -271    
5564   1993 305     -248    906     -343    400     1144    147     -351    -415    -209    361     1047    1029    1337    1063    577     172     -309    -692    
5564   1994 313     -554    1050    -978    303     1456    288     -890    -1391   -288    379     820     1118    1898    1341    711     224     -70     -229    
5564   1995 305     -225    990     -450    217     1410    362     -743    -369    -168    101     714     1358    1467    1405    874     664     -463    -1221   
5564   1996 241     -544    949     -1038   153     1381    328     -877    -1014   -384    264     582     1278    1355    1507    687     575     -286    -851    
5564   1997 438     -247    1116    -594    293     1603    319     -546    -364    -25     194     708     1390    1687    1725    966     178     -182    -530    
5564   1998 388     -215    978     -371    322     1238    276     -393    -170    -186    212     936     1181    1372    1159    993     265     -429    -326    
5564   1999 405     -323    1083    -535    325     1387    613     -617    -675    -191    430     740     1362    1582    1215    1161    463     220     -883    
5564   2000 498     -204    1009    -592    407     1282    637     -427    -459    -142    343     1018    1191    1386    1267    825     732     350     -149    
5564   2001 310     -204    1033    -571    167     1389    471     -607    -999    -610    227     884     1212    1601    1346    899     575     -64     -844    
5564   2002 377     -262    1205    -659    455     1585    180     -839    -256    -138    453     1052    1438    1598    1715    947     52      -455    -1074   
5564   2003 414     -473    1091    -824    378     1480    336     -733    -647    4       261     865     1341    1724    1372    959     72      -13     -305    
5564   2004 415     -258    1084    -489    430     1349    371     -709    -450    -148    480     958     1214    1394    1435    1006    384     -277    -342    
5564   2005 448     -216    1054    -320    234     1393    497     -118    -519    -455    436     728     1227    1613    1333    970     389     137     -427    
5564   2006 467     -328    1169    -547    61      1581    603     -531    -699    -856    205     838     1465    1738    1535    1212    558     41      15      
5564   2007 421     -75     1074    -398    493     1419    345     -536    -701    116     480     883     1431    1447    1381    808     405     -181    -556    
5564   2008 459     -143    1047    -279    354     1380    378     -157    -113    -257    404     918     1361    1568    1210    804     475     -147    -576    
5564   2009 359     -331    1091    -719    429     1353    431     -627    -978    -187    547     930     1216    1469    1370    998     85      220     -815    
5564   2010 135     -550    1041    -1099   266     1433    148     -1393   -1089   -335    323     811     1268    1637    1388    793     276     -628    -1508   
5564   2011 467     -644    1180    -1085   429     1480    579     -771    -965    -297    711     882     1466    1599    1373    1039    531     167     -226    
5564   2012 347     -105    969     -515    434     1291    393     -711    -615    198     219     879     1128    1437    1303    823     242     118     -891    
5564   2013 393     -469    1090    -812    199     1434    424     -930    -594    -755    203     1149    1335    1588    1376    859     420     -7      1       
5564   2014 535     -4      1113    -211    515     1452    562     -591    -24     173     464     908     1218    1811    1318    932     625     128     -580    
5564   2015 481     -71     1002    -413    368     1315    481     -398    -246    35      387     683     1169    1406    1365    988     399     57      -117    
5564   2016 443     -177    1119    -548    483     1376    466     -1097   -421    110     334     1000    1362    1495    1273    1239    316     -151    -164    
5564   2017 390     -178    997     -408    357     1297    421     -663    -397    -30     184     912     1248    1389    1252    978     435     -151    -537    
5564   2018 439     -383    1234    -648    331     1589    487     -647    -770    -660    252     1398    1432    1947    1383    961     455     48      -622    
5564   2019 -999999 -212    1092    -551    358     1483    -999999 -763    -238    -144    435     785     1451    1538    1460    869     289     -999999 -999999 
