EUROPEAN CLIMATE ASSESSMENT & DATASET (ECA&D), file created on: 13-11-2019
THESE DATA CAN BE USED FOR NON-COMMERCIAL RESEARCH AND EDUCATION PROVIDED THAT THE FOLLOWING SOURCE IS ACKNOWLEDGED: 

Klein Tank, A.M.G. and Coauthors, 2002. Daily dataset of 20th-century surface
air temperature and precipitation series for the European Climate Assessment.
Int. J. of Climatol., 22, 1441-1453.
Data and metadata available at http://www.ecad.eu

FILE FORMAT (MISSING VALUE CODE = -999999):

THIS FILE HOLDS DATA FOR STATION DENMARK                                  ODENSE LUFTHAVN                          (STAID:    675)
LATITUDE: dd:mm:ss +55:28:48
LONGITUDE: ddd:mm:ss +010:19:48
ELEVATION: m   15

DATA IS FOR INDEX Mean of daily mean temperature (TG) with unit 0.01 Temperature (&#176;C)

01-06 SOUID: Source identifier
08-11 YEAR : YYYY
13-20 ANNUAL DATA VALUES
21-28 WINTER HALF YEAR DATA VALUES
29-36 SUMMER HALF YEAR DATA VALUES
37-44 WINTER (DJF) DATA VALUES
45-52 SPRING (MAM) DATA VALUES
53-60 SUMMER (JJA) DATA VALUES
61-68 AUTUMN (SON) DATA VALUES
69-76 JANUARY DATA VALUES
etc. 
157-164 DECEMBER DATA VALUES

675    1958 -999999 -999999 -999999 -999999 -999999 -999999 -999999 -999999 -41     -61     424     1087    -999999 1656    1576    1435    1028    546     277     
675    1959 906     -999999 1394    141     831     1673    937     41      98      502     819     1173    1451    1799    1761    1346    929     522     311     
675    1960 809     340     1280    100     675     1535    924     66      -85     273     599     1151    1496    1520    1589    1310    893     567     279     
675    1961 869     459     1306    225     841     1492    1011    16      397     633     831     1051    1518    1496    1459    1458    1132    439     -21     
675    1962 717     327     1149    124     518     1372    868     228     165     -4      661     901     1312    1385    1418    1209    982     410     -92     
675    1963 672     50      1263    -369    560     1531    969     -528    -499    -13     559     1133    1476    1574    1540    1280    897     700     -138    
675    1964 748     225     1266    -44     633     1459    849     -19     27      -40     774     1169    1402    1481    1494    1274    738     537     145     
675    1965 694     274     1163    66      558     1364    800     119     -87     151     604     922     1366    1327    1399    1353    905     141     58      
675    1966 782     194     -999999 -70     -999999 1522    882     -180    -89     325     -999999 1174    1556    1541    1470    1277    982     385     211     
675    1967 872     413     1292    183     761     1536    1005    73      274     538     559     1180    1385    1628    1591    1392    1082    539     178     
675    1968 795     348     1308    13      701     1557    995     -27     -120    412     777     932     1528    1495    1648    1451    998     566     -88     
675    1969 758     211     1332    -98     530     1639    1009    17      -236    -23     578     1054    1491    1718    1708    1446    1092    488     -233    
675    1970 757     156     1276    -255    558     1597    910     -265    -268    90      408     1171    1681    1526    1587    1269    937     523     309     
675    1971 864     374     1292    209     658     1552    910     50      285     114     611     1212    1356    1665    1628    1262    979     487     561     
675    1972 816     388     1270    -999999 727     1573    827     -146    41      401     680     1097    1380    1765    1573    1121    798     563     429     
675    1973 856     474     1308    297     719     1624    831     184     290     553     517     1081    1509    1755    1607    1375    743     374     156     
675    1974 882     402     1272    289     745     1483    874     341     363     406     801     1030    1388    1479    1581    1346    701     580     470     
675    1975 927     463     1380    383     674     1706    927     493     181     331     582     1107    1427    1739    1941    1461    884     437     385     
675    1976 824     314     1348    170     583     1690    916     86      57      24      607     1137    1520    1825    1719    1253    981     512     23      
675    1977 870     341     1290    -999999 714     1624    960     -48     53      430     572     1135    1561    1641    1669    1143    1077    647     341     
675    1978 823     393     1251    72      713     1513    1009    90      -208    351     552     1231    1608    1395    1537    1170    1034    822     72      
675    1979 708     246     1225    -999999 604     1465    853     -372    -362    174     541     1094    1485    1408    1503    1287    797     476     266     
675    1980 -999999 -999999 -999999 -999999 591     -999999 861     -194    -33     123     603     1019    1508    1616    1583    1344    830     456     -999999 
675    1981 752     -999999 1287    -999999 746     1497    895     -39     61      359     587     1285    1395    1540    1554    1376    803     526     -490    
675    1982 835     145     1339    -317    730     1615    1020    -383    -73     410     686     1083    1432    1697    1709    1413    1024    635     239     
675    1983 880     461     1346    212     729     1646    912     452     -63     410     691     1085    1460    1753    1718    1352    952     429     120     
675    1984 831     304     1274    86      638     1554    965     99      39      137     662     1099    1386    1573    1699    1210    1087    595     257     
675    1985 716     215     1270    -212    627     1537    823     -534    -347    143     578     1140    1389    1604    1612    1258    1046    178     310     
675    1986 755     197     1228    -83     604     1526    929     -87     -459    169     476     1201    1447    1645    1487    1105    977     701     338     
675    1987 708     -999999 1189    -999999 486     1407    926     -445    -4      -158    714     923     1213    1532    1469    1236    946     595     294     
675    1988 900     461     1364    -999999 699     1645    885     367     265     255     647     1208    1647    1681    1606    1368    883     406     450     
675    1989 963     569     1345    491     839     1592    991     507     522     635     661     1208    1470    1692    1605    1441    1086    457     261     
675    1990 980     596     1359    443     918     1615    924     449     638     688     779     1261    1492    1624    1724    1259    1023    498     279     
675    1991 874     430     1311    172     720     1591    957     237     -16     512     680     984     1250    1765    1747    1397    913     561     357     
675    1992 938     506     1409    351     810     1724    861     271     424     501     673     1266    1678    1803    1689    1330    690     558     333     
675    1993 821     401     1299    263     829     1496    694     279     169     362     779     1327    1438    1552    1497    1163    735     216     293     
675    1994 926     333     1392    208     800     1685    934     337     -48     424     830     1135    1400    1954    1692    1327    812     673     429     
675    1995 856     453     1354    289     693     1680    985     54      401     357     682     1039    1395    1779    1857    1353    1180    415     -271    
675    1996 722     156     1270    -237    577     1583    873     -166    -276    36      751     951     1420    1511    1813    1160    971     485     -26     
675    1997 889     357     1390    68      709     1762    894     -119    377     461     617     1045    1509    1755    2015    1375    838     470     284     
675    1998 874     482     1322    378     799     1524    837     304     565     439     726     1228    1500    1515    1555    1396    901     211     131     
675    1999 906     339     1376    151     788     1571    1054    246     64      439     810     1115    1355    1700    1655    1632    977     575     272     
675    2000 -999999 -999999 -999999 -999999 -999999 -999999 -999999 311     -999999 -999999 -999999 -999999 -999999 -999999 -999999 -999999 -999999 -999999 -999999 
