EUROPEAN CLIMATE ASSESSMENT & DATASET (ECA&D), file created on: 13-11-2019
THESE DATA CAN BE USED FOR NON-COMMERCIAL RESEARCH AND EDUCATION PROVIDED THAT THE FOLLOWING SOURCE IS ACKNOWLEDGED: 

Klein Tank, A.M.G. and Coauthors, 2002. Daily dataset of 20th-century surface
air temperature and precipitation series for the European Climate Assessment.
Int. J. of Climatol., 22, 1441-1453.
Data and metadata available at http://www.ecad.eu

FILE FORMAT (MISSING VALUE CODE = -999999):

THIS FILE HOLDS DATA FOR STATION RUSSIAN FEDERATION                       AGATA                                    (STAID:   8074)
LATITUDE: dd:mm:ss +66:52:47
LONGITUDE: ddd:mm:ss +093:28:12
ELEVATION: m  277

DATA IS FOR INDEX Mean of daily mean temperature (TG) with unit 0.01 Temperature (&#176;C)

01-06 SOUID: Source identifier
08-11 YEAR : YYYY
13-20 ANNUAL DATA VALUES
21-28 WINTER HALF YEAR DATA VALUES
29-36 SUMMER HALF YEAR DATA VALUES
37-44 WINTER (DJF) DATA VALUES
45-52 SPRING (MAM) DATA VALUES
53-60 SUMMER (JJA) DATA VALUES
61-68 AUTUMN (SON) DATA VALUES
69-76 JANUARY DATA VALUES
etc. 
157-164 DECEMBER DATA VALUES

8074   1939 -999999 -999999 -999999 -999999 -999999 -999999 -999999 -999999 -999999 -999999 -999999 -999999 -999999 -999999 -999999 -999999 -999999 -999999 -2218   
8074   1940 -1120   -999999 427     -3068   -1112   1107    -1005   -4075   -2900   -2216   -1031   -85     882     1266    1166    328     -1066   -2276   -3468   
8074   1941 -1148   -2853   408     -3664   -1450   1155    -778    -3757   -3777   -2843   -1646   133     1071    1213    1180    452     -494    -2300   -3192   
8074   1942 -1008   -2523   462     -3202   -1368   1197    -1011   -2850   -3601   -2799   -1332   27      989     1598    997     450     -951    -2535   -2288   
8074   1943 -805    -2117   605     -2569   -718    1185    -801    -3095   -2298   -1564   -506    -76     1073    1289    1188    642     -592    -2460   -3336   
8074   1944 -855    -2190   409     -2680   -1051   1012    -841    -2204   -2487   -2088   -969    -94     646     1373    1007    457     -510    -2479   -2980   
8074   1945 -900    -2368   664     -2918   -1018   1276    -787    -3022   -2733   -2521   -785    260     1324    1379    1127    653     -367    -2660   -3561   
8074   1946 -1175   -2607   345     -3447   -1140   1024    -1072   -3550   -3206   -2359   -875    -177    636     1346    1077    24      -687    -2565   -3903   
8074   1947 -1057   -2796   450     -3813   -1007   1067    -819    -3969   -3539   -2178   -872    33      808     1326    1057    315     8       -2807   -3052   
8074   1948 -898    -2337   470     -3088   -1016   1087    -485    -3265   -2938   -2023   -904    -119    733     1516    999     562     -413    -1608   -3374   
8074   1949 -913    -2172   498     -2920   -970    1043    -907    -2516   -2864   -2305   -713    116     682     1271    1163    436     -416    -2758   -3196   
8074   1950 -1113   -2659   427     -3512   -1180   1103    -931    -3946   -3382   -2326   -1165   -49     850     1290    1160    440     -565    -2680   -3139   
8074   1951 -1074   -2754   363     -3561   -1243   891     -685    -3607   -3977   -2673   -1004   -45     539     1245    879     532     -286    -2315   -2388   
8074   1952 -1395   -2503   260     -3151   -1551   899     -1277   -3808   -3263   -2999   -1358   -289    704     1087    898     486     -1114   -3210   -3931   
8074   1953 -911    -2732   490     -3313   -1067   1182    -977    -3160   -2796   -2202   -849    -141    880     1767    890     357     -735    -2562   -2511   
8074   1954 -1017   -2573   438     -3357   -1161   1228    -745    -3830   -3771   -2143   -1199   -141    996     1312    1367    248     -469    -2024   -2746   
8074   1955 -1098   -2334   390     -2865   -1398   1084    -848    -2134   -3805   -2959   -1058   -165    744     1532    966     280     -553    -2281   -3934   
8074   1956 -990    -2548   422     -3402   -1278   1214    -769    -3467   -2763   -2293   -1291   -252    780     1760    1088    404     -731    -1983   -3183   
8074   1957 -1152   -2472   409     -3286   -1240   1211    -1291   -2905   -3820   -2322   -1251   -146    968     1467    1190    181     -952    -3114   -3337   
8074   1958 -1284   -2752   165     -3256   -1611   947     -1100   -3213   -3213   -2740   -1899   -203    607     1421    801     210     -925    -2590   -3803   
8074   1959 -964    -2562   438     -3495   -1034   1231    -770    -3703   -2924   -1465   -1328   -317    1080    1393    1216    556     -698    -2169   -3331   
8074   1960 -1212   -2754   384     -3672   -1309   1045    -1214   -3949   -3739   -2680   -1228   -16     885     1341    903     381     -929    -3103   -2522   
8074   1961 -1090   -2534   352     -3240   -880    906     -905    -4021   -3170   -1539   -864    -235    526     1155    1024    474     -938    -2252   -3367   
8074   1962 -950    -2284   421     -2808   -1179   1133    -1049   -2381   -2662   -2137   -1111   -286    721     1495    1171    499     -863    -2790   -3191   
8074   1963 -964    -2400   313     -2909   -1270   1077    -689    -2856   -2654   -2084   -1428   -301    701     1285    1231    346     -325    -2100   -3505   
8074   1964 -1187   -2507   282     -3239   -1617   994     -921    -3120   -3082   -2933   -1472   -443    432     1400    1133    601     -916    -2449   -3461   
8074   1965 -999999 -2628   -999999 -3515   -1098   -999999 -1145   -3352   -3757   -1998   -1019   -271    396     1520    -999999 349     -590    -3283   -3010   
8074   1966 -1303   -2906   308     -3646   -1438   959     -1217   -3754   -4213   -2770   -1513   -34     614     1234    1019    487     -1058   -3085   -2869   
8074   1967 -868    -2620   472     -3200   -1081   1199    -596    -3347   -3403   -2048   -973    -217    840     1821    924     401     -119    -2088   -2397   
8074   1968 -1226   -2067   254     -3049   -755    848     -1382   -3745   -3001   -1115   -860    -294    389     1250    889     117     -746    -3538   -4138   
8074   1969 -1266   -3257   309     -4302   -1347   1063    -912    -4340   -4444   -2494   -1384   -164    730     1532    918     179     -1094   -1815   -3132   
8074   1970 -1168   -2580   262     -3332   -1445   934     -844    -3372   -3510   -2622   -1291   -455    500     1405    883     497     -848    -2180   -3223   
8074   1971 -1039   -2566   345     -3324   -1326   1066    -675    -3400   -3352   -2458   -1405   -117    681     1209    1294    361     -711    -1674   -3057   
8074   1972 -1260   -2549   382     -3486   -1324   1146    -1249   -3963   -3434   -2485   -1159   -130    1100    1298    1039    25      -797    -2989   -3522   
8074   1973 -998    -2568   334     -3276   -1072   988     -819    -3423   -2841   -1875   -1230   -116    481     1290    1175    360     -700    -2120   -3108   
8074   1974 -999999 -999999 247     -3766   -999999 860     -1509   -4419   -3771   -999999 -1187   -355    437     1063    1066    420     -1440   -3509   -2759   
8074   1975 -919    -2618   476     -2947   -1040   1167    -907    -2964   -3135   -1981   -1078   -63     917     1448    1128    465     -695    -2499   -2740   
8074   1976 -1175   -2482   373     -3062   -1297   1069    -1092   -3187   -3274   -2549   -1151   -185    934     1309    960     341     -1109   -2509   -3737   
8074   1977 -999999 -999999 413     -3715   -999999 989     -999999 -3747   -3658   -999999 -825    2       823     1155    984     311     -1355   -999999 -3486   
8074   1978 -992    -999999 392     -3431   -1270   1097    -476    -3918   -2831   -2500   -1143   -163    707     1474    1099    338     -349    -1421   -3299   
8074   1979 -1288   -2727   405     -4018   -1420   1224    -1098   -4404   -4386   -2620   -1307   -331    1001    1621    1043    364     -1031   -2628   -2992   
8074   1980 -1151   -2730   402     -3335   -1399   1120    -938    -3725   -3284   -2752   -1065   -370    626     1445    1273    467     -435    -2864   -3203   
8074   1981 -893    -2323   425     -2900   -1036   1087    -1058   -2271   -3262   -2008   -811    -280    757     1309    1186    359     -1129   -2403   -2348   
8074   1982 -1064   -2475   531     -2905   -1085   1175    -1366   -3650   -2696   -2641   -625    26      880     1416    1220    232     -1528   -2796   -2706   
8074   1983 -850    -2477   351     -2881   -1219   1064    -424    -2852   -3105   -1948   -1428   -288    918     1333    935     608     -462    -1418   -2648   
8074   1984 -1096   -2226   484     -3006   -1406   1371    -1168   -3173   -3212   -2483   -1870   119     1250    1686    1172    499     -987    -3022   -3232   
8074   1985 -1092   -2867   465     -3640   -1148   1154    -734    -3669   -4059   -2352   -1011   -76     1204    1234    1025    388     -427    -2173   -3384   
8074   1986 -976    -2444   373     -3250   -1320   1152    -648    -3596   -2716   -2385   -1277   -296    699     1570    1174    326     -462    -1813   -3045   
8074   1987 -1193   -2428   321     -3268   -1363   984     -1145   -3670   -3071   -2552   -1354   -182    374     1401    1157    482     -743    -3188   -3124   
8074   1988 -980    -2734   346     -3374   -1360   1054    -731    -3211   -3816   -2406   -1704   20      810     1302    1044    558     -695    -2057   -1744   
8074   1989 -1030   -1965   175     -2483   -1048   821     -1042   -3428   -2256   -1642   -1477   -39     388     1093    969     68      -650    -2558   -2924   
8074   1990 -1033   -2503   515     -3532   -771    1244    -1094   -4483   -3153   -1317   -932    -69     977     1714    1033    327     -833    -2786   -3020   
8074   1991 -1020   -2641   489     -3247   -1238   1091    -648    -3057   -3707   -2551   -982    -174    633     1538    1088    795     -795    -1939   -3265   
8074   1992 -1013   -2234   296     -2882   -1215   1003    -1095   -2749   -2616   -2057   -1542   -55     464     1246    1283    329     -797    -2826   -2922   
8074   1993 -840    -2067   347     -2562   -925    1097    -927    -2402   -2341   -1168   -1345   -275    957     1356    974     385     -749    -2423   -3167   
8074   1994 -999999 -2632   -999999 -3671   -1004   -999999 -999999 -4037   -3824   -1699   -1198   -120    867     -999999 -999999 -999999 -999999 -2794   -3638   
8074   1995 -958    -999999 328     -2918   -1104   962     -919    -2732   -2325   -2124   -784    -394    562     1252    1060    241     -732    -2273   -3323   
8074   1996 -1033   -2413   311     -3254   -1074   1044    -887    -3626   -2781   -1761   -1118   -345    726     1548    849     167     -720    -2112   -3279   
8074   1997 -933    -2422   578     -3226   -703    975     -735    -3322   -3062   -2089   -146    143     625     1170    1117    534     -288    -2464   -3549   
8074   1998 -1177   -2389   338     -3351   -1025   1182    -1633   -3527   -2936   -1627   -1256   -199    689     1417    1425    -100    -1351   -3459   -3345   
8074   1999 -998    -2917   457     -3349   -1186   1089    -860    -3865   -2783   -2706   -1107   257     702     1551    1001    287     -726    -2146   -2557   
8074   2000 -1281   -2407   378     -3178   -1181   1122    -1273   -3682   -3304   -2077   -1210   -256    881     1211    1265    341     -1137   -3029   -4439   
8074   2001 -998    -3034   502     -3910   -1276   1323    -717    -4022   -3201   -2392   -1550   106     1201    1424    1342    442     -862    -1726   -2869   
8074   2002 -1096   -2263   360     -3144   -1060   1208    -1096   -3509   -3044   -1624   -1400   -169    1120    1365    1135    68      -619    -2752   -3868   
8074   2003 -999999 -999999 494     -3499   -999999 1191    -1021   -3375   -3228   -999999 -1052   -182    1088    1245    1236    599     -722    -2948   -2588   
8074   2004 -1048   -2504   372     -3042   -1207   1069    -643    -3440   -3100   -2275   -1200   -145    949     1389    865     340     -586    -1685   -3740   
8074   2005 -875    -2435   583     -3454   -973    1239    -550    -3171   -3452   -2052   -1015   146     1119    1569    1027    620     -485    -1788   -3189   
8074   2006 -1081   -2443   441     -3372   -1298   1230    -1097   -3744   -3163   -2337   -1400   -159    1015    1619    1048    487     -1014   -2767   -2709   
8074   2007 -830    -2475   582     -2923   -926    1151    -678    -2129   -4040   -2355   -227    -174    952     1441    1055    428     -438    -2032   -2671   
8074   2008 -945    -2232   462     -2971   -1111   1146    -705    -3576   -2644   -2048   -1404   109     1011    1365    1056    594     -431    -2286   -3137   
8074   2009 -1003   -2392   562     -3105   -1075   1205    -920    -2510   -3729   -2383   -680    -149    889     1582    1135    568     -586    -2752   -3615   
8074   2010 -1124   -2660   381     -3504   -1036   992     -853    -3336   -3567   -2193   -923    11      762     1226    979     194     -525    -2241   -4035   
8074   2011 -743    -2479   682     -3598   -478    1164    -667    -3337   -3403   -1418   -418    404     1231    1225    1039    592     -372    -2232   -2410   
8074   2012 -970    -2200   603     -2830   -970    1240    -987    -3608   -2447   -2148   -814    56      1210    1595    914     632     -876    -2721   -3455   
8074   2013 -999999 -2719   642     -3416   -1024   1386    -999999 -3526   -3249   -2538   -897    365     1190    1730    1233    185     -999999 -2046   -999999 
