EUROPEAN CLIMATE ASSESSMENT & DATASET (ECA&D), file created on: 13-11-2019
THESE DATA CAN BE USED FOR NON-COMMERCIAL RESEARCH AND EDUCATION PROVIDED THAT THE FOLLOWING SOURCE IS ACKNOWLEDGED: 

Klein Tank, A.M.G. and Coauthors, 2002. Daily dataset of 20th-century surface
air temperature and precipitation series for the European Climate Assessment.
Int. J. of Climatol., 22, 1441-1453.
Data and metadata available at http://www.ecad.eu

FILE FORMAT (MISSING VALUE CODE = -999999):

THIS FILE HOLDS DATA FOR STATION ROMANIA                                  TULCEA                                   (STAID:    967)
LATITUDE: dd:mm:ss +45:10:59
LONGITUDE: ddd:mm:ss +028:49:00
ELEVATION: m    4

DATA IS FOR INDEX Mean of daily mean temperature (TG) with unit 0.01 Temperature (&#176;C)

01-06 SOUID: Source identifier
08-11 YEAR : YYYY
13-20 ANNUAL DATA VALUES
21-28 WINTER HALF YEAR DATA VALUES
29-36 SUMMER HALF YEAR DATA VALUES
37-44 WINTER (DJF) DATA VALUES
45-52 SPRING (MAM) DATA VALUES
53-60 SUMMER (JJA) DATA VALUES
61-68 AUTUMN (SON) DATA VALUES
69-76 JANUARY DATA VALUES
etc. 
157-164 DECEMBER DATA VALUES

967    1961 1143    -999999 1827    -999999 1174    2153    1198    -81     110     744     1288    1495    2113    2167    2178    1710    1080    808     43      
967    1962 1129    387     1839    28      1064    2166    1267    63      -28     327     1131    1735    2002    2195    2295    1654    1191    958     -45     
967    1963 1064    244     1901    -296    969     2274    1325    -820    6       175     953     1778    2107    2416    2293    1834    1145    1001    -165    
967    1964 1081    299     1788    -204    920     2178    1221    -366    -72     250     1053    1461    2252    2220    2065    1666    1348    644     423     
967    1965 1032    460     1704    96      904     2070    1059    75      -241    451     719     1536    2069    2167    1974    1737    1001    441     357     
967    1966 1227    496     1858    284     1211    2162    1308    -41     563     662     1290    1685    1908    2335    2234    1671    1532    714     130     
967    1967 1120    395     1865    -142    1104    2190    1298    -422    -134    511     1102    1699    2006    2315    2242    1802    1299    794     141     
967    1968 1124    463     1866    50      1230    2086    1178    -227    247     522     1271    1898    2097    2143    2020    1754    1061    724     -36     
967    1969 1038    227     1794    -185    952     2100    1237    -407    -104    106     967     1783    2041    2045    2213    1694    1022    1002    34      
967    1970 1164    483     1831    85      1127    2174    1149    76      150     598     1249    1538    2022    2387    2107    1663    968     821     319     
967    1971 1129    490     1788    258     1039    2144    1047    267     181     361     1019    1735    2043    2154    2231    1519    987     637     344     
967    1972 1106    338     1883    -18     1156    2228    1094    -363    -35     444     1333    1697    2162    2333    2186    1570    981     734     203     
967    1973 1030    380     1755    84      981     2048    1045    -232    303     294     1080    1573    1910    2203    2027    1721    1087    324     26      
967    1974 1068    298     1710    -15     906     2069    1200    -296    251     392     810     1514    1947    2065    2190    1712    1358    525     294     
967    1975 1201    541     1940    218     1242    2225    1164    288     57      675     1246    1806    2189    2303    2183    1898    1181    413     97      
967    1976 1054    278     1764    -79     1045    2046    1115    -11     -341    293     1164    1682    2036    2208    1894    1585    992     773     325     
967    1977 1122    531     1759    282     1058    2126    1136    -22     571     561     1013    1600    1994    2225    2155    1542    950     923     -72     
967    1978 1056    401     1716    -33     1050    2040    1089    -82     64      605     1031    1514    2014    2118    1985    1621    1142    502     87      
967    1979 1151    410     1842    44      1168    2131    1134    -15     63      649     1008    1843    2229    2059    2108    1790    937     682     385     
967    1980 1025    320     1715    27      888     2073    1145    -255    -53     212     998     1458    1955    2196    2065    1599    1275    556     253     
967    1981 1148    468     1792    120     1043    2174    1185    -33     142     586     976     1565    2215    2168    2140    1669    1405    472     395     
967    1982 1120    418     1808    56      1027    2112    1204    -94     -153    429     920     1730    2065    2108    2160    1848    1171    594     567     
967    1983 1153    564     1882    336     1232    2125    1059    291     130     590     1247    1861    2025    2302    2044    1793    1119    262     94      
967    1984 1088    349     1755    118     973     2023    1253    248     6       340     921     1658    1961    2081    2025    1870    1358    527     23      
967    1985 977     150     1828    -370    1022    2107    1038    -401    -770    85      1173    1812    1952    2164    2201    1646    972     498     262     
967    1986 1106    357     1908    109     1102    2229    1081    231     -196    326     1214    1769    2160    2193    2333    1763    1028    454     -85     
967    1987 978     114     1770    -220    722     2158    1177    -471    -91     -162    859     1474    2088    2375    2010    1796    958     785     66      
967    1988 1088    430     1841    95      1057    2236    925     101     120     544     975     1648    2057    2424    2222    1695    969     110     141     
967    1989 1204    439     1835    234     1260    2137    1105    177     400     824     1310    1646    1923    2214    2266    1629    1174    509     322     
967    1990 1234    571     1832    263     1223    2189    1243    -7      498     923     1108    1634    2100    2311    2152    1666    1136    930     312     
967    1991 1082    465     1811    107     972     2199    1188    107     -119    379     1040    1497    2077    2358    2159    1716    1224    623     -160    
967    1992 1132    386     1830    -40     1066    2235    1197    7       37      567     1065    1565    2019    2217    2462    1625    1263    700     16      
967    1993 1073    391     1791    35      973     2134    1002    70      17      255     958     1707    2113    2123    2167    1658    1280    60      388     
967    1994 1247    483     1992    284     1257    2258    1264    372     70      676     1300    1797    2072    2404    2292    2071    1219    503     104     
967    1995 1131    488     1867    186     1100    2268    1015    -40     525     619     1134    1546    2203    2410    2188    1701    1063    278     -95     
967    1996 1065    121     1849    -227    985     2212    1216    -357    -227    48      978     1928    2202    2323    2111    1522    1138    989     88      
967    1997 1054    423     1751    -29     1031    2136    1039    -274    111     472     792     1821    2107    2226    2072    1458    1038    621     136     
967    1998 1154    466     1910    227     1151    2256    1098    215     341     439     1369    1651    2210    2329    2228    1660    1273    355     -266    
967    1999 1224    384     1942    6       1145    2342    1165    40      269     620     1244    1573    2251    2502    2269    1795    1174    525     366     
967    2000 1230    446     1925    131     1233    2252    1257    -255    293     567     1311    1824    2102    2375    2273    1639    1104    1033    467     
967    2001 1184    654     1894    315     1182    2286    1181    199     275     819     1113    1612    1940    2546    2360    1762    1256    523     -270    
967    2002 1229    493     1926    115     1202    2317    1294    20      648     800     1051    1750    2189    2539    2219    1782    1205    898     -378    
967    2003 1087    239     1891    -302    1021    2289    1136    -97     -445    209     888     1962    2242    2272    2352    1598    1076    736     140     
967    2004 1162    433     1814    26      1136    2141    1252    -211    159     690     1142    1575    2008    2220    2192    1729    1332    691     388     
967    2005 1149    499     1868    191     1050    2191    1173    243     -85     375     1048    1726    2010    2313    2245    1842    1122    556     303     
967    2006 1139    338     1877    -62     1087    2241    1239    -391    -101    502     1089    1671    2114    2288    2316    1765    1246    705     379     
967    2007 1292    651     2004    413     1223    2438    1158    528     323     697     1138    1832    2322    2570    2419    1718    1223    531     128     
967    2008 1233    513     1874    152     1227    2258    1197    36      300     844     1210    1627    2136    2275    2360    1615    1238    739     379     
967    2009 1222    549     1917    254     1126    2272    1306    77      312     530     1135    1714    2162    2452    2198    1822    1328    769     110     
967    2010 1220    443     1986    -3      1151    2395    1306    -242    138     537     1141    1775    2138    2457    2581    1795    953     1182    128     
967    2011 1125    427     1904    -21     1046    2266    1092    -90     -111    471     993     1672    2140    2387    2265    1947    1018    312     402     
967    2012 1229    301     2078    -35     1278    2443    1352    -86     -447    562     1345    1928    2335    2600    2391    1846    1446    762     4       
967    2013 1253    521     1970    135     1245    2300    1251    47      377     483     1317    1937    2231    2324    2344    1645    1128    984     167     
967    2014 1217    565     1934    122     1281    2278    1160    95      102     881     1221    1738    2086    2373    2368    1797    1104    579     183     
967    2015 1269    461     1990    157     1174    2337    1337    88      204     588     1135    1797    2166    2435    2404    1982    1110    927     330     
967    2016 1283    615     2035    290     1291    2373    1241    -120    686     770     1444    1663    2270    2421    2425    1975    1089    664     115     
967    2017 1265    448     1938    7       1188    2313    1378    -307    235     879     1015    1663    2221    2305    2408    1999    1319    818     555     
967    2018 1282    564     2086    293     1253    2385    1316    140     172     351     1499    1916    2263    2430    2458    1933    1444    567     145     
