EUROPEAN CLIMATE ASSESSMENT & DATASET (ECA&D), file created on: 13-11-2019
THESE DATA CAN BE USED FOR NON-COMMERCIAL RESEARCH AND EDUCATION PROVIDED THAT THE FOLLOWING SOURCE IS ACKNOWLEDGED: 

Klein Tank, A.M.G. and Coauthors, 2002. Daily dataset of 20th-century surface
air temperature and precipitation series for the European Climate Assessment.
Int. J. of Climatol., 22, 1441-1453.
Data and metadata available at http://www.ecad.eu

FILE FORMAT (MISSING VALUE CODE = -999999):

THIS FILE HOLDS DATA FOR STATION FRANCE                                   METZ-FRESCATY                            (STAID:    784)
LATITUDE: dd:mm:ss +49:04:23
LONGITUDE: ddd:mm:ss +006:07:32
ELEVATION: m  190

DATA IS FOR INDEX Mean of daily mean temperature (TG) with unit 0.01 Temperature (&#176;C)

01-06 SOUID: Source identifier
08-11 YEAR : YYYY
13-20 ANNUAL DATA VALUES
21-28 WINTER HALF YEAR DATA VALUES
29-36 SUMMER HALF YEAR DATA VALUES
37-44 WINTER (DJF) DATA VALUES
45-52 SPRING (MAM) DATA VALUES
53-60 SUMMER (JJA) DATA VALUES
61-68 AUTUMN (SON) DATA VALUES
69-76 JANUARY DATA VALUES
etc. 
157-164 DECEMBER DATA VALUES

784    1946 989     -999999 1567    -999999 1051    1766    1008    -73     499     598     1139    1419    1552    1976    1764    1534    953     538     -49     
784    1947 1074    279     1779    -137    1107    2025    1160    -163    -205    564     1158    1601    1871    2064    2136    1827    1014    643     300     
784    1948 1021    595     1504    353     1128    1688    951     507     244     840     1089    1452    1650    1697    1717    1409    973     471     173     
784    1949 1054    434     1606    235     965     1782    1155    225     314     435     1219    1249    1545    1970    1823    1821    1186    457     357     
784    1950 1004    549     1560    317     987     1892    974     68      549     674     789     1492    1871    1965    1839    1382    958     583     -145    
784    1951 998     432     1473    192     846     1722    1094    376     361     457     820     1259    1590    1804    1768    1583    931     772     211     
784    1952 994     478     1585    168     1086    1888    834     139     154     649     1181    1429    1697    2048    1915    1217    919     362     179     
784    1953 1025    389     1554    100     1093    1737    1070    -42     168     725     1060    1493    1632    1803    1772    1550    1146    512     419     
784    1954 929     439     1403    83      916     1630    1054    -137    -45     693     792     1259    1630    1600    1659    1469    1127    564     470     
784    1955 918     442     1467    213     797     1757    912     71      85      305     907     1183    1603    1866    1798    1429    821     489     407     
784    1956 852     296     1410    -45     918     1566    968     231     -824    585     771     1393    1380    1775    1537    1591    929     386     389     
784    1957 1029    560     1486    368     1003    1792    1009    80      664     914     989     1105    1800    1917    1657    1437    1013    576     178     
784    1958 988     444     1494    262     793     1736    1069    156     471     274     686     1416    1572    1809    1821    1641    1040    527     414     
784    1959 1093    535     1653    265     1107    1906    1077    169     206     822     1055    1441    1742    2098    1873    1691    1046    494     417     
784    1960 1010    547     1463    325     1044    1676    1060    192     368     751     950     1430    1727    1599    1705    1354    1063    764     202     
784    1961 1073    604     1561    334     1076    1682    1173    175     658     770     1246    1217    1638    1640    1767    1858    1161    499     234     
784    1962 893     457     1428    270     765     1701    935     342     230     254     957     1091    1563    1708    1828    1409    1057    336     -94     
784    1963 874     194     1492    -278    949     1715    1120    -428    -315    561     1037    1253    1642    1842    1658    1509    962     893     -186    
784    1964 997     398     1600    47      956     1843    1013    -104    458     385     1014    1469    1732    1998    1795    1576    835     635     164     
784    1965 936     432     1397    174     910     1630    909     305     39      584     850     1294    1645    1607    1638    1335    978     411     478     
784    1966 1021    510     1517    370     1013    1680    1044    -82     749     543     1080    1418    1761    1618    1664    1556    1279    290     363     
784    1967 1009    553     1482    331     954     1770    1051    197     443     728     830     1298    1561    1981    1761    1438    1230    478     120     
784    1968 932     486     1420    193     914     1649    1002    155     312     607     970     1167    1550    1720    1673    1428    1154    419     14      
784    1969 953     407     1504    112     904     1752    1084    312     -1      504     866     1340    1493    1952    1802    1551    1084    617     -155    
784    1970 950     370     1470    50      783     1768    1091    101     221     347     710     1290    1824    1681    1801    1504    1044    725     111     
784    1971 963     400     1540    118     941     1763    935     -55     318     262     1065    1500    1505    1961    1815    1374    1033    395     330     
784    1972 921     498     1381    276     927     1663    870     61      449     711     874     1194    1465    1843    1673    1221    884     505     149     
784    1973 979     394     1547    139     882     1849    1020    65      210     537     711     1392    1726    1823    1993    1615    946     499     175     
784    1974 1045    566     1467    390     1009    1702    904     522     482     759     1022    1247    1563    1678    1861    1419    670     631     644     
784    1975 1027    563     1563    538     870     1858    1011    576     377     463     878     1268    1620    1907    2040    1646    870     521     117     
784    1976 1051    428     1622    238     913     1993    1075    324     276     453     892     1394    1968    2135    1875    1448    1167    608     51      
784    1977 1041    584     1436    292     956     1732    1062    281     570     824     726     1310    1650    1835    1706    1371    1153    659     369     
784    1978 933     544     1393    242     933     1623    941     234     109     702     830     1263    1535    1697    1635    1386    1040    394     302     
784    1979 958     371     1467    57      895     1732    1048    -319    201     590     832     1260    1764    1791    1643    1501    1115    527     541     
784    1980 947     566     1441    381     895     1658    974     45      569     598     830     1256    1550    1609    1813    1574    942     408     169     
784    1981 1005    458     1516    138     1090    1732    1053    115     131     948     995     1324    1594    1769    1827    1574    962     627     140     
784    1982 1064    430     1613    124     941     1889    1204    -18     263     599     849     1373    1797    2061    1806    1779    1088    749     369     
784    1983 1070    579     1626    333     892     2053    1032    496     113     619     951     1107    1779    2305    2067    1530    1094    469     238     
784    1984 968     462     1425    250     793     1733    1079    285     225     444     862     1076    1547    1796    1850    1406    1110    719     267     
784    1985 913     374     1509    -19     937     1695    951     -370    53      446     966     1401    1480    1897    1700    1596    1025    230     465     
784    1986 953     363     1469    133     896     1771    1036    258     -374    496     724     1463    1796    1799    1718    1295    1130    680     341     
784    1987 948     388     1513    66      810     1734    1163    -314    181     302     1057    1081    1531    1869    1796    1739    1140    611     345     
784    1988 1088    599     1569    419     1047    1781    1023    536     373     576     1009    1555    1689    1745    1905    1496    1163    405     566     
784    1989 1108    629     1601    421     1116    1855    1084    314     380     916     811     1611    1667    1987    1904    1599    1223    424     395     
784    1990 1114    673     1553    497     1093    1839    1069    342     781     873     859     1540    1609    1880    2019    1384    1215    603     231     
784    1991 1020    533     1569    158     972     1875    1079    261     -36     870     865     1179    1461    2071    2080    1740    998     501     163     
784    1992 1089    492     1639    247     1067    1942    1028    193     394     698     941     1559    1786    1987    2046    1493    829     769     350     
784    1993 1043    527     1595    319     1095    1814    869     504     80      597     1170    1519    1807    1807    1829    1428    930     246     519     
784    1994 1160    557     1621    424     1047    1994    1145    443     296     872     893     1372    1786    2284    1907    1461    1037    942     561     
784    1995 1112    679     1611    514     975     1964    1120    325     671     545     996     1385    1637    2229    2015    1376    1394    581     151     
784    1996 947     461     1505    115     882     1819    1005    57      138     429     984     1235    1741    1816    1898    1341    1103    568     32      
784    1997 1090    495     1626    122     1075    1933    1084    -191    570     898     881     1438    1716    1885    2191    1625    997     631     400     
784    1998 1068    597     1596    393     1097    1830    965     368     414     755     965     1566    1764    1815    1908    1541    1048    304     316     
784    1999 1117    525     1663    341     1110    1868    1111    410     292     754     1025    1549    1639    2039    1920    1787    1084    462     378     
784    2000 1155    582     1625    414     1101    1833    1201    310     562     692     1051    1559    1825    1703    1971    1630    1185    788     565     
784    2001 1106    698     1579    462     1093    1889    1098    340     483     811     863     1597    1607    2038    2013    1324    1430    530     175     
784    2002 1152    625     1621    347     1046    1929    1159    183     719     716     1015    1407    1914    1915    1959    1504    1113    861     497     
784    2003 1171    609     1804    259     1143    2220    1082    131     136     876     1039    1512    2176    2107    2375    1597    875     780     376     
784    2004 1064    543     1603    339     979     1872    1142    224     422     580     1079    1281    1720    1903    1987    1637    1199    586     132     
784    2005 -999999 -999999 -999999 -999999 -999999 -999999 -999999 -999999 -999999 -999999 -999999 -999999 -999999 -999999 -999999 -999999 -999999 -999999 -999999 
