EUROPEAN CLIMATE ASSESSMENT & DATASET (ECA&D), file created on: 13-11-2019
THESE DATA CAN BE USED FOR NON-COMMERCIAL RESEARCH AND EDUCATION PROVIDED THAT THE FOLLOWING SOURCE IS ACKNOWLEDGED: 

Klein Tank, A.M.G. and Coauthors, 2002. Daily dataset of 20th-century surface
air temperature and precipitation series for the European Climate Assessment.
Int. J. of Climatol., 22, 1441-1453.
Data and metadata available at http://www.ecad.eu

FILE FORMAT (MISSING VALUE CODE = -999999):

THIS FILE HOLDS DATA FOR STATION MOROCCO                                  CASABLANCA                               (STAID:   2152)
LATITUDE: dd:mm:ss +33:34:12
LONGITUDE: ddd:mm:ss -007:40:12
ELEVATION: m   62

DATA IS FOR INDEX Mean of daily mean temperature (TG) with unit 0.01 Temperature (&#176;C)

01-06 SOUID: Source identifier
08-11 YEAR : YYYY
13-20 ANNUAL DATA VALUES
21-28 WINTER HALF YEAR DATA VALUES
29-36 SUMMER HALF YEAR DATA VALUES
37-44 WINTER (DJF) DATA VALUES
45-52 SPRING (MAM) DATA VALUES
53-60 SUMMER (JJA) DATA VALUES
61-68 AUTUMN (SON) DATA VALUES
69-76 JANUARY DATA VALUES
etc. 
157-164 DECEMBER DATA VALUES

2152   1965 -999999 -999999 -999999 -999999 -999999 -999999 -999999 1255    -999999 -999999 1551    1951    2098    -999999 2261    -999999 1974    -999999 1357    
2152   1966 -999999 -999999 -999999 1447    -999999 -999999 -999999 1442    1552    1431    -999999 -999999 -999999 -999999 -999999 -999999 -999999 -999999 -999999 
2152   1967 -999999 -999999 -999999 -999999 1629    2197    -999999 -999999 1330    1543    1582    1761    1986    2298    2293    2115    -999999 1647    1285    
2152   1968 -999999 -999999 -999999 -999999 -999999 -999999 -999999 -999999 -999999 -999999 -999999 -999999 -999999 -999999 -999999 -999999 -999999 -999999 -999999 
2152   1969 -999999 -999999 -999999 -999999 -999999 -999999 -999999 -999999 -999999 -999999 -999999 -999999 -999999 -999999 -999999 -999999 -999999 -999999 -999999 
2152   1970 -999999 -999999 -999999 -999999 -999999 -999999 -999999 -999999 -999999 -999999 -999999 -999999 -999999 -999999 -999999 -999999 -999999 -999999 -999999 
2152   1971 -999999 -999999 -999999 -999999 -999999 -999999 -999999 -999999 -999999 -999999 -999999 -999999 -999999 -999999 -999999 -999999 -999999 -999999 -999999 
2152   1972 -999999 -999999 -999999 -999999 -999999 -999999 -999999 -999999 -999999 -999999 -999999 -999999 -999999 -999999 -999999 -999999 -999999 -999999 -999999 
2152   1973 -999999 -999999 -999999 -999999 -999999 -999999 -999999 1192    -999999 1372    -999999 -999999 -999999 2163    2272    2037    -999999 -999999 1188    
2152   1974 -999999 -999999 -999999 -999999 -999999 -999999 -999999 1250    -999999 1322    1339    1691    1976    2283    2254    -999999 1634    1441    1206    
2152   1975 -999999 -999999 -999999 -999999 -999999 -999999 -999999 -999999 1430    1357    1506    -999999 1913    2245    2288    -999999 1848    1472    1329    
2152   1976 -999999 -999999 -999999 -999999 -999999 -999999 -999999 1098    -999999 1317    1384    -999999 2100    2250    2383    -999999 -999999 -999999 1489    
2152   1977 -999999 -999999 -999999 -999999 -999999 -999999 -999999 1285    1346    1519    1644    -999999 1832    2044    -999999 -999999 1863    -999999 -999999 
2152   1978 -999999 -999999 -999999 -999999 -999999 -999999 -999999 -999999 -999999 1352    -999999 1631    -999999 2193    -999999 -999999 -999999 -999999 -999999 
2152   1979 -999999 -999999 -999999 -999999 -999999 -999999 -999999 -999999 -999999 -999999 1423    1750    1944    -999999 2206    2126    1848    1486    -999999 
2152   1980 -999999 -999999 -999999 -999999 -999999 -999999 -999999 -999999 1354    -999999 1588    1702    -999999 2198    2296    2338    1948    1572    1227    
2152   1981 -999999 -999999 -999999 -999999 -999999 -999999 -999999 1080    -999999 -999999 1565    -999999 -999999 2181    -999999 -999999 -999999 1838    1502    
2152   1982 -999999 -999999 -999999 -999999 -999999 -999999 -999999 -999999 -999999 1447    1571    1791    2023    2133    2244    2135    -999999 1541    1184    
2152   1983 -999999 -999999 -999999 -999999 -999999 2137    -999999 1178    -999999 1625    1613    1642    2069    2145    2193    -999999 2106    1882    1473    
2152   1984 -999999 -999999 -999999 -999999 -999999 -999999 -999999 1205    -999999 1328    1787    1600    2014    2263    2256    2184    1803    1599    -999999 
2152   1985 -999999 -999999 -999999 -999999 -999999 -999999 -999999 1184    -999999 1304    1657    1683    -999999 2267    2240    2272    -999999 -999999 -999999 
2152   1986 -999999 -999999 -999999 -999999 -999999 -999999 -999999 -999999 -999999 -999999 -999999 -999999 1997    2265    2239    -999999 1952    1564    1278    
2152   1987 -999999 -999999 -999999 -999999 -999999 -999999 -999999 1381    -999999 -999999 -999999 1831    2076    2307    2326    2413    1957    1616    1537    
2152   1988 -999999 -999999 -999999 -999999 1594    -999999 -999999 1332    1355    1452    1574    1758    2038    2290    2326    2288    1996    1764    1295    
2152   1989 -999999 -999999 -999999 -999999 1603    -999999 2063    1191    1344    1477    1464    1850    -999999 2419    2456    2232    2182    1767    1673    
2152   1990 -999999 -999999 -999999 -999999 1653    -999999 -999999 1214    1446    1554    1532    1867    2060    2363    2455    2319    1994    -999999 1457    
2152   1991 -999999 -999999 -999999 -999999 1575    2267    -999999 1208    -999999 1434    1543    1757    2061    2367    2361    -999999 -999999 -999999 1408    
2152   1992 -999999 -999999 -999999 -999999 -999999 2176    1884    1217    1410    1478    1638    1997    1940    2259    2337    2221    1905    1539    1468    
2152   1993 -999999 -999999 -999999 -999999 1667    -999999 -999999 1166    1353    1594    1598    1797    2065    2332    2282    -999999 1824    1547    1367    
2152   1994 -999999 -999999 -999999 -999999 1639    2242    1930    1182    1311    1519    1523    1857    2101    2329    2287    2041    1995    1745    1458    
2152   1995 1888    1588    2108    1400    1762    2266    2057    1303    1447    1590    1727    1974    2096    2353    2347    2144    2096    1930    1634    
2152   1996 1836    1673    2089    1501    1688    2266    1920    1544    1314    1504    1680    1879    2245    2314    2237    2159    1919    1683    1525    
2152   1997 1911    1641    2122    1514    1818    2221    2096    1492    1527    1693    1832    1930    2115    2218    2325    2311    2144    1833    1487    
2152   1998 1850    1710    2085    1511    1735    2260    1939    1406    1653    1736    1637    1831    2144    2277    2356    2251    1876    1691    1326    
2152   1999 1808    1482    2102    1276    1682    2275    1961    1248    1250    1467    1681    1883    2130    2306    2385    2227    2070    1601    1373    
2152   2000 1831    1573    2098    1359    1732    2274    1900    1235    1477    1678    1612    1909    2143    2271    2400    2252    1875    1586    1556    
2152   2001 -999999 1606    -999999 1479    -999999 -999999 -999999 1444    1431    1738    1686    1839    -999999 2202    -999999 2276    2213    1716    1671    
2152   2002 -999999 -999999 -999999 -999999 -999999 -999999 2031    1567    1534    1563    1651    1819    -999999 2230    2223    2250    2140    1704    1631    
2152   2003 -999999 -999999 -999999 -999999 1765    -999999 -999999 1317    1324    1649    1670    1979    2223    -999999 -999999 -999999 -999999 -999999 -999999 
2152   2004 -999999 -999999 -999999 -999999 -999999 2364    2062    1380    1429    1468    1630    1799    2272    2378    2432    2319    2145    1718    1429    
2152   2005 -999999 1557    -999999 1261    -999999 2348    2064    1161    1189    1683    1746    1984    2285    2336    2421    2306    2188    1638    1424    
2152   2006 -999999 -999999 -999999 -999999 -999999 -999999 -999999 1236    -999999 -999999 -999999 -999999 -999999 -999999 -999999 -999999 -999999 -999999 -999999 
