EUROPEAN CLIMATE ASSESSMENT & DATASET (ECA&D), file created on: 13-11-2019
THESE DATA CAN BE USED FOR NON-COMMERCIAL RESEARCH AND EDUCATION PROVIDED THAT THE FOLLOWING SOURCE IS ACKNOWLEDGED: 

Klein Tank, A.M.G. and Coauthors, 2002. Daily dataset of 20th-century surface
air temperature and precipitation series for the European Climate Assessment.
Int. J. of Climatol., 22, 1441-1453.
Data and metadata available at http://www.ecad.eu

FILE FORMAT (MISSING VALUE CODE = -999999):

THIS FILE HOLDS DATA FOR STATION RUSSIAN FEDERATION                       VERKHNEURALSK                            (STAID:   3813)
LATITUDE: dd:mm:ss +53:52:12
LONGITUDE: ddd:mm:ss +059:12:00
ELEVATION: m  401

DATA IS FOR INDEX Mean of daily mean temperature (TG) with unit 0.01 Temperature (&#176;C)

01-06 SOUID: Source identifier
08-11 YEAR : YYYY
13-20 ANNUAL DATA VALUES
21-28 WINTER HALF YEAR DATA VALUES
29-36 SUMMER HALF YEAR DATA VALUES
37-44 WINTER (DJF) DATA VALUES
45-52 SPRING (MAM) DATA VALUES
53-60 SUMMER (JJA) DATA VALUES
61-68 AUTUMN (SON) DATA VALUES
69-76 JANUARY DATA VALUES
etc. 
157-164 DECEMBER DATA VALUES

3813   1936 231     -999999 1207    -999999 42      1750    318     -1283   -1441   -871    143     857     1815    1848    1588    967     338     -352    -891    
3813   1937 98      -844    1197    -1413   61      1660    267     -1642   -1737   -848    239     797     1626    1784    1569    1150    323     -674    -1530   
3813   1938 107     -1029   1271    -1650   280     1572    318     -1947   -1455   -920    516     1252    1517    1602    1597    1121    355     -522    -1910   
3813   1939 184     -924    1209    -1582   233     1694    35      -1644   -1150   -683    386     1001    1911    1811    1368    760     -66     -587    -970    
3813   1940 84      -1091   1318    -1727   177     1803    186     -2469   -1742   -736    543     735     1596    1938    1869    1210    -255    -382    -1330   
3813   1941 -63     -1035   1022    -1630   -28     1508    -44     -1749   -1830   -721    -105    739     1432    1608    1482    951     -1      -1085   -1596   
3813   1942 12      -1274   1136    -1769   -105    1644    127     -1945   -1766   -1290   -45     1021    1578    1824    1529    877     203     -703    -1257   
3813   1943 173     -978    1344    -1568   493     1656    7       -1870   -1577   -714    550     1645    1559    1818    1587    869     150     -1002   -1072   
3813   1944 165     -788    1234    -1160   409     1529    53      -1133   -1282   -429    445     1213    1544    1633    1411    1142    195     -1184   -1625   
3813   1945 -44     -1196   1085    -1753   -57     1598    5       -1801   -1841   -985    111     706     1492    1571    1728    876     -10     -850    -1645   
3813   1946 114     -988    1152    -1312   43      1545    99      -1420   -823    -1157   233     1060    1559    1595    1481    960     -120    -534    -1497   
3813   1947 66      -1060   1109    -1720   245     1436    305     -1897   -1769   -592    468     866     1284    1543    1476    999     234     -315    -1613   
3813   1948 230     -850    1290    -1354   199     1734    259     -1044   -1409   -974    133     1435    1959    1640    1610    938     350     -514    -1416   
3813   1949 149     -851    1283    -1257   104     1785    69      -1012   -1354   -1202   222     1295    1853    1810    1694    792     148     -737    -1820   
3813   1950 92      -1173   1270    -1874   321     1524    113     -2237   -1531   -881    709     1148    1443    1641    1484    1177    131     -970    -1108   
3813   1951 180     -1052   1379    -1668   487     1711    48      -1838   -2099   -526    912     1089    1571    1918    1639    1126    -16     -964    -815    
3813   1952 74      -1042   1314    -1350   -13     1827    65      -1487   -1776   -1240   -120    1317    1773    2039    1669    1171    98      -1075   -1547   
3813   1953 105     -1104   1320    -1613   238     1744    -114    -1487   -1827   -856    408     1168    1461    1897    1865    1089    55      -1493   -1169   
3813   1954 84      -1346   1317    -1877   68      1788    424     -2120   -2390   -1062   151     1119    1624    2052    1682    1243    431     -403    -1484   
3813   1955 126     -902    1264    -1420   136     1669    208     -1236   -1553   -1214   229     1395    1933    1665    1418    921     386     -688    -1845   
3813   1956 -7      -1246   1144    -1937   -2      1622    3       -1845   -2136   -1388   316     1075    1671    1632    1565    576     359     -937    -1057   
3813   1957 257     -942    1421    -1287   190     1741    293     -1568   -1229   -1247   178     1639    1910    1759    1560    1455    205     -777    -888    
3813   1958 173     -847    1203    -1143   8       1815    117     -1560   -965    -1107   119     1017    1831    1810    1805    601     234     -489    -1282   
3813   1959 102     -877    1214    -1380   265     1553    25      -1345   -1529   -904    358     1343    1539    1761    1358    895     -44     -773    -1538   
3813   1960 76      -1063   1089    -1430   -98     1546    38      -1483   -1257   -1287   377     630     1685    1574    1384    874     -15     -742    -852    
3813   1961 184     -819    1187    -1247   368     1558    88      -1409   -1505   -453    338     1219    1597    1668    1408    864     171     -774    -1041   
3813   1962 249     -764    1273    -1223   490     1632    85      -1293   -1347   -357    512     1314    1447    2026    1418    889     124     -760    -1102   
3813   1963 180     -934    1182    -1299   62      1611    339     -1509   -1284   -1102   135     1156    1655    1798    1380    939     365     -286    -1173   
3813   1964 106     -934    1129    -1537   11      1550    243     -1475   -1993   -1088   63      1061    1490    1720    1438    974     142     -383    -758    
3813   1965 126     -788    1230    -1266   201     1645    77      -1607   -1450   -724    112     1213    1604    1875    1454    1094    97      -960    -1305   
3813   1966 41      -1049   1209    -1597   209     1650    250     -1954   -1526   -687    224     1091    1421    1882    1640    966     163     -398    -2434   
3813   1967 166     -1241   1291    -2128   387     1646    236     -1819   -2130   -860    765     1269    1529    1750    1654    754     431     -484    -1072   
3813   1968 11      -886    1131    -1508   258     1467    67      -1792   -1655   -788    235     1325    1411    1527    1460    765     -30     -530    -1842   
3813   1969 -167    -1438   1102    -2295   -61     1492    85      -2872   -2151   -1263   377     716     1421    1665    1389    1026    -89     -676    -1713   
3813   1970 62      -1116   1175    -1646   137     1528    162     -1657   -1561   -1020   280     1080    1399    1735    1447    1084    148     -776    -1616   
3813   1971 189     -1039   1211    -1472   -33     1612    458     -877    -1929   -1253   125     994     1505    1915    1412    1291    247     -158    -1260   
3813   1972 72      -1006   1202    -1742   242     1582    157     -2504   -1443   -916    494     1155    1451    1655    1634    792     129     -448    -1168   
3813   1973 87      -1023   1154    -1637   271     1519    79      -2162   -1575   -948    516     1214    1629    1509    1424    612     108     -483    -933    
3813   1974 140     -923    1271    -1567   376     1609    366     -2174   -1600   -529    484     1177    1524    1904    1397    1119    544     -569    -1819   
3813   1975 338     -810    1486    -1512   642     1775    185     -1275   -1445   -380    948     1367    1800    1902    1625    1259    19      -717    -1153   
3813   1976 -14     -1017   1273    -1458   242     1676    -329    -1309   -1943   -1047   555     1229    1787    1549    1696    799     -736    -1037   -1764   
3813   1977 -999999 -999999 1398    -999999 -999999 1669    -999999 -2423   -999999 -999999 864     1417    1812    1759    1440    965     -999999 -999999 -999999 
3813   1978 135     -999999 1181    -999999 261     1586    192     -1466   -1379   -517    274     1026    1675    1686    1401    1006    150     -577    -1743   
3813   1979 142     -976    1190    -1646   253     1584    91      -1837   -1326   -545    -90     1382    1236    1856    1649    1063    26      -813    -1011   
3813   1980 16      -1194   1160    -1646   47      1457    131     -2012   -1935   -1456   240     1364    1503    1680    1191    956     183     -748    -837    
3813   1981 180     -880    1236    -1282   27      1788    349     -1594   -1429   -904    101     887     1642    1904    1815    1037    421     -412    -1413   
3813   1982 194     -920    1288    -1519   248     1622    230     -1453   -1709   -1014   636     1135    1537    1756    1569    1072    235     -617    -943    
3813   1983 308     -709    1277    -1004   261     1693    214     -1023   -1050   -888    748     937     1606    1942    1529    882     345     -590    -826    
3813   1984 54      -836    1265    -1386   243     1746    82      -1651   -1700   -641    166     1200    1685    2021    1530    957     261     -976    -2266   
3813   1985 23      -1274   1173    -1916   0       1591    36      -1578   -1902   -1232   317     925     1521    1590    1658    1005    8       -904    -1262   
3813   1986 47      -983    1161    -1429   242     1527    -34     -1458   -1582   -755    648     848     1564    1581    1436    877     141     -1125   -1711   
3813   1987 47      -1229   1247    -1591   -96     1722    -55     -1905   -1111   -1647   -25     1386    1863    1776    1530    922     177     -1271   -1205   
3813   1988 172     -1082   1337    -1478   160     1838    185     -1520   -1723   -995    527     960     1871    1934    1711    997     270     -714    -1310   
3813   1989 229     -932    1298    -1440   127     1832    284     -1542   -1470   -869    44      1204    1919    2092    1489    1012    307     -468    -1081   
3813   1990 278     -671    1239    -1249   459     1639    189     -1480   -1179   -167    433     1111    1722    1735    1464    948     130     -509    -964    
3813   1991 274     -805    1411    -1258   481     1733    327     -1229   -1616   -710    741     1420    1983    1800    1423    1088    676     -796    -1610   
3813   1992 128     -844    1101    -1363   134     1435    194     -1187   -1286   -890    369     930     1424    1521    1359    982     178     -576    -1324   
3813   1993 70      -837    1152    -1244   132     1653    -248    -1022   -1403   -923    211     1112    1628    1754    1578    596     246     -1602   -1464   
3813   1994 108     -1215   1194    -1622   129     1520    323     -1433   -2009   -1118   439     1077    1626    1509    1428    1072    465     -572    -1325   
3813   1995 314     -739    1399    -1357   591     1779    281     -1928   -761    -306    865     1222    1752    1932    1651    949     352     -461    -1543   
3813   1996 -23     -1194   1182    -1868   -127    1714    93      -2217   -1842   -1471   -167    1257    1876    1949    1323    819     82      -622    -1316   
3813   1997 231     -888    1257    -1489   448     1610    361     -1941   -1181   -372    571     1149    1779    1567    1489    973     702     -602    -1445   
3813   1998 246     -893    1359    -1512   42      2015    90      -1481   -1621   -972    -118    1211    2076    2155    1815    980     432     -1154   -999999 
3813   1999 -999999 -999999 -999999 -999999 -999999 -999999 -999999 -999999 -999999 -999999 -999999 -999999 -999999 -999999 -999999 -999999 -999999 -999999 -999999 
3813   2000 -999999 -999999 -999999 -999999 -999999 -999999 -999999 -999999 -999999 -999999 -999999 -999999 -999999 -999999 -999999 -999999 -999999 -999999 -999999 
3813   2001 -999999 -999999 -999999 -999999 -999999 -999999 -999999 -999999 -999999 -999999 -999999 -999999 -999999 -999999 -999999 -999999 -999999 -521    -1846   
3813   2002 202     -999999 1070    -1154   199     1497    345     -885    -687    -221    -25     835     1323    1823    1339    1101    278     -342    -2163   
3813   2003 216     -989    1270    -1699   223     1662    164     -1221   -1715   -818    318     1173    1391    1742    1845    1119    135     -759    -765    
3813   2004 311     -999999 1308    -999999 237     1748    349     -1379   -999999 -765    101     1371    1673    1931    1636    1102    231     -281    -1389   
3813   2005 154     -1025   1264    -1739   248     1639    331     -1658   -2216   -927    356     1319    1616    1751    1550    964     301     -272    -1099   
3813   2006 171     -882    1227    -1582   302     1590    200     -2180   -1455   -626    390     1146    1786    1508    1481    1035    275     -712    -701    
3813   2007 206     -729    1289    -992    222     1661    204     -716    -1618   -988    397     1263    1424    1756    1795    1064    331     -787    -1588   
3813   2008 279     -916    1232    -1586   397     1691    408     -1953   -1191   -319    395     1116    1462    1932    1673    782     359     85      -1031   
3813   2009 188     -681    1232    -1311   229     1643    342     -1417   -1503   -636    161     1160    1758    1651    1524    1115    406     -497    -1573   
3813   2010 181     -1121   1419    -1934   252     1932    353     -2267   -1965   -894    401     1255    1955    1963    1879    1033    114     -80     -1346   
3813   2011 8       -1153   1257    -1933   97      1632    213     -2242   -2240   -1194   331     1162    1567    1914    1414    1130    373     -869    -1401   
3813   2012 203     -1137   1531    -1836   471     1945    408     -1958   -2169   -855    933     1349    1900    2066    1866    1047    498     -323    -1987   
3813   2013 272     -972    1302    -1739   273     1709    445     -1678   -1534   -841    474     1195    1724    1755    1650    992     303     45      -924    
