EUROPEAN CLIMATE ASSESSMENT & DATASET (ECA&D), file created on: 13-11-2019
THESE DATA CAN BE USED FOR NON-COMMERCIAL RESEARCH AND EDUCATION PROVIDED THAT THE FOLLOWING SOURCE IS ACKNOWLEDGED: 

Klein Tank, A.M.G. and Coauthors, 2002. Daily dataset of 20th-century surface
air temperature and precipitation series for the European Climate Assessment.
Int. J. of Climatol., 22, 1441-1453.
Data and metadata available at http://www.ecad.eu

FILE FORMAT (MISSING VALUE CODE = -999999):

THIS FILE HOLDS DATA FOR STATION SWEDEN                                   SKELLEFTEA_FLYGPLATS                     (STAID:   5733)
LATITUDE: dd:mm:ss +64:37:12
LONGITUDE: ddd:mm:ss +021:04:12
ELEVATION: m   48

DATA IS FOR INDEX Mean of daily mean temperature (TG) with unit 0.01 Temperature (&#176;C)

01-06 SOUID: Source identifier
08-11 YEAR : YYYY
13-20 ANNUAL DATA VALUES
21-28 WINTER HALF YEAR DATA VALUES
29-36 SUMMER HALF YEAR DATA VALUES
37-44 WINTER (DJF) DATA VALUES
45-52 SPRING (MAM) DATA VALUES
53-60 SUMMER (JJA) DATA VALUES
61-68 AUTUMN (SON) DATA VALUES
69-76 JANUARY DATA VALUES
etc. 
157-164 DECEMBER DATA VALUES

5733   1970 -999999 -999999 -999999 -999999 -999999 1616    -999999 -999999 -999999 -999999 -999999 644     1730    1641    1481    804     247     -999999 -999999 
5733   1971 -999999 -999999 -999999 -999999 -999999 -999999 -999999 -999999 -999999 -999999 -999999 -999999 -999999 -999999 -999999 -999999 -999999 -999999 -999999 
5733   1972 255     -999999 972     -999999 -3      1532    212     -1169   -903    -464    -1      455     1363    1842    1384    763     265     -395    -132    
5733   1973 253     -246    1006    -403    182     1582    -39     -277    -843    -158    -1      699     1477    1904    1361    567     -37     -647    -1096   
5733   1974 382     -510    1083    -705    239     1459    329     -498    -499    -287    313     695     1465    1522    1391    1100    242     -352    -560    
5733   1975 415     -288    1045    -517    309     1400    449     -681    -288    -91     110     900     1238    1587    1369    1043    394     -88     -566    
5733   1976 166     -518    985     -888    99      1424    101     -1405   -680    -759    105     950     1247    1510    1510    555     44      -295    -814    
5733   1977 205     -577    860     -982    67      1294    275     -895    -1263   -298    -133    624     1232    1375    1274    767     336     -279    -400    
5733   1978 85      -529    929     -896    45      1368    211     -960    -1374   -572    -74     778     1292    1536    1275    742     177     -285    -1616   
5733   1979 174     -826    1008    -1483   92      1499    236     -1603   -1202   -447    -86     804     1554    1506    1437    808     96      -189    -679    
5733   1980 -999999 -695    -999999 -1071   -999999 1544    82      -1225   -1326   -873    -999999 -999999 1631    1668    1337    1021    112     -889    -1043   
5733   1981 -999999 -785    -999999 -987    47      -999999 235     -815    -1117   -991    166     970     1164    -999999 1258    844     275     -415    -1386   
5733   1982 -999999 -999999 -999999 -999999 266     -999999 334     -999999 -529    -149    231     716     1068    -999999 -999999 855     281     -131    -594    
5733   1983 -999999 -416    -999999 -715    171     -999999 219     -718    -845    -522    140     893     -999999 -999999 -999999 920     305     -571    -840    
5733   1984 -999999 -999999 1106    -999999 -999999 1447    287     -999999 -999999 -999999 329     1178    1399    1542    1397    763     374     -279    -364    
5733   1985 -999999 -755    -999999 -1376   -999999 1434    276     -1805   -2021   -543    -21     -999999 1329    1544    1424    830     501     -509    -1591   
5733   1986 202     -731    973     -1438   241     1465    361     -1611   -1076   -128    -17     859     1684    1610    1108    572     473     35      -1161   
5733   1987 112     -717    893     -1353   -6      1274    398     -1789   -1084   -790    130     647     1198    1512    1109    744     656     -215    -842    
5733   1988 288     -409    1101    -789    112     1562    254     -659    -872    -545    20      858     1535    1826    1324    1019    256     -512    -838    
5733   1989 448     -293    1121    -478    381     1492    375     -311    -265    -92     243     987     1450    1638    1388    1001    189     -60     -837    
5733   1990 411     -303    1041    -617    358     1406    295     -965    11      -116    302     886     1279    1493    1443    821     480     -424    -302    
5733   1991 338     -356    982     -612    132     1454    338     -502    -1076   -382    193     586     1109    1689    1554    733     329     -48     -240    
5733   1992 -999999 -999999 -999999 -259    -999999 -999999 -999999 -340    -193    -999999 -999999 -999999 -999999 -999999 -999999 -999999 -999999 -999999 -999999 
5733   1993 -999999 -999999 -999999 -999999 -999999 -999999 -999999 -999999 -999999 -999999 -999999 -999999 -999999 -999999 -999999 -999999 -999999 -999999 -999999 
5733   1994 -999999 -999999 -999999 -999999 -999999 -999999 -999999 -999999 -999999 -999999 -999999 -999999 -999999 -999999 -999999 -999999 -999999 -999999 -999999 
5733   1995 -999999 -999999 -999999 -999999 -999999 -999999 -999999 -999999 -999999 -999999 -999999 -999999 -999999 -999999 -999999 -999999 -999999 -999999 -999999 
5733   1996 -999999 -999999 -999999 -999999 -999999 -999999 -999999 -999999 -999999 -999999 -999999 -999999 -999999 -999999 -999999 -999999 -999999 -999999 -999999 
5733   1997 -999999 -999999 -999999 -999999 -999999 -999999 -999999 -999999 -999999 -999999 -999999 -999999 -999999 -999999 -999999 -999999 -999999 -999999 -999999 
5733   1998 -999999 -999999 -999999 -999999 -999999 -999999 -999999 -999999 -999999 -999999 -999999 -999999 -999999 -999999 -999999 -999999 -999999 -999999 -999999 
5733   1999 -999999 -999999 -999999 -999999 -999999 -999999 -999999 -999999 -999999 -999999 -999999 -999999 -999999 -999999 -999999 -999999 -999999 -999999 -999999 
5733   2000 -999999 -999999 -999999 -999999 -999999 -999999 -999999 -999999 -999999 -999999 -999999 -999999 -999999 -999999 -999999 -999999 -999999 -999999 -999999 
5733   2001 -999999 -999999 -999999 -999999 -999999 -999999 -999999 -999999 -999999 -999999 -999999 -999999 -999999 -999999 -999999 -999999 -999999 -999999 -999999 
5733   2002 -999999 -999999 -999999 -999999 -999999 -999999 -999999 -999999 -999999 -999999 -999999 -999999 -999999 -999999 -999999 -999999 -999999 -999999 -999999 
5733   2003 -999999 -999999 -999999 -999999 -999999 -999999 -999999 -999999 -999999 -999999 -999999 -999999 -999999 -999999 -999999 -999999 -999999 -999999 -999999 
5733   2004 -999999 -999999 -999999 -999999 -999999 -999999 -999999 -999999 -999999 -999999 -999999 -999999 -999999 -999999 -999999 -999999 -999999 -999999 -999999 
5733   2005 -999999 -999999 -999999 -999999 -999999 -999999 -999999 -999999 -999999 -999999 -999999 -999999 -999999 -999999 -999999 -999999 -999999 -999999 -999999 
5733   2006 435     -999999 1202    -999999 70      1655    474     -622    -853    -858    188     883     1488    1750    1720    1158    291     -22     12      
5733   2007 414     -260    1090    -615    399     1488    383     -687    -1230   -13     429     782     1383    1554    1525    846     552     -254    -57     
5733   2008 397     -132    982     -233    184     1373    332     -382    -261    -403    190     766     1266    1567    1282    801     418     -227    -278    
5733   2009 347     -352    1126    -650    287     1459    440     -613    -1104   -379    208     1030    1330    1524    1518    1122    117     91      -771    
5733   2010 156     -603    1085    -1090   191     1473    209     -1116   -1415   -581    243     911     1250    1782    1382    917     404     -699    -1323   
5733   2011 462     -675    1217    -1196   369     1609    643     -919    -1361   -216    492     834     1569    1799    1458    1133    511     289     -174    
5733   2012 296     -168    977     -613    278     1376    410     -675    -1018   18      25      783     1167    1577    1378    905     280     51      -996    
5733   2013 415     -488    1164    -813    118     1547    492     -885    -532    -833    131     1057    1490    1603    1547    1131    435     -89     -140    
5733   2014 491     -137    1167    -411    410     1580    439     -987    -73     41      391     796     1195    1970    1563    1060    366     -108    -360    
5733   2015 513     -134    1087    -383    390     1423    564     -599    -169    60      356     753     1177    1465    1618    1134    445     116     -247    
5733   2016 400     -251    1137    -675    421     1471    389     -1233   -537    -54     235     1077    1345    1716    1349    1078    344     -253    -301    
5733   2017 353     -233    957     -430    153     1378    357     -439    -563    -220    43      633     1259    1492    1380    916     368     -213    -490    
5733   2018 402     -489    1245    -813    277     1637    480     -800    -1185   -675    208     1295    1348    1982    1571    1029    360     53      -480    
5733   2019 -999999 -372    1114    -789    293     1538    -999999 -1231   -641    -308    432     759     1533    1555    1525    863     139     -999999 -999999 
