EUROPEAN CLIMATE ASSESSMENT & DATASET (ECA&D), file created on: 13-11-2019
THESE DATA CAN BE USED FOR NON-COMMERCIAL RESEARCH AND EDUCATION PROVIDED THAT THE FOLLOWING SOURCE IS ACKNOWLEDGED: 

Klein Tank, A.M.G. and Coauthors, 2002. Daily dataset of 20th-century surface
air temperature and precipitation series for the European Climate Assessment.
Int. J. of Climatol., 22, 1441-1453.
Data and metadata available at http://www.ecad.eu

FILE FORMAT (MISSING VALUE CODE = -999999):

THIS FILE HOLDS DATA FOR STATION ITALY                                    SAN MARIA DI LEUCA                       (STAID:   2099)
LATITUDE: dd:mm:ss +39:49:12
LONGITUDE: ddd:mm:ss +018:21:00
ELEVATION: m  104

DATA IS FOR INDEX Mean of daily mean temperature (TG) with unit 0.01 Temperature (&#176;C)

01-06 SOUID: Source identifier
08-11 YEAR : YYYY
13-20 ANNUAL DATA VALUES
21-28 WINTER HALF YEAR DATA VALUES
29-36 SUMMER HALF YEAR DATA VALUES
37-44 WINTER (DJF) DATA VALUES
45-52 SPRING (MAM) DATA VALUES
53-60 SUMMER (JJA) DATA VALUES
61-68 AUTUMN (SON) DATA VALUES
69-76 JANUARY DATA VALUES
etc. 
157-164 DECEMBER DATA VALUES

2099   1951 1714    -999999 2148    -999999 1466    2472    1799    1039    1145    1184    1400    1812    2320    2529    2563    2249    1645    1509    1143    
2099   1952 1723    1185    2246    980     1449    2579    1862    937     852     1012    1583    1757    2388    2612    2730    2391    1842    1354    1191    
2099   1953 -999999 -999999 -999999 -999999 1429    2474    -999999 833     -999999 1007    1484    1799    2227    2637    2564    -999999 1910    1292    1149    
2099   1954 1658    1224    2114    962     1409    2449    1809    818     915     1234    1319    1673    2347    2493    2505    2339    1773    1318    1120    
2099   1955 1735    1314    2078    1178    1467    2403    1806    1206    1213    1228    1225    1895    2251    2539    2415    2125    1849    1442    1267    
2099   1956 1671    1238    2148    1046    1381    2445    1881    1086    766     993     1367    1783    2082    2508    2732    2394    1799    1452    1051    
2099   1957 1733    1281    2150    1080    1461    2499    1875    991     1210    1184    1485    1714    2362    2534    2598    2193    1918    1513    1042    
2099   1958 1727    1272    2148    1044    1445    2467    1852    975     1123    1044    1302    1984    2231    2513    2651    2181    1842    1533    1297    
2099   1959 1665    1315    2072    1056    1507    2371    1720    881     982     1329    1403    1785    2118    2508    2480    2118    1643    1401    1275    
2099   1960 1754    1289    2120    1153    1501    2408    1934    1050    1133    1228    1458    1816    2213    2415    2592    2208    1995    1597    1323    
2099   1961 1770    1379    2203    1119    1626    2448    1941    1023    999     1308    1703    1869    2296    2502    2542    2294    1930    1600    1128    
2099   1962 1718    1294    2175    1052    1438    2482    1931    1109    906     1064    1446    1805    2196    2505    2734    2347    1934    1511    1000    
2099   1963 1732    1223    2193    941     1450    2512    1903    865     959     1055    1494    1801    2257    2663    2607    2322    1762    1630    1313    
2099   1964 1688    1306    2110    1058    1503    2416    1812    861     996     1268    1425    1812    2318    2450    2478    2164    1811    1460    1184    
2099   1965 1672    1228    2093    978     1414    2413    1865    1022    702     1149    1363    1729    2294    2545    2397    2215    1815    1566    1196    
2099   1966 1713    1286    2142    1086    1447    2441    1903    870     1202    1068    1510    1765    2264    2465    2588    2246    2042    1416    1086    
2099   1967 1698    1270    2101    983     1441    2407    1932    908     954     1188    1313    1818    2076    2527    2606    2246    1968    1580    1134    
2099   1968 1682    1295    2112    1030    1550    2315    1826    815     1148    1124    1553    1974    2126    2483    2331    2187    1822    1469    1140    
2099   1969 1689    1277    2079    1061    1499    2289    1936    962     1083    1175    1355    1963    2115    2335    2412    2278    1875    1600    1066    
2099   1970 1696    1297    2102    1073    1392    2418    1842    1120    1028    1126    1413    1639    2230    2440    2579    2301    1737    1492    1202    
2099   1971 1669    1262    2128    1119    1466    2431    1681    1168    974     978     1473    1947    2196    2424    2666    2043    1622    1380    1105    
2099   1972 1651    1278    2056    1129    1515    2336    1617    1125    1160    1272    1502    1771    2252    2368    2386    2044    1456    1356    1104    
2099   1973 1643    1136    2085    1023    1341    2373    1822    1005    953     935     1213    1871    2158    2496    2458    2294    1859    1313    1112    
2099   1974 1664    1273    2067    1086    1391    2382    1797    1019    1133    1190    1327    1654    2122    2459    2557    2269    1727    1398    1074    
2099   1975 1680    1221    2101    988     1472    2348    1880    994     887     1218    1382    1813    2072    2501    2463    2356    1875    1410    1130    
2099   1976 1610    1262    1964    1061    1403    2220    1742    987     1064    1096    1369    1744    2117    2383    2156    2002    1816    1405    1155    
2099   1977 1746    1338    2117    1156    1566    2394    1846    1113    1206    1322    1437    1935    2228    2477    2471    2138    1820    1581    1189    
2099   1978 1622    1311    1970    1104    1325    2313    1708    1057    1063    1141    1227    1602    2155    2395    2383    2041    1717    1367    1270    
2099   1979 1683    1285    2074    1098    1480    2392    1789    925     1099    1317    1294    1822    2262    2410    2500    2140    1876    1349    1151    
2099   1980 1582    1200    1984    959     1277    2306    1840    837     883     1087    1192    1549    1999    2395    2515    2238    1864    1417    979     
2099   1981 1683    1208    2131    888     1495    2432    1830    764     926     1276    1430    1778    2354    2401    2538    2274    2010    1200    1185    
2099   1982 1725    1241    2157    1054    1400    2458    1961    1079    882     1056    1303    1839    2331    2495    2544    2417    1942    1525    1224    
2099   1983 1676    1288    2136    1030    1535    2382    1785    1024    821     1152    1513    1938    2119    2595    2424    2210    1793    1353    1099    
2099   1984 1651    1221    2022    1042    1371    2292    1869    1067    954     1050    1325    1735    2092    2391    2386    2189    1882    1536    1173    
2099   1985 1701    1259    2150    981     1503    2437    1832    895     864     1174    1412    1919    2212    2547    2546    2246    1756    1495    1282    
2099   1986 1715    1292    2171    1104    1542    2436    1862    1038    978     1175    1470    1979    2230    2441    2630    2259    1888    1436    1005    
2099   1987 1685    1193    2134    1012    1268    2432    1956    981     1055    790     1409    1609    2114    2637    2535    2489    1928    1451    1186    
2099   1988 1678    1303    -999999 1125    1436    -999999 1760    1182    999     1054    1389    1864    2210    2811    2636    2190    1889    1197    1012    
2099   1989 1655    1245    2067    1020    1483    2347    1725    961     1093    1295    1477    1676    2025    2500    2505    2203    1635    1340    1107    
2099   1990 1728    1261    2109    1080    1525    2409    1912    969     1173    1335    1422    1816    2198    2529    2494    2180    1993    1559    1024    
2099   1991 1638    1303    2056    974     1383    2413    1858    975     916     1323    1311    1512    2239    2468    2527    2265    1844    1465    765     
2099   1992 1689    1177    2115    869     1463    2380    1932    957     887     1133    1425    1829    2107    2360    2664    2286    1969    1540    1083    
2099   1993 1683    1227    2131    950     1416    2424    1851    941     814     983     1409    1857    2247    2422    2598    2237    1922    1383    1286    
2099   1994 -999999 -999999 -999999 -999999 -999999 -999999 -999999 1041    1020    1259    1409    1871    2171    2585    2746    2403    1871    1441    1194    
2099   1995 1680    1294    2089    1126    1382    2429    1743    1001    1198    1086    1312    1744    2221    2614    2444    2153    1838    1234    1269    
2099   1996 1679    1236    2104    1095    1437    2440    1756    1068    937     1050    1373    1886    2304    2459    2552    2029    1725    1516    1213    
2099   1997 1690    1307    2074    1135    1413    2384    1845    1138    1047    1187    1106    1935    2245    2459    2448    2256    1767    1509    1172    
2099   1998 1750    1296    2227    1164    1435    2595    1839    1128    1197    1008    1454    1818    2352    2669    2757    2270    1890    1372    987     
2099   1999 -999999 1233    -999999 981     1529    2538    -999999 1058    892     1168    1441    1976    2371    2560    2676    -999999 1989    1511    1296    
2099   2000 1784    1288    2278    1012    1608    2554    -999999 817     966     1130    1615    2095    2394    2581    2683    2246    1896    1714    1295    
2099   2001 1777    1466    2172    1239    1572    2510    1916    1274    1134    1472    1331    1928    2241    2587    2692    2238    2040    1445    792     
2099   2002 -999999 -999999 -999999 959     -999999 -999999 -999999 905     1185    -999999 1442    1881    2414    2624    2563    2188    1839    1570    -999999 
2099   2003 -999999 -999999 -999999 -999999 -999999 2730    1932    -999999 -999999 -999999 -999999 2088    2613    2748    2822    2258    1907    1632    1228    
2099   2004 1759    1344    2156    1112    1461    2501    1941    979     1131    1185    1505    1693    2259    2657    2572    2237    2086    1494    1300    
2099   2005 1714    1333    2169    1064    1527    2443    1873    997     871     1198    1467    1914    2252    2565    2505    2295    1859    1467    1091    
2099   2006 -999999 -999999 -999999 -999999 -999999 -999999 -999999 854     -999999 -999999 -999999 -999999 -999999 -999999 -999999 -999999 -999999 -999999 -999999 
