EUROPEAN CLIMATE ASSESSMENT & DATASET (ECA&D), file created on: 13-11-2019
THESE DATA CAN BE USED FOR NON-COMMERCIAL RESEARCH AND EDUCATION PROVIDED THAT THE FOLLOWING SOURCE IS ACKNOWLEDGED: 

Klein Tank, A.M.G. and Coauthors, 2002. Daily dataset of 20th-century surface
air temperature and precipitation series for the European Climate Assessment.
Int. J. of Climatol., 22, 1441-1453.
Data and metadata available at http://www.ecad.eu

FILE FORMAT (MISSING VALUE CODE = -999999):

THIS FILE HOLDS DATA FOR STATION RUSSIAN FEDERATION                       BALAGANSK                                (STAID:   8336)
LATITUDE: dd:mm:ss +54:00:00
LONGITUDE: ddd:mm:ss +103:04:12
ELEVATION: m  428

DATA IS FOR INDEX Mean of daily mean temperature (TG) with unit 0.01 Temperature (&#176;C)

01-06 SOUID: Source identifier
08-11 YEAR : YYYY
13-20 ANNUAL DATA VALUES
21-28 WINTER HALF YEAR DATA VALUES
29-36 SUMMER HALF YEAR DATA VALUES
37-44 WINTER (DJF) DATA VALUES
45-52 SPRING (MAM) DATA VALUES
53-60 SUMMER (JJA) DATA VALUES
61-68 AUTUMN (SON) DATA VALUES
69-76 JANUARY DATA VALUES
etc. 
157-164 DECEMBER DATA VALUES

8336   1936 -424    -999999 918     -999999 -534    1510    -153    -2918   -2641   -1862   -536    794     1290    1877    1356    687     179     -1335   -2058   
8336   1937 -999999 -999999 -999999 -999999 -999999 -999999 -999999 -999999 -999999 -999999 -999999 -999999 -999999 -999999 -999999 -999999 -999999 -999999 -999999 
8336   1938 -290    -999999 1117    -999999 -59     1603    -138    -3016   -2220   -1340   324     850     1480    1850    1474    697     34      -1150   -2566   
8336   1939 -192    -1650   1209    -2539   -60     1757    -241    -2550   -2495   -1239   243     825     1675    1907    1687    891     -239    -1377   -1778   
8336   1940 -296    -1706   1119    -2488   -8      1611    -177    -3325   -2351   -1197   205     976     1599    1719    1514    674     -58     -1152   -2207   
8336   1941 -274    -1628   1102    -2434   -228    1703    -113    -2585   -2518   -1318   -209    845     1685    1836    1587    838     -46     -1132   -2411   
8336   1942 -280    -1760   1079    -2742   -185    1641    -133    -2861   -2976   -1230   -30     710     1591    1835    1495    847     -75     -1173   -1679   
8336   1943 -240    -1653   1225    -2349   -179    1763    -152    -2977   -2395   -1677   52      1096    1635    1919    1731    883     0       -1345   -1945   
8336   1944 -274    -1577   1153    -2320   -50     1656    -278    -2818   -2187   -1201   199     859     1715    1789    1465    867     12      -1723   -2323   
8336   1945 -279    -1900   1146    -2708   -142    1559    80      -2727   -3114   -1637   59      1159    1542    1751    1382    957     234     -954    -2181   
8336   1946 -232    -1485   1135    -2116   -261    1707    -85     -2293   -1849   -1884   174     940     1589    1976    1551    544     151     -959    -2810   
8336   1947 -413    -1793   1154    -2791   -107    1606    -320    -2995   -2543   -1648   245     1095    1591    1815    1410    740     -30     -1680   -3083   
8336   1948 -146    -1694   1147    -2567   87      1664    -210    -2260   -2344   -806    321     753     1532    1956    1500    791     -66     -1359   -1854   
8336   1949 -213    -1437   1123    -1995   -34     1597    -80     -2227   -1895   -1265   302     873     1437    1848    1500    751     175     -1175   -2967   
8336   1950 -164    -1689   1178    -2649   -152    1786    -196    -2646   -2299   -1265   -181    990     1746    1999    1613    867     47      -1511   -1478   
8336   1951 -311    -1699   1050    -2448   -192    1534    -75     -3149   -2747   -1448   -104    979     1605    1707    1291    796     -41     -982    -1790   
8336   1952 -320    -1507   1107    -2103   -331    1689    -284    -1985   -2565   -1731   -139    883     1654    1888    1525    800     11      -1674   -2590   
8336   1953 -165    -1770   1255    -2668   74      1757    -135    -2717   -2700   -1035   252     1012    1749    1952    1570    966     165     -1547   -1825   
8336   1954 -316    -1612   1154    -2300   -286    1797    -146    -2523   -2577   -1457   -76     682     1786    1811    1793    899     79      -1423   -2920   
8336   1955 -208    -1821   1114    -2623   -338    1733    12      -2638   -2276   -1781   -109    883     1542    1861    1789    675     25      -665    -1925   
8336   1956 -382    -1622   1151    -2476   -255    1713    -225    -2654   -2875   -1692   -42     975     1615    1908    1612    801     104     -1591   -2829   
8336   1957 -298    -1976   1086    -2948   -253    1635    -78     -2900   -3134   -1609   95      767     1704    1743    1460    724     119     -1083   -1648   
8336   1958 -179    -1532   1156    -2202   -286    1771    -53     -2467   -2521   -1672   -154    973     1646    1985    1677    772     17      -952    -1616   
8336   1959 -200    -1394   1219    -2146   22      1731    -161    -2408   -2443   -1050   188     935     1712    1859    1621    976     39      -1505   -2471   
8336   1960 -275    -1696   1135    -2378   -238    1656    -174    -2918   -1701   -1612   73      835     1669    1813    1488    909     -79     -1356   -2431   
8336   1961 -206    -1581   1159    -2273   -18     1597    -248    -2290   -2081   -1293   323     927     1373    1855    1557    888     -349    -1281   -2218   
8336   1962 -119    -999999 1139    -999999 -29     1661    -421    -999999 -1699   -1109   46      979     1520    1925    1534    793     -154    -1911   -1781   
8336   1963 -143    -1498   1037    -2027   -97     1630    -105    -2581   -1687   -906    -233    844     1363    1877    1643    685     -15     -987    -1826   
8336   1964 -201    -1500   1139    -2249   -173    1747    -156    -2136   -2821   -1280   -223    983     1585    1932    1717    797     -316    -943    -1813   
8336   1965 -201    -1472   1153    -2132   -124    1750    -145    -2255   -2349   -1222   -144    992     1749    1901    1602    783     193     -1421   -2397   
8336   1966 -267    -1607   1072    -2345   -330    1623    -9      -2578   -2030   -1446   -353    810     1649    1665    1556    1075    147     -1255   -2541   
8336   1967 -180    -1518   1100    -2385   72      1570    -155    -2462   -2128   -899    190     905     1517    1877    1312    727     225     -1430   -2074   
8336   1968 -259    -1517   1084    -2363   35      1636    -231    -2622   -2394   -863    104     865     1443    1913    1546    596     -70     -1226   -2474   
8336   1969 -342    -1871   1090    -2886   -260    1717    -39     -3284   -2902   -1352   -32     612     1594    2005    1548    782     121     -1025   -2328   
8336   1970 -280    -1618   1050    -2357   -357    1606    -137    -2356   -2390   -1783   -29     752     1471    1877    1466    730     -83     -1061   -2090   
8336   1971 -197    -1589   1101    -2318   -236    1636    123     -2249   -2646   -1492   78      793     1649    1717    1540    750     257     -639    -2194   
8336   1972 -236    -1415   1040    -2311   -130    1557    -209    -2575   -2154   -1154   131     639     1570    1680    1421    775     -112    -1295   -1817   
8336   1973 -141    -1473   1058    -2121   -203    1580    91      -2381   -2170   -1123   -134    650     1647    1704    1390    1074    -65     -730    -1676   
8336   1974 -294    -1466   1128    -2202   -232    1697    -282    -2583   -2363   -1443   110     647     1434    1851    1796    900     -305    -1442   -2264   
8336   1975 -131    -1545   1107    -2222   -3      1598    54      -2173   -2229   -923    60      856     1484    1803    1503    906     103     -848    -2251   
8336   1976 -273    -1458   1039    -2188   -324    1588    -188    -2256   -2047   -1465   -138    637     1503    1887    1372    945     -168    -1342   -2249   
8336   1977 -226    -1712   1041    -2605   -163    1588    136     -3079   -2476   -1023   -78     615     1572    1741    1450    921     127     -640    -1978   
8336   1978 -186    -1357   1068    -2136   -172    1564    28      -2107   -2344   -1275   72      695     1526    1737    1427    931     -53     -790    -2179   
8336   1979 -151    -1425   1095    -2201   -193    1721    -59     -2494   -1900   -1161   -274    851     1895    1869    1403    796     192     -1172   -1934   
8336   1980 -245    -1542   1060    -2271   -401    1729    -34     -2686   -2188   -1491   -302    595     1674    1875    1638    849     -118    -830    -2004   
8336   1981 -175    -1430   1143    -2243   118     1527    -225    -2599   -2115   -963    293     1030    1502    1695    1382    933     -308    -1298   -1774   
8336   1982 -143    -1550   1099    -2155   -84     1569    10      -2621   -2061   -1277   250     785     1514    1671    1522    830     -63     -735    -1635   
8336   1983 -81     -1227   951     -1859   -226    1523    146     -1965   -1988   -1032   -336    687     1342    1641    1580    756     161     -480    -1465   
8336   1984 -284    -1304   1025    -2034   -321    1582    -54     -2373   -2278   -1426   -421    880     1552    1688    1506    913     53      -1130   -2433   
8336   1985 -262    -1631   1041    -2487   -209    1586    -20     -2349   -2699   -1315   -1      697     1437    1853    1464    764     147     -976    -2331   
8336   1986 -138    -1474   1185    -2350   -62     1728    17      -2482   -2224   -1035   25      826     1601    2021    1556    1052    35      -1038   -2131   
8336   1987 -245    -1530   1069    -2241   -276    1581    -190    -2440   -2143   -1510   -34     725     1195    1787    1750    954     -140    -1384   -1829   
8336   1988 -155    -1562   1051    -2173   -199    1504    209     -2474   -2219   -1362   -17     788     1341    1587    1577    1001    176     -549    -1762   
8336   1989 -115    -1137   1023    -1914   71      1454    -40     -2028   -1954   -762    84      890     1313    1644    1402    776     192     -1095   -1968   
8336   1990 -6      -1331   1210    -2161   150     1769    62      -2663   -1820   -672    27      1090    1565    2076    1658    801     285     -908    -1640   
8336   1991 -148    -1360   1193    -2041   -216    1781    69      -2533   -1942   -1463   61      764     1647    1946    1745    965     136     -895    -2306   
8336   1992 -75     -1285   1132    -1975   18      1635    -52     -1888   -1716   -1055   -48     1155    1303    1869    1723    744     56      -961    -2145   
8336   1993 -37     -1292   1186    -2089   80      1774    -64     -2330   -1760   -650    71      819     1550    2073    1691    877     178     -1255   -1826   
8336   1994 -84     -1354   1185    -2004   -41     1755    39      -2130   -2062   -1095   115     860     1728    1915    1621    844     113     -841    -2203   
8336   1995 10      -1234   1110    -1898   -76     1672    178     -1795   -1673   -1035   103     710     1411    1905    1692    806     234     -508    -1837   
8336   1996 -199    -1281   1103    -2059   -161    1707    -300    -2155   -2194   -1259   -11     791     1345    2132    1632    688     -83     -1512   -1853   
8336   1997 -22     -1381   1248    -1991   227     1707    -37     -2282   -1822   -781    478     994     1592    1878    1648    871     95      -1080   -1966   
8336   1998 -124    -1390   1121    -2078   -86     1634    -135    -2555   -1675   -1174   143     780     1303    1811    1778    877     81      -1369   -1587   
8336   1999 -175    -1510   1174    -1969   -250    1669    -77     -2466   -1841   -1903   -15     1175    1453    1986    1561    844     -29     -1049   -1920   
8336   2000 -222    -1497   1244    -2330   58      1780    -284    -3009   -2043   -950    107     1019    1934    1748    1662    970     -216    -1607   -2317   
8336   2001 -121    -1744   1219    -2570   -12     1792    180     -3105   -2258   -1008   46      926     1887    1784    1708    935     119     -513    -2092   
8336   2002 17      -1022   1248    -1684   104     1820    -113    -1505   -1429   -735    -26     1068    1658    2059    1739    954     -145    -1148   -2378   
8336   2003 -61     -1408   1163    -2044   -4      1689    -91     -2045   -1673   -1076   134     934     1668    1851    1548    817     135     -1232   -1894   
8336   2004 -84     -1340   1126    -1879   -180    1667    134     -2092   -1637   -1334   -6      806     1704    1817    1482    929     275     -807    -2179   
8336   2005 -120    -1424   1152    -2375   -28     1709    211     -2253   -2728   -958    54      823     1522    1967    1633    881     355     -607    -2300   
8336   2006 -190    -1398   1008    -2376   -256    1601    47      -2516   -2306   -1078   -338    646     1562    1853    1386    911     17      -787    -1763   
8336   2007 62      -1156   1238    -1698   32      1693    144     -1831   -1479   -1111   296     920     1472    1937    1663    1112    65      -741    -1649   
8336   2008 -66     -1232   1159    -2067   83      1752    89      -2622   -1919   -556    66      738     1782    1959    1515    871     145     -753    -2065   
8336   2009 -235    -1423   1104    -2255   -59     1595    -146    -2388   -2317   -1226   273     787     1436    1829    1514    756     22      -1221   -2411   
8336   2010 -284    -1717   1026    -2572   -341    1616    149     -2640   -2676   -1450   -324    750     1487    1954    1404    853     236     -645    -2510   
8336   2011 -95     -1450   1183    -2449   17      1741    46      -2871   -1915   -1015   241     833     1813    1749    1662    775     342     -989    -1874   
8336   2012 -256    -1446   1155    -2262   -114    1658    -48     -2669   -2242   -1284   77      872     1720    1766    1490    985     -15     -1114   -2699   
8336   2013 -91     -1623   1087    -2493   -146    1650    156     -2472   -2289   -1196   -9      771     1471    1751    1722    785     130     -447    -1449   
