EUROPEAN CLIMATE ASSESSMENT & DATASET (ECA&D), file created on: 13-11-2019
THESE DATA CAN BE USED FOR NON-COMMERCIAL RESEARCH AND EDUCATION PROVIDED THAT THE FOLLOWING SOURCE IS ACKNOWLEDGED: 

Klein Tank, A.M.G. and Coauthors, 2002. Daily dataset of 20th-century surface
air temperature and precipitation series for the European Climate Assessment.
Int. J. of Climatol., 22, 1441-1453.
Data and metadata available at http://www.ecad.eu

FILE FORMAT (MISSING VALUE CODE = -999999):

THIS FILE HOLDS DATA FOR STATION GERMANY                                  MURRHARDT                                (STAID:   4438)
LATITUDE: dd:mm:ss +48:58:26
LONGITUDE: ddd:mm:ss +009:34:18
ELEVATION: m  344

DATA IS FOR INDEX Mean of daily mean temperature (TG) with unit 0.01 Temperature (&#176;C)

01-06 SOUID: Source identifier
08-11 YEAR : YYYY
13-20 ANNUAL DATA VALUES
21-28 WINTER HALF YEAR DATA VALUES
29-36 SUMMER HALF YEAR DATA VALUES
37-44 WINTER (DJF) DATA VALUES
45-52 SPRING (MAM) DATA VALUES
53-60 SUMMER (JJA) DATA VALUES
61-68 AUTUMN (SON) DATA VALUES
69-76 JANUARY DATA VALUES
etc. 
157-164 DECEMBER DATA VALUES

4438   1951 879     -999999 1383    -999999 739     1650    911     234     251     305     719     1193    1524    1735    1688    1422    705     612     130     
4438   1952 827     300     1455    28      869     1809    658     12      -62     389     983     1239    1631    1969    1821    1063    716     192     -66     
4438   1953 -999999 -999999 1389    -999999 -999999 1603    859     -999999 -999999 -999999 888     1330    1531    1735    1540    1297    952     324     205     
4438   1954 772     247     1274    -98     737     1517    878     -301    -208    471     600     1134    1562    1452    1537    1346    872     416     319     
4438   1955 760     268     1307    65      610     1610    764     -85     -52     114     670     1047    1523    1723    1581    1282    740     271     245     
4438   1956 685     123     1264    -219    724     1479    786     104     -1062   371     601     1196    1320    1678    1432    1338    766     254     137     
4438   1957 832     344     1305    112     786     1643    813     -185    411     686     719     951     1674    1789    1466    1221    802     415     22      
4438   1958 834     230     1380    57      633     1639    925     2       158     -17     535     1376    1478    1724    1709    1433    866     479     220     
4438   1959 887     379     1432    85      930     1718    787     -10     42      650     874     1263    1600    1905    1645    1289    771     301     252     
4438   1960 852     329     1333    117     866     1586    885     -3      102     535     781     1279    1657    1526    1576    1167    890     597     93      
4438   1961 899     435     1383    180     886     1533    990     4       472     565     1068    1031    1536    1505    1557    1602    995     373     71      
4438   1962 709     264     1279    60      612     1545    749     115     -12     21      843     981     1447    1554    1631    1207    816     223     -363    
4438   1963 704     -45     1378    -529    754     1615    960     -676    -551    238     854     1172    1540    1750    1553    1387    755     746     -390    
4438   1964 833     186     1451    -192    816     1702    867     -300    135     185     906     1360    1689    1872    1544    1322    732     551     -5      
4438   1965 756     243     1255    -43     684     1525    717     133     -279    284     651     1118    1580    1544    1452    1173    714     263     360     
4438   1966 867     324     1369    228     827     1561    879     -224    583     270     967     1248    1653    1513    1519    1311    1151    166     235     
4438   1967 857     394     1347    169     792     1631    919     3       279     510     644     1218    1428    1852    1607    1312    1102    338     -55     
4438   1968 795     312     1327    -1      793     1567    859     -113    176     415     848     1118    1569    1586    1547    1285    982     305     -195    
4438   1969 796     218     1374    -100    786     1611    923     31      -139    294     713     1349    1405    1811    1609    1337    904     527     -351    
4438   1970 812     199     1355    -132    628     1681    939     -72     45      134     621     1128    1722    1630    1693    1324    892     602     -18     
4438   1971 819     247     1412    -30     794     1672    740     -149    89      63      878     1443    1402    1820    1785    1120    809     288     221     
4438   1972 768     326     1276    98      813     1578    676     -130    211     548     764     1127    1431    1739    1560    1013    621     397     -79     
4438   1973 802     205     1388    -28     712     1690    809     -64     69      279     536     1315    1606    1687    1775    1391    718     322     -57     
4438   1974 885     385     1314    199     843     1564    745     358     306     650     748     1128    1413    1569    1705    1305    500     440     452     
4438   1975 885     390     1427    347     776     1684    861     391     181     361     737     1229    1508    1768    1770    1534    715     339     34      
4438   1976 861     274     1420    123     751     1746    887     201     135     215     714     1324    1778    1931    1529    1224    987     446     -171    
4438   1977 891     401     1307    99      807     1629    899     99      398     647     596     1170    1559    1708    1617    1174    1036    482     164     
4438   1978 783     375     1270    59      796     1504    771     95      -98     527     722     1137    1464    1586    1462    1238    805     269     121     
4438   1979 794     213     1295    -102    760     1569    843     -444    29      480     616     1180    1650    1597    1462    1252    921     355     380     
4438   1980 728     358     1240    135     674     1499    767     -219    252     450     542     1024    1393    1439    1661    1366    728     207     -116    
4438   1981 804     199     1353    -154    922     1557    869     -226    -117    691     867     1208    1511    1584    1575    1366    820     422     -113    
4438   1982 850     204     1395    -137    715     1702    976     -230    -63     368     596     1178    1619    1865    1619    1475    895     562     254     
4438   1983 874     399     1461    151     802     1821    816     320     -148    463     875     1072    1622    2060    1774    1344    866     237     -77     
4438   1984 770     216     1245    -7      612     1537    875     73      -17     197     646     994     1376    1636    1593    1207    945     471     88      
4438   1985 727     155     1361    -260    765     1599    713     -620    -248    263     764     1269    1374    1787    1628    1324    758     54      294     
4438   1986 817     170     1385    -47     804     1653    887     84      -568    325     661     1422    1601    1657    1701    1245    938     477     156     
4438   1987 749     189     1317    -106    594     1534    951     -478    15      16      865     910     1383    1707    1508    1522    912     419     170     
4438   1988 889     373     1383    211     827     1597    857     299     161     267     805     1409    1501    1631    1655    1279    1003    285     335     
4438   1989 902     461     1403    244     940     1656    801     142     258     716     695     1401    1522    1774    1669    1334    910     157     188     
4438   1990 897     413     1363    255     888     1648    856     95      506     623     674     1362    1476    1686    1777    1176    975     414     -27     
4438   1991 813     319     1358    -46     736     1706    845     117     -246    630     645     930     1382    1911    1815    1449    733     357     -45     
4438   1992 901     277     1475    33      881     1782    851     2       149     459     740     1439    1612    1820    1907    1310    703     544     96      
4438   1993 851     316     1414    101     931     1600    676     295     -109    336     1025    1434    1572    1614    1612    1214    742     71      330     
4438   1994 980     372     1460    222     904     1813    954     239     83      727     707     1270    1624    2060    1749    1323    753     792     368     
4438   1995 879     433     1409    260     801     1717    863     -35     466     270     898     1237    1437    1961    1744    1156    1171    252     -44     
4438   1996 745     208     1328    -115    716     1628    802     -151    -151    152     834     1166    1603    1599    1683    1067    900     434     -223    
4438   1997 889     312     1413    -44     868     1706    855     -233    362     641     666     1292    1558    1666    1890    1386    763     421     217     
4438   1998 901     394     1448    214     937     1692    802     174     255     519     864     1424    1680    1677    1717    1311    949     141     51      
4438   1999 918     304     1510    58      960     1692    906     175     -63     530     892     1457    1506    1852    1713    1626    847     249     157     
4438   2000 990     367     1510    182     1004    1725    994     23      379     546     1002    1465    1795    1555    1829    1407    1012    562     293     
4438   2001 911     477     1417    216     939     1723    866     107     252     614     691     1504    1447    1834    1879    1116    1200    270     -55     
4438   2002 969     400     1477    113     913     1800    935     -68     500     560     847     1329    1821    1781    1798    1270    886     651     235     
4438   2003 969     364     1659    6       972     2094    830     -38     -198    602     853     1458    2116    1930    2236    1342    623     533     86      
4438   2004 -999999 307     -999999 94      841     -999999 -999999 34      168     398     970     1158    -999999 -999999 -999999 -999999 -999999 -999999 -999999 
