EUROPEAN CLIMATE ASSESSMENT & DATASET (ECA&D), file created on: 13-11-2019
THESE DATA CAN BE USED FOR NON-COMMERCIAL RESEARCH AND EDUCATION PROVIDED THAT THE FOLLOWING SOURCE IS ACKNOWLEDGED: 

Klein Tank, A.M.G. and Coauthors, 2002. Daily dataset of 20th-century surface
air temperature and precipitation series for the European Climate Assessment.
Int. J. of Climatol., 22, 1441-1453.
Data and metadata available at http://www.ecad.eu

FILE FORMAT (MISSING VALUE CODE = -999999):

THIS FILE HOLDS DATA FOR STATION RUSSIAN FEDERATION                       BEREZOVO-1                               (STAID:   8147)
LATITUDE: dd:mm:ss +63:24:00
LONGITUDE: ddd:mm:ss +172:42:00
ELEVATION: m  200

DATA IS FOR INDEX Mean of daily mean temperature (TG) with unit 0.01 Temperature (&#176;C)

01-06 SOUID: Source identifier
08-11 YEAR : YYYY
13-20 ANNUAL DATA VALUES
21-28 WINTER HALF YEAR DATA VALUES
29-36 SUMMER HALF YEAR DATA VALUES
37-44 WINTER (DJF) DATA VALUES
45-52 SPRING (MAM) DATA VALUES
53-60 SUMMER (JJA) DATA VALUES
61-68 AUTUMN (SON) DATA VALUES
69-76 JANUARY DATA VALUES
etc. 
157-164 DECEMBER DATA VALUES

8147   1944 -999999 -999999 -999999 -999999 -999999 1109    -609    -999999 -999999 -999999 -999999 -999999 828     1411    1079    505     -567    -1767   -2510   
8147   1945 -815    -2153   512     -2601   -1167   1101    -624    -2371   -2955   -2813   -787    112     1042    1272    986     418     -879    -1404   -2528   
8147   1946 -1052   -2286   218     -2725   -1730   909     -687    -2453   -3242   -3276   -1621   -288    692     1044    984     458     -949    -1563   -2553   
8147   1947 -942    -2050   246     -2484   -1286   869     -760    -2886   -1964   -2365   -1178   -313    763     834     1007    336     -735    -1881   -2962   
8147   1948 -876    -2195   508     -2810   -858    1054    -1029   -2802   -2656   -2154   -541    131     1153    1037    976     271     -1207   -2145   -2613   
8147   1949 -999999 -999999 193     -2457   -999999 925     -761    -2235   -2531   -999999 -1558   -346    719     1136    915     252     -808    -1726   -1920   
8147   1950 -777    -1648   23      -1668   -1560   773     -637    -981    -2149   -2357   -1520   -801    440     921     948     114     -566    -1462   -2025   
8147   1951 -819    -1853   259     -2318   -1236   945     -644    -2375   -2581   -2169   -1463   -84     816     1097    917     232     -318    -1857   -2179   
8147   1952 -854    -1950   287     -2479   -1233   957     -609    -2060   -3246   -2118   -1285   -298    491     1366    1000    407     -537    -1699   -2380   
8147   1953 -962    -2167   341     -2732   -1504   1164    -594    -2793   -3053   -2609   -1541   -363    912     1473    1099    429     -749    -1456   -3021   
8147   1954 -855    -2004   476     -2556   -943    1056    -873    -2079   -2570   -2185   -664    29      1011    1354    803     298     -938    -1975   -3442   
8147   1955 -980    -2358   218     -3020   -1395   984     -1150   -2662   -2950   -2225   -1654   -313    867     1080    1000    292     -1636   -2090   -1623   
8147   1956 -891    -2079   319     -2014   -1427   1050    -919    -1803   -2658   -2701   -1385   -194    907     1368    870     311     -890    -2179   -2419   
8147   1957 -836    -1990   380     -2144   -1308   1115    -807    -1788   -2232   -2462   -1365   -98     910     1488    939     365     -743    -2044   -3098   
8147   1958 -934    -2235   256     -3014   -1158   1078    -1007   -3158   -2761   -1651   -1242   -585    936     1231    1063    102     -991    -2134   -2154   
8147   1959 -728    -1903   417     -1847   -1341   1112    -637    -1405   -1996   -2756   -1308   41      885     1427    1015    398     -727    -1578   -2811   
8147   1960 -808    -1936   290     -2714   -999    1058    -871    -2523   -2816   -1207   -1652   -160    993     1254    925     341     -786    -2171   -1995   
8147   1961 -1029   -2183   309     -2353   -1475   991     -891    -2334   -2771   -3095   -1403   75      803     1345    817     173     -834    -2012   -3232   
8147   1962 -616    -1845   406     -2190   -854    1086    -873    -1763   -1509   -1690   -906    33      962     1316    976     15      -956    -1675   -2255   
8147   1963 -829    -1876   218     -2082   -1304   890     -894    -1670   -2348   -2389   -1191   -328    732     1186    748     133     -1164   -1642   -2124   
8147   1964 -1018   -2334   305     -2880   -1433   1156    -1012   -3161   -3389   -2570   -1610   -126    1258    1314    900     55      -1093   -1997   -1891   
8147   1965 -1060   -2176   112     -2566   -1343   805     -963    -2705   -3160   -2302   -1428   -301    711     913     789     -50     -1335   -1492   -2505   
8147   1966 -856    -1998   225     -2313   -1385   1000    -722    -2078   -2361   -2241   -1853   -103    939     1142    920     318     -1129   -1341   -2497   
8147   1967 -999999 -999999 -999999 -999999 -866    -999999 -818    -999999 -2422   -1363   -1674   412     -999999 -999999 818     286     -658    -2088   -1796   
8147   1968 -902    -1804   -999999 -2004   -1438   1074    -999999 -1602   -2664   -2104   -1982   -206    990     1188    1034    -999999 -914    -1711   -2839   
8147   1969 -912    -2047   397     -2336   -1363   1061    -1138   -1409   -2804   -2655   -1407   62      826     1326    1023    450     -990    -2878   -2538   
8147   1970 -756    -2256   376     -2505   -1154   1009    -556    -2652   -2308   -2216   -1545   151     1235    920     879     594     -703    -1516   -2373   
8147   1971 -1045   -2034   -999999 -2451   -1603   903     -856    -1952   -3089   -2671   -1566   -569    473     1162    1000    269     -861    -1900   -2598   
8147   1972 -848    -2024   267     -2300   -1423   974     -840    -2195   -2094   -2497   -1456   -317    629     1226    1057    436     -889    -1979   -2066   
8147   1973 -956    -2235   274     -2493   -1658   964     -532    -2871   -2576   -3164   -1387   -475    810     1272    807     368     -690    -1293   -2739   
8147   1974 -987    -2049   256     -2767   -1407   1086    -605    -2936   -2610   -2028   -1844   -383    958     1275    1020    473     -426    -1868   -3607   
8147   1975 -956    -2240   239     -3036   -1359   1024    -767    -3049   -2391   -2104   -1641   -342    819     1122    1124    314     -805    -1809   -2796   
8147   1976 -1133   -2285   167     -2880   -1666   1019    -916    -2410   -3471   -2479   -2203   -289    807     1231    1013    378     -1104   -2020   -3120   
8147   1977 -926    -2397   362     -2723   -1563   1087    -903    -2224   -2835   -3068   -1394   -223    954     1203    1099    502     -1161   -2041   -2057   
8147   1978 -800    -1949   293     -2125   -1141   926     -643    -1507   -2885   -2135   -1206   -85     635     1190    942     244     -724    -1446   -2784   
8147   1979 -999999 -1781   177     -2089   -1466   978     -999999 -1861   -1573   -2269   -1717   -421    787     1234    905     235     -747    -999999 -2534   
8147   1980 -964    -999999 256     -2382   -1314   1002    -1096   -2160   -2456   -2093   -1717   -146    870     1186    947     357     -967    -2684   -2777   
8147   1981 -797    -2267   447     -2669   -1047   1152    -712    -2529   -2705   -1998   -1092   -51     1167    1350    941     338     -521    -1958   -2637   
8147   1982 -775    -1741   151     -2054   -1262   828     -804    -1931   -1545   -1843   -1541   -411    581     969     928     344     -476    -2291   -2152   
8147   1983 -812    -2003   284     -2345   -1328   1045    -1017   -2509   -2378   -2255   -1504   -231    876     1264    991     267     -967    -2352   -1075   
8147   1984 -828    -2125   403     -2359   -1259   1083    -382    -2497   -3584   -2376   -1559   149     1103    1207    938     544     -355    -1337   -2279   
8147   1985 -927    -1921   87      -2262   -1892   991     -772    -2260   -2245   -3064   -2031   -585    669     1306    987     126     -1224   -1204   -1683   
8147   1986 -789    -1904   347     -2151   -1179   937     -681    -2824   -1923   -2546   -972    -12     832     1121    855     227     -926    -1334   -2008   
8147   1987 -977    -1983   289     -2521   -1189   1007    -915    -2535   -3072   -2107   -1403   -63     739     1226    1045    147     -730    -2166   -2973   
8147   1988 -988    -2229   256     -2521   -1545   975     -958    -1956   -2641   -2932   -1475   -225    795     1245    879     282     -704    -2461   -2733   
8147   1989 -806    -2120   415     -2570   -1134   1169    -813    -3526   -1331   -1902   -1478   -34     1205    1304    999     461     -615    -2292   -2478   
8147   1990 -868    -2272   417     -2887   -1091   1117    -735    -2623   -3634   -2123   -1182   28      1136    1216    1001    271     -862    -1610   -2236   
8147   1991 -796    -2100   495     -2749   -1077   1312    -476    -3028   -3007   -1925   -1420   105     1271    1441    1224    308     -426    -1312   -2929   
8147   1992 -916    -2127   370     -2636   -1335   986     -714    -2780   -2167   -3124   -884    17      884     1248    823     100     -620    -1624   -2877   
8147   1993 -999999 -2096   -999999 -2649   -999999 -999999 -888    -3271   -1706   -2426   -999999 -999999 -999999 -999999 -999999 22      -1001   -1682   -3246   
8147   1994 -999999 -999999 -999999 -2442   -999999 1066    -781    -2445   -1548   -999999 -999999 -321    1018    1191    988     392     -623    -2117   -999999 
