EUROPEAN CLIMATE ASSESSMENT & DATASET (ECA&D), file created on: 13-11-2019
THESE DATA CAN BE USED FOR NON-COMMERCIAL RESEARCH AND EDUCATION PROVIDED THAT THE FOLLOWING SOURCE IS ACKNOWLEDGED: 

Klein Tank, A.M.G. and Coauthors, 2002. Daily dataset of 20th-century surface
air temperature and precipitation series for the European Climate Assessment.
Int. J. of Climatol., 22, 1441-1453.
Data and metadata available at http://www.ecad.eu

FILE FORMAT (MISSING VALUE CODE = -999999):

THIS FILE HOLDS DATA FOR STATION NORWAY                                   KVITFJELL                                (STAID:  18157)
LATITUDE: dd:mm:ss +61:27:52
LONGITUDE: ddd:mm:ss +010:07:40
ELEVATION: m 1030

DATA IS FOR INDEX Mean of daily mean temperature (TG) with unit 0.01 Temperature (&#176;C)

01-06 SOUID: Source identifier
08-11 YEAR : YYYY
13-20 ANNUAL DATA VALUES
21-28 WINTER HALF YEAR DATA VALUES
29-36 SUMMER HALF YEAR DATA VALUES
37-44 WINTER (DJF) DATA VALUES
45-52 SPRING (MAM) DATA VALUES
53-60 SUMMER (JJA) DATA VALUES
61-68 AUTUMN (SON) DATA VALUES
69-76 JANUARY DATA VALUES
etc. 
157-164 DECEMBER DATA VALUES

18157  1992 -999999 -999999 -999999 -999999 -999999 -999999 -999999 -999999 -999999 -999999 -999999 -999999 -999999 -999999 -999999 -999999 -364    -521    -536    
18157  1993 -999999 -999999 500     -999999 21      698     -164    -642    -999999 -458    -48     592     589     854     647     261     -87     -657    -864    
18157  1994 -999999 -726    -999999 -958    -172    -999999 -999999 -883    -1147   -653    -112    250     612     1428    -999999 -999999 -999999 -298    -544    
18157  1995 -16     -999999 -999999 -652    -240    -999999 83      -751    -664    -596    -344    216     847     1014    -999999 485     234     -474    -811    
18157  1996 -29     -571    553     -857    -196    941     -28     -711    -1062   -627    -41     85      765     890     1164    441     96      -624    -767    
18157  1997 95      -503    658     -669    -999999 1177    -34     -534    -709    -507    -359    151     888     1275    1358    538     -159    -477    -540    
18157  1998 -11     -486    492     -539    -180    732     -999999 -615    -454    -666    -312    434     637     851     704     630     -170    -999999 -626    
18157  1999 57      -999999 624     -690    -135    919     210     -749    -693    -607    16      191     804     1080    865     782     0       -146    -868    
18157  2000 99      -451    563     -679    -16     799     181     -552    -614    -528    -97     574     610     956     824     486     240     -186    -554    
18157  2001 -2      -498    547     -745    -245    891     118     -587    -1130   -820    -277    360     724     1064    880     505     253     -408    -676    
18157  2002 97      -399    792     -613    79      1142    -148    -557    -604    -418    87      569     951     1065    1405    655     -345    -749    -948    
18157  2003 116     -592    636     -721    -41     1031    31      -684    -510    -313    -42     233     895     1247    947     518     -137    -281    -517    
18157  2004 83      -475    644     -686    43      926     51      -989    -543    -383    35      478     723     965     1087    597     -17     -424    -443    
18157  2005 136     -426    653     -525    -109    1038    209     -445    -705    -549    25      201     794     1357    955     566     236     -177    -681    
18157  2006 159     -499    756     -721    -258    1216    273     -791    -687    -901    -238    367     1067    1333    1249    833     203     -214    -158    
18157  2007 121     -304    633     -559    81      1017    6       -625    -932    -156    26      372     1113    986     956     335     138     -460    -381    
18157  2008 91      -401    633     -475    -91     963     49      -613    -428    -668    -46     443     846     1223    817     497     5       -352    -642    
18157  2009 43      -499    663     -711    36      908     10      -682    -819    -529    183     460     793     1027    900     601     -188    -378    -909    
18157  2010 -120    -698    562     -1055   -126    932     -151    -1128   -1135   -483    -156    259     767     1099    925     457     -37     -877    -1208   
18157  2011 132     -724    708     -966    39      967     253     -698    -996    -562    310     378     895     1075    928     651     93      20      -578    
18157  2012 -44     -356    467     -715    -50     809     -45     -817    -750    -117    -331    301     599     917     905     383     -167    -348    -1125   
18157  2013 40      -695    607     -924    -222    942     118     -842    -792    -896    -317    545     761     1144    916     569     137     -353    -450    
18157  2014 133     -414    697     -671    46      1020    173     -1052   -493    -277    13      401     765     1425    863     695     152     -344    -605    
18157  2015 126     -366    548     -570    -86     862     214     -657    -436    -313    -58     115     633     927     1020    641     193     -192    -395    
18157  2016 114     -399    683     -701    -6      974     117     -1010   -698    -306    -186    469     1004    1023    897     880     32      -559    -205    
18157  2017 74      -367    555     -406    -77     853     40      -465    -563    -466    -217    446     759     958     840     525     48      -452    -574    
18157  2018 158     -579    835     -750    42      1166    143     -733    -965    -834    -30     987     1018    1568    906     527     70      -167    -536    
18157  2019 -999999 -381    673     -570    -17     1040    -999999 -749    -408    -490    180     266     922     1139    1054    461     -105    -999999 -999999 
