EUROPEAN CLIMATE ASSESSMENT & DATASET (ECA&D), file created on: 13-11-2019
THESE DATA CAN BE USED FOR NON-COMMERCIAL RESEARCH AND EDUCATION PROVIDED THAT THE FOLLOWING SOURCE IS ACKNOWLEDGED: 

Klein Tank, A.M.G. and Coauthors, 2002. Daily dataset of 20th-century surface
air temperature and precipitation series for the European Climate Assessment.
Int. J. of Climatol., 22, 1441-1453.
Data and metadata available at http://www.ecad.eu

FILE FORMAT (MISSING VALUE CODE = -999999):

THIS FILE HOLDS DATA FOR STATION FINLAND                                  KAJAANI PETAISENNISKA                    (STAID:   7646)
LATITUDE: dd:mm:ss +64:13:00
LONGITUDE: ddd:mm:ss +027:45:18
ELEVATION: m  160

DATA IS FOR INDEX Mean of daily mean temperature (TG) with unit 0.01 Temperature (&#176;C)

01-06 SOUID: Source identifier
08-11 YEAR : YYYY
13-20 ANNUAL DATA VALUES
21-28 WINTER HALF YEAR DATA VALUES
29-36 SUMMER HALF YEAR DATA VALUES
37-44 WINTER (DJF) DATA VALUES
45-52 SPRING (MAM) DATA VALUES
53-60 SUMMER (JJA) DATA VALUES
61-68 AUTUMN (SON) DATA VALUES
69-76 JANUARY DATA VALUES
etc. 
157-164 DECEMBER DATA VALUES

7646   1959 232     -999999 996     -999999 224     1497    162     -1084   -621    -148    82      733     1391    1601    1494    649     168     -331    -1209   
7646   1960 200     -769    1129    -1295   182     1604    72      -1290   -1393   -584    124     1005    1462    1897    1448    804     -161    -420    -555    
7646   1961 308     -457    949     -595    8       1502    471     -764    -452    -390    -220    627     1556    1642    1309    752     725     -73     -1071   
7646   1962 101     -597    863     -990    -124    1163    365     -986    -906    -1284   243     681     1077    1308    1102    752     397     -57     -1160   
7646   1963 125     -829    1081    -1342   -3      1352    379     -1506   -1362   -1312   111     1195    1159    1485    1406    1104    322     -286    -913    
7646   1964 174     -612    917     -916    -82     1337    256     -590    -1269   -971    -57     784     1199    1505    1302    739     511     -489    -643    
7646   1965 99      -555    905     -893    -64     1307    116     -770    -1307   -702    86      427     1311    1346    1264    987     258     -903    -912    
7646   1966 -35     -1105   908     -1639   -220    1446    241     -1972   -2076   -1111   -309    757     1523    1590    1226    632     130     -34     -912    
7646   1967 206     -563    1022    -1138   237     1451    506     -1639   -833    -100    143     664     1223    1525    1597    957     438     125     -1679   
7646   1968 45      -794    902     -1640   41      1381    -12     -2064   -1144   -435    32      527     1447    1349    1349    691     -243    -475    -515    
7646   1969 42      -879    920     -1178   -185    1439    261     -1566   -1484   -1035   -62     546     1304    1552    1457    698     318     -234    -1095   
7646   1970 143     -701    990     -1323   35      1544    156     -1282   -1622   -364    -164    626     1565    1670    1397    821     208     -561    -717    
7646   1971 79      -664    869     -894    -181    1366    52      -748    -1252   -965    -212    633     1240    1480    1374    667     140     -654    -864    
7646   1972 308     -674    1099    -985    51      1676    197     -1128   -963    -594    56      689     1553    1940    1531    796     205     -411    -39     
7646   1973 166     -371    1012    -521    147     1556    -101    -663    -895    -473    98      815     1499    1907    1259    459     -101    -661    -1332   
7646   1974 330     -643    980     -864    -61     1487    360     -858    -351    -524    -121    461     1414    1634    1410    1064    275     -256    -231    
7646   1975 296     -314    998     -559    244     1321    337     -687    -780    -251    21      954     1189    1539    1230    1028    204     -216    -762    
7646   1976 4       -760    860     -1199   -23     1251    -45     -1675   -1158   -960    -26     916     1023    1413    1309    487     -225    -392    -708    
7646   1977 128     -653    878     -928    23      1340    153     -901    -1201   -535    -39     640     1289    1524    1205    625     73      -237    -995    
7646   1978 -12     -754    883     -1285   41      1313    173     -1115   -1795   -541    -172    828     1298    1480    1162    672     101     -251    -1926   
7646   1979 162     -863    992     -1561   114     1460    193     -1356   -1383   -393    -199    923     1412    1534    1434    820     -48     -184    -730    
7646   1980 64      -748    1010    -1113   -57     1504    23      -1307   -1313   -922    157     600     1651    1570    1295    776     188     -900    -1070   
7646   1981 106     -829    928     -1042   -131    1347    261     -859    -1213   -1162   -131    900     1138    1663    1233    729     367     -316    -1177   
7646   1982 169     -719    911     -1364   153     1278    343     -1898   -980    -323    61      718     871     1610    1340    835     157     42      -475    
7646   1983 203     -479    1074    -848    236     1403    129     -759    -1359   -548    290     968     1289    1645    1270    961     284     -863    -867    
7646   1984 259     -672    1050    -869    197     1353    284     -1010   -721    -864    252     1204    1289    1508    1261    761     367     -280    -689    
7646   1985 -69     -899    909     -1715   -13     1410    258     -2436   -2051   -395    -186    535     1268    1528    1430    854     392     -476    -1426   
7646   1986 114     -787    939     -1507   190     1453    316     -1590   -1505   -174    -78     813     1619    1654    1092    510     357     79      -1513   
7646   1987 -42     -915    850     -1695   -69     1222    243     -2191   -1348   -882    -13     690     1259    1339    1069    737     590     -610    -1218   
7646   1988 177     -610    1063    -1037   54      1562    116     -857    -1034   -556    -114    826     1483    1895    1306    951     243     -851    -1224   
7646   1989 394     -471    1119    -726    397     1492    309     -552    -367    -79     348     920     1542    1571    1365    952     194     -215    -996    
7646   1990 263     -466    965     -814    214     1375    60      -1310   -63     -358    316     685     1253    1497    1371    643     259     -727    -428    
7646   1991 228     -633    951     -899    25      1417    391     -1066   -1235   -661    203     537     1231    1547    1466    697     405     72      -554    
7646   1992 238     -258    946     -634    170     1324    -29     -715    -633    -137    -241    876     1437    1369    1169    1043    -398    -718    -235    
7646   1993 153     -523    840     -554    183     1240    -74     -724    -718    -372    -74     985     971     1510    1230    379     19      -622    -832    
7646   1994 155     -806    982     -1217   69      1416    180     -1122   -1748   -618    279     553     1240    1661    1340    799     218     -479    -404    
7646   1995 247     -337    969     -525    172     1414    186     -673    -494    -211    37      686     1538    1384    1324    829     458     -737    -1223   
7646   1996 159     -695    897     -1123   9       1368    348     -709    -1457   -551    14      565     1223    1344    1533    679     380     -15     -1164   
7646   1997 190     -551    981     -1069   -87     1571    180     -1111   -916    -500    -275    508     1435    1751    1524    913     32      -399    -764    
7646   1998 127     -676    902     -956    -128    1353    220     -743    -1405   -837    -168    619     1278    1576    1204    880     340     -563    -770    
7646   1999 246     -638    1046    -1087   144     1488    423     -1372   -1123   -383    333     487     1664    1596    1208    982     460     -173    -795    
7646   2000 344     -410    996     -769    191     1396    444     -802    -706    -453    207     819     1297    1601    1286    740     599     -13     -484    
7646   2001 160     -454    1036    -785    -48     1471    250     -624    -1296   -971    248     587     1391    1718    1300    955     305     -511    -1283   
7646   2002 168     -588    1091    -963    227     1547    -103    -1029   -536    -468    272     879     1440    1717    1479    734     -213    -827    -1471   
7646   2003 232     -891    1022    -1371   186     1474    327     -1795   -790    -242    -56     847     1106    1933    1372    892     220     -128    -642    
7646   2004 245     -521    1024    -917    147     1399    299     -1097   -1019   -479    167     754     1194    1605    1392    1007    255     -363    -520    
7646   2005 341     -518    1110    -666    -27     1559    574     -540    -968    -1010   206     730     1385    1762    1525    1026    475     223     -803    
7646   2006 290     -586    1161    -1022   7       1580    322     -895    -1404   -1163   297     895     1488    1642    1608    1016    273     -321    -73     
7646   2007 319     -419    1037    -838    331     1477    307     -860    -1660   9       190     789     1315    1553    1556    791     464     -339    -154    
7646   2008 318     -275    886     -419    91      1271    361     -568    -544    -530    141     662     1198    1423    1188    680     489     -91     -270    
7646   2009 231     -393    1049    -757    150     1429    357     -1019   -1005   -515    18      941     1256    1531    1499    1052    21      8       -1007   
7646   2010 117     -796    1145    -1348   177     1538    223     -1704   -1333   -786    252     1068    1222    1963    1419    912     311     -556    -1467   
7646   2011 387     -785    1194    -1373   290     1615    514     -981    -1702   -398    396     877     1570    1864    1409    1028    450     65      -84     
7646   2012 184     -372    996     -808    185     1390    379     -1074   -1297   -336    35      853     1219    1618    1326    899     298     -58     -1327   
7646   2013 377     -594    1153    -915    28      1573    441     -826    -558    -1072   92      1065    1651    1573    1497    1020    352     -46     -276    
7646   2014 399     -220    1115    -531    348     1540    283     -1092   -193    -54     217     876     1184    1891    1533    957     66      -165    -469    
7646   2015 432     -305    1034    -565    341     1344    516     -860    -345    -58     241     835     1149    1381    1496    1078    363     111     -250    
7646   2016 356     -313    1166    -723    442     1495    282     -1505   -392    -197    321     1199    1340    1759    1380    970     280     -403    -507    
7646   2017 307     -374    899     -631    50      1374    346     -643    -756    -251    -72     468     1220    1516    1382    858     267     -84     -301    
7646   2018 389     -448    1229    -688    214     1620    483     -603    -1211   -819    226     1234    1250    2008    1590    1029    350     74      -579    
7646   2019 -999999 -399    1079    -828    276     1455    -999999 -1261   -625    -357    421     768     1518    1465    1384    906     162     -999999 -999999 
