EUROPEAN CLIMATE ASSESSMENT & DATASET (ECA&D), file created on: 13-11-2019
THESE DATA CAN BE USED FOR NON-COMMERCIAL RESEARCH AND EDUCATION PROVIDED THAT THE FOLLOWING SOURCE IS ACKNOWLEDGED: 

Klein Tank, A.M.G. and Coauthors, 2002. Daily dataset of 20th-century surface
air temperature and precipitation series for the European Climate Assessment.
Int. J. of Climatol., 22, 1441-1453.
Data and metadata available at http://www.ecad.eu

FILE FORMAT (MISSING VALUE CODE = -999999):

THIS FILE HOLDS DATA FOR STATION NORWAY                                   DRAUGEN                                  (STAID:  18264)
LATITUDE: dd:mm:ss +64:21:06
LONGITUDE: ddd:mm:ss +007:46:45
ELEVATION: m   55

DATA IS FOR INDEX Mean of daily mean temperature (TG) with unit 0.01 Temperature (&#176;C)

01-06 SOUID: Source identifier
08-11 YEAR : YYYY
13-20 ANNUAL DATA VALUES
21-28 WINTER HALF YEAR DATA VALUES
29-36 SUMMER HALF YEAR DATA VALUES
37-44 WINTER (DJF) DATA VALUES
45-52 SPRING (MAM) DATA VALUES
53-60 SUMMER (JJA) DATA VALUES
61-68 AUTUMN (SON) DATA VALUES
69-76 JANUARY DATA VALUES
etc. 
157-164 DECEMBER DATA VALUES

18264  1993 -999999 -999999 -999999 -999999 -999999 -999999 -999999 -999999 -999999 -999999 -999999 -999999 -999999 -999999 -999999 -999999 675     600     -999999 
18264  1994 -999999 -999999 -999999 -999999 514     1188    -999999 218     178     278     529     720     826     1297    1433    -999999 666     563     512     
18264  1995 -999999 -999999 -999999 -999999 -999999 1083    -999999 404     317     379     401     -999999 954     1136    1149    1102    865     494     255     
18264  1996 -999999 -999999 -999999 -999999 539     1191    819     466     -999999 375     587     672     939     1108    1475    1124    917     370     345     
18264  1997 -999999 -999999 -999999 -999999 -999999 -999999 -999999 440     -999999 -999999 -999999 699     1098    1351    1495    1144    -999999 631     518     
18264  1998 787     -999999 1034    482     552     1219    871     468     458     343     551     748     1045    1316    1294    1235    812     554     524     
18264  1999 -999999 -999999 -999999 -999999 -999999 -999999 -999999 364     348     382     565     743     1108    1235    -999999 1318    933     762     308     
18264  2000 -999999 -999999 -999999 -999999 -999999 -999999 -999999 378     380     316     561     844     886     1154    1245    1189    1035    812     549     
18264  2001 -999999 -999999 -999999 -999999 -999999 1144    -999999 548     -999999 -999999 537     736     980     1172    1272    1211    1032    530     422     
18264  2002 -999999 -999999 -999999 -999999 -999999 -999999 -999999 -999999 -999999 -999999 685     -999999 -999999 1383    1560    -999999 591     437     383     
18264  2003 -999999 -999999 -999999 -999999 -999999 -999999 -999999 310     570     573     -999999 836     1209    1593    -999999 1171    750     768     453     
18264  2004 -999999 -999999 -999999 -999999 -999999 -999999 -999999 324     393     537     764     -999999 -999999 -999999 -999999 1192    958     -999999 522     
18264  2005 -999999 -999999 1006    -999999 584     1209    905     -999999 -999999 380     635     724     1001    1353    1267    1047    955     725     468     
18264  2006 838     553     -999999 495     524     -999999 984     578     435     139     569     890     982     1312    1512    1356    916     683     694     
18264  2007 770     581     -999999 429     616     1303    -999999 352     224     575     544     729     1151    1487    1272    -999999 823     510     598     
18264  2008 -999999 514     -999999 473     589     -999999 901     382     439     328     626     819     -999999 1372    1450    1257    862     586     509     
18264  2009 830     -999999 1116    415     -999999 1316    860     435     289     -999999 710     930     1128    1375    1438    1105    776     704     454     
18264  2010 701     468     1041    306     586     1219    790     355     99      388     566     804     988     1299    1364    1217    870     281     123     
18264  2011 849     395     1124    284     674     1270    1033    430     301     356     740     928     1112    1290    1404    1260    962     879     493     
18264  2012 708     620     924     447     566     1126    799     440     406     538     465     692     1033    1165    1178    1007    746     642     172     
18264  2013 797     402     1067    273     544     1245    953     337     311     188     471     962     1167    1189    1378    1223    915     713     621     
18264  2014 -999999 612     -999999 489     -999999 -999999 969     276     583     565     717     1170    -999999 1752    1519    -999999 956     779     489     
18264  2015 818     607     1019    464     598     1198    966     421     485     507     548     736     895     1167    1523    1234    966     698     612     
18264  2016 794     566     1056    399     622     1216    924     196     388     530     563     798     989     1319    1334    1264    996     510     611     
18264  2017 802     577     1064    515     567     1259    932     511     414     402     515     781     1110    1325    1336    1309    939     548     403     
18264  2018 784     466     1067    366     566     1251    917     396     291     205     543     950     947     1452    1343    1149    805     794     476     
18264  2019 -999999 525     1035    414     579     1242    -999999 287     494     329     719     695     1009    1279    1392    1106    784     -999999 -999999 
