EUROPEAN CLIMATE ASSESSMENT & DATASET (ECA&D), file created on: 13-11-2019
THESE DATA CAN BE USED FOR NON-COMMERCIAL RESEARCH AND EDUCATION PROVIDED THAT THE FOLLOWING SOURCE IS ACKNOWLEDGED: 

Klein Tank, A.M.G. and Coauthors, 2002. Daily dataset of 20th-century surface
air temperature and precipitation series for the European Climate Assessment.
Int. J. of Climatol., 22, 1441-1453.
Data and metadata available at http://www.ecad.eu

FILE FORMAT (MISSING VALUE CODE = -999999):

THIS FILE HOLDS DATA FOR STATION GERMANY                                  WALDEMS-REINBORN                         (STAID:   4727)
LATITUDE: dd:mm:ss +50:15:39
LONGITUDE: ddd:mm:ss +008:21:39
ELEVATION: m  380

DATA IS FOR INDEX Mean of daily mean temperature (TG) with unit 0.01 Temperature (&#176;C)

01-06 SOUID: Source identifier
08-11 YEAR : YYYY
13-20 ANNUAL DATA VALUES
21-28 WINTER HALF YEAR DATA VALUES
29-36 SUMMER HALF YEAR DATA VALUES
37-44 WINTER (DJF) DATA VALUES
45-52 SPRING (MAM) DATA VALUES
53-60 SUMMER (JJA) DATA VALUES
61-68 AUTUMN (SON) DATA VALUES
69-76 JANUARY DATA VALUES
etc. 
157-164 DECEMBER DATA VALUES

4727   1951 852     -999999 1334    -999999 699     1578    944     159     215     249     713     1135    1441    1659    1631    1413    766     659     144     
4727   1952 793     298     1415    -1      894     1722    619     -53     -99     357     1090    1240    1510    1877    1770    981     732     140     -70     
4727   1953 904     202     1416    -82     931     1616    1004    -160    -9      558     913     1322    1539    1666    1640    1401    1083    526     298     
4727   1954 778     315     1263    -88     778     1481    928     -350    -225    514     630     1187    1498    1394    1552    1305    1004    471     282     
4727   1955 754     261     1305    -8      616     1590    818     -162    -158    95      740     1018    1444    1702    1619    1295    775     384     236     
4727   1956 675     150     1214    -217    708     1387    816     11      -946    379     524     1214    1176    1612    1367    1373    813     263     234     
4727   1957 -999999 -999999 -999999 -999999 -999999 -999999 -999999 -999999 -999999 -999999 -999999 -999999 -999999 -999999 -999999 -999999 -999999 -999999 -999999 
4727   1958 824     -999999 1349    -999999 590     1601    925     9       247     -17     508     1277    1428    1674    1695    1495    886     394     256     
4727   1959 942     398     1479    134     951     1728    932     -5      151     680     936     1237    1561    1945    1674    1509    928     360     274     
4727   1960 855     382     1320    154     879     1525    928     23      165     527     809     1300    1608    1451    1518    1224    952     608     53      
4727   1961 907     449     1382    155     908     1499    1053    -46     489     649     1085    996     1515    1409    1574    1716    1076    365     44      
4727   1962 713     286     1239    73      583     1480    809     163     5       40      797     920     1400    1459    1579    1272    911     241     -271    
4727   1963 719     21      1359    -482    799     1586    964     -708    -465    375     890     1135    1488    1728    1538    1361    787     749     -310    
4727   1964 817     204     1432    -143    765     1660    859     -247    147     110     834     1353    1632    1743    1605    1408    702     473     35      
4727   1965 750     245     1232    -13     701     1468    749     91      -183    318     653     1130    1513    1419    1472    1191    884     167     266     
4727   1966 854     330     1355    202     840     1514    872     -203    578     304     921     1298    1583    1431    1529    1361    1099    149     188     
4727   1967 870     395     1346    200     789     1621    927     120     303     494     644     1225    1419    1832    1605    1330    1117    329     -30     
4727   1968 792     306     1322    -19     807     1540    879     -95     73      428     922     1075    1483    1570    1566    1306    1029    298     -165    
4727   1969 789     227     1363    -67     737     1601    952     139     -188    209     705     1297    1403    1791    1603    1358    1011    486     -411    
4727   1970 771     175     1308    -204    598     1607    934     -99     -91     135     497     1158    1664    1514    1644    1358    894     552     -20     
4727   1971 851     274     1407    29      808     1614    827     3       111     98      903     1426    1325    1781    1727    1253    930     294     298     
4727   1972 766     373     1221    142     773     1518    711     -153    290     570     686     1060    1342    1702    1504    1010    746     376     41      
4727   1973 836     265     1403    18      721     1718    881     -18     33      392     522     1242    1616    1668    1867    1484    813     349     12      
4727   1974 871     405     1301    231     835     1516    740     381     306     555     879     1072    1379    1465    1698    1304    461     463     452     
4727   1975 882     402     1410    378     708     1714    849     451     216     350     688     1084    1428    1809    1897    1536    713     302     56      
4727   1976 891     257     1470    98      748     1824    931     157     80      223     719     1303    1828    1963    1682    1306    1018    467     -86     
4727   1977 854     421     1241    118     770     1534    891     97      366     658     531     1114    1457    1602    1542    1180    1041    447     178     
4727   1978 762     361     1226    50      773     1446    791     34      -75     500     703     1114    1417    1495    1424    1189    885     297     102     
4727   1979 749     174     1257    -176    705     1482    881     -489    -136    357     608     1148    1557    1476    1415    1329    994     317     350     
4727   1980 737     356     1232    145     673     1450    792     -207    300     374     591     1051    1330    1409    1607    1391    743     245     5       
4727   1981 796     251     1334    -77     926     1508    862     -173    -62     716     808     1250    1427    1528    1566    1414    749     427     -152    
4727   1982 870     206     1424    -112    728     1702    1035    -215    47      371     635     1174    1561    1870    1670    1620    888     603     165     
4727   1983 878     377     1434    104     749     1813    854     309     -192    441     816     992     1585    2014    1833    1349    890     321     97      
4727   1984 771     271     1211    57      606     1493    906     76      -6      230     649     941     1307    1538    1628    1188    997     532     135     
4727   1985 726     211     1301    -197    776     1468    757     -486    -245    298     755     1274    1231    1625    1541    1365    884     17      381     
4727   1986 784     177     1302    -55     735     1597    902     14      -615    299     543     1358    1611    1615    1567    1099    1009    595     202     
4727   1987 723     202     1289    -135    605     1483    932     -578    -17     -7      953     882     1325    1607    1512    1451    944     402     170     
4727   1988 891     383     1374    232     818     1575    865     358     163     250     790     1414    1426    1599    1695    1300    965     326     368     
4727   1989 938     476     1390    266     931     1623    939     198     229     741     622     1418    1477    1723    1665    1411    1055    348     303     
4727   1990 912     517     1340    341     891     1630    864     176     564     657     674     1336    1412    1619    1850    1119    1051    414     31      
4727   1991 832     351     1356    -18     762     1661    892     117     -222    660     726     900     1252    1881    1836    1520    799     361     65      
4727   1992 901     335     1459    119     884     1753    810     49      250     479     755     1413    1590    1794    1870    1309    607     522     149     
4727   1993 835     302     1402    88      950     1582    655     273     -185    409     1043    1401    1561    1602    1582    1212    766     -16     294     
4727   1994 966     337     1438    200     870     1786    961     250     40      647     770     1190    1575    2069    1707    1298    805     785     384     
4727   1995 884     448     1410    274     772     1730    915     24      430     269     846     1205    1392    1983    1805    1203    1201    330     -118    
4727   1996 717     221     1266    -135    689     1543    789     -174    -112    181     862     1031    1474    1524    1628    1065    901     396     -199    
4727   1997 881     325     1382    -17     846     1678    849     -225    416     670     636     1225    1476    1594    1957    1381    763     407     244     
4727   1998 873     429     1365    288     890     1578    752     220     413     523     783     1360    1555    1542    1638    1296    804     154     153     
4727   1999 941     335     1478    163     909     1656    997     293     31      539     862     1324    1461    1829    1670    1706    930     357     224     
4727   2000 -999999 -999999 -999999 -999999 -999999 -999999 -999999 -999999 -999999 -999999 -999999 -999999 -999999 -999999 -999999 -999999 -999999 -999999 -999999 
4727   2001 -999999 -999999 -999999 -999999 -999999 -999999 -999999 -999999 -999999 -999999 -999999 -999999 -999999 -999999 -999999 -999999 -999999 -999999 -999999 
4727   2002 -999999 -999999 -999999 -999999 -999999 -999999 -999999 -999999 -999999 -999999 -999999 -999999 -999999 -999999 -999999 -999999 -999999 -999999 -999999 
4727   2003 -999999 -999999 -999999 -999999 -999999 -999999 -999999 -999999 -999999 -999999 -999999 -999999 -999999 -999999 -999999 -999999 -999999 -999999 -999999 
4727   2004 -999999 -999999 -999999 -999999 -999999 -999999 946     -999999 -999999 -999999 -999999 -999999 -999999 1652    1825    1439    1020    378     -9      
4727   2005 937     337     1472    30      918     1671    1082    179     -91     508     995     1252    1690    1764    1561    1566    1215    461     73      
4727   2006 972     300     1536    -39     773     1789    1241    -162    -26     212     794     1315    1667    2232    1465    1731    1260    730     386     
4727   2007 985     657     1482    434     1112    1654    818     449     472     629     1300    1411    1681    1650    1632    1208    875     369     111     
4727   2008 938     422     1438    293     890     1713    865     372     403     396     714     1556    1657    1772    1706    1197    892     506     57      
4727   2009 927     302     1520    -10     998     1695    1010    -175    99      418     1231    1353    1450    1761    1866    1447    851     738     48      
4727   2010 788     293     1390    -94     777     1740    841     -320    0       430     928     979     1624    1992    1600    1202    835     485     -334    
4727   2011 991     318     1507    -17     1096    1605    1032    123     178     615     1241    1437    1582    1514    1719    1545    1004    549     332     
4727   2012 909     441     1428    106     982     1680    897     209     -246    758     768     1414    1477    1670    1886    1333    867     493     222     
4727   2013 862     262     1413    41      647     1752    945     -8      -106    73      809     1063    1515    1961    1771    1339    1080    413     359     
4727   2014 1038    574     1467    381     1046    1658    1100    341     451     782     1145    1214    1585    1877    1511    1462    1173    664     220     
4727   2015 1004    467     1500    144     892     1855    945     139     64      511     914     1250    1580    1987    1989    1256    845     739     693     
4727   2016 950     527     1513    403     822     1742    999     205     305     365     780     1319    1594    1816    1812    1745    829     428     181     
4727   2017 973     411     1467    123     1008    1780    949     -201    416     814     758     1442    1798    1795    1749    1239    1113    491     221     
4727   2018 1084    402     1716    159     1068    1956    1082    412     -189    310     1298    1602    1774    2107    1979    1517    1139    588     377     
4727   2019 -999999 544     1529    289     895     1916    -999999 54      452     649     994     1045    1949    1916    1883    1380    1068    -999999 -999999 
