EUROPEAN CLIMATE ASSESSMENT & DATASET (ECA&D), file created on: 13-11-2019
THESE DATA CAN BE USED FOR NON-COMMERCIAL RESEARCH AND EDUCATION PROVIDED THAT THE FOLLOWING SOURCE IS ACKNOWLEDGED: 

Klein Tank, A.M.G. and Coauthors, 2002. Daily dataset of 20th-century surface
air temperature and precipitation series for the European Climate Assessment.
Int. J. of Climatol., 22, 1441-1453.
Data and metadata available at http://www.ecad.eu

FILE FORMAT (MISSING VALUE CODE = -999999):

THIS FILE HOLDS DATA FOR STATION POLAND                                   MLAWA                                    (STAID:   2028)
LATITUDE: dd:mm:ss +53:06:15
LONGITUDE: ddd:mm:ss +020:21:39
ELEVATION: m  147

DATA IS FOR INDEX Mean of daily mean temperature (TG) with unit 0.01 Temperature (&#176;C)

01-06 SOUID: Source identifier
08-11 YEAR : YYYY
13-20 ANNUAL DATA VALUES
21-28 WINTER HALF YEAR DATA VALUES
29-36 SUMMER HALF YEAR DATA VALUES
37-44 WINTER (DJF) DATA VALUES
45-52 SPRING (MAM) DATA VALUES
53-60 SUMMER (JJA) DATA VALUES
61-68 AUTUMN (SON) DATA VALUES
69-76 JANUARY DATA VALUES
etc. 
157-164 DECEMBER DATA VALUES

2028   1966 744     -999999 1400    -999999 727     1742    780     -578    -224    184     702     1295    1759    1801    1667    1155    1000    178     -73     
2028   1967 809     157     1447    -238    834     1694    968     -576    -46     443     675     1379    1561    1862    1654    1536    1038    328     -205    
2028   1968 725     117     1425    -299    725     1751    784     -489    -196    212     860     1108    1811    1669    1774    1321    752     280     -418    
2028   1969 593     -148    1396    -561    551     1708    823     -708    -555    -265    552     1365    1658    1816    1649    1316    752     403     -929    
2028   1970 620     -216    1312    -801    551     1649    740     -741    -726    -87     538     1201    1663    1635    1650    1167    704     352     -6      
2028   1971 767     90      1421    -154    702     1751    665     -394    -53     -71     662     1514    1531    1817    1898    1069    790     130     239     
2028   1972 718     85      1402    -232    738     1767    687     -802    -126    266     673     1274    1646    2007    1645    1145    570     348     -57     
2028   1973 727     174     1352    -85     721     1708    597     -284    105     360     576     1221    1606    1788    1726    1175    540     79      -211    
2028   1974 742     107     1263    -115    680     1534    726     -197    81      346     653     1040    1404    1465    1729    1276    603     304     163     
2028   1975 851     251     1478    82      785     1775    787     180     -114    340     589     1419    1560    1895    1865    1514    743     107     36      
2028   1976 620     -23     1291    -272    537     1574    713     -350    -519    -182    649     1147    1421    1767    1529    1212    557     374     -201    
2028   1977 729     135     1250    -188    707     1583    763     -242    -115    423     516     1176    1677    1515    1560    1039    805     443     -108    
2028   1978 619     112     1209    -271    645     1503    741     -205    -525    209     562     1162    1458    1539    1511    1005    748     471     -582    
2028   1979 631     -126    1357    -665    657     1621    671     -707    -712    -14     576     1405    1882    1404    1585    1277    565     174     48      
2028   1980 577     -66     1222    -300    405     1551    693     -655    -292    -239    582     877     1531    1577    1543    1213    749     115     -97     
2028   1981 705     81      1354    -219    711     1628    797     -379    -176    248     500     1378    1623    1705    1556    1345    787     260     -444    
2028   1982 765     23      1395    -410    701     1711    876     -485    -290    290     509     1298    1476    1828    1820    1416    817     396     24      
2028   1983 845     257     1509    -3      892     1772    766     241     -304    318     856     1500    1623    1874    1814    1364    793     142     -174    
2028   1984 729     87      1336    -155    737     1536    779     -47     -251    39      846     1330    1362    1503    1738    1216    974     141     -148    
2028   1985 606     -126    1353    -664    745     1599    649     -905    -967    80      689     1463    1416    1643    1734    1146    790     5       52      
2028   1986 688     -40     1365    -395    762     1664    743     -232    -1069   117     752     1415    1596    1736    1656    1011    781     435     -83     
2028   1987 566     -122    1251    -551    471     1530    758     -1341   -196    -318    619     1116    1467    1669    1451    1170    790     315     21      
2028   1988 763     177     1429    -14     705     1705    659     -46     -17     -5      650     1470    1620    1861    1632    1321    697     -43     -12     
2028   1989 896     267     1445    154     893     1677    833     172     316     468     847     1361    1514    1797    1715    1420    953     121     22      
2028   1990 865     362     1365    172     904     1647    759     124     390     556     844     1310    1613    1618    1710    1077    825     372     -90     
2028   1991 741     160     1349    -199    666     1685    813     -62     -471    334     718     948     1430    1827    1790    1366    735     340     -147    
2028   1992 814     179     1483    -90     740     1897    678     -176    62      258     645     1314    1756    1926    2004    1226    500     313     -83     
2028   1993 714     87      1373    -107    837     1538    504     -78     -165    18      876     1619    1459    1588    1564    1112    707     -315    111     
2028   1994 818     84      1480    -50     751     1820    761     115     -412    239     836     1182    1485    2159    1805    1391    601     297     17      
2028   1995 770     188     1444    -1      726     1803    744     -230    232     219     746     1214    1651    1930    1824    1276    980     -32     -602    
2028   1996 619     -197    1366    -649    649     1667    802     -669    -678    -205    756     1401    1589    1544    1865    1014    877     511     -615    
2028   1997 739     106     1373    -335    637     1753    698     -461    115     223     444     1237    1607    1736    1910    1275    590     233     -76     
2028   1998 754     186     1418    57      812     1621    585     12      255     111     941     1387    1681    1652    1531    1306    711     -267    -304    
2028   1999 851     45      1525    -200    828     1832    809     -98     -197    390     916     1180    1746    2004    1742    1549    762     118     31      
2028   2000 898     192     1462    5       960     1651    945     -174    168     242     1190    1455    1634    1584    1735    1163    1103    562     100     
2028   2001 779     276     1440    -50     741     1782    811     -120    -138    117     761     1345    1433    2030    1871    1167    1047    212     -447    
2028   2002 876     227     1612    -109    985     1930    763     -120    278     399     857     1694    1672    2013    2097    1307    664     322     -710    
2028   2003 774     -69     1485    -524    757     1802    769     -358    -503    144     670     1453    1675    1954    1775    1357    488     470     76      
2028   2004 760     106     1368    -198    721     1671    824     -601    -61     261     802     1104    1475    1682    1848    1277    924     267     119     
2028   2005 790     157     1469    -54     659     1727    891     43      -352    -103    828     1257    1515    1969    1689    1539    861     273     -114    
2028   2006 810     -70     1542    -460    640     1858    1014    -873    -386    -202    808     1320    1655    2185    1729    1537    996     508     373     
2028   2007 889     430     1507    148     969     1818    723     254     -219    610     847     1447    1855    1781    1820    1273    777     116     12      
2028   2008 882     245     1453    90      809     1783    830     14      256     293     842     1294    1739    1854    1755    1213    874     403     26      
2028   2009 790     162     1486    -169    829     1715    835     -379    -153    177     1041    1276    1492    1875    1770    1444    588     480     -182    
2028   2010 697     -11     1498    -464    779     1894    716     -892    -303    229     861     1249    1643    2124    1907    1178    537     439     -659    
2028   2011 835     -16     1522    -438    865     1778    816     -150    -511    218     1029    1354    1767    1782    1784    1403    792     254     200     
2028   2012 775     128     1494    -221    888     1763    860     -186    -708    365     854     1444    1551    1944    1788    1360    741     481     -389    
2028   2013 802     -1      1473    -327    628     1835    851     -451    -120    -264    655     1494    1766    1875    1863    1157    909     484     190     
2028   2014 896     313     1530    -43     975     1796    910     -387    79      587     978     1360    1523    2131    1726    1444    910     377     -27     
2028   2015 929     304     1510    14      821     1873    852     45      26      468     756     1238    1626    1846    2140    1430    668     465     368     
2028   2016 887     283     1570    69      919     1823    821     -411    261     351     870     1535    1814    1883    1771    1530    693     246     85      
2028   2017 872     180     1473    -148    874     1791    917     -390    -139    557     707     1353    1704    1782    1883    1391    943     417     181     
2028   2018 973     197     1750    -65     981     1985    997     -19     -387    -1      1233    1720    1832    2085    2034    1579    996     416     97      
