EUROPEAN CLIMATE ASSESSMENT & DATASET (ECA&D), file created on: 13-11-2019
THESE DATA CAN BE USED FOR NON-COMMERCIAL RESEARCH AND EDUCATION PROVIDED THAT THE FOLLOWING SOURCE IS ACKNOWLEDGED: 

Klein Tank, A.M.G. and Coauthors, 2002. Daily dataset of 20th-century surface
air temperature and precipitation series for the European Climate Assessment.
Int. J. of Climatol., 22, 1441-1453.
Data and metadata available at http://www.ecad.eu

FILE FORMAT (MISSING VALUE CODE = -999999):

THIS FILE HOLDS DATA FOR STATION GERMANY                                  HALLE (STADT)                            (STAID:  11754)
LATITUDE: dd:mm:ss +51:28:59
LONGITUDE: ddd:mm:ss +011:58:00
ELEVATION: m   10

DATA IS FOR INDEX Mean of daily mean temperature (TG) with unit 0.01 Temperature (&#176;C)

01-06 SOUID: Source identifier
08-11 YEAR : YYYY
13-20 ANNUAL DATA VALUES
21-28 WINTER HALF YEAR DATA VALUES
29-36 SUMMER HALF YEAR DATA VALUES
37-44 WINTER (DJF) DATA VALUES
45-52 SPRING (MAM) DATA VALUES
53-60 SUMMER (JJA) DATA VALUES
61-68 AUTUMN (SON) DATA VALUES
69-76 JANUARY DATA VALUES
etc. 
157-164 DECEMBER DATA VALUES

11754  1851 839     -999999 1351    -999999 747     1675    799     129     60      370     912     964     1595    1695    1732    1195    1092    100     162     
11754  1852 974     328     1504    223     668     1886    983     315     191     90      507     1404    1720    2082    1853    1430    829     695     537     
11754  1853 756     314     1427    212     505     1801    853     268     -210    -274    573     1219    1720    1926    1755    1351    951     254     -526    
11754  1854 886     195     1457    -167    842     1748    835     13      33      431     723     1364    1600    1912    1726    1370    945     185     255     
11754  1855 730     102     1421    -246    673     1785    904     -265    -777    191     663     1165    1747    1796    1811    1327    1147    229     -384    
11754  1856 876     246     1444    -21     776     1712    829     77      261     145     951     1237    1653    1675    1804    1330    1031    119     211     
11754  1857 956     266     1583    17      851     1906    992     -168    6       367     809     1374    1789    1937    1989    1584    1127    259     323     
11754  1858 819     240     1517    -51     705     1854    802     -189    -314    182     752     1182    2019    1783    1766    1596    941     -137    162     
11754  1859 985     365     1577    219     930     1977    902     177     329     701     758     1324    1786    2124    2015    1429    995     278     -150    
11754  1860 808     244     1428    -13     781     1674    781     214     -101    209     752     1382    1696    1650    1677    1397    829     115     -183    
11754  1861 914     188     1504    -138    784     1903    979     -563    383     562     640     1127    1907    1921    1879    1419    1010    508     110     
11754  1862 956     365     1545    -7      1092    1714    986     -202    79      662     1024    1661    1667    1748    1725    1446    1124    384     181     
11754  1863 1014    486     1495    276     923     1782    1007    322     328     555     890     1323    1715    1692    1937    1397    1154    466     340     
11754  1864 717     302     1340    -108    737     1639    826     -599    -62     495     640     1073    1691    1689    1540    1400    847     230     -350    
11754  1865 -999999 -999999 1659    -999999 932     1836    1083    -999999 -515    -30     1024    1805    1550    2197    1752    1600    973     680     143     
11754  1866 988     497     1516    351     786     1783    954     455     467     271     996     1098    1946    1734    1673    1653    719     499     328     
11754  1867 916     378     1501    277     776     1774    948     23      503     209     855     1266    1717    1730    1872    1556    886     405     -42     
11754  1868 -999999 351     -999999 115     -999999 1996    917     -82     492     461     -999999 1789    1840    2055    2088    1603    861     290     544     
11754  1869 935     409     1558    357     934     1722    912     -39     589     224     1156    1431    1471    2032    1657    1587    795     359     -45     
11754  1870 -999999 -999999 -999999 -139    -999999 -999999 -999999 67      -473    -999999 -999999 -999999 -999999 1962    1713    -999999 854     488     -489    
11754  1871 747     131     1415    -410    811     1740    738     -594    -119    630     754     1048    1404    1927    1878    1460    694     60      -236    
11754  1872 1056    246     1610    32      1034    1845    1103    97      250     603     1053    1446    1759    2036    1738    1616    1015    683     349     
11754  1873 -999999 491     -999999 248     767     -999999 -999999 393     -25     485     735     1079    -999999 -999999 1942    -999999 -999999 -999999 -999999 
11754  1874 -999999 -999999 -999999 -999999 -999999 -999999 1011    249     141     -999999 1019    1056    1736    2125    -999999 1722    1087    221     -65     
11754  1875 -999999 -999999 1637    -999999 -999999 1995    -999999 215     -999999 -999999 829     1534    1939    1972    2072    1454    -999999 310     -185    
11754  1876 -999999 -999999 -999999 -92     860     1893    -999999 -278    207     532     981     1072    1780    1949    1946    -999999 1180    222     239     
11754  1877 -999999 435     -999999 301     717     -999999 892     335     331     285     718     1147    -999999 1897    1915    1168    822     688     -999999 
11754  1878 950     -999999 1542    -999999 928     1768    975     71      307     365     1014    1408    1748    1722    1834    1512    1053    358     -24     
11754  1879 756     233     1452    -71     700     1747    839     -248    74      173     733     1195    1706    1656    1878    1530    877     109     -647    
11754  1880 930     107     1529    -268    900     1796    922     -214    78      436     1013    1254    1648    1969    1765    1510    830     429     417     
11754  1881 794     241     1414    -52     741     1764    805     -588    23      319     581     1319    1610    2018    1659    1273    548     601     120     
11754  1882 933     402     1431    168     978     1653    935     115     279     741     888     1302    1565    1818    1573    1427    947     432     63      
11754  1883 891     261     1476    101     632     1781    1002    -14     270     -127    629     1393    1811    1806    1727    1472    994     539     159     
11754  1884 944     493     1453    286     870     1718    867     362     340     556     645     1401    1444    1935    1765    1501    863     237     245     
11754  1885 855     286     1446    84      836     1704    833     -304    336     344     1053    1116    1741    1826    1545    1390    856     252     83      
11754  1886 901     170     1531    -74     842     1715    1066    -87     -233    111     1023    1397    1566    1764    1812    1614    985     602     189     
11754  1887 820     293     1452    -34     770     1763    804     -324    41      249     904     1161    1643    1960    1683    1347    659     412     62      
11754  1888 812     184     1412    -49     759     1665    840     -16     -202    172     716     1387    1720    1611    1665    1361    798     364     131     
11754  1889 888     196     1581    -58     940     1860    831     -173    -140    168     836     1814    2083    1778    1727    1228    911     351     2       
11754  1890 867     337     1490    51      1001    1688    884     299     -170    581     864     1553    1525    1684    1849    1446    853     355     -517    
11754  1891 884     131     1445    -287    836     1657    1027    -346    34      406     616     1479    1573    1767    1627    1588    1124    367     305     
11754  1892 874     334     1548    120     773     1852    855     -96     155     140     859     1322    1713    1800    2040    1535    832     197     -30     
11754  1893 908     187     1540    -170    962     1842    933     -710    273     568     954     1362    1743    1969    1811    1384    1115    294     94      
11754  1894 935     378     1473    86      974     1760    885     -130    317     569     1071    1286    1586    2020    1668    1186    897     571     136     
11754  1895 874     180     1588    -214    871     1831    1006    -280    -528    226     993     1398    1747    1933    1810    1635    826     564     73      
11754  1896 890     370     1444    61      861     1762    884     36      73      636     745     1199    1811    1883    1594    1421    1057    169     16      
11754  1897 915     301     1496    -30     907     1840    836     -246    158     636     867     1215    1854    1774    1892    1361    793     357     275     
11754  1898 -999999 -999999 1452    281     -999999 1701    967     308     259     -999999 808     1322    1651    1514    1938    1468    931     504     460     
11754  1899 -999999 472     -999999 346     -999999 1755    995     292     279     347     870     -999999 1594    1858    1807    1339    881     768     -301    
11754  1900 961     304     1521    -8      761     1837    1013    148     143     181     829     1276    1742    1958    1809    1499    1001    539     357     
11754  1901 882     263     1560    -99     903     1837    936     -376    -298    306     939     1465    1709    1999    1797    1433    1022    350     153     
11754  1902 803     394     1347    170     777     1639    741     417     -86     458     846     1028    1689    1678    1551    1284    754     185     -224    
11754  1903 981     345     1458    124     936     1727    1048    133     500     732     638     1429    1654    1805    1720    1483    1096    562     -17     
11754  1904 963     361     1545    35      932     1845    899     -70     204     389     1027    1382    1633    2019    1875    1312    931     454     367     
11754  1905 918     418     1521    178     882     1890    759     -84     257     569     674     1396    1888    1980    1803    1364    559     362     208     
11754  1906 956     308     1515    195     940     1738    1061    205     171     332     996     1496    1621    1816    1773    1371    1072    740     -168    
11754  1907 885     348     1395    -46     848     1606    991     66      -37     387     716     1436    1623    1525    1669    1387    1244    334     193     
11754  1908 857     378     1457    105     817     1765    793     -104    234     357     637     1451    1833    1873    1592    1338    886     152     10      
11754  1909 849     174     1412    -86     776     1662    931     -100    -178    241     879     1211    1577    1643    1764    1388    1141    258     288     
11754  1910 952     471     1455    316     898     1725    854     274     393     457     836     1399    1824    1664    1690    1308    965     285     294     
11754  1911 1044    389     1635    186     957     1954    1032    11      261     502     910     1456    1675    2066    2112    1566    961     572     371     
11754  1912 900     462     1391    164     945     1732    718     -208    341     729     807     1295    1695    1961    1537    1030    743     381     463     
11754  1913 972     439     1420    248     1015    1616    1054    31      249     748     944     1351    1627    1607    1615    1367    1035    762     283     
11754  1914 976     480     1515    153     966     1806    892     -257    465     604     1102    1198    1594    1926    1889    1363    897     417     487     
11754  1915 896     388     1480    247     829     1780    738     70      177     259     781     1445    1931    1784    1630    1297    687     230     411     
11754  1916 948     397     1435    330     962     1625    915     442     124     465     975     1447    1428    1718    1724    1297    908     541     263     
11754  1917 870     186     1601    -129    750     1932    1031    -252    -427    35      579     1629    2084    1892    1826    1581    887     631     -105    
11754  1918 975     398     1490    120     1033    1623    906     206     274     493     1092    1518    1402    1775    1685    1451    903     364     483     
11754  1919 835     398     1424    235     780     1656    779     117     92      400     685     1252    1614    1606    1745    1630    678     33      119     
11754  1920 968     386     1541    272     1136    1731    733     310     394     769     1100    1539    1603    1921    1665    1403    659     139     85      
11754  1921 1000    401     1530    278     1064    1776    860     536     206     750     911     1525    1514    1935    1872    1401    1174    -5      99      
11754  1922 813     231     1405    -88     866     1682    692     -271    -94     442     664     1486    1679    1709    1656    1215    536     329     336     
11754  1923 894     361     1388    236     872     1612    1002    280     77      578     740     1293    1197    1935    1689    1450    1152    399     -129    
11754  1924 883     227     1491    -181    878     1714    965     -214    -200    333     741     1556    1695    1829    1618    1490    1053    348     295     
11754  1925 979     474     1528    397     925     1798    848     391     515     244     957     1576    1629    1952    1808    1222    966     351     103     
11754  1926 984     405     1514    198     954     1714    1046    45      474     496     1142    1230    1500    1907    1727    1569    872     702     125     
11754  1927 918     504     1450    212     929     1739    912     306     203     792     829     1164    1535    1882    1792    1481    972     281     -276    
11754  1928 934     313     1431    89      765     1753    1023    238     319     343     827     1128    1539    1971    1741    1361    982     727     15      
11754  1929 861     111     1530    -486    811     1814    1128    -470    -1056   378     559     1487    1611    1906    1917    1677    1100    609     465     
11754  1930 1002    524     1536    295     934     1838    1032    337     61      531     962     1311    1986    1790    1743    1417    983     697     150     
11754  1931 893     344     1488    84      842     1776    863     91      4       115     678     1728    1733    1877    1716    1167    866     556     118     
11754  1932 970     322     1596    113     822     1875    1045    310     -103    165     884     1420    1585    1965    2066    1632    1002    502     172     
11754  1933 876     367     1506    5       931     1813    930     -221    71      652     802     1335    1564    2015    1852    1448    1013    327     -402    
11754  1934 1125    329     1702    3       1106    1920    1123    166     269     595     1214    1513    1893    2010    1857    1719    1119    531     557     
11754  1935 979     484     1553    296     805     1899    1050    23      308     348     897     1174    1933    1946    1818    1542    983     627     114     
11754  1936 968     479     1502    219     904     1822    876     431     104     598     738     1371    1794    1888    1784    1418    755     459     238     
11754  1937 984     336     1617    122     1018    1835    1004    -156    303     417     969     1666    1802    1865    1838    1543    1033    435     57      
11754  1938 1012    488     1502    184     917     1867    1129    298     198     879     617     1245    1764    1845    1987    1532    1008    852     -134    
11754  1939 971     459     1554    196     812     1886    957     409     326     292     994     1157    1791    1921    1945    1506    732     640     -89     
11754  1940 776     43      1499    -515    916     1760    956     -956    -498    411     989     1349    1900    1793    1591    1366    825     681     -158    
11754  1941 831     225     1417    -191    711     1811    831     -500    114     391     672     1068    1776    1998    1658    1314    918     257     258     
11754  1942 867     79      1552    -301    826     1766    1130    -717    -460    172     897     1410    1580    1745    1966    1699    1228    459     331     
11754  1943 1033    538     1608    277     1068    1867    991     91      424     683     1089    1432    1604    1989    1999    1515    1094    360     67      
11754  1944 980     364     1601    171     858     1923    986     449     -17     207     1039    1334    1620    1983    2157    1449    985     525     -12     
11754  1945 1034    417     1601    68      1091    1853    1028    -263    522     758     980     1531    1846    1929    1784    1525    1112    445     214     
11754  1946 967     416     1641    149     1085    1825    941     -94     345     469     1188    1601    1623    2043    1803    1568    767     494     -227    
11754  1947 971     18      1812    -511    1035    2056    1130    -491    -849    346     1147    1616    1986    2111    2068    1932    846     622     195     
11754  1948 1053    463     1620    228     1123    1787    1050    412     67      615     1240    1516    1784    1770    1807    1594    1005    552     242     
11754  1949 1086    447     1651    260     978     1825    1203    239     304     328     1165    1447    1548    1988    1929    1812    1277    518     424     
11754  1950 1003    529     1626    262     989     1961    959     -45     423     567     818     1578    1965    1959    1960    1456    888     534     -96     
11754  1951 1037    371     1583    149     879     1855    1077    242     318     341     981     1318    1717    1912    1932    1622    846     770     408     
11754  1952 936     439     1580    239     965     1884    763     135     171     298     1252    1355    1671    1974    2001    1208    849     230     55      
11754  1953 1072    333     1617    84      1068    1874    1120    50      153     642     1089    1473    1816    1953    1850    1505    1204    649     418     
11754  1954 921     369     1497    -70     909     1743    1075    -303    -352    539     746     1436    1831    1600    1802    1555    1158    508     444     
11754  1955 887     345     1478    69      731     1783    984     -120    -138    177     814     1205    1632    1863    1847    1489    954     511     337     
11754  1956 812     227     1422    -155    809     1643    953     75      -927    347     629     1445    1494    1851    1578    1513    983     360     306     
11754  1957 1014    516     1490    324     938     1845    990     162     524     754     890     1169    1904    1969    1664    1333    1074    560     141     
11754  1958 972     376     1526    187     741     1789    1069    92      342     48      649     1523    1612    1886    1862    1599    1105    502     398     
11754  1959 1060    512     1662    220     1114    1961    968     162     86      776     1140    1425    1810    2135    1932    1511    954     440     275     
11754  1960 985     394     1518    167     915     1797    1069    115     107     459     849     1435    1816    1798    1778    1418    1045    743     231     
11754  1961 1045    567     1574    272     1048    1753    1187    17      599     776     1213    1161    1825    1691    1745    1812    1252    495     -51     
11754  1962 865     388     1428    132     775     1674    926     310     139     165     1003    1163    1625    1660    1735    1376    1014    386     -233    
11754  1963 869     64      1601    -491    943     1884    1117    -755    -486    415     1007    1409    1803    2035    1811    1526    952     878     -239    
11754  1964 955     261     1641    -119    871     1923    991     -171    65      88      998     1532    1976    2025    1772    1530    860     588     183     
11754  1965 905     373     1459    145     828     1708    855     253     -17     338     860     1286    1748    1679    1699    1471    946     145     383     
11754  1966 1002    350     1576    162     1021    1814    1012    -231    352     497     1058    1510    1925    1751    1769    1434    1228    365     328     
