EUROPEAN CLIMATE ASSESSMENT & DATASET (ECA&D), file created on: 13-11-2019
THESE DATA CAN BE USED FOR NON-COMMERCIAL RESEARCH AND EDUCATION PROVIDED THAT THE FOLLOWING SOURCE IS ACKNOWLEDGED: 

Klein Tank, A.M.G. and Coauthors, 2002. Daily dataset of 20th-century surface
air temperature and precipitation series for the European Climate Assessment.
Int. J. of Climatol., 22, 1441-1453.
Data and metadata available at http://www.ecad.eu

FILE FORMAT (MISSING VALUE CODE = -999999):

THIS FILE HOLDS DATA FOR STATION GERMANY                                  BURGWALD-BOTTENDORF                      (STAID:   4948)
LATITUDE: dd:mm:ss +51:01:54
LONGITUDE: ddd:mm:ss +008:48:56
ELEVATION: m  293

DATA IS FOR INDEX Mean of daily mean temperature (TG) with unit 0.01 Temperature (&#176;C)

01-06 SOUID: Source identifier
08-11 YEAR : YYYY
13-20 ANNUAL DATA VALUES
21-28 WINTER HALF YEAR DATA VALUES
29-36 SUMMER HALF YEAR DATA VALUES
37-44 WINTER (DJF) DATA VALUES
45-52 SPRING (MAM) DATA VALUES
53-60 SUMMER (JJA) DATA VALUES
61-68 AUTUMN (SON) DATA VALUES
69-76 JANUARY DATA VALUES
etc. 
157-164 DECEMBER DATA VALUES

4948   1952 -999999 -999999 -999999 -999999 -999999 -999999 -999999 -999999 -999999 -999999 -999999 -999999 -999999 -999999 -999999 -999999 645     91      -79     
4948   1953 829     162     1342    -85     849     1572    869     -116    -56     464     815     1267    1531    1611    1572    1239    969     395     195     
4948   1954 726     228     1222    -145    706     1459    842     -352    -294    410     551     1151    1526    1354    1501    1239    941     343     264     
4948   1955 681     152     1260    -119    510     1576    760     -329    -310    -38     639     934     1421    1696    1605    1253    708     321     202     
4948   1956 644     96      1211    -251    676     1416    740     -31     -970    287     505     1230    1270    1632    1342    1268    726     226     159     
4948   1957 803     332     1266    140     739     1611    780     -33     311     598     722     896     1636    1740    1459    1131    823     385     -55     
4948   1958 752     178     1283    -14     536     1528    864     -128    158     -110    481     1234    1354    1599    1625    1384    855     354     172     
4948   1959 866     283     1476    -25     907     1768    782     -160    -94     535     926     1261    1600    1965    1733    1354    766     226     203     
4948   1960 815     257     1323    44      784     1597    876     -85     13      400     714     1235    1637    1717    1436    1183    886     559     58      
4948   1961 822     386     1345    96      848     1492    914     -136    395     557     1037    956     1549    1420    1509    1607    896     239     -175    
4948   1962 606     187     1129    4       506     1367    639     150     41      -44     707     860     1304    1385    1412    1100    765     48      -492    
4948   1963 618     -198    1343    -714    676     1599    873     -927    -722    100     794     1140    1566    1703    1527    1319    702     604     -454    
4948   1964 776     96      1421    -257    716     1686    803     -328    28      34      769     1347    1678    1795    1585    1337    644     434     -26     
4948   1965 717     190     1239    -56     642     1506    674     43      -199    216     582     1127    1627    1480    1413    1194    752     72      224     
4948   1966 873     250     1444    114     893     1652    846     -276    425     315     957     1408    1743    1605    1611    1328    1061    142     131     
4948   1967 868     353     1362    148     748     1670    924     78      244     446     593     1200    1508    1877    1618    1358    1092    317     39      
4948   1968 791     301     1361    -7      794     1604    873     -101    43      402     888     1096    1551    1637    1622    1361    986     269     -284    
4948   1969 751     134     1362    -160    650     1647    905     65      -271    7       678     1266    1435    1860    1639    1272    943     498     -445    
4948   1970 741     124     1287    -286    599     1594    885     -266    -131    130     513     1152    1654    1510    1619    1259    896     500     4       
4948   1971 798     231     1359    -41     744     1606    758     -264    157     94      786     1353    1377    1735    1697    1182    757     335     317     
4948   1972 707     284     1218    65      722     1521    634     -276    158     405     689     1070    1337    1715    1505    974     577     353     -37     
4948   1973 795     214     1365    -6      675     1720    780     -23     46      355     458     1205    1624    1758    1774    1351    686     306     -58     
4948   1974 827     333     1234    153     789     1454    715     271     255     528     788     1051    1329    1440    1590    1195    500     458     479     
4948   1975 812     352     1362    299     640     1687    765     385     4       257     598     1062    1421    1799    1833    1442    636     223     22      
4948   1976 778     163     1354    -1      647     1705    819     82      -115    112     610     1219    1723    1909    1485    1158    858     438     -180    
4948   1977 822     319     1244    8       731     1554    869     -23     250     567     527     1092    1490    1630    1541    1165    943     495     146     
4948   1978 747     341     1223    27      759     1456    781     77      -162    500     628     1144    1430    1482    1454    1189    842     311     3       
4948   1979 724     107     1283    -284    688     1557    779     -579    -277    312     602     1147    1645    1561    1467    1265    786     285     401     
4948   1980 737     307     1246    126     673     1502    775     -242    225     380     601     1035    1418    1479    1607    1322    706     301     5       
4948   1981 769     218     1330    -131    887     1561    829     -225    -175    665     770     1221    1492    1609    1579    1296    754     441     -263    
4948   1982 844     152     1405    -219    736     1702    978     -315    -65     348     638     1218    1562    1876    1664    1452    925     560     204     
4948   1983 837     377     1408    114     741     1789    768     363     -259    415     778     1032    1583    1980    1797    1258    787     257     -36     
4948   1984 734     211     1174    8       562     1457    845     46      14      185     532     967     1320    1483    1563    1165    962     404     143     
4948   1985 648     142     1226    -279    730     1410    662     -568    -425    291     661     1235    1227    1578    1418    1220    764     -2      288     
4948   1986 715     103     1246    -134    689     1543    789     -25     -722    233     540     1288    1543    1578    1507    998     872     496     157     
4948   1987 661     103     1233    -215    525     1445    873     -634    -163    -125    827     882     1317    1555    1458    1356    812     454     155     
4948   1988 816     347     1279    200     711     1509    774     317     122     209     645     1276    1395    1565    1563    1208    897     212     345     
4948   1989 849     408     1310    241     822     1554    806     152     223     595     619     1247    1391    1671    1596    1320    913     182     225     
4948   1990 849     436     1265    301     804     1562    776     228     466     595     633     1179    1411    1539    1731    1076    874     375     47      
4948   1991 718     250     1235    -98     638     1552    792     69      -445    514     552     845     1212    1766    1669    1344    715     318     -36     
4948   1992 837     285     1358    82      796     1665    750     106     181     418     647     1318    1556    1693    1741    1170    564     523     105     
4948   1993 781     247     1338    30      872     1507    631     153     -190    293     988     1337    1518    1549    1455    1170    745     -27     306     
4948   1994 896     308     1388    171     826     1738    831     262     -79     592     737     1147    1538    2032    1638    1215    634     651     309     
4948   1995 818     353     1363    196     740     1667    835     -111    411     239     834     1151    1364    1895    1733    1178    1075    245     -221    
4948   1996 -999999 94      -999999 -291    -999999 -999999 780     -391    -258    98      678     -999999 1425    -999999 -999999 1049    859     429     -255    
4948   1997 859     286     1384    -86     848     1711    783     -372    418     651     629     1257    1534    1674    1921    1266    689     398     217     
4948   1998 875     401     1387    262     906     1601    764     198     382     519     823     1375    1608    1582    1612    1307    802     183     78      
4948   1999 946     331     1497    139     935     1697    941     292     38      559     863     1380    1534    1890    1664    1637    847     341     237     
4948   2000 973     422     1449    252     1003    1622    997     137     389     575     971     1462    1668    1483    1718    1386    1005    601     274     
4948   2001 909     450     1401    219     843     1704    938     90      303     418     680     1427    1434    1852    1818    1164    1215    425     33      
4948   2002 932     462     1426    195     869     1744    887     90      492     518     781     1305    1730    1686    1816    1221    809     633     84      
4948   2003 894     315     1521    -40     903     1903    778     28      -254    545     811     1350    1885    1846    1979    1235    546     560     113     
4948   2004 861     331     1377    160     795     1653    874     80      296     394     879     1113    1526    1622    1807    1300    924     396     -20     
4948   2005 -999999 -999999 1408    -999999 848     1632    955     -999999 -108    438     905     1203    1588    1750    1556    1436    999     428     115     
4948   2006 911     232     1473    -59     708     1739    1146    -241    -50     122     742     1261    1615    2106    1492    1607    1156    675     387     
4948   2007 940     602     1440    408     1007    1648    782     453     382     539     1104    1381    1701    1653    1592    1200    776     369     89      
4948   2008 897     375     1407    233     842     1705    825     364     247     398     682     1442    1653    1762    1699    1183    811     480     15      
4948   2009 868     233     1475    -105    960     1658    950     -360    44      397     1160    1331    1442    1770    1754    1379    766     713     -25     
4948   2010 757     239     1375    -150    744     1739    813     -357    -60     384     832     1018    1621    1983    1609    1173    768     499     -432    
4948   2011 918     250     1464    -85     968     1632    871     91      105     460     1129    1320    1609    1571    1715    1434    832     349     352     
4948   2012 869     373     1384    120     945     1636    821     185     -196    680     756     1394    1463    1665    1775    1226    769     469     189     
4948   2013 834     219     1397    34      632     1717    890     12      -113    -34     795     1140    1546    1888    1710    1285    996     386     325     
4948   2014 1000    503     1447    330     963     1662    1054    295     374     627     1057    1207    1541    1907    1535    1426    1127    606     258     
4948   2015 954     451     1430    175     805     1789    905     180     77      426     788     1200    1557    1891    1913    1204    806     707     625     
4948   2016 916     490     1490    355     814     1742    918     147     289     362     735     1343    1669    1831    1724    1621    806     331     122     
4948   2017 919     315     1427    15      921     1746    927     -330    279     677     694     1384    1743    1790    1705    1227    1066    485     264     
4948   2018 994     370     1623    133     999     1877    909     373     -277    249     1204    1551    1738    1984    1906    1338    912     477     372     
4948   2019 -999999 454     1483    231     873     1861    -999999 23      305     620     926     1075    1917    1824    1842    1305    1045    -999999 -999999 
