EUROPEAN CLIMATE ASSESSMENT & DATASET (ECA&D), file created on: 13-11-2019
THESE DATA CAN BE USED FOR NON-COMMERCIAL RESEARCH AND EDUCATION PROVIDED THAT THE FOLLOWING SOURCE IS ACKNOWLEDGED: 

Klein Tank, A.M.G. and Coauthors, 2002. Daily dataset of 20th-century surface
air temperature and precipitation series for the European Climate Assessment.
Int. J. of Climatol., 22, 1441-1453.
Data and metadata available at http://www.ecad.eu

FILE FORMAT (MISSING VALUE CODE = -999999):

THIS FILE HOLDS DATA FOR STATION FINLAND                                  HELSINKI ISOSAARI                        (STAID:   7036)
LATITUDE: dd:mm:ss +60:06:15
LONGITUDE: ddd:mm:ss +025:04:15
ELEVATION: m    4

DATA IS FOR INDEX Mean of daily mean temperature (TG) with unit 0.01 Temperature (&#176;C)

01-06 SOUID: Source identifier
08-11 YEAR : YYYY
13-20 ANNUAL DATA VALUES
21-28 WINTER HALF YEAR DATA VALUES
29-36 SUMMER HALF YEAR DATA VALUES
37-44 WINTER (DJF) DATA VALUES
45-52 SPRING (MAM) DATA VALUES
53-60 SUMMER (JJA) DATA VALUES
61-68 AUTUMN (SON) DATA VALUES
69-76 JANUARY DATA VALUES
etc. 
157-164 DECEMBER DATA VALUES

7036   1828 -999999 -999999 -999999 -999999 -999999 -999999 -999999 -999999 -999999 -999999 -999999 -999999 -999999 -999999 -999999 -999999 -999999 -999999 -999999 
7036   1829 -999999 -999999 1070    -999999 -100    1545    446     -999999 -999999 -894    -167    758     1436    1749    1449    1209    486     -356    -612    
7036   1830 396     -417    1022    -778    133     1464    637     -868    -856    -280    102     575     1295    1654    1438    1048    613     252     -305    
7036   1831 -999999 -282    -999999 -640    157     -999999 513     -1102   -517    -675    244     878     1650    -999999 1568    878     563     97      -394    
7036   1832 483     -82     1007    -330    264     1394    534     -463    -112    -188    256     695     1384    1374    1424    892     673     33      -254    
7036   1833 -999999 -145    1076    -355    119     1461    -999999 -326    -498    -536    53      817     1450    1679    1252    1189    806     -999999 -999999 
7036   1834 -999999 -999999 -999999 -999999 318     -999999 -999999 -1085   -369    -152    268     855     -999999 -999999 1933    975     535     -999999 -328    
7036   1835 441     -999999 1046    -288    189     1455    507     -312    -217    -169    87      645     1507    1532    1313    1205    600     -285    -999999 
7036   1836 430     -999999 1000    -999999 364     1352    505     -712    -410    48      330     694     1218    1461    1374    906     666     -62     -408    
7036   1837 457     -220    1094    -470    130     1537    606     -710    -274    -532    75      847     1454    1507    1650    1025    480     317     -351    
7036   1838 384     -380    1163    -869    211     1493    613     -1265   -1006   -496    205     923     1356    1699    1419    1358    426     62      -156    
7036   1839 459     -197    1185    -364    162     1626    597     -435    -515    -586    -102    1165    1474    1846    1554    1141    684     -37     -759    
7036   1840 291     -328    -999999 -722    92      -999999 453     -705    -701    -462    152     588     1433    -999999 1455    1202    474     -266    -737    
7036   1841 461     -412    1126    -807    290     1503    581     -895    -789    -263    277     893     1442    1483    1580    1082    569     92      101     
7036   1842 529     -28     1164    -209    280     1647    401     -580    -141    -213    70      975     1474    1665    1796    974     379     -169    42      
7036   1843 -999999 -81     1116    -101    26      1695    -999999 -83     -281    -400    -67     542     1444    1752    1881    1115    -999999 -999999 -33     
7036   1844 -999999 -999999 -999999 -729    -999999 -999999 512     -790    -1407   -999999 -999999 -999999 -999999 1446    1616    1156    592     -214    -723    
7036   1845 382     -422    1057    -677    -101    1545    589     -135    -1228   -898    -22     618     1320    1672    1637    1095    404     273     -269    
7036   1846 479     -244    1209    -716    298     1735    703     -803    -1113   -22     223     692     1358    1748    2086    1115    842     146     -646    
7036   1847 465     -277    1115    -714    -25     1637    739     -444    -1089   -535    -221    675     1496    1584    1825    1306    503     417     -53     
7036   1848 451     -115    1101    -507    388     1420    575     -1101   -357    -98     389     873     1355    1462    1443    1071    582     71      -295    
7036   1849 346     -267    1018    -611    148     1389    529     -1014   -515    -444    7       875     1122    1477    1561    1036    467     84      -558    
7036   1850 376     -450    1142    -869    131     1581    471     -1445   -574    -669    139     923     1321    1707    1707    1022    525     -137    -72     
7036   1851 464     -263    1086    -438    98      1465    721     -541    -728    -664    300     665     1364    1620    1409    1145    721     299     -101    
7036   1852 -999999 -128    -999999 -500    93      -999999 -999999 -521    -903    -297    -222    788     1576    1673    -999999 -999999 135     -374    -299    
7036   1853 451     -397    1101    -443    -25     1585    662     -307    -754    -815    -120    857     1585    1739    1431    1089    636     261     -272    
7036   1854 494     -212    1225    -633    288     1755    487     -906    -732    -294    165     989     1557    1889    1813    902     669     -116    -111    
7036   1855 352     -334    1157    -690    120     1685    516     -730    -1287   -513    98      775     1499    2045    1504    993     620     -70     -832    
7036   1856 -999999 -432    -999999 -823    44      -999999 -999999 -653    -997    -685    111     706     1221    1533    -999999 -999999 -999999 -646    -445    
7036   1857 467     -999999 1054    -573    187     1522    569     -952    -296    -231    82      706     1251    1547    1759    950     688     65      -21     
7036   1858 526     -85     1274    -298    198     1787    499     -336    -563    -385    114     862     1505    2008    1839    1285    578     -368    -319    
7036   1859 545     -128    1160    -248    290     1570    556     -172    -254    -251    152     964     1607    1630    1474    1116    399     157     -328    
7036   1860 395     -270    1174    -555    167     1617    498     -467    -891    -513    288     731     1449    1784    1613    1159    472     -136    -794    
7036   1861 427     -425    1132    -938    178     1717    522     -1530   -442    -109    43      595     1583    1967    1595    986     748     -177    -191    
7036   1862 227     -460    955     -917    108     1268    536     -1442   -1140   -616    118     822     1186    1318    1296    972     605     28      -515    
7036   1863 586     -59     1104    -282    272     1446    790     -108    -218    -160    259     717     1409    1453    1476    1297    796     278     -210    
7036   1864 361     -52     1027    -370    133     1492    211     -525    -374    -285    196     489     1429    1792    1252    988     153     -507    -303    
7036   1865 353     -506    1034    -671    83      1416    525     -541    -1224   -683    98      835     1099    1800    1339    1005    373     202     -185    
7036   1866 441     -187    1154    -334    37      1559    595     -7      -861    -695    223     588     1563    1511    1605    1429    480     -119    -513    
7036   1867 167     -463    887     -807    -217    1436    430     -1354   -528    -737    -109    198     1252    1575    1476    911     616     -244    -1088   
7036   1868 445     -461    1211    -953    235     1706    527     -1019   -737    -307    152     856     1333    1881    1894    1116    660     -199    -352    
7036   1869 481     -172    1093    -438    287     1468    517     -677    -269    -206    296     770     1222    1614    1562    1072    520     -41     -148    
7036   1870 -999999 -237    -999999 -501    201     -999999 500     -386    -1018   -417    284     739     1422    -999999 -999999 989     373     142     -1129   
7036   1871 246     -547    971     -1273   191     1464    357     -907    -1838   -24     -24     614     1203    1745    1437    820     432     -184    -495    
7036   1872 583     -209    1230    -401    356     1653    671     -159    -558    -311    362     1017    1654    1770    1534    1024    720     268     -371    
7036   1873 515     -92     1149    -411    144     1620    632     -249    -634    -328    61      695     1515    1848    1495    1263    677     -46     -200    
7036   1874 493     -28     1041    -182    177     1451    647     37      -404    -266    204     594     1289    1645    1413    1082    873     -21     -602    
7036   1875 200     -375    1043    -869    52      1542    247     -1317   -669    -532    -74     757     1384    1748    1489    924     189     -368    -1180   
7036   1876 324     -544    1129    -966    130     1665    461     -890    -820    -207    172     428     1728    1731    1537    1170    492     -279    -1245   
7036   1877 347     -559    910     -960    -100    1412    599     -815    -815    -727    -58     487     1261    1565    1406    772     516     512     -17     
7036   1878 536     -23     1110    -296    257     1445    791     -573    -297    -291    335     730     1369    1462    1501    1253    874     244     -220    
7036   1879 412     -111    1141    -479    196     1551    493     -636    -593    -369    98      855     1410    1557    1680    1224    540     -287    -603    
7036   1880 392     -295    1151    -561    199     1562    344     -689    -380    -358    170     785     1336    1649    1694    1250    -60     -145    -561    
7036   1881 285     -588    965     -874    -84     1404    529     -1021   -1059   -716    -137    600     1336    1526    1347    1096    341     157     -144    
7036   1882 549     15      1241    -122    380     1662    455     7       -240    -50     259     926     1433    1730    1815    1258    487     -382    -725    
7036   1883 463     -461    1137    -755    122     1563    708     -809    -728    -632    209     790     1645    1606    1439    1121    579     428     -163    
7036   1884 452     -48     1081    -326    125     1515    614     -364    -461    -322    55      640     1403    1718    1421    1232    684     -77     -541    
7036   1885 447     -179    1069    -449    147     1566    419     -401    -401    -353    127     666     1265    1890    1532    901     424     -69     -281    
7036   1886 490     -326    1191    -588    211     1647    610     -689    -817    -565    348     853     1567    1732    1639    982     491     360     -110    
7036   1887 530     42      1168    -140    345     1523    517     -193    -114    -188    293     929     1383    1665    1517    1203    362     -9      -530    
7036   1888 266     -506    1023    -809    -91     1465    425     -802    -1116   -962    48      645     1331    1578    1481    1035    360     -118    -338    
7036   1889 494     -360    1183    -568    219     1584    658     -399    -1009   -709    189     1177    1707    1615    1435    954     747     270     -152    
7036   1890 565     44      1218    -256    520     1507    530     -267    -358    -10     459     1108    1427    1547    1544    1207    380     8       -331    
7036   1891 497     -187    1119    -391    257     1508    548     -631    -193    -348    248     870     1286    1792    1437    1054    721     -137    -191    
7036   1892 343     -279    1024    -625    138     1380    617     -918    -774    -404    93      724     1176    1497    1461    1172    519     164     -627    
7036   1893 306     -497    1041    -1118   161     1510    488     -1293   -1468   -350    124     707     1392    1643    1491    865     679     -86     -166    
7036   1894 582     -14     1186    -202    489     1587    435     -184    -261    -92     521     1039    1468    1721    1568    771     316     222     -169    
7036   1895 449     -343    1208    -704    281     1603    617     -690    -1310   -505    160     1184    1633    1614    1562    1068    603     180     -244    
7036   1896 552     -83     1228    -333    236     1748    587     -289    -475    -289    111     884     1755    1940    1550    1103    766     -114    -357    
7036   1897 525     -265    1305    -624    427     1658    594     -875    -642    -399    334     1342    1490    1763    1715    1153    569     61      -293    
7036   1898 512     -154    1143    -346    166     1598    577     -106    -671    -528    89      936     1565    1646    1582    1018    395     323     -193    
7036   1899 392     -241    1072    -487    60      1473    651     -617    -669    -709    167     726     1156    1951    1302    1106    625     221     -623    
7036   1900 390     -315    1069    -750    106     1549    545     -651    -1000   -510    121     707     1467    1568    1611    920     641     72      -366    
7036   1901 518     -196    1305    -480    249     1795    615     -231    -882    -467    266     949     1584    2025    1770    1206    873     -242    -753    
7036   1902 280     -294    920     -669    57      1328    382     -619    -631    -421    -63     651     1238    1404    1340    931     330     -114    -743    
7036   1903 578     -184    1187    -474    452     1546    548     -485    -163    77      320     953     1568    1645    1426    1196    273     186     -94     
7036   1904 397     -161    1009    -323    138     1365    535     -114    -791    -457    183     690     1250    1428    1415    1072    681     -154    -496    
7036   1905 515     -176    1148    -495    325     1587    516     -620    -357    -128    125     972     1646    1673    1444    1008    454     88      -177    
7036   1906 575     -76     1219    -214    406     1610    525     -243    -221    -364    345     1234    1565    1840    1424    878     527     171     -311    
7036   1907 374     -199    1020    -566    197     1456    675     -875    -506    -216    162     643     1358    1709    1297    930     933     154     -1150   
7036   1908 443     -230    1089    -690    204     1519    433     -503    -400    -411    235     789     1343    1583    1625    931     591     -227    -273    
7036   1909 456     -208    1027    -423    56      1482    662     -179    -858    -366    -8      539     1385    1597    1460    1169    1002    -197    -180    
7036   1910 621     62      1215    -182    543     1527    543     -284    -73     80      456     1090    1483    1686    1410    1148    482     1       -78     
7036   1911 531     -135    1140    -367    324     1516    631     -310    -751    -207    155     1018    1282    1562    1695    1099    479     320     -73     
7036   1912 453     -171    1138    -610    296     1675    401     -836    -942    -7      155     736     1463    1808    1746    891     259     59      35      
7036   1913 561     -92     1219    -288    411     1630    641     -546    -359    -19     439     815     1323    1887    1671    1153    483     292     -469    
7036   1914 573     -117    1219    -436    357     1675    476     -683    -126    -184    370     885     1485    2141    1392    1013    325     95      114     
7036   1915 291     -224    1074    -352    86      1493    372     -688    -496    -708    201     768     1196    1747    1525    979     325     -187    -1216   
7036   1916 445     -382    1048    -667    193     1462    479     -394    -371    -442    312     711     1220    1869    1289    860     302     280     -322    
7036   1917 430     -437    1212    -755    -22     1755    689     -877    -1101   -944    134     751     1660    1705    1896    1102    757     207     -230    
7036   1918 512     -150    1140    -550    352     1494    732     -851    -570    -244    419     882     1245    1813    1416    1045    816     333     -231    
7036   1919 435     -94     1188    -410    224     1586    433     -309    -719    -501    136     1033    1424    1937    1391    1181    509     -394    -560    
7036   1920 622     -200    1272    -482    550     1617    646     -696    -170    105     454     1089    1473    1851    1522    1223    423     300     -127    
7036   1921 535     -70     1249    -424    677     1507    410     -491    -676    106     691     1235    1486    1484    1549    1030    515     -318    -284    
7036   1922 418     -301    1129    -554    227     1522    483     -794    -586    -370    180     868     1396    1675    1490    1146    311     -1      -359    
7036   1923 426     -278    1024    -559    176     1393    678     -213    -1162   -320    129     718     1046    1722    1400    1106    689     239     -369    
7036   1924 535     -214    1157    -607    156     1587    814     -623    -843    -405    31      837     1301    1747    1703    1294    863     283     166     
7036   1925 544     173     1263    97      357     1672    327     106     10      -402    485     991     1408    2052    1548    1067    315     -401    -687    
7036   1926 425     -447    1168    -787    267     1635    515     -976    -690    -264    215     848     1525    1802    1575    1021    267     265     -550    
7036   1927 488     -174    1219    -526    279     1778    437     -572    -448    -20     184     670     1292    2175    1851    1107    429     -225    -663    
7036   1928 474     -286    1040    -545    293     1341    621     -428    -543    -298    281     896     1150    1410    1456    1024    540     301     -137    
7036   1929 474     -246    1063    -696    202     1465    760     -677    -1335   -254    -63     913     1308    1608    1475    1113    745     423     283     
7036   1930 675     215     1281    44      541     1707    563     146     -334    -21     470     1172    1544    1911    1659    897     636     153     -216    
7036   1931 429     -228    1122    -546    241     1543    500     -697    -744    -537    178     1079    1187    1769    1661    816     487     196     -344    
7036   1932 588     -174    1248    -385    230     1691    608     -47     -790    -577    261     1007    1339    2032    1690    1126    515     187     241     
7036   1933 508     -48     1206    -265    304     1654    568     -442    -629    -207    275     843     1658    1839    1464    1139    617     -53     -484    
7036   1934 734     -72     1357    -288    439     1729    904     -110    -267    -151    336     1127    1560    1879    1744    1475    865     371     -95     
7036   1935 593     42      1150    -291    316     1583    701     -416    -369    -132    307     773     1531    1716    1500    1058    714     332     38      
7036   1936 644     -17     1334    -373    445     1835    588     -269    -924    -41     279     1092    1924    1918    1667    1099    327     345     242     
7036   1937 631     -47     1403    -246    494     1812    770     -447    -564    -226    483     1224    1695    1865    1872    1252    718     340     -712    
7036   1938 724     3       1295    -393    429     1723    925     -332    -108    110     304     869     1359    1926    1874    1413    834     532     -155    
7036   1939 600     97      1295    -225    393     1808    506     -546    52      -126    320     985     1559    1852    2004    1018    266     243     -450    
7036   1940 373     -543    1223    -1011   167     1672    641     -1242   -1364   -739    117     1120    1562    1890    1560    1057    617     250     -412    
7036   1941 291     -334    1152    -835    147     1695    330     -1264   -828    -394    47      785     1362    2085    1627    973     237     -218    -995    
7036   1942 319     -773    1137    -1268   48      1544    659     -1593   -1211   -880    216     813     1393    1629    1604    1144    766     64      -210    
7036   1943 676     -13     1252    -329    491     1623    799     -733    -13     49      415     1007    1609    1725    1535    1204    865     327     81      
7036   1944 626     88      1194    -161    267     1661    726     -219    -357    -189    151     835     1322    1913    1738    1175    776     226     88      
7036   1945 514     15      1225    -216    315     1724    455     -433    -314    -276    370     853     1399    1989    1772    936     373     58      -611    
7036   1946 545     -288    1270    -609    312     1670    598     -455    -779    -352    365     925     1459    1918    1626    1305    354     142     -65     
7036   1947 496     -337    1361    -650    302     1784    595     -672    -1273   -585    329     1163    1701    1868    1780    1300    469     21      -282    
7036   1948 626     -185    1330    -524    533     1702    652     -624    -677    -43     505     1137    1646    1891    1568    1212    565     183     102     
7036   1949 734     97      1338    -10     509     1614    841     -79     -58     -145    437     1234    1414    1851    1569    1500    724     302     1       
7036   1950 607     -79     1317    -473    503     1670    720     -1026   -384    -105    520     1096    1566    1666    1775    1261    693     206     -46     
7036   1951 554     -130    1202    -385    197     1585    745     -563    -564    -536    374     758     1380    1539    1829    1314    778     142     124     
7036   1952 463     -12     1087    -95     141     1477    413     -133    -290    -706    416     721     1365    1622    1441    940     360     -77     -143    
7036   1953 638     -152    1253    -410    480     1661    755     -389    -729    14      502     926     1701    1717    1565    1089    856     318     -7      
7036   1954 566     -55     1224    -490    430     1575    682     -531    -978    -63     222     1125    1365    1766    1587    1253    657     135     123     
7036   1955 463     -76     1173    -284    63      1661    728     -335    -679    -411    -30     628     1264    1830    1876    1445    720     19      -859    
7036   1956 381     -369    1087    -887    225     1501    430     -618    -1206   -309    87      892     1560    1593    1353    1016    577     -308    -136    
7036   1957 582     -117    1163    -148    193     1588    660     -149    -159    -534    237     877     1290    1823    1641    1081    694     219     -72     
7036   1958 425     -208    1082    -523    98      1466    775     -682    -846    -612    131     775     1328    1558    1507    1174    725     427     -460    
7036   1959 588     46      1181    -329    435     1647    558     -358    -151    84      338     880     1402    1771    1760    907     553     215     -403    
7036   1960 446     -317    1160    -709    147     1584    597     -863    -873    -553    56      934     1391    1745    1608    1197    521     77      52      
7036   1961 654     93      1146    -54     417     1532    832     -237    30      109     274     862     1602    1538    1458    1127    998     364     -320    
7036   1962 426     -62     993     -340    109     1281    695     -273    -438    -724    309     748     1066    1470    1298    1050    772     260     -475    
7036   1963 433     -357    1202    -776    116     1543    751     -852    -1027   -866    133     1080    1385    1554    1684    1354    739     159     -243    
7036   1964 496     -131    1086    -406    168     1478    676     -175    -827    -473    156     821     1304    1646    1479    1086    834     105     -67     
7036   1965 458     -61     1053    -336    193     1350    654     -282    -693    -316    256     641     1317    1312    1419    1363    764     -167    -195    
7036   1966 363     -366    1033    -850    83      1545    672     -1101   -1296   -282    -106    629     1462    1712    1459    1016    654     345     -260    
7036   1967 517     -94     1112    -543    332     1433    956     -910    -451    40      250     704     1189    1498    1604    1412    981     473     -644    
7036   1968 426     -175    1106    -810    282     1485    549     -1266   -500    -95     328     615     1380    1441    1630    1231    413     7       -92     
7036   1969 363     -374    1092    -617    -53     1592    636     -771    -1028   -827    104     569     1439    1573    1761    1088    634     187     -461    
7036   1970 405     -311    1077    -814    157     1529    599     -791    -1230   -275    57      686     1583    1396    1610    1113    581     105     -93     
7036   1971 501     -60     1039    -200    119     1445    603     -84     -446    -452    123     685     1246    1598    1486    1073    646     90      -32     
7036   1972 555     -134    1172    -375    117     1704    650     -650    -448    -420    101     670     1467    1972    1665    1128    600     224     311     
7036   1973 537     121     1142    3       300     1645    437     -68     -260    -115    229     785     1475    1957    1497    880     441     -9      -434    
7036   1974 642     -36     1082    -207    286     1408    840     -164    -3      -45     237     663     1339    1565    1317    1358    761     403     230     
7036   1975 676     221     1199    42      417     1555    739     22      -145    26      271     950     1237    1680    1739    1291    646     282     40      
7036   1976 388     -145    1034    -437    167     1405    505     -745    -619    -492    105     886     1146    1522    1538    976     378     166     -238    
7036   1977 405     -226    967     -542    133     1399    595     -524    -898    -291    43      644     1281    1382    1532    897     590     297     -186    
7036   1978 365     -168    1030    -537    183     1431    633     -430    -1044   -306    95      758     1256    1545    1485    1014    545     343     -973    
7036   1979 421     -327    1035    -895    147     1473    665     -759    -961    -195    18      615     1285    1476    1653    1141    549     308     -182    
7036   1980 455     -222    1140    -510    37      1609    658     -634    -729    -662    205     574     1493    1707    1623    1224    711     36      -127    
7036   1981 478     -90     1036    -267    137     1381    716     -250    -440    -498    113     796     1081    1580    1473    1146    808     190     -331    
7036   1982 530     -108    1043    -527    269     1414    773     -757    -490    -97     211     691     1037    1630    1564    1103    699     521     175     
7036   1983 572     105     1163    -127    327     1517    656     22      -627    -220    246     950     1261    1758    1522    1213    707     48      -122    
7036   1984 555     -93     1127    -285    254     1482    740     -300    -444    -464    249     978     1427    1404    1612    1068    867     282     -56     
7036   1985 308     -324    1030    -933    112     1466    669     -1353   -1439   -331    -15     677     1289    1543    1561    1101    803     99      -366    
7036   1986 445     -190    1057    -653    263     1510    673     -620    -1008   -121    130     775     1490    1598    1440    889     652     477     -467    
7036   1987 286     -386    937     -926    7       1284    672     -1682   -596    -693    52      663     1135    1376    1336    1038    807     167     -213    
7036   1988 548     -15     1203    -235    213     1656    599     -125    -376    -367    71      931     1583    1965    1417    1228    634     -67     -360    
7036   1989 682     86      1194    -74     471     1552    727     38      117     152     311     945     1440    1708    1505    1237    708     237     -254    
7036   1990 655     112     1170    -142    493     1540    607     -242    93      129     454     896     1368    1586    1659    1033    658     127     51      
7036   1991 600     24      1099    -194    278     1524    767     -144    -522    -77     225     685     1142    1685    1734    1095    728     479     76      
7036   1992 620     212     1151    -15     390     1495    569     -9      -120    101     162     899     1478    1526    1480    1345    319     51      172     
7036   1993 539     56      1064    3       425     1383    449     -30     -147    -48     258     1060    1177    1512    1455    894     558     -109    -174    
7036   1994 506     -235    1162    -533    252     1555    648     -300    -1188   -283    252     787     1097    1852    1702    1252    563     133     68      
7036   1995 599     114     1128    -26     342     1515    720     -158    14      57      257     708     1558    1412    1575    1250    871     33      -420    
7036   1996 452     -228    1036    -579    48      1468    801     -453    -882    -553    87      611     1165    1416    1814    1098    809     496     -238    
7036   1997 616     102     1221    -221    271     1765    598     -219    -204    -48     176     684     1536    1890    1862    1153    467     179     -143    
7036   1998 530     -33     1066    -183    192     1404    669     -84     -335    -302    72      802     1238    1559    1410    1295    766     -59     -67     
7036   1999 608     -97     1217    -369    260     1626    882     -439    -627    -209    315     676     1558    1701    1615    1426    822     398     -21     
7036   2000 704     149     1150    -102    385     1501    935     -149    -138    -29     368     814     1237    1669    1588    1201    1005    598     247     
7036   2001 604     166     1230    -121    299     1618    844     -37     -623    -256    331     823     1253    1965    1623    1360    961     206     -458    
7036   2002 617     94      1320    -227    470     1771    482     -182    -22     52      371     984     1489    1809    2005    1234    303     -85     -594    
7036   2003 524     -326    1137    -662    177     1625    696     -842    -539    -211    107     634     1177    1983    1700    1191    507     398     103     
7036   2004 598     2       1162    -263    343     1522    752     -486    -414    -111    305     833     1226    1594    1735    1256    765     235     198     
7036   2005 664     64      1241    -42     223     1646    921     34      -391    -497    318     850     1366    1898    1663    1329    900     534     -108    
7036   2006 644     -55     1273    -375    142     1727    877     -267    -790    -651    199     878     1441    1793    1939    1359    932     340     445     
7036   2007 693     213     1234    -72     489     1623    771     4       -728    198     435     833     1480    1656    1728    1254    832     224     277     
7036   2008 739     258     1185    161     457     1535    836     87      114     5       419     945     1323    1708    1566    1124    944     436     168     
7036   2009 611     161     1198    -101    349     1546    768     -173    -320    -123    282     885     1308    1658    1664    1369    546     397     -223    
7036   2010 485     -199    1270    -663    320     1733    663     -930    -854    -172    293     838     1321    2028    1836    1275    668     47      -628    
7036   2011 674     -213    1266    -635    320     1716    933     -388    -915    -122    334     748     1390    1966    1781    1353    865     583     377     
7036   2012 572     173     1140    -158    413     1460    841     -237    -646    56      285     895     1206    1581    1585    1270    768     487     -428    
7036   2013 649     -36     1209    -344    212     1604    874     -421    -165    -452    201     886     1516    1643    1651    1339    783     504     260     
7036   2014 691     197     1245    -87     468     1606    819     -491    -24     136     435     832     1229    1856    1721    1372    717     372     86      
7036   2015 743     229     1153    30      438     1448    937     -59     67      181     394     737     1129    1501    1702    1436    777     604     401     
7036   2016 628     181     1239    -111    508     1523    692     -757    33      35      363     1122    1363    1618    1583    1366    634     79      75      
7036   2017 627     91      1063    -80     334     1388    802     -141    -185    58      199     740     1144    1480    1532    1261    687     462     221     
7036   2018 685     56      1335    -153    390     1698    873     -91     -636    -358    316     1209    1298    2005    1780    1370    810     440     -25     
7036   2019 -999999 148     1239    -129    438     1618    -999999 -356    7       8       458     847     1509    1658    1682    1263    701     -999999 -999999 
