EUROPEAN CLIMATE ASSESSMENT & DATASET (ECA&D), file created on: 13-11-2019
THESE DATA CAN BE USED FOR NON-COMMERCIAL RESEARCH AND EDUCATION PROVIDED THAT THE FOLLOWING SOURCE IS ACKNOWLEDGED: 

Klein Tank, A.M.G. and Coauthors, 2002. Daily dataset of 20th-century surface
air temperature and precipitation series for the European Climate Assessment.
Int. J. of Climatol., 22, 1441-1453.
Data and metadata available at http://www.ecad.eu

FILE FORMAT (MISSING VALUE CODE = -999999):

THIS FILE HOLDS DATA FOR STATION NORWAY                                   GJEILO I SKJAK                           (STAID:  18956)
LATITUDE: dd:mm:ss +61:52:27
LONGITUDE: ddd:mm:ss +008:26:26
ELEVATION: m  378

DATA IS FOR INDEX Mean of daily mean temperature (TG) with unit 0.01 Temperature (&#176;C)

01-06 SOUID: Source identifier
08-11 YEAR : YYYY
13-20 ANNUAL DATA VALUES
21-28 WINTER HALF YEAR DATA VALUES
29-36 SUMMER HALF YEAR DATA VALUES
37-44 WINTER (DJF) DATA VALUES
45-52 SPRING (MAM) DATA VALUES
53-60 SUMMER (JJA) DATA VALUES
61-68 AUTUMN (SON) DATA VALUES
69-76 JANUARY DATA VALUES
etc. 
157-164 DECEMBER DATA VALUES

18956  1970 187     -999999 976     -999999 131     1389    214     -1338   -1316   -539    -24     950     1585    1230    1359    735     373     -473    -407    
18956  1971 385     -275    968     -387    266     1256    269     -514    -224    -410    257     949     1110    1355    1300    816     306     -317    -54     
18956  1972 275     -441    973     -825    335     1333    294     -1288   -1155   -180    287     897     1211    1571    1213    634     368     -121    -193    
18956  1973 382     -63     948     -327    442     1295    176     -197    -620    327     147     843     1211    1504    1168    790     145     -405    -419    
18956  1974 409     -233    1019    -289    379     1243    233     -75     -382    -285    534     892     1249    1215    1265    949     196     -446    -262    
18956  1975 439     -235    966     -302    195     1332    424     -230    -427    -269    76      775     1067    1473    1446    928     362     -15     6       
18956  1976 198     -337    963     -577    193     1318    229     -949    -802    -644    235     991     1186    1402    1362    575     299     -189    -1118   
18956  1977 230     -619    891     -1299   292     1271    358     -1456   -1326   23      58      788     1184    1363    1264    666     565     -164    -330    
18956  1978 198     -331    967     -735    277     1346    339     -645    -1284   -214    162     878     1326    1404    1308    700     422     -109    -1674   
18956  1979 64      -785    932     -1642   269     1283    124     -2026   -1180   -156    298     666     1343    1307    1202    764     94      -484    -1125   
18956  1980 178     -755    1094    -1225   270     1453    -17     -1130   -1433   -487    380     922     1463    1552    1344    885     14      -950    -496    
18956  1981 140     -607    983     -734    208     1239    256     -765    -962    -528    203     949     1113    1385    1214    1017    145     -391    -1758   
18956  1982 365     -616    1045    -1203   429     1389    400     -1160   -637    111     350     823     1156    1597    1408    915     420     -137    -543    
18956  1983 451     -194    1023    -454    353     1326    464     -213    -623    -110    291     875     1164    1489    1321    978     461     -47     -257    
18956  1984 297     -435    1041    -823    289     1324    399     -1416   -794    -570    478     965     1214    1373    1381    815     451     -71     -289    
18956  1985 159     -370    952     -792    296     1302    158     -1024   -1092   -254    183     956     1255    1407    1243    643     680     -866    -1319   
18956  1986 204     -812    952     -1593   333     1340    446     -1675   -1805   13      66      911     1474    1417    1135    688     495     153     -562    
18956  1987 -999999 -515    -999999 -968    126     -999999 -999999 -1685   -622    -857    499     748     1086    -999999 -999999 -999999 -999999 -999999 -999999 
18956  1988 -999999 -999999 -999999 -999999 -999999 -999999 -999999 -999999 -999999 -999999 -999999 -999999 -999999 -999999 -999999 -999999 -999999 -999999 -999999 
18956  1989 -999999 -999999 -999999 -999999 -999999 -999999 -999999 -999999 -999999 -999999 -999999 -999999 -999999 -999999 -999999 -999999 -999999 -999999 -999999 
18956  1990 -999999 -999999 -999999 -999999 -999999 -999999 -999999 -999999 -999999 -999999 -999999 -999999 -999999 -999999 -999999 -999999 -999999 -999999 -999999 
18956  1991 -999999 -999999 -999999 -999999 -999999 -999999 -999999 -999999 -999999 -999999 -999999 -999999 -999999 -999999 -999999 -999999 -999999 -999999 -999999 
18956  1992 -999999 -999999 -999999 -999999 -999999 -999999 -999999 -999999 -999999 -999999 -999999 -999999 -999999 -999999 -999999 -999999 -999999 -999999 -999999 
18956  1993 -999999 -999999 -999999 -999999 -999999 -999999 -999999 -999999 -999999 -999999 -999999 -999999 -999999 -999999 -999999 -999999 -999999 -999999 -999999 
18956  1994 -999999 -999999 -999999 -999999 -999999 -999999 -999999 -999999 -999999 -999999 -999999 -999999 -999999 -999999 -999999 -999999 -999999 -999999 -999999 
18956  1995 -999999 -999999 -999999 -999999 -999999 -999999 -999999 -999999 -999999 -999999 -999999 -999999 -999999 -999999 -999999 -999999 -999999 -999999 -999999 
18956  1996 -999999 -999999 -999999 -999999 -999999 -999999 -999999 -999999 -999999 -999999 -999999 -999999 -999999 -999999 -999999 -999999 -999999 -999999 -999999 
18956  1997 -999999 -999999 -999999 -999999 -999999 -999999 -999999 -999999 -999999 -999999 -999999 -999999 -999999 -999999 -999999 -999999 -999999 -999999 -999999 
18956  1998 -999999 -999999 -999999 -999999 -999999 -999999 -999999 -999999 -999999 -999999 -999999 -999999 -999999 -999999 -999999 -999999 -999999 -999999 -999999 
18956  1999 -999999 -999999 -999999 -999999 -999999 -999999 -999999 -999999 -999999 -999999 -999999 -999999 -999999 -999999 -999999 -999999 -999999 -999999 -999999 
18956  2000 -999999 -999999 -999999 -999999 -999999 -999999 -999999 -999999 -999999 -999999 -999999 -999999 -999999 -999999 -999999 -999999 -999999 -999999 -999999 
18956  2001 -999999 -999999 -999999 -999999 -999999 -999999 -999999 -999999 -999999 -999999 -999999 -999999 -999999 -999999 -999999 -999999 -999999 -999999 -999999 
18956  2002 -999999 -999999 -999999 -999999 -999999 -999999 -999999 -999999 -999999 -999999 -999999 -999999 -999999 -999999 -999999 -999999 -999999 -999999 -999999 
18956  2003 -999999 -999999 -999999 -999999 -999999 -999999 -999999 -999999 -999999 -999999 -999999 -999999 -999999 -999999 -999999 -999999 -999999 -999999 -999999 
18956  2004 -999999 -999999 -999999 -999999 -999999 -999999 -999999 -999999 -999999 -999999 -999999 -999999 -999999 -999999 -999999 -999999 -999999 -999999 -999999 
18956  2005 -999999 -999999 -999999 -999999 -999999 -999999 -999999 -999999 -999999 -999999 -999999 -999999 -999999 -999999 -999999 -999999 -999999 -999999 -999999 
18956  2006 -999999 -999999 -999999 -999999 -999999 -999999 -999999 -999999 -999999 -999999 -999999 -999999 -999999 -999999 -999999 -999999 -999999 -999999 -999999 
18956  2007 -999999 -999999 -999999 -999999 -999999 -999999 -999999 -999999 -999999 -999999 -999999 -999999 -999999 -999999 -999999 -999999 -999999 -999999 -999999 
18956  2008 -999999 -999999 -999999 -999999 -999999 -999999 -999999 -999999 -999999 -999999 -999999 -999999 -999999 -999999 -999999 -999999 -999999 -999999 -999999 
18956  2009 -999999 -999999 -999999 -999999 -999999 -999999 -999999 -999999 -999999 -999999 -999999 -999999 -999999 -999999 -999999 -999999 -999999 -999999 -999999 
18956  2010 -999999 -999999 -999999 -999999 -999999 -999999 -999999 -999999 -999999 -999999 -999999 -999999 -999999 -999999 -999999 -999999 -999999 -999999 -999999 
18956  2011 -999999 -999999 -999999 -999999 -999999 -999999 -999999 -999999 -999999 -999999 -999999 -999999 -999999 -999999 -999999 -999999 -999999 -999999 -999999 
18956  2012 -999999 -999999 -999999 -999999 -999999 -999999 -999999 -999999 -999999 -999999 -999999 -999999 -999999 -999999 -999999 -999999 -999999 -999999 -999999 
18956  2013 -999999 -999999 -999999 -999999 -999999 -999999 -999999 -999999 -999999 -999999 -999999 -999999 -999999 -999999 -999999 -999999 -999999 -999999 -999999 
18956  2014 -999999 -999999 -999999 -999999 -999999 -999999 -999999 -999999 -999999 -999999 -999999 -999999 -999999 -999999 -999999 -999999 -999999 -999999 -999999 
18956  2015 -999999 -999999 -999999 -999999 -999999 -999999 -999999 -999999 -999999 -999999 -999999 -999999 -999999 -999999 -999999 -999999 -999999 -999999 -198    
18956  2016 -999999 -999999 -999999 -999999 -999999 -999999 -999999 -999999 -999999 -999999 -999999 -999999 -999999 -999999 -999999 -999999 -999999 -999999 -999999 
18956  2017 -999999 -999999 -999999 -999999 -999999 -999999 -999999 -999999 -999999 -999999 311     -999999 -999999 -999999 1255    1022    -999999 -999999 -570    
18956  2018 -999999 -999999 -999999 -749    -999999 1582    -999999 -782    -914    -657    337     1358    1517    1912    1312    1061    -999999 -148    -444    
18956  2019 -999999 -999999 -999999 -999999 459     -999999 -999999 -533    -287    -7      643     799     1375    1636    -999999 -999999 -999999 -999999 -999999 
