EUROPEAN CLIMATE ASSESSMENT & DATASET (ECA&D), file created on: 13-11-2019
THESE DATA CAN BE USED FOR NON-COMMERCIAL RESEARCH AND EDUCATION PROVIDED THAT THE FOLLOWING SOURCE IS ACKNOWLEDGED: 

Klein Tank, A.M.G. and Coauthors, 2002. Daily dataset of 20th-century surface
air temperature and precipitation series for the European Climate Assessment.
Int. J. of Climatol., 22, 1441-1453.
Data and metadata available at http://www.ecad.eu

FILE FORMAT (MISSING VALUE CODE = -999999):

THIS FILE HOLDS DATA FOR STATION GERMANY                                  KULMBACH                                 (STAID:   4315)
LATITUDE: dd:mm:ss +50:06:05
LONGITUDE: ddd:mm:ss +011:27:02
ELEVATION: m  330

DATA IS FOR INDEX Mean of daily mean temperature (TG) with unit 0.01 Temperature (&#176;C)

01-06 SOUID: Source identifier
08-11 YEAR : YYYY
13-20 ANNUAL DATA VALUES
21-28 WINTER HALF YEAR DATA VALUES
29-36 SUMMER HALF YEAR DATA VALUES
37-44 WINTER (DJF) DATA VALUES
45-52 SPRING (MAM) DATA VALUES
53-60 SUMMER (JJA) DATA VALUES
61-68 AUTUMN (SON) DATA VALUES
69-76 JANUARY DATA VALUES
etc. 
157-164 DECEMBER DATA VALUES

4315   1960 819     -999999 1359    -999999 843     1618    865     -139    -42     445     754     1327    1708    1566    1583    1204    859     532     11      
4315   1961 848     348     1390    44      896     1529    953     -168    314     545     1148    1004    1568    1470    1551    1602    947     308     -131    
4315   1962 659     190     1247    -42     601     1493    707     83      -81     -6      854     963     1396    1503    1577    1180    790     148     -545    
4315   1963 673     -139    1396    -656    750     1633    910     -777    -646    155     852     1247    1539    1780    1577    1367    696     674     -461    
4315   1964 778     45      1471    -382    759     1751    836     -585    -80     39      862     1381    1792    1889    1574    1311    725     475     -63     
4315   1965 730     179     1279    -91     652     1548    673     56      -286    134     664     1159    1576    1583    1487    1191    705     121     293     
4315   1966 850     249     1400    131     851     1600    856     -358    493     261     977     1320    1704    1548    1552    1293    1123    144     139     
4315   1967 853     339     1389    88      806     1680    906     -47     179     476     655     1280    1487    1914    1632    1343    1087    283     -103    
4315   1968 783     242     1374    -110    792     1649    838     -258    42      389     840     1149    1650    1681    1615    1299    967     243     -241    
4315   1969 764     137     1410    -194    746     1679    905     -101    -246    168     704     1364    1489    1912    1630    1341    891     485     -533    
4315   1970 747     76      1334    -336    583     1672    879     -317    -139    59      547     1140    1763    1619    1636    1286    833     520     -38     
4315   1971 796     180     1420    -110    782     1692    686     -317    40      42      885     1423    1381    1883    1803    1116    694     248     299     
4315   1972 745     274     1293    44      797     1618    638     -293    130     558     706     1125    1511    1783    1557    1059    538     322     -76     
4315   1973 774     164     1390    -68     706     1704    766     -118    -2      310     503     1299    1626    1711    1771    1407    665     230     -162    
4315   1974 853     309     1306    101     829     1552    724     232     246     637     769     1079    1393    1512    1746    1322    479     380     400     
4315   1975 859     334     1440    266     761     1716    812     324     53      343     685     1252    1481    1821    1837    1543    700     198     12      
4315   1976 828     175     1449    23      706     1793    848     76      -21     73      687     1357    1785    2001    1594    1249    875     418     -185    
4315   1977 840     324     1301    4       798     1621    837     -49     273     608     559     1219    1573    1678    1609    1145    915     449     55      
4315   1978 743     287     1252    -37     761     1496    747     -2      -178    442     693     1146    1464    1569    1453    1170    786     283     26      
4315   1979 758     145     1330    -209    763     1617    738     -525    -118    395     628     1262    1768    1545    1543    1222    747     244     331     
4315   1980 717     262     1255    63      669     1524    741     -324    191     378     548     1078    1480    1450    1640    1320    695     209     -68     
4315   1981 782     165     1381    -217    918     1608    869     -405    -173    699     767     1282    1578    1617    1629    1400    820     389     -279    
4315   1982 -999999 127     -999999 -285    754     -999999 -999999 -409    -153    378     610     1270    -999999 -999999 -999999 -999999 -999999 -999999 -999999 
