EUROPEAN CLIMATE ASSESSMENT & DATASET (ECA&D), file created on: 13-11-2019
THESE DATA CAN BE USED FOR NON-COMMERCIAL RESEARCH AND EDUCATION PROVIDED THAT THE FOLLOWING SOURCE IS ACKNOWLEDGED: 

Klein Tank, A.M.G. and Coauthors, 2002. Daily dataset of 20th-century surface
air temperature and precipitation series for the European Climate Assessment.
Int. J. of Climatol., 22, 1441-1453.
Data and metadata available at http://www.ecad.eu

FILE FORMAT (MISSING VALUE CODE = -999999):

THIS FILE HOLDS DATA FOR STATION ITALY                                    PAVULLO NEL FRIGNANO                     (STAID:   2860)
LATITUDE: dd:mm:ss +44:19:09
LONGITUDE: ddd:mm:ss +010:49:41
ELEVATION: m  678

DATA IS FOR INDEX Mean of daily mean temperature (TG) with unit 0.01 Temperature (&#176;C)

01-06 SOUID: Source identifier
08-11 YEAR : YYYY
13-20 ANNUAL DATA VALUES
21-28 WINTER HALF YEAR DATA VALUES
29-36 SUMMER HALF YEAR DATA VALUES
37-44 WINTER (DJF) DATA VALUES
45-52 SPRING (MAM) DATA VALUES
53-60 SUMMER (JJA) DATA VALUES
61-68 AUTUMN (SON) DATA VALUES
69-76 JANUARY DATA VALUES
etc. 
157-164 DECEMBER DATA VALUES

2860   1961 953     -999999 1497    -999999 926     1721    1076    -148    355     615     1040    1127    1603    1737    1820    1647    1059    523     27      
2860   1962 833     327     1425    96      645     1725    918     150     114     76      761     1103    1417    1724    2024    1504    910     339     -170    
2860   1963 779     81      1406    -352    729     1686    1055    -505    -383    258     823     1110    1535    1796    1724    1435    892     843     -247    
2860   1964 809     244     1393    -176    762     1651    899     -336    69      249     818     1220    1585    1746    1620    1356    835     510     24      
2860   1965 777     219     1316    -117    665     1643    842     -117    -274    297     598     1098    1578    1736    1612    1256    825     445     194     
2860   1966 988     383     1556    171     938     1817    1080    -283    647     497     1011    1307    1796    1870    1784    1559    1306    366     -15     
2860   1967 1043    421     1577    -10     988     1907    1222    -137    135     841     786     1331    1610    2093    2007    1611    1317    735     117     
2860   1968 973     563     1496    203     1033    1728    987     31      479     701     1099    1301    1641    1907    1632    1386    1044    529     -76     
2860   1969 814     242     1419    -110    804     1639    976     -115    -144    189     807     1415    1422    1816    1671    1359    934     637     -282    
2860   1970 901     280     1457    -38     677     1774    1027    2       187     202     771     1062    1660    1812    1846    1581    898     605     151     
2860   1971 907     348     1464    164     703     1813    902     250     84      82      833     1200    1485    1902    2043    1300    908     499     235     
2860   1972 1012    458     1470    224     943     1790    1049    89      356     657     891     1279    1679    1891    1798    1266    1015    868     335     
2860   1973 934     484     1454    242     716     1767    1046    263     117     285     619     1240    1636    1818    1841    1554    1007    579     191     
2860   1974 997     522     1447    326     815     1751    965     382     414     552     707     1182    1512    1823    1912    1529    718     656     539     
2860   1975 1059    543     1565    436     951     1805    1081    489     256     566     961     1326    1596    1974    1839    1678    991     577     373     
2860   1976 1010    511     1467    345     894     1737    1060    340     320     452     906     1325    1705    1932    1574    1348    1195    631     366     
2860   1977 1075    681     1484    447     1056    1761    1119    350     643     898     970     1297    1627    1939    1714    1340    1273    739     84      
2860   1978 917     462     1423    66      754     1741    1025    85      25      536     589     1131    1620    1787    1811    1582    1007    488     273     
2860   1979 916     408     1436    115     778     1802    941     -83     158     580     507     1237    1825    1862    1719    1449    1036    336     303     
2860   1980 953     423     1526    207     790     1870    1072    -48     376     531     708     1127    1634    1890    2077    1700    1052    465     -92     
2860   1981 1044    354     1583    -74     1018    1838    1196    -117    -6      789     947     1315    1737    1837    1938    1710    1276    599     427     
2860   1982 1180    565     1753    323     954     2075    1313    311     221     525     907     1429    2029    2119    2075    1947    1196    801     536     
2860   1983 1209    675     1794    414     1168    2088    1211    575     100     790     1188    1525    1865    2354    2040    1776    1239    617     355     
2860   1984 1105    511     1654    259     859     2033    1227    235     181     421     942     1215    1852    2204    2037    1658    1262    759     461     
2860   1985 959     412     1634    18      844     1947    1072    -475    75      366     886     1280    1636    2179    2014    1790    1046    382     271     
2860   1986 977     317     1610    39      950     1839    1102    45      -224    333     914     1603    1683    1848    1980    1612    1218    471     152     
2860   1987 944     345     1534    65      701     1854    1146    -117    172     149     812     1110    1581    2008    1957    1780    1137    584     266     
2860   1988 1116    499     1668    293     913     1986    1185    363     247     416     875     1446    1663    2194    2090    1714    1460    372     469     
2860   1989 1172    679     1689    415     1195    1996    1070    270     514     973     1105    1498    1789    2134    2054    1545    1115    547     498     
2860   1990 1204    -999999 1697    -999999 1072    2027    1279    348     -999999 783     939     1495    1879    2155    2048    1678    1392    747     138     
2860   1991 1115    586     1716    140     949     2138    1215    222     46      896     807     1154    1828    2298    2272    1907    1043    661     171     
2860   1992 1093    515     1634    244     1027    1929    1188    185     386     668     967     1442    1622    2025    2167    1664    1108    796     295     
2860   1993 1082    508     1676    221     982     2027    1082    203     159     480     940     1525    1933    2015    2143    1551    1203    468     413     
2860   1994 1169    605     1694    312     1105    2046    1205    328     184     984     866     1469    1715    2149    2252    1679    1054    876     408     
2860   1995 -999999 -999999 -999999 -999999 -999999 -999999 -999999 190     -999999 366     -999999 -999999 -999999 -999999 -999999 -999999 -999999 742     193     
2860   1996 -999999 -999999 -999999 93      821     1876    978     148     -75     260     903     1363    1797    1926    1899    1269    1031    680     179     
2860   1997 1006    514     1512    230     901     1809    1052    150     373     652     683     1361    1683    1853    1888    1582    1016    558     221     
2860   1998 996     457     1575    250     838     1967    934     165     375     403     838     1273    1812    2049    2029    1435    1042    321     -10     
2860   1999 972     385     1565    -999999 961     1833    978     223     64      561     854     1464    1666    1904    1927    1568    1073    291     22      
2860   2000 1068    390     1607    116     1018    1873    1137    58      280     604     950     1497    1793    1805    2019    1563    1156    691     373     
2860   2001 1021    597     1539    290     986     1934    1012    210     287     840     697     1413    1700    2008    2086    1298    1300    430     -82     
2860   2002 -999999 459     -999999 113     -999999 1877    1096    26      -999999 625     825     1357    1909    1912    1801    1362    1076    850     258     
2860   2003 1043    436     1722    44      931     2202    975     64      -215    533     721     1533    2151    2117    2336    1444    881     604     255     
2860   2004 1007    393     1549    172     777     1920    1152    75      186     352     820     1159    1776    1970    2010    1546    1257    615     267     
2860   2005 943     417     1572    57      914     1866    1004    36      -154    443     836     1460    1808    2003    1786    1520    1047    443     9       
2860   2006 1027    316     1623    -15     918     1925    1165    -166    125     424     953     1378    1811    2179    1783    1621    1171    704     285     
2860   2007 1092    633     1667    435     1096    1957    945     518     509     600     1157    1533    1808    2142    1916    1428    951     456     42      
2860   2008 1051    430     1596    193     948     1959    1060    304     238     580     907     1355    1753    2028    2088    1418    1182    576     147     
2860   2009 1056    445     1699    98      1055    2016    1046    -47     205     589     966     1607    1824    2088    2130    1557    921     663     109     
2860   2010 941     349     1579    23      850     1942    965     -149    118     418     901     1272    1780    2120    1921    1428    867     602     -5      
2860   2011 1036    350     1671    59      972     1931    1049    32      160     432     1064    1421    1757    1893    2138    1740    954     457     332     
2860   2012 1068    399     1709    68      993     2160    1134    145     -295    760     880     1334    1980    2227    2268    1544    1119    740     49      
2860   2013 1010    371     1621    16      835     1959    1133    69      -81     300     1003    1208    1708    2096    2064    1628    1196    574     280     
2860   2014 1086    577     1540    340     990     1814    1176    293     456     652     1005    1313    1777    1818    1847    1466    1208    853     304     
2860   2015 1089    554     1711    237     992     2103    1005    323     69      531     994     1451    1906    2372    2019    1506    932     578     335     
2860   2016 1051    503     1621    326     951     1924    1037    197     452     522     1076    1260    1724    2124    1918    1608    917     592     204     
2860   2017 1094    454     1733    125     1066    2212    1010    -189    385     813     953     1428    2080    2230    2314    1439    1135    452     218     
2860   2018 1114    434     1731    192     1019    2021    1185    446     -117    416     1210    1436    1845    2145    2068    1666    1198    689     279     
2860   2019 -999999 572     -999999 243     922     -999999 -999999 90      371     785     897     1088    -999999 -999999 -999999 -999999 -999999 -999999 -999999 
