EUROPEAN CLIMATE ASSESSMENT & DATASET (ECA&D), file created on: 13-11-2019
THESE DATA CAN BE USED FOR NON-COMMERCIAL RESEARCH AND EDUCATION PROVIDED THAT THE FOLLOWING SOURCE IS ACKNOWLEDGED: 

Klein Tank, A.M.G. and Coauthors, 2002. Daily dataset of 20th-century surface
air temperature and precipitation series for the European Climate Assessment.
Int. J. of Climatol., 22, 1441-1453.
Data and metadata available at http://www.ecad.eu

FILE FORMAT (MISSING VALUE CODE = -999999):

THIS FILE HOLDS DATA FOR STATION NORWAY                                   LINGE                                    (STAID:  11094)
LATITUDE: dd:mm:ss +62:17:17
LONGITUDE: ddd:mm:ss +007:13:01
ELEVATION: m   24

DATA IS FOR INDEX Mean of daily mean temperature (TG) with unit 0.01 Temperature (&#176;C)

01-06 SOUID: Source identifier
08-11 YEAR : YYYY
13-20 ANNUAL DATA VALUES
21-28 WINTER HALF YEAR DATA VALUES
29-36 SUMMER HALF YEAR DATA VALUES
37-44 WINTER (DJF) DATA VALUES
45-52 SPRING (MAM) DATA VALUES
53-60 SUMMER (JJA) DATA VALUES
61-68 AUTUMN (SON) DATA VALUES
69-76 JANUARY DATA VALUES
etc. 
157-164 DECEMBER DATA VALUES

11094  1930 -999999 -999999 -999999 -999999 -999999 -999999 743     -999999 -999999 -999999 -999999 -999999 -999999 1636    1644    1087    887     248     440     
11094  1931 669     283     1042    192     551     1248    767     43      80      -24     528     1147    944     1562    1227    814     600     892     179     
11094  1932 727     396     1073    282     515     1314    683     505     154     45      496     1002    1099    1478    1359    986     563     504     502     
11094  1933 791     400     1238    295     649     1550    770     398     -48     439     485     1018    1664    1595    1395    1262    805     243     174     
11094  1934 870     390     1234    303     664     1443    915     535     187     372     629     990     1185    1523    1614    1447    852     447     604     
11094  1935 721     387     1089    306     462     1376    859     145     153     101     541     746     1250    1393    1482    1110    729     743     235     
11094  1936 755     387     1155    156     628     1472    685     182     44      381     463     1035    1386    1623    1404    1002    562     497     452     
11094  1937 806     312     1324    230     747     1548    845     256     -45     120     949     1177    1297    1678    1660    1165    1064    298     -15     
11094  1938 816     390     1100    162     573     1378    990     274     234     467     382     865     1185    1541    1403    1205    1023    740     423     
11094  1939 754     510     1199    299     627     1498    728     91      391     386     498     994     1307    1545    1635    1196    446     551     -7      
11094  1940 624     96      1110    -179    606     1331    707     -221    -318    114     513     1188    1343    1435    1215    951     786     382     65      
11094  1941 625     129     1134    -146    439     1468    693     -322    -184    21      429     867     1258    1753    1384    1093    555     435     154     
11094  1942 604     41      1089    -233    473     1296    785     -551    -310    -57     578     900     1069    1335    1477    1159    757     441     385     
11094  1943 786     415     1132    242     700     1355    899     73      270     550     541     1004    1344    1461    1261    1169    1126    392     202     
11094  1944 705     341     1081    148     413     1395    799     153     86      69      435     735     1193    1528    1456    1122    914     356     379     
11094  1945 754     352     1218    128     716     1479    735     -285    307     438     694     1015    1260    1598    1571    1154    763     285     221     
11094  1946 755     268     1178    104     606     1421    806     151     -76     231     634     955     1234    1555    1466    1209    645     568     426     
11094  1947 638     152     1239    -55     518     1510    697     -17     -631    -141    509     1185    1330    1597    1598    1191    583     322     30      
11094  1948 768     240     1181    32      712     1412    705     -74     148     427     745     966     1266    1613    1352    1132    595     391     634     
11094  1949 794     391     1171    419     594     1295    1001    270     345     109     707     970     1211    1376    1294    1461    869     677     223     
11094  1950 764     387     1207    133     661     1489    812     73      99      365     681     939     1229    1501    1727    1147    864     424     71      
11094  1951 732     287     1091    108     465     1324    922     15      251     95      482     819     1150    1276    1540    1266    1010    487     357     
11094  1952 616     337     1063    108     662     1269    498     -41     1       192     797     1001    1175    1322    1308    758     645     87      119     
11094  1953 817     215     1185    21      665     1490    955     52      -124    473     610     910     1538    1498    1435    1110    1068    684     478     
11094  1954 725     410     1147    121     679     1369    766     -61     -72     327     517     1188    1209    1478    1415    1054    735     509     320     
11094  1955 602     228     1067    42      345     1375    761     13      -225    -22     363     681     1132    1451    1535    1227    624     438     -66     
11094  1956 629     167     1038    -129    570     1236    726     -87     -240    315     439     952     1113    1377    1214    1120    698     360     253     
11094  1957 690     354     1023    201     630     1242    724     235     105     450     636     805     1080    1321    1321    964     807     399     114     
11094  1958 641     128     1096    -70     347     1336    960     -30     -319    -239    456     828     1225    1349    1430    1275    948     656     56      
11094  1959 779     345     1164    -53     775     1397    861     -297    97      595     791     938     1263    1507    1416    1056    752     779     408     
11094  1960 728     386     1191    86      762     1418    709     -159    3       524     659     1099    1319    1455    1477    1120    521     490     205     
11094  1961 808     353     1155    241     644     1354    1030    48      495     379     608     945     1310    1402    1348    1307    1156    622     69      
11094  1962 662     366     1041    160     439     1259    773     305     99      -73     523     870     1089    1388    1295    1068    864     384     95      
11094  1963 736     198     1249    -114    712     1489    806     -225    -223    259     742     1135    1494    1393    1582    1138    858     419     191     
11094  1964 711     376     1063    193     708     1239    688     268     114     391     667     1064    1148    1310    1257    918     796     346     218     
11094  1965 652     265     1129    98      584     1308    736     60      5       140     690     926     1289    1314    1319    1232    835     138     -162    
11094  1966 666     134     1094    -150    535     1419    713     -88     -206    255     403     944     1519    1371    1370    943     802     392     219     
11094  1967 721     332     1099    139     615     1277    892     -97     314     363     473     1004    1130    1358    1339    1274    736     672     63      
11094  1968 632     242     1122    -40     476     1393    690     -96     -90     161     442     823     1299    1429    1450    1276    632     164     72      
11094  1969 727     162     1256    40      597     1580    676     244     -220    43      679     1073    1497    1450    1790    1028    860     135     67      
11094  1970 663     167     1149    -39     528     1461    667     -4      -196    107     373     1098    1502    1368    1515    1017    719     265     124     
11094  1971 704     286     1100    201     591     1308    620     190     298     119     518     1133    1172    1348    1401    1011    663     186     375     
11094  1972 783     320     1155    196     736     1434    663     47      162     474     619     1112    1348    1596    1356    876     780     328     657     
11094  1973 670     476     1038    407     581     1330    538     426     108     519     274     939     1238    1510    1238    1012    495     110     117     
11094  1974 792     353     1129    344     723     1302    717     540     377     473     645     1048    1320    1270    1315    1166    547     443     337     
11094  1975 742     375     1070    305     558     1317    835     401     165     338     463     869     1094    1402    1449    1124    795     586     174     
11094  1976 643     285     1023    67      541     1289    742     -163    199     122     399     1098    1192    1360    1310    757     947     516     -37     
11094  1977 679     296     994     -47     564     1269    771     -9      -99     430     340     916     1133    1311    1360    884     1075    345     390     
11094  1978 676     367     1120    140     627     1405    719     111     -106    342     470     1064    1360    1470    1383    954     739     465     -194    
11094  1979 641     171     1073    -174    612     1314    716     -186    -137    318     599     919     1347    1276    1322    964     781     400     40      
11094  1980 670     253     1180    34      558     1474    596     -82     151     223     544     906     1445    1524    1453    1197    542     51      65      
11094  1981 629     147     1107    9       615     1230    803     -64     28      248     414     1175    1072    1357    1255    1350    742     320     -384    
11094  1982 807     271     1141    -13     665     1420    927     -91     484     579     452     959     1193    1534    1527    1161    1021    597     245     
11094  1983 695     382     1112    116     664     1296    678     168     -84     310     618     1062    1155    1405    1323    1095    691     249     282     
11094  1984 -999999 260     -999999 165     613     -999999 845     -56     278     115     669     1057    -999999 -999999 1335    1026    796     715     453     
11094  1985 615     321     1096    40      600     1393    579     -272    -72     280     462     1055    1300    1484    1392    863     853     12      -37     
11094  1986 678     141     1071    -207    708     1358    774     -254    -342    565     393     1156    1354    1427    1294    779     915     624     141     
11094  1987 647     218     1065    -119    553     1274    864     -454    -35     105     725     833     1151    1403    1264    1003    1155    425     147     
11094  1988 746     416     1166    256     524     1447    742     365     255     141     299     1126    1341    1604    1393    1213    780     231     174     
11094  1989 793     423     1120    326     732     1303    801     452     356     532     720     944     1266    1350    1293    1142    727     537     170     
11094  1990 805     461     1130    385     643     1388    748     389     617     343     673     915     1423    1341    1401    1019    842     380     306     
11094  1991 767     418     1109    228     689     1384    751     311     49      585     702     781     1119    1565    1460    1012    714     528     322     
11094  1992 741     413     1145    280     681     1339    645     245     271     393     524     1120    1445    1325    1250    1196    358     391     362     
11094  1993 654     300     1043    273     656     1194    611     264     186     234     725     1012    1069    1320    1190    930     544     362     -23     
11094  1994 696     161     1116    -61     599     1366    724     46      -221    226     705     869     1067    1566    1456    1015    626     535     384     
11094  1995 680     381     1069    269     525     1321    774     219     196     315     361     894     1213    1405    1344    1186    972     158     -140    
11094  1996 658     217     1117    -7      573     1392    622     201     -87     178     680     863     1211    1276    1682    973     972     -90     -4      
11094  1997 728     259     1137    128     457     1548    662     133     269     263     286     816     1337    1611    1690    1057    439     497     299     
11094  1998 730     330     1116    295     566     1293    735     289     298     160     644     896     1194    1384    1299    1271    594     346     358     
11094  1999 792     348     1228    217     703     1385    1004    163     120     484     713     911     1304    1460    1387    1592    723     708     -86     
11094  2000 809     312     1123    96      618     1248    1125    224     153     155     672     1029    1072    1374    1291    1291    1202    880     346     
11094  2001 683     423     1124    103     554     1362    797     155     -222    127     591     945     1241    1486    1357    1109    937     341     58      
11094  2002 812     346     1381    165     827     1635    635     200     244     287     932     1265    1550    1569    1784    1169    496     244     -33     
11094  2003 820     255     1256    77      754     1558    800     10      273     541     728     993     1428    1758    1484    1129    461     821     186     
11094  2004 802     367     1214    160     782     1395    807     176     114     439     897     1014    1211    1409    1560    1184    888     347     354     
11094  2005 794     374     1185    243     642     1400    924     277     83      265     758     905     1189    1636    1369    1238    978     554     223     
11094  2006 869     372     1303    245     559     1549    991     352     150     -41     663     1057    1300    1648    1692    1444    865     670     575     
11094  2007 748     485     1151    258     733     1434    689     176     -4      588     666     942     1369    1541    1391    984     806     272     176     
11094  2008 790     354     1204    255     646     1453    782     283     310     271     682     987     1284    1598    1471    1190    764     392     225     
11094  2009 822     371     1268    191     843     1470    809     321     10      483     936     1112    1268    1633    1504    1144    629     659     108     
11094  2010 556     156     1109    -175    528     1385    653     -303    -348    159     616     813     1158    1544    1446    1060    837     57      -435    
11094  2011 818     153     1214    -102    730     1379    1003    81      65      303     814     1075    1251    1454    1428    1253    986     771     286     
11094  2012 696     492     1058    212     644     1320    719     137     212     552     445     929     1190    1383    1383    1003    564     595     -63     
11094  2013 743     172     1181    -43     558     1424    818     -82     21      -4      531     1146    1282    1535    1451    1124    839     492     537     
11094  2014 937     554     1298    484     808     1564    981     267     666     551     792     1080    1332    1845    1508    1215    995     734     246     
11094  2015 846     548     1122    317     695     1334    946     274     443     590     588     905     1103    1297    1594    1229    959     649     486     
11094  2016 796     461     1233    236     710     1433    809     44      176     441     581     1103    1378    1532    1387    1406    725     299     453     
11094  2017 789     413     1193    358     677     1380    842     334     281     370     536     1119    1290    1423    1423    1355    862     308     124     
11094  2018 824     296     1280    168     733     1483    850     252     122     92      709     1396    1333    1725    1386    1112    741     700     275     
11094  2019 -999999 426     1245    252     716     1540    -999999 42      460     349     955     852     1440    1585    1591    1036    679     -999999 -999999 
