EUROPEAN CLIMATE ASSESSMENT & DATASET (ECA&D), file created on: 13-11-2019
THESE DATA CAN BE USED FOR NON-COMMERCIAL RESEARCH AND EDUCATION PROVIDED THAT THE FOLLOWING SOURCE IS ACKNOWLEDGED: 

Klein Tank, A.M.G. and Coauthors, 2002. Daily dataset of 20th-century surface
air temperature and precipitation series for the European Climate Assessment.
Int. J. of Climatol., 22, 1441-1453.
Data and metadata available at http://www.ecad.eu

FILE FORMAT (MISSING VALUE CODE = -999999):

THIS FILE HOLDS DATA FOR STATION FINLAND                                  KUUSAMO KIUTAKONGAS                      (STAID:   7765)
LATITUDE: dd:mm:ss +66:22:05
LONGITUDE: ddd:mm:ss +029:19:09
ELEVATION: m  160

DATA IS FOR INDEX Mean of daily mean temperature (TG) with unit 0.01 Temperature (&#176;C)

01-06 SOUID: Source identifier
08-11 YEAR : YYYY
13-20 ANNUAL DATA VALUES
21-28 WINTER HALF YEAR DATA VALUES
29-36 SUMMER HALF YEAR DATA VALUES
37-44 WINTER (DJF) DATA VALUES
45-52 SPRING (MAM) DATA VALUES
53-60 SUMMER (JJA) DATA VALUES
61-68 AUTUMN (SON) DATA VALUES
69-76 JANUARY DATA VALUES
etc. 
157-164 DECEMBER DATA VALUES

7765   1966 -999999 -999999 -999999 -999999 -999999 -999999 30      -999999 -999999 -999999 -999999 -999999 -999999 -999999 1095    434     -177    -166    -1032   
7765   1967 14      -756    883     -1331   77      1354    290     -2034   -908    -237    -5      471     1129    1451    1474    754     177     -70     -2131   
7765   1968 -196    -1095   666     -1996   -214    1161    -280    -2242   -1597   -709    -251    316     1226    1161    1099    427     -555    -702    -630    
7765   1969 -161    -1105   733     -1406   -401    1277    48      -1607   -2050   -1179   -280    259     1063    1434    1325    567     101     -545    -1211   
7765   1970 -64     -930    845     -1554   -177    1458    -78     -1487   -2005   -529    -437    427     1483    1630    1262    681     14      -933    -1075   
7765   1971 -220    -1052   689     -1344   -484    1219    -259    -1296   -1694   -1385   -441    377     1082    1355    1217    516     -172    -1154   -1195   
7765   1972 115     -948    918     -1212   -163    1549    -69     -1240   -1201   -757    -98     368     1486    1810    1350    565     2       -778    -196    
7765   1973 -62     -622    854     -752    -90     1450    -384    -1044   -1045   -716    -83     530     1382    1843    1123    300     -372    -1102   -1713   
7765   1974 199     -912    907     -1206   -73     1426    151     -1164   -709    -439    -116    335     1389    1602    1288    928     85      -559    -352    
7765   1975 36      -583    801     -885    57      1141    110     -1218   -1108   -395    -133    694     1047    1363    1011    801     -38     -429    -1239   
7765   1976 -188    -1030   727     -1527   -233    1164    -210    -2013   -1316   -1145   -157    604     936     1345    1204    397     -316    -706    -1125   
7765   1977 -83     -961    737     -1306   -179    1204    -44     -1324   -1485   -852    -170    484     1104    1453    1050    477     -140    -466    -1223   
7765   1978 -256    -975    694     -1514   -182    1134    -89     -1474   -1880   -736    -346    530     1057    1341    1000    557     -83     -743    -2399   
7765   1979 -72     -1236   806     -2003   -153    1312    -5      -1938   -1637   -638    -484    652     1229    1437    1269    702     -232    -477    -852    
7765   1980 -190    -1015   867     -1398   -239    1341    -238    -1686   -1675   -1195   -16     503     1497    1445    1085    674     -146    -1244   -1563   
7765   1981 -182    -1224   742     -1506   -379    1163    58      -1252   -1725   -1463   -254    584     957     1450    1074    610     163     -604    -1822   
7765   1982 -29     -1025   723     -1736   -64     1095    147     -2312   -999    -603    -70     480     707     1495    1070    629     18      -202    -727    
7765   1983 -66     -705    874     -1088   -35     1233    -143    -1145   -1423   -804    123     582     1131    1557    1009    828     116     -1383   -1477   
7765   1984 62      -970    863     -1183   -28     1218    -37     -1307   -740    -1039   -18     973     1238    1344    1073    543     64      -722    -792    
7765   1985 -328    -1212   742     -2037   -278    1296    15      -2907   -2440   -700    -418    280     1185    1434    1267    682     147     -784    -2040   
7765   1986 -116    -1140   754     -1974   6       1280    123     -2052   -1816   -308    -240    558     1488    1432    928     339     165     -135    -1908   
7765   1987 -261    -1157   702     -2003   -252    1086    73      -2347   -1735   -1069   -225    539     1066    1264    928     617     554     -968    -1967   
7765   1988 -79     -969    890     -1557   -164    1428    -116    -1405   -1296   -785    -318    606     1345    1722    1215    741     48      -1143   -1728   
7765   1989 159     -798    959     -1190   251     1359    60      -999    -805    -172    178     743     1412    1423    1243    734     -67     -481    -1360   
7765   1990 31      -753    782     -1123   -42     1222    -222    -1721   -220    -641    43      475     1080    1381    1202    490     -33     -1131   -618    
7765   1991 -38     -985    758     -1239   -251    1259    154     -1539   -1594   -1057   -15     325     1042    1463    1264    443     173     -155    -913    
7765   1992 17      -512    789     -939    -9      1186    -334    -1087   -808    -288    -499    744     1344    1241    977     905     -906    -982    -470    
7765   1993 -36     -813    691     -814    -66     1178    -237    -1004   -984    -555    -252    603     911     1483    1130    234     -358    -584    -1136   
7765   1994 -7      -999    851     -1453   -47     1309    -61     -1635   -1603   -721    162     425     1182    1522    1219    578     -36     -726    -562    
7765   1995 21      -557    817     -756    29      1276    -119    -910    -802    -339    -68     492     1390    1267    1174    634     181     -1182   -1641   
7765   1996 -3      -974    731     -1376   -217    1250    181     -884    -1617   -746    -203    298     1049    1275    1418    524     241     -225    -1236   
7765   1997 -36     -794    817     -1369   -270    1406    -12     -1514   -1355   -710    -476    371     1281    1571    1362    762     -100    -696    -1019   
7765   1998 -201    -1071   747     -1486   -390    1257    -102    -1377   -2125   -1202   -426    457     1086    1593    1087    653     95      -1062   -1350   
7765   1999 -19     -1064   870     -1567   -151    1353    229     -1851   -1494   -765    69      251     1533    1525    1006    829     257     -399    -1267   
7765   2000 177     -696    912     -1171   69      1344    335     -1180   -1058   -541    71      678     1229    1603    1197    670     504     -173    -922    
7765   2001 -47     -681    883     -1064   -277    1359    15      -720    -1602   -1246   -17     439     1386    1578    1113    784     78      -818    -1637   
7765   2002 -59     -910    958     -1361   58      1435    -351    -1436   -971    -677    159     695     1379    1618    1305    568     -217    -1407   -1783   
7765   2003 66      -1135   895     -1624   46      1368    165     -2182   -830    -372    -184    687     979     1831    1280    740     82      -324    -1013   
7765   2004 43      -757    864     -1211   -84     1308    59      -1295   -1327   -697    -89     535     1095    1606    1217    795     64      -682    -762    
7765   2005 167     -747    946     -896    -226    1440    401     -835    -1113   -1186   32      485     1264    1677    1373    820     324     63      -976    
7765   2006 39      -791    968     -1248   -212    1426    -11     -1129   -1680   -1405   152     629     1433    1446    1400    731     -75     -686    -467    
7765   2007 104     -773    856     -1240   103     1324    144     -1227   -2109   -200    -28     532     1176    1436    1355    637     390     -603    -298    
7765   2008 92      -542    711     -723    -208    1156    153     -996    -886    -884    -148    408     1116    1321    1030    519     257     -321    -345    
7765   2009 39      -619    893     -960    -74     1290    168     -1309   -1255   -795    -203    771     1137    1390    1337    897     -207    -173    -1203   
7765   2010 -77     -988    947     -1535   -15     1338    10      -1706   -1713   -970    130     800     1108    1725    1175    716     260     -956    -1612   
7765   2011 170     -1035   1017    -1655   110     1441    366     -1341   -2050   -608    247     695     1437    1668    1218    891     358     -150    -275    
7765   2012 -33     -607    841     -1080   -66     1273    189     -1396   -1602   -623    -184    605     1096    1493    1225    785     88      -301    -1628   
7765   2013 139     -877    1022    -1200   -200    1468    176     -1050   -893    -1459   -40     906     1509    1491    1406    837     94      -399    -789    
7765   2014 132     -603    926     -1000   84      1390    45      -1740   -415    -342    -26     617     1016    1725    1418    776     -140    -496    -840    
7765   2015 192     -611    878     -949    186     1190    314     -1371   -604    -212    78      687     1027    1228    1310    920     172     -145    -830    
7765   2016 165     -601    1008    -1095   243     1383    108     -1894   -523    -368    163     931     1210    1680    1252    786     216     -683    -808    
7765   2017 65      -635    722     -953    -194    1233    132     -1064   -991    -519    -307    240     982     1490    1219    684     100     -388    -742    
7765   2018 171     -774    1051    -1086   -25     1473    296     -995    -1567   -1116   28      1015    1106    1920    1382    819     91      -15     -744    
7765   2019 -999999 -684    866     -1169   -7      1256    -999999 -1614   -1146   -701    163     522     1253    1307    1208    726     -82     -999999 -999999 
