EUROPEAN CLIMATE ASSESSMENT & DATASET (ECA&D), file created on: 13-11-2019
THESE DATA CAN BE USED FOR NON-COMMERCIAL RESEARCH AND EDUCATION PROVIDED THAT THE FOLLOWING SOURCE IS ACKNOWLEDGED: 

Klein Tank, A.M.G. and Coauthors, 2002. Daily dataset of 20th-century surface
air temperature and precipitation series for the European Climate Assessment.
Int. J. of Climatol., 22, 1441-1453.
Data and metadata available at http://www.ecad.eu

FILE FORMAT (MISSING VALUE CODE = -999999):

THIS FILE HOLDS DATA FOR STATION SWEDEN                                   HALMSTAD                                 (STAID:   5230)
LATITUDE: dd:mm:ss +56:40:12
LONGITUDE: ddd:mm:ss +012:55:12
ELEVATION: m   24

DATA IS FOR INDEX Mean of daily mean temperature (TG) with unit 0.01 Temperature (&#176;C)

01-06 SOUID: Source identifier
08-11 YEAR : YYYY
13-20 ANNUAL DATA VALUES
21-28 WINTER HALF YEAR DATA VALUES
29-36 SUMMER HALF YEAR DATA VALUES
37-44 WINTER (DJF) DATA VALUES
45-52 SPRING (MAM) DATA VALUES
53-60 SUMMER (JJA) DATA VALUES
61-68 AUTUMN (SON) DATA VALUES
69-76 JANUARY DATA VALUES
etc. 
157-164 DECEMBER DATA VALUES

5230   1949 -999999 -999999 -999999 -999999 -999999 -999999 -999999 125     196     55      -999999 -999999 -999999 -999999 -999999 -999999 1014    527     333     
5230   1950 -999999 340     -999999 58      -999999 -999999 -999999 -209    49      305     -999999 -999999 -999999 -999999 -999999 -999999 776     362     -51     
5230   1951 764     146     1251    -41     457     1547    922     -60     -9      -127    542     960     1460    1546    1631    1352    826     592     413     
5230   1952 651     295     1186    138     575     1432    600     1       -10     -59     730     1058    1232    1541    1516    1018    624     157     -18     
5230   1953 819     148     1319    -80     697     1627    947     -55     -176    325     678     1099    1698    1640    1544    1234    1028    575     185     
5230   1954 680     216     1207    -138    570     1460    790     -235    -389    82      411     1196    1485    1461    1434    1242    808     318     234     
5230   1955 -999999 90      -999999 -127    307     -999999 867     -151    -487    -226    336     812     -999999 1900    1817    1408    776     416     -9      
5230   1956 606     63      1161    -289    471     1462    688     -141    -747    64      336     1008    1384    1658    1342    1224    749     89      238     
5230   1957 746     249     1191    157     556     1531    784     102     128     173     556     938     1400    1666    1521    1043    924     382     75      
5230   1958 655     90      1187    -164    328     1502    938     -225    -361    -291    317     958     1380    1635    1488    1325    944     545     74      
5230   1959 841     306     1389    -20     747     1721    878     -84     -52     382     700     1157    1558    1847    1757    1310    836     489     155     
5230   1960 718     214     1251    -86     634     1523    791     -184    -240    205     528     1167    1500    1497    1571    1230    694     454     157     
5230   1961 797     294     1279    67      725     1502    970     -130    185     396     733     1047    1577    1490    1440    1381    1113    412     -104    
5230   1962 636     217     1122    -13     421     1369    794     57      10      -201    617     853     1309    1438    1357    1151    899     327     -219    
5230   1963 637     -65     1288    -500    532     1566    911     -760    -523    -147    502     1239    1527    1590    1580    1275    867     594     -164    
5230   1964 707     175     1249    -120    605     1468    800     -29     -170    -57     705     1169    1436    1469    1499    1205    725     473     29      
5230   1965 633     156     1185    -76     469     1432    740     -3      -274    -46     541     915     1456    1393    1447    1348    867     -1      -106    
5230   1966 642     4       1205    -320    481     1559    784     -438    -426    88      253     1096    1616    1612    1451    1182    846     322     23      
5230   1967 770     234     1255    -61     670     1520    966     -242    46      392     486     1127    1348    1638    1569    1341    1046    507     -73     
5230   1968 730     218     1302    -169    641     1602    838     -271    -162    245     731     948     1606    1501    1698    1320    816     378     -72     
5230   1969 701     96      1326    -171    452     1680    905     -116    -340    -121    488     992     1554    1698    1785    1423    937     353     -311    
5230   1970 626     -6      1211    -434    432     1581    773     -438    -566    -52     268     1076    1679    1484    1584    1155    831     330     78      
5230   1971 767     217     1257    42      577     1551    789     -17     69      -2      535     1196    1368    1672    1606    1143    864     358     354     
5230   1972 762     263     1253    31      656     1584    769     -278    14      254     582     1129    1429    1779    1538    1041    765     503     360     
5230   1973 753     361     1279    163     652     1639    657     14      112     395     477     1078    1556    1799    1561    1183    599     191     26      
5230   1974 824     267     1270    141     734     1483    807     183     223     372     774     1058    1427    1457    1564    1330    619     477     365     
5230   1975 872     358     1365    280     624     1695    887     370     85      207     501     1161    1452    1737    1890    1427    851     383     334     
5230   1976 690     198     1276    23      482     1640    770     -168    -105    -119    462     1101    1444    1772    1697    1158    728     426     -141    
5230   1977 735     165     1209    -143    584     1545    841     -121    -170    244     360     1140    1548    1559    1528    1097    958     464     147     
5230   1978 716     246     1230    -31     591     1532    914     13      -278    130     491     1150    1495    1521    1578    1129    910     704     -316    
5230   1979 665     82      1265    -413    570     1558    807     -438    -492    90      501     1115    1654    1489    1535    1282    708     433     25      
5230   1980 699     102     1311    -177    539     1627    759     -267    -296    -9      563     1063    1579    1714    1587    1346    744     186     138     
5230   1981 713     184     1328    -17     712     1557    846     -177    -11     203     555     1372    1462    1618    1586    1357    776     409     -630    
5230   1982 -999999 14      -999999 -483    655     -999999 954     -555    -239    310     591     1061    1421    -999999 1708    1333    925     605     234     
5230   1983 811     375     1341    142     692     1638    831     373     -214    280     673     1122    1449    1772    1688    1321    891     279     15      
5230   1984 792     205     1282    -5      660     1554    901     6       -39     61      681     1238    1397    1567    1694    1095    1056    546     170     
5230   1985 590     76      1213    -417    566     1510    712     -718    -733    73      368     1252    1372    1619    1534    1109    936     83      77      
5230   1986 663     42      1197    -299    565     1532    829     -328    -682    99      423     1168    1529    1611    1457    970     856     659     92      
5230   1987 589     73      1127    -296    438     1352    828     -790    -179    -206    593     933     1182    1490    1379    1168    934     379     142     
5230   1988 797     318     1339    190     612     1620    751     267     158     22      531     1282    1676    1648    1538    1345    763     143     166     
5230   1989 890     407     1326    334     790     1596    843     418     426     518     665     1182    1551    1722    1515    1309    910     309     120     
5230   1990 896     456     1329    317     852     1607    775     344     507     548     778     1227    1558    1602    1660    1133    879     311     171     
5230   1991 787     280     1270    25      664     1573    855     83      -201    394     647     951     1193    1813    1702    1296    818     452     219     
5230   1992 841     361     1390    172     740     1744    708     96      201     373     511     1329    1820    1797    1619    1248    505     377     193     
5230   1993 731     229     1249    92      820     1407    605     61      15      208     823     1430    1396    1431    1395    1004    653     158     149     
5230   1994 838     189     1389    25      711     1716    829     155     -257    232     761     1141    1325    2042    1767    1273    705     512     316     
5230   1995 781     329     1344    160     645     1704    832     -100    275     267     630     1037    1491    1805    1811    1268    1069    152     -363    
5230   1996 678     51      1254    -323    549     1605    818     -236    -375    33      710     911     1431    1529    1850    1078    931     441     -203    
5230   1997 800     211     1403    -135    594     1849    759     -307    132     273     510     995     1628    1829    2082    1348    590     346     135     
5230   1998 772     298     1285    201     738     1458    745     127     358     239     704     1270    1389    1508    1475    1350    839     44      -66     
5230   1999 859     198     1411    -18     741     1654    984     68      -60     335     812     1079    1479    1817    1659    1608    866     481     105     
5230   2000 926     366     1363    175     856     1552    1044    171     254     315     933     1321    1472    1603    1580    1256    1151    720     319     
5230   2001 818     393     1350    123     639     1653    969     118     -89     103     604     1208    1366    1851    1734    1315    1190    395     -52     
5230   2002 918     425     1558    160     902     1885    746     179     375     455     821     1426    1698    1896    2054    1430    572     241     -171    
5230   2003 820     75      1432    -191    684     1771    834     -166    -240    187     654     1211    1647    1927    1735    1397    534     581     301     
5230   2004 798     239     1335    19      746     1572    841     -264    21      260     785     1193    1358    1541    1809    1305    862     354     323     
5230   2005 -999999 -999999 -999999 -999999 -999999 -999999 -999999 191     -999999 -999999 -999999 -999999 -999999 -999999 -999999 -999999 -999999 -999999 -999999 
5230   2006 871     -999999 1448    -999999 493     1781    1121    -265    -122    -254    557     1176    1600    2037    1699    1598    1114    651     599     
5230   2007 887     564     1377    341     881     1650    761     362     32      580     825     1237    1695    1566    1690    1240    716     328     305     
5230   2008 888     381     1369    323     755     1658    858     308     359     267     737     1260    1547    1794    1630    1226    934     412     157     
5230   2009 823     276     1424    9       810     1668    861     -26     -114    261     991     1183    1472    1806    1718    1362    600     629     -61     
5230   2010 632     80      1333    -291    599     1688    711     -536    -274    106     681     1013    1437    1943    1676    1229    701     203     -652    
5230   2011 865     19      1424    -338    767     1681    975     -168    -179    197     961     1149    1617    1765    1659    1385    907     635     382     
5230   2012 767     359     1308    59      759     1561    885     57      -284    424     575     1273    1340    1689    1648    1301    786     571     -219    
5230   2013 804     110     1349    -185    575     1662    915     -200    -131    -154    524     1355    1527    1778    1679    1208    999     534     458     
5230   2014 974     490     1452    283     894     1718    1060    46      352     541     897     1244    1530    2009    1608    1411    1094    676     245     
5230   2015 891     477     1290    211     701     1587    944     234     149     439     670     995     1341    1653    1760    1301    871     661     557     
5230   2016 868     396     1452    171     804     1686    876     -203    157     324     677     1407    1705    1747    1608    1554    760     319     338     
5230   2017 858     316     1338    144     752     1602    936     7       80      372     599     1279    1547    1623    1632    1328    981     497     295     
5230   2018 957     295     1611    106     833     1891    984     190     -197    -36     879     1657    1792    2079    1798    1437    995     521     290     
5230   2019 -999999 447     1438    222     818     1767    -999999 75      309     482     891     1082    1774    1758    1767    1346    907     -999999 -999999 
