EUROPEAN CLIMATE ASSESSMENT & DATASET (ECA&D), file created on: 13-11-2019
THESE DATA CAN BE USED FOR NON-COMMERCIAL RESEARCH AND EDUCATION PROVIDED THAT THE FOLLOWING SOURCE IS ACKNOWLEDGED: 

Klein Tank, A.M.G. and Coauthors, 2002. Daily dataset of 20th-century surface
air temperature and precipitation series for the European Climate Assessment.
Int. J. of Climatol., 22, 1441-1453.
Data and metadata available at http://www.ecad.eu

FILE FORMAT (MISSING VALUE CODE = -999999):

THIS FILE HOLDS DATA FOR STATION NORWAY                                   NYRUD                                    (STAID:  18253)
LATITUDE: dd:mm:ss +69:08:48
LONGITUDE: ddd:mm:ss +029:14:38
ELEVATION: m   56

DATA IS FOR INDEX Mean of daily mean temperature (TG) with unit 0.01 Temperature (&#176;C)

01-06 SOUID: Source identifier
08-11 YEAR : YYYY
13-20 ANNUAL DATA VALUES
21-28 WINTER HALF YEAR DATA VALUES
29-36 SUMMER HALF YEAR DATA VALUES
37-44 WINTER (DJF) DATA VALUES
45-52 SPRING (MAM) DATA VALUES
53-60 SUMMER (JJA) DATA VALUES
61-68 AUTUMN (SON) DATA VALUES
69-76 JANUARY DATA VALUES
etc. 
157-164 DECEMBER DATA VALUES

18253  1956 -177    -999999 659     -999999 -233    1143    -227    -1519   -1770   -687    -567    543     1260    1181    991     521     -138    -1065   -952    
18253  1957 2       -873    814     -1022   -230    1296    110     -1057   -1061   -990    -27     334     887     1703    1284    677     128     -475    -1447   
18253  1958 -145    -980    689     -1512   -398    1201    194     -1779   -1289   -1029   -320    159     1063    1229    1307    673     142     -229    -1722   
18253  1959 123     -632    815     -1180   30      1342    46      -1352   -389    -207    -298    585     1251    1449    1321    551     38      -449    -1052   
18253  1960 -34     -910    1023    -1547   174     1459    -208    -1735   -1876   -431    123     829     1113    1952    1301    783     -454    -945    -1147   
18253  1961 23      -936    797     -1177   -254    1361    321     -1109   -1286   -710    -378    322     1298    1533    1250    732     550     -325    -1689   
18253  1962 -159    -970    673     -1519   -386    994     189     -1688   -1144   -1519   22      352     881     1107    989     672     39      -139    -1509   
18253  1963 -74     -1002   860     -1543   -114    1084    143     -1468   -1664   -1305   -77     1042    840     1218    1187    917     203     -693    -1203   
18253  1964 2       -740    723     -1115   -160    1205    16      -649    -1521   -627    -299    441     996     1491    1121    561     303     -825    -1052   
18253  1965 -232    -906    625     -1263   -393    1015    -131    -1393   -1354   -1155   -154    137     955     1072    1017    711     -24     -1083   -1575   
18253  1966 -287    -1437   654     -1921   -652    1217    -49     -1882   -2348   -1786   -439    275     1158    1449    1044    410     -254    -295    -914    
18253  1967 12      -755    837     -1214   12      1256    299     -1766   -934    -366    -59     460     1027    1375    1359    834     69      3       -1893   
18253  1968 -231    -1035   533     -1805   -364    996     -222    -1990   -1514   -885    -332    126     970     958     1060    396     -553    -499    -550    
18253  1969 -174    -1002   623     -1283   -435    1109    24      -1617   -1725   -1121   -367    185     851     1287    1180    576     148     -656    -943    
18253  1970 -99     -962    803     -1542   -272    1421    -27     -1464   -2290   -684    -569    427     1312    1580    1369    669     131     -887    -964    
18253  1971 -283    -1086   641     -1480   -487    1130    -273    -1602   -1916   -1351   -399    293     923     1293    1167    538     -108    -1254   -1107   
18253  1972 141     -815    903     -1004   -129    1539    -134    -775    -1137   -541    -190    341     1461    1761    1393    623     59      -1092   -283    
18253  1973 -94     -700    828     -797    -128    1380    -360    -824    -1337   -800    -85     504     1224    1805    1105    382     -397    -1063   -1740   
18253  1974 180     -907    881     -1219   -53     1379    131     -1031   -851    -357    -91     288     1250    1632    1251    937     55      -595    -398    
18253  1975 -17     -614    693     -959    38      987     124     -1418   -1072   -300    -104    514     810     1181    964     776     11      -412    -1219   
18253  1976 -165    -953    724     -1475   -141    1139    -214    -2037   -1149   -907    -130    615     832     1372    1204    419     -150    -913    -1172   
18253  1977 -98     -982    661     -1316   -292    1122    -4      -1420   -1359   -915    -277    317     888     1356    1114    541     -165    -384    -958    
18253  1978 -233    -956    667     -1436   -240    1068    -95     -1865   -1490   -907    -321    504     1016    1149    1036    593     -81     -796    -1707   
18253  1979 -92     -1136   786     -1731   -227    1282    -15     -1999   -1461   -795    -364    472     1091    1488    1260    738     -190    -589    -851    
18253  1980 -226    -1024   780     -1401   -298    1234    -195    -1644   -1730   -1173   1       288     1281    1284    1138    674     -29     -1237   -1606   
18253  1981 -245    -1253   658     -1616   -459    1075    78      -1646   -1593   -1437   -288    355     740     1412    1062    636     142     -546    -1861   
18253  1982 -67     -969    673     -1575   -155    1045    47      -1884   -915    -730    -119    385     590     1455    1076    619     10      -486    -853    
18253  1983 -143    -758    820     -1144   -34     1167    -172    -1303   -1289   -671    78      494     1040    1431    1026    836     77      -1437   -2073   
18253  1984 -6      -1110   774     -1452   -104    1128    -111    -1635   -593    -975    -129    792     1116    1196    1071    572     -40     -869    -589    
18253  1985 -999999 -1086   -999999 -1659   -276    1248    -999999 -2132   -2320   -679    -344    194     1004    1481    1252    -999999 109     -630    -1940   
18253  1986 -125    -1030   703     -1749   -88     1202    102     -1825   -1453   -467    -234    432     1289    1297    1023    393     203     -294    -1942   
18253  1987 -257    -1141   618     -1859   -394    993     180     -1889   -1733   -1222   -329    371     911     1152    913     673     585     -731    -1878   
18253  1988 -151    -953    783     -1566   -300    1301    -110    -1379   -1432   -907    -420    423     1167    1569    1163    767     48      -1149   -1708   
18253  1989 142     -835    931     -1223   222     1300    110     -1007   -923    -290    258     699     1293    1341    1266    713     31      -413    -1323   
18253  1990 72      -738    793     -1154   -51     1213    -16     -1741   -317    -616    93      376     1027    1350    1257    635     85      -773    -532    
18253  1991 -7      -774    750     -986    -221    1205    61      -1157   -1298   -1022   -21     385     1080    1286    1244    506     113     -436    -853    
18253  1992 54      -510    765     -813    7       1111    -236    -880    -699    -318    -365    691     1176    1170    989     911     -568    -1041   -451    
18253  1993 -48     -789    631     -772    -220    1094    -119    -957    -924    -815    -258    413     673     1420    1176    326     -227    -451    -1024   
18253  1994 -999999 -865    797     -1317   -28     1219    -999999 -1800   -1107   -594    166     349     944     1429    1275    599     -12     -999999 -999999 
18253  1995 -999999 -999999 -999999 -999999 -999999 -999999 -999999 -999999 -999999 -999999 -999999 -999999 -999999 -999999 -999999 -999999 -999999 -999999 -999999 
18253  1996 -999999 -999999 -999999 -999999 -999999 -999999 -999999 -999999 -999999 -999999 -999999 -999999 -999999 -999999 -999999 -999999 -999999 -999999 -999999 
18253  1997 -999999 -999999 -999999 -999999 -999999 -999999 -999999 -999999 -999999 -999999 -999999 -999999 -999999 -999999 -999999 -999999 -999999 -999999 -999999 
18253  1998 -999999 -999999 -999999 -999999 -999999 -999999 -999999 -999999 -999999 -999999 -999999 -999999 -999999 -999999 -999999 -999999 -999999 -999999 -999999 
18253  1999 -999999 -999999 -999999 -999999 -999999 -999999 -999999 -999999 -999999 -999999 -999999 -999999 -999999 -999999 -999999 -999999 -999999 -999999 -999999 
18253  2000 -999999 -999999 -999999 -999999 -999999 -999999 -999999 -999999 -999999 -999999 -999999 -999999 -999999 -999999 -999999 -999999 -999999 -999999 -999999 
18253  2001 -999999 -999999 -999999 -999999 -999999 -999999 -999999 -999999 -999999 -999999 -999999 -999999 -999999 -999999 -999999 -999999 -999999 -999999 -999999 
18253  2002 -999999 -999999 -999999 -999999 -999999 -999999 -999999 -999999 -999999 -999999 -999999 -999999 -999999 -999999 -999999 -999999 -999999 -999999 -999999 
18253  2003 -999999 -999999 -999999 -999999 -999999 -999999 -999999 -999999 -999999 -999999 -999999 -999999 -999999 -999999 -999999 -999999 -999999 -999999 -999999 
18253  2004 -999999 -999999 -999999 -999999 -999999 -999999 -999999 -999999 -999999 -999999 -999999 -999999 -999999 -999999 -999999 -999999 -999999 -999999 -999999 
18253  2005 -999999 -999999 -999999 -999999 -999999 -999999 -999999 -999999 -999999 -999999 -999999 -999999 -999999 -999999 -999999 -999999 -999999 -999999 -999999 
18253  2006 -999999 -999999 -999999 -999999 -999999 -999999 -999999 -999999 -999999 -999999 -999999 -999999 -999999 -999999 -999999 -999999 -999999 -999999 -999999 
18253  2007 -999999 -999999 -999999 -999999 -999999 -999999 -999999 -999999 -999999 -999999 -999999 -999999 -999999 -999999 -999999 -999999 -999999 -999999 -999999 
18253  2008 -999999 -999999 -999999 -999999 -999999 -999999 -999999 -999999 -999999 -999999 -999999 -999999 -999999 -999999 -999999 -999999 -999999 -999999 -999999 
18253  2009 -999999 -999999 -999999 -999999 -999999 -999999 -999999 -999999 -999999 -999999 -999999 -999999 -999999 -999999 -999999 -999999 -999999 -999999 -999999 
18253  2010 -999999 -999999 -999999 -999999 -999999 -999999 -999999 -999999 -999999 -999999 -999999 -999999 -999999 -999999 -999999 -999999 -999999 -999999 -999999 
18253  2011 -999999 -999999 -999999 -999999 -999999 -999999 -999999 -999999 -999999 -999999 -999999 -999999 -999999 -999999 -999999 -999999 -999999 -999999 -999999 
18253  2012 -999999 -999999 -999999 -999999 -999999 -999999 -999999 -999999 -999999 -999999 -999999 -999999 -999999 -999999 -999999 -999999 -999999 -999999 -1463   
18253  2013 91      -999999 987     -1181   -202    1421    111     -1039   -1025   -1378   -107    883     1455    1454    1355    855     43      -562    -909    
18253  2014 65      -668    834     -1034   10      1287    2       -1690   -447    -419    -3      450     977     1564    1310    676     -23     -646    -992    
18253  2015 126     -695    848     -1115   199     1123    246     -1594   -722    -195    133     656     1004    1079    1282    919     105     -282    -914    
18253  2016 115     -727    956     -1290   231     1279    214     -2073   -854    -335    152     874     1100    1574    1158    853     269     -481    -887    
18253  2017 -13     -619    693     -987    -190    1146    56      -1056   -1022   -573    -260    261     854     1458    1115    702     89      -623    -1174   
18253  2018 83      -954    972     -1326   -144    1391    258     -1380   -1433   -1238   -39     847     1021    1870    1269    825     18      -62     -799    
18253  2019 -999999 -752    785     -1215   -70     1108    -999999 -1502   -1359   -845    183     461     986     1223    1110    735     -234    -999999 -999999 
