EUROPEAN CLIMATE ASSESSMENT & DATASET (ECA&D), file created on: 13-11-2019
THESE DATA CAN BE USED FOR NON-COMMERCIAL RESEARCH AND EDUCATION PROVIDED THAT THE FOLLOWING SOURCE IS ACKNOWLEDGED: 

Klein Tank, A.M.G. and Coauthors, 2002. Daily dataset of 20th-century surface
air temperature and precipitation series for the European Climate Assessment.
Int. J. of Climatol., 22, 1441-1453.
Data and metadata available at http://www.ecad.eu

FILE FORMAT (MISSING VALUE CODE = -999999):

THIS FILE HOLDS DATA FOR STATION BELGIUM                                  UCCLE                                    (STAID:     17)
LATITUDE: dd:mm:ss +50:48:00
LONGITUDE: ddd:mm:ss +004:21:59
ELEVATION: m  100

DATA IS FOR INDEX Mean of daily mean temperature (TG) with unit 0.01 Temperature (&#176;C)

01-06 SOUID: Source identifier
08-11 YEAR : YYYY
13-20 ANNUAL DATA VALUES
21-28 WINTER HALF YEAR DATA VALUES
29-36 SUMMER HALF YEAR DATA VALUES
37-44 WINTER (DJF) DATA VALUES
45-52 SPRING (MAM) DATA VALUES
53-60 SUMMER (JJA) DATA VALUES
61-68 AUTUMN (SON) DATA VALUES
69-76 JANUARY DATA VALUES
etc. 
157-164 DECEMBER DATA VALUES

17     1794 -999999 -999999 -999999 -999999 -999999 1629    1011    -999999 -999999 754     -999999 1114    1475    1834    1573    1377    989     668     91      
17     1795 949     342     1402    -23     867     1536    1209    -322    183     441     1005    1159    1543    1428    1637    1642    1347    632     650     
17     1796 978     720     1420    624     909     1569    995     713     500     462     1062    1208    1457    1540    1707    1538    929     521     84      
17     1797 991     451     1435    227     956     1632    986     265     343     556     976     1335    1419    1813    1657    1394    940     625     523     
17     1798 952     562     1439    415     977     1605    999     288     435     552     1065    1317    1594    1553    1666    1434    1061    500     -70     
17     1799 780     307     1257    -25     695     1478    977     -98     106     331     646     1106    1385    1523    1522    1346    940     645     -124    
17     1800 938     330     1467    17      945     1584    1063    97      84      324     1070    1446    1353    1638    1753    1529    1000    661     251     
17     1801 967     535     1372    286     975     1496    1066    351     252     670     928     1325    1332    1494    1656    1485    1116    595     348     
17     1802 925     508     1349    250     904     1501    1017    66      344     563     959     1192    1424    1366    1710    1432    1074    544     384     
17     1803 842     382     1342    54      856     1578    895     -246    21      486     1057    1031    1330    1775    1622    1223    931     528     295     
17     1804 864     474     1342    330     807     1503    931     423     268     384     701     1333    1439    1548    1521    1497    982     314     -64     
17     1805 788     309     1237    13      781     1377    828     -71     192     491     789     1062    1238    1388    1501    1435    709     343     336     
17     1806 979     447     1341    384     853     1504    1049    383     437     469     659     1425    1394    1520    1595    1436    932     783     675     
17     1807 944     572     1388    468     823     1663    912     317     406     308     840     1321    1432    1759    1790    1161    1078    491     374     
17     1808 898     454     1416    288     801     1654    932     210     279     280     650     1467    1415    1787    1751    1399    869     529     115     
17     1809 901     436     1313    205     887     1493    898     -28     564     581     664     1409    1407    1504    1565    1311    892     492     425     
17     1810 883     425     1294    215     796     1449    1043    2       219     505     885     999     1313    1471    1558    1535    957     638     474     
17     1811 1035    522     1471    262     1099    1613    1158    -61     385     727     1065    1505    1613    1650    1576    1409    1284    775     453     
17     1812 902     624     1355    405     878     1506    985     278     491     460     755     1415    1467    1489    1560    1430    1142    378     -50     
17     1813 957     448     1437    186     973     1628    926     117     525     578     942     1399    1563    1696    1623    1387    881     512     241     
17     1814 850     272     1390    -16     829     1565    956     -196    -100    265     1093    1139    1365    1733    1589    1410    868     593     381     
17     1815 938     499     1397    240     1044    1543    971     -97     458     788     998     1344    1515    1542    1572    1401    1039    472     199     
17     1816 841     433     1246    208     818     1399    883     238     187     451     900     1107    1273    1480    1440    1268    973     405     347     
17     1817 934     550     1303    449     797     1510    987     453     558     561     714     1113    1564    1491    1476    1457    674     840     293     
17     1818 1000    509     1463    331     920     1709    1091    444     247     543     993     1228    1656    1813    1656    1425    1062    787     99      
17     1819 972     555     1441    326     937     1630    928     439     453     488     987     1337    1403    1758    1721    1422    981     378     255     
17     1820 847     348     1380    112     897     1567    822     -148    238     380     1034    1282    1390    1636    1669    1252    835     379     196     
17     1821 945     403     1325    177     920     1459    1063    276     45      650     1125    990     1249    1439    1684    1459    953     780     628     
17     1822 1010    677     1437    492     1093    1651    1054    328     523     839     986     1450    1811    1568    1577    1218    1119    822     -143    
17     1823 899     437     1333    9       917     1492    937     -236    450     626     772     1348    1273    1523    1672    1393    914     506     510     
17     1824 971     516     1347    395     770     1581    1112    256     420     484     761     1064    1457    1640    1640    1509    1007    823     573     
17     1825 1029    624     1436    492     895     1601    1127    459     437     430     973     1283    1490    1705    1605    1550    1127    706     540     
17     1826 1004    573     1476    323     973     1675    1043    -68     514     619     927     1372    1620    1757    1645    1520    971     642     500     
17     1827 959     472     1413    200     964     1586    1005    108     -30     597     1017    1280    1477    1677    1600    1414    1079    502     689     
17     1828 1008    603     1418    455     977     1589    1043    351     317     652     960     1318    1557    1666    1542    1455    1049    623     578     
17     1829 824     436     1411    150     904     1645    875     -265    138     472     872     1368    1656    1743    1537    1275    944     404     -291    
17     1830 954     275     1491    -170    1100    1693    1017    -192    -14     773     1098    1428    1574    1849    1651    1332    1013    707     165     
17     1831 1059    542     1480    258     1059    1698    1086    152     478     738     1102    1340    1676    1739    1676    1335    1337    578     517     
17     1832 910     542     1368    284     857     1587    963     94      238     468     945     1160    1491    1627    1641    1333    988     566     348     
17     1833 928     420     1399    223     891     1570    923     -211    563     282     843     1546    1666    1633    1415    1276    984     508     609     
17     1834 1112    640     1568    564     957     1849    1118    696     369     642     767     1457    1680    1983    1877    1622    1131    602     451     
17     1835 957     596     1428    442     834     1700    957     354     529     506     834     1163    1578    1790    1728    1464    940     468     106     
17     1836 964     484     1343    215     875     1651    1020    253     290     832     768     1021    1651    1695    1607    1306    1105    646     347     
17     1837 896     487     1316    313     580     1687    972     206     397     214     532     993     1602    1636    1819    1300    1097    515     406     
17     1838 830     332     1363    -69     824     1608    1002    -592    -16     557     662     1248    1534    1705    1583    1429    1029    547     217     
17     1839 960     460     1373    242     734     1666    1092    210     305     442     592     1164    1716    1724    1560    1474    1058    745     492     
17     1840 867     505     1401    325     839     1595    961     275     201     246     1002    1275    1563    1536    1685    1336    842     708     -266    
17     1841 956     371     1419    -63     1114    1465    1060    70      15      832     936     1567    1361    1423    1609    1604    1023    555     404     
17     1842 923     463     1450    185     895     1744    854     -199    369     620     755     1306    1644    1595    1990    1394    780     389     380     
17     1843 930     416     1374    250     866     1569    1005    246     115     552     874     1173    1372    1589    1740    1481    955     581     384     
17     1844 824     420     1337    175     873     1489    953     70      71      442     1049    1135    1518    1536    1414    1364    914     582     -216    
17     1845 799     173     1289    -126    590     1549    953     146     -327    -97     904     974     1594    1621    1434    1205    982     670     410     
17     1846 1015    617     1538    465     921     1850    1018    446     545     644     898     1220    1819    1851    1878    1553    1042    458     -238    
17     1847 870     286     1365    -83     808     1663    948     -73     73      422     588     1406    1385    1861    1735    1183    989     669     132     
17     1848 957     439     1428    105     1004    1621    993     -299    507     646     1020    1348    1615    1689    1557    1329    1099    547     421     
17     1849 938     542     1402    382     869     1607    963     238     497     447     800     1358    1577    1649    1592    1425    988     475     188     
17     1850 887     371     1376    135     826     1616    908     -264    519     337     1002    1145    1595    1673    1579    1255    765     709     328     
17     1851 936     519     1372    351     842     1662    887     428     291     575     888     1064    1600    1664    1719    1287    1083    285     293     
17     1852 1036    474     1455    358     772     1786    1081    448     330     391     673     1250    1503    2052    1793    1434    881     936     713     
17     1853 871     536     1423    413     725     1693    983     501     -16     162     790     1224    1628    1776    1672    1431    1109    403     -287    
17     1854 949     396     1392    68      920     1597    951     265     245     625     955     1181    1439    1703    1644    1419    1011    421     429     
17     1855 799     293     1359    -8      711     1647    974     -93     -399    327     749     1057    1508    1692    1736    1397    1136    383     3       
17     1856 947     460     1396    278     813     1671    893     371     472     394     928     1121    1573    1601    1837    1306    1072    295     374     
17     1857 1036    443     1547    249     896     1831    1128    105     269     520     844     1323    1677    1862    1949    1609    1165    608     452     
17     1858 913     459     1486    182     814     1755    922     68      10      413     903     1129    1929    1640    1702    1614    1002    147     347     
17     1859 1027    511     1527    381     975     1842    1003    313     494     750     870     1301    1707    2006    1809    1450    1145    411     23      
17     1860 834     398     1297    148     792     1491    874     393     21      372     692     1308    1453    1522    1496    1295    998     324     97      
17     1861 929     380     1395    96      817     1711    1015    -277    506     641     701     1105    1665    1692    1775    1417    1125    498     276     
17     1862 1019    547     1458    272     1122    1569    1029    179     368     819     1075    1472    1441    1620    1643    1486    1151    447     478     
17     1863 1017    594     1406    442     931     1657    1022    430     415     622     985     1188    1553    1621    1794    1285    1182    593     485     
17     1864 835     490     1354    175     882     1556    896     -35     69      622     825     1195    1482    1655    1528    1428    904     356     -35     
17     1865 999     266     1584    52      986     1674    1155    158     30      166     1222    1579    1528    1860    1629    1672    1089    707     294     
17     1866 996     606     1391    444     825     1632    1028    537     509     496     1026    960     1718    1649    1532    1461    960     665     424     
17     1867 933     518     1433    377     869     1611    996     74      659     343     975     1292    1528    1573    1731    1487    966     535     37      
17     1868 1060    457     1571    194     1044    1798    965     55      511     645     893     1588    1683    1907    1799    1532    917     448     717     
17     1869 950     550     1422    542     878     1552    1004    235     690     307     1138    1197    1301    1812    1533    1538    894     583     168     
17     1870 860     376     1400    122     847     1647    915     230     -47     392     928     1222    1517    1833    1587    1300    937     506     -147    
17     1871 840     364     1358    2       868     1589    839     -201    394     703     867     1035    1310    1679    1768    1476    830     212     -16     
17     1872 1053    460     1430    323     946     1678    1055    383     619     737     970     1133    1538    1877    1615    1439    994     734     582     
17     1873 953     587     1379    374     831     1710    967     448     62      654     806     1034    1579    1830    1716    1295    1010    595     335     
17     1874 942     535     1421    342     866     1659    1017    406     277     563     1012    1027    1521    1858    1595    1503    1102    442     -39     
17     1875 922     388     1461    129     862     1670    952     422     -10     373     840     1372    1565    1652    1791    1532    866     461     136     
17     1876 958     389     1387    144     801     1714    1019    -40     348     560     908     938     1523    1828    1785    1328    1160    564     563     
17     1877 970     640     1360    552     767     1706    939     528     565     452     817     1032    1758    1673    1688    1183    900     734     295     
17     1878 912     490     1425    285     899     1623    926     190     379     440     974     1285    1544    1632    1690    1416    978     383     8       
17     1879 721     310     1259    13      677     1524    841     -133    180     433     673     924     1487    1442    1643    1379    881     262     -540    
17     1880 939     267     1400    -83     906     1618    932     -103    428     683     890     1145    1395    1677    1774    1504    841     456     560     
17     1881 852     397     1342    171     819     1602    912     -293    253     551     714     1190    1444    1831    1525    1332    611     802     229     
17     1882 917     495     1298    268     931     1475    957     211     375     740     844     1207    1336    1581    1503    1303    1023    542     303     
17     1883 903     455     1365    349     719     1593    951     272     487     110     828     1223    1556    1579    1642    1353    951     551     265     
17     1884 958     558     1398    398     862     1644    914     487     444     640     706     1234    1303    1807    1811    1503    868     374     291     
17     1885 840     399     1315    257     748     1568    826     -61     573     363     927     959     1553    1677    1472    1298    771     412     141     
17     1886 897     278     1413    29      833     1593    1103    43      -109    380     843     1278    1391    1701    1681    1570    1120    618     180     
17     1887 784     375     1311    99      626     1647    776     -25     146     199     682     998     1528    1807    1604    1229    687     417     101     
17     1888 783     211     1256    -31     660     1492    914     -21     -184    245     609     1125    1511    1431    1535    1316    806     623     367     
17     1889 857     371     1398    162     831     1637    899     32      76      294     751     1446    1744    1596    1574    1266    921     509     -2      
17     1890 855     422     1354    179     860     1531    967     470     58      542     715     1320    1425    1574    1590    1488    923     493     -391    
17     1891 882     267     1333    -97     759     1545    1028    -142    278     452     661     1162    1526    1580    1528    1534    1105    442     403     
17     1892 849     415     1366    229     773     1565    961     63      226     237     777     1306    1437    1542    1713    1407    817     663     -15     
17     1893 982     405     1510    61      1083    1727    942     -217    453     743     1143    1365    1613    1755    1810    1360    1068    393     267     
17     1894 977     503     1399    277     999     1609    966     226     344     701     1179    1124    1461    1753    1608    1258    937     703     395     
17     1895 888     328     1475    -39     879     1630    1119    -90     -463    419     956     1264    1570    1644    1674    1740    848     780     229     
17     1896 911     514     1391    232     890     1662    843     184     286     750     780     1135    1671    1810    1505    1434    857     236     262     
17     1897 970     435     1414    255     912     1716    947     49      476     726     845     1163    1710    1681    1758    1313    1009    518     364     
17     1898 1008    508     1422    382     792     1637    1145    416     366     362     892     1125    1471    1543    1893    1602    1130    705     545     
17     1899 972     629     1425    491     805     1717    1077    448     479     453     823     1141    1523    1781    1843    1426    967     842     -81     
17     1900 990     457     1433    189     765     1724    1051    348     313     349     807     1138    1626    1918    1625    1473    1035    645     556     
17     1901 939     454     1492    218     864     1741    1006    166     -97     372     939     1284    1574    1907    1738    1496    1042    478     291     
17     1902 895     502     1329    275     835     1573    924     438     77      645     933     930     1516    1616    1586    1388    874     512     168     
17     1903 988     543     1378    351     916     1591    1101    330     576     798     595     1346    1489    1680    1599    1545    1162    594     116     
17     1904 973     459     1467    187     920     1719    935     124     331     422     1024    1317    1508    1923    1720    1289    993     520     475     
17     1905 945     540     1446    328     920     1754    825     120     396     719     807     1229    1754    1851    1657    1364    659     458     298     
17     1906 998     431     1445    324     890     1686    1157    390     280     484     845     1341    1488    1777    1788    1415    1298    752     66      
17     1907 952     507     1374    119     920     1514    1134    212     74      604     822     1332    1439    1453    1647    1543    1177    681     378     
17     1908 932     500     1426    238     850     1648    1067    -19     362     415     706     1424    1681    1728    1536    1468    1174    555     137     
17     1909 903     428     1360    136     869     1531    981     134     136     411     997     1203    1359    1495    1734    1361    1173    401     371     
17     1910 1000    560     1406    378     916     1635    983     346     422     625     847     1272    1671    1571    1664    1400    1148    395     592     
17     1911 1069    536     1584    344     955     1868    1095    68      376     616     825     1420    1518    1981    2095    1638    1043    606     585     
17     1912 1006    666     1382    509     1023    1638    837     341     608     807     915     1344    1598    1873    1441    1103    889     517     609     
17     1913 1041    612     1399    488     1035    1534    1182    425     422     786     951     1366    1503    1510    1589    1465    1217    864     352     
17     1914 1011    616     1468    305     1006    1681    980     -85     686     678     1140    1203    1480    1758    1798    1416    997     527     522     
17     1915 968     538     1439    401     901     1669    854     295     385     488     825     1387    1699    1660    1650    1401    871     289     621     
17     1916 986     551     1393    524     969     1535    1017    601     339     562     936     1406    1293    1584    1721    1402    1061    587     304     
17     1917 880     345     1485    33      816     1736    1029    -64     -160    301     552     1587    1838    1706    1667    1541    842     712     -23     
17     1918 1013    499     1429    267     1002    1590    955     352     495     623     873     1505    1405    1673    1687    1412    963     488     629     
17     1919 903     496     1406    339     866     1583    876     206     165     495     678     1420    1575    1443    1729    1577    778     276     442     
17     1920 1014    568     1412    510     1061    1568    972     436     663     806     998     1377    1582    1658    1464    1384    1058    471     260     
17     1921 1092    601     1540    428     1042    1776    1091    630     390     773     942     1406    1563    1981    1776    1552    1457    252     308     
17     1922 868     486     1332    230     860     1536    783     108     279     479     673     1421    1536    1530    1541    1272    665     416     437     
17     1923 938     509     1353    420     879     1593    948     329     504     700     835     1102    1211    1888    1668    1396    1122    320     138     
17     1924 920     379     1379    126     872     1549    1036    184     51      435     761     1417    1519    1663    1463    1439    1103    564     406     
17     1925 930     554     1394    429     869     1637    833     398     489     357     866     1385    1500    1782    1625    1187    1031    275     229     
17     1926 992     525     1431    399     918     1616    1049    279     721     626     1027    1106    1392    1772    1675    1607    840     707     156     
17     1927 941     532     1392    289     936     1623    980     375     343     757     848     1201    1425    1742    1695    1424    1040    474     -72     
17     1928 988     493     1398    271     878     1662    1036    379     522     617     890     1127    1453    1803    1724    1379    1001    730     223     
17     1929 910     343     1424    -92     847     1617    1133    -134    -396    573     624     1337    1403    1747    1693    1726    1019    658     566     
17     1930 1026    615     1463    453     948     1711    1078    548     224     641     998     1207    1772    1634    1729    1433    1070    731     274     
17     1931 920     492     1374    239     877     1620    934     284     150     421     791     1416    1639    1666    1555    1161    919     723     260     
17     1932 979     475     1475    257     809     1770    1015    441     57      433     748     1244    1554    1744    2006    1533    970     543     434     
17     1933 935     518     1478    258     991     1720    1004    35      311     796     916     1256    1518    1819    1817    1529    1045    436     -292    
17     1934 1057    373     1539    67      966     1726    1110    242     269     530     1126    1247    1633    1835    1706    1683    1117    529     714     
17     1935 1001    605     1462    461     862     1760    1069    248     416     582     856     1147    1696    1810    1773    1476    985     749     240     
17     1936 982     586     1431    332     927     1692    940     493     259     773     694     1307    1645    1690    1740    1497    826     501     325     
17     1937 1005    502     1480    426     927     1690    1016    419     546     397     936     1449    1585    1703    1779    1414    1165    466     175     
17     1938 1011    575     1412    292     902     1699    1157    388     316     912     652     1133    1598    1674    1822    1577    1007    893     114     
17     1939 1012    574     1482    341     912     1714    1062    492     425     508     1020    1210    1651    1705    1784    1513    874     806     124     
17     1940 883     356     1434    -72     1001    1632    998     -445    119     659     980     1363    1713    1621    1564    1353    961     682     10      
17     1941 940     402     1425    35      802     1742    1026    -165    276     625     773     1008    1745    1911    1570    1538    994     547     387     
17     1942 927     297     1504    -110    948     1709    1122    -395    -344    540     1024    1283    1573    1659    1890    1585    1242    536     443     
17     1943 1039    635     1506    429     1088    1680    1044    393     453     720     1141    1405    1503    1771    1761    1442    1210    475     155     
17     1944 963     463     1471    246     862     1727    971     486     95      336     1039    1217    1446    1755    1972    1382    934     600     240     
17     1945 1048    490     1540    189     1117    1725    1094    -250    618     813     1083    1455    1666    1845    1663    1519    1206    551     385     
17     1946 955     538     1460    297     999     1600    1039    43      480     558     1132    1313    1430    1787    1579    1510    960     651     6       
17     1947 1043    306     1693    -113    1056    1925    1156    -36     -331    535     1059    1573    1815    1919    2037    1741    1046    683     384     
17     1948 1053    643     1467    415     1092    1636    1053    550     304     867     1047    1360    1550    1665    1688    1483    1014    663     406     
17     1949 1065    576     1540    442     919     1697    1189    437     488     443     1143    1179    1468    1837    1778    1827    1226    512     404     
17     1950 990     600     1494    372     970     1796    989     130     604     720     833     1353    1773    1838    1777    1376    974     618     -131    
17     1951 1018    464     1435    231     834     1664    1126    406     437     481     800     1219    1550    1727    1712    1593    926     864     463     
17     1952 969     567     1508    307     1101    1745    818     248     202     685     1177    1443    1620    1829    1782    1177    915     360     160     
17     1953 1023    391     1484    150     987     1679    1108    55      244     594     949     1416    1585    1723    1727    1492    1190    638     607     
17     1954 954     545     1359    233     928     1558    1098    -1      79      715     760     1305    1530    1504    1638    1402    1199    690     558     
17     1955 939     495     1449    262     773     1711    1034    141     69      278     933     1114    1518    1791    1817    1508    961     635     447     
17     1956 865     395     1337    45      865     1494    1020    281     -635    622     651     1316    1291    1708    1476    1567    1014    479     532     
17     1957 1029    650     1421    472     995     1714    1010    315     579     972     903     1107    1690    1839    1614    1365    1061    601     272     
17     1958 982     499     1448    317     799     1665    1076    263     426     367     698     1327    1520    1713    1756    1660    1075    491     448     
17     1959 1087    548     1581    285     1101    1802    1137    202     196     841     1059    1401    1656    1942    1803    1610    1214    583     467     
17     1960 1013    604     1444    372     1020    1628    1085    251     399     697     948     1414    1663    1561    1660    1408    1090    756     293     
17     1961 1054    647     1494    404     1059    1610    1149    232     717     807     1200    1174    1543    1610    1675    1765    1179    503     239     
17     1962 872     473     1327    280     751     1537    979     348     251     295     885     1075    1439    1559    1611    1384    1093    457     32      
17     1963 841     255     1393    -226    897     1616    1102    -484    -225    615     937     1140    1582    1697    1567    1428    1014    865     -98     
17     1964 978     436     1525    124     935     1709    1022    45      444     358     946     1502    1615    1795    1713    1564    845     664     238     
17     1965 940     465     1375    229     899     1583    962     274     171     574     844     1278    1562    1531    1655    1369    1117    394     444     
17     1966 1015    543     1466    388     971     1655    1038    81      665     562     981     1370    1730    1590    1649    1467    1198    444     428     
17     1967 1016    605     1452    421     940     1706    1049    304     543     705     794     1316    1530    1856    1727    1472    1196    475     232     
17     1968 958     502     1432    217     948     1643    1083    226     193     672     1030    1145    1540    1663    1725    1484    1235    526     35      
17     1969 1015    483     1505    216     915     1729    1201    501     99      468     879     1397    1540    1868    1772    1555    1364    679     -16     
17     1970 1012    494     1486    184     794     1753    1208    318     257     346     665     1368    1834    1664    1765    1611    1135    880     252     
17     1971 1038    565     1516    340     933     1714    1051    362     413     341     939     1519    1461    1900    1772    1483    1140    528     544     
17     1972 990     618     1378    408     963     1628    972     206     477     803     856     1225    1428    1794    1656    1290    1012    614     497     
17     1973 1020    565     1507    376     882     1806    1057    316     306     618     705     1318    1716    1771    1928    1589    993     593     332     
17     1974 1048    621     1432    489     980     1645    936     612     526     661     1052    1230    1560    1612    1762    1365    749     700     715     
17     1975 1049    638     1522    616     860     1821    1039    657     462     528     845     1207    1562    1871    2023    1605    960     554     275     
17     1976 1082    505     1610    356     915     1949    1136    429     364     442     850     1452    1916    2054    1875    1497    1214    694     173     
17     1977 1036    630     1358    352     908     1612    1121    327     577     793     693     1232    1464    1707    1659    1373    1287    696     580     
17     1978 970     634     1368    367     922     1575    1078    298     209     698     781     1294    1536    1592    1595    1392    1177    662     360     
17     1979 946     437     1412    68      890     1622    1107    -227    71      550     862     1257    1568    1671    1625    1478    1218    621     596     
17     1980 966     625     1420    440     873     1620    1017    102     633     580     823     1214    1506    1583    1769    1618    976     458     332     
17     1981 1000    546     1451    292     1063    1639    1070    332     202     938     898     1348    1499    1691    1721    1535    977     702     101     
17     1982 1080    504     1554    237     940     1799    1229    214     412     615     856     1345    1724    1898    1772    1715    1143    831     392     
17     1983 1078    623     1549    374     894     1913    1097    601     102     625     920     1136    1682    2146    1905    1485    1112    693     445     
17     1984 1007    556     1392    357     788     1680    1186    350     269     455     850     1063    1450    1720    1862    1391    1173    996     478     
17     1985 928     475     1467    74      908     1654    1006    -285    25      436     922     1366    1465    1827    1665    1544    1140    330     630     
17     1986 967     454     1413    230     883     1724    1069    301     -293    539     702     1401    1743    1782    1649    1179    1219    804     474     
17     1987 931     460     1454    140     844     1636    1114    -259    214     299     1175    1071    1452    1749    1702    1571    1146    623     398     
17     1988 1071    632     1464    487     988     1642    1056    618     440     553     954     1456    1531    1640    1751    1437    1164    564     708     
17     1989 1134    720     1545    559     1072    1782    1170    449     514     895     748     1562    1625    1899    1816    1597    1302    606     531     
17     1990 1123    768     1505    603     1088    1771    1080    487     812     872     871     1515    1554    1779    1973    1314    1278    641     344     
17     1991 1010    603     1455    237     972     1717    1093    347     -4      955     905     1055    1353    1899    1887    1618    1089    573     359     
17     1992 1065    583     1556    371     1063    1797    1006    269     492     711     920     1554    1684    1864    1840    1453    806     767     398     
17     1993 1017    569     1500    391     1110    1647    875     542     215     656     1184    1491    1671    1696    1574    1372    949     301     494     
17     1994 1115    548     1534    424     987     1861    1158    481     285     745     919     1294    1625    2159    1792    1391    1041    1046    540     
17     1995 1104    711     1567    530     957     1887    1183    400     662     584     931     1356    1500    2102    2047    1441    1393    710     85      
17     1996 920     496     1422    156     826     1717    980     248     132     390     1011    1082    1641    1728    1778    1279    1118    538     66      
17     1997 1082    536     1534    216     1023    1843    1083    -18     641     878     843     1342    1642    1764    2117    1476    1045    729     500     
17     1998 1056    683     1510    517     1086    1669    959     457     601     758     955     1539    1651    1655    1701    1550    959     369     440     
17     1999 1115    567     1602    429     1095    1768    1157    546     287     766     1032    1484    1554    1953    1791    1785    1088    600     432     
17     2000 1151    654     1569    493     1119    1719    1210    418     644     745     1067    1532    1686    1598    1868    1658    1185    804     599     
17     2001 1108    696     1528    489     1026    1809    1184    357     508     697     874     1500    1555    1906    1958    1346    1496    665     298     
17     2002 1166    762     1554    509     1079    1804    1165    501     751     831     1009    1388    1725    1795    1888    1511    1087    898     493     
17     2003 1145    670     1673    353     1130    1994    1084    247     330     924     1074    1392    1930    1968    2082    1574    838     864     480     
17     2004 -999999 -999999 -999999 -999999 -999999 -999999 -999999 -999999 -999999 -999999 1114    1252    1671    1772    1982    1658    1247    -999999 331     
17     2005 -999999 -999999 -999999 -999999 -999999 -999999 -999999 -999999 -999999 -999999 -999999 -999999 -999999 1884    1728    1713    1477    -999999 -999999 
17     2006 1153    -999999 1662    -999999 956     1901    1402    181     265     467     952     1449    1718    2301    1677    1863    1420    924     565     
17     2007 1189    870     1619    667     1265    1775    1083    736     708     844     1438    1492    1803    1774    1748    1466    1086    697     425     
17     2008 -999999 -999999 -999999 -999999 -999999 -999999 -999999 616     -999999 -999999 -999999 -999999 -999999 -999999 -999999 -999999 -999999 -999999 -999999 
