EUROPEAN CLIMATE ASSESSMENT & DATASET (ECA&D), file created on: 13-11-2019
THESE DATA CAN BE USED FOR NON-COMMERCIAL RESEARCH AND EDUCATION PROVIDED THAT THE FOLLOWING SOURCE IS ACKNOWLEDGED: 

Klein Tank, A.M.G. and Coauthors, 2002. Daily dataset of 20th-century surface
air temperature and precipitation series for the European Climate Assessment.
Int. J. of Climatol., 22, 1441-1453.
Data and metadata available at http://www.ecad.eu

FILE FORMAT (MISSING VALUE CODE = -999999):

THIS FILE HOLDS DATA FOR STATION SWEDEN                                   BLAIKLIDEN                               (STAID:   5752)
LATITUDE: dd:mm:ss +65:03:00
LONGITUDE: ddd:mm:ss +015:45:00
ELEVATION: m  520

DATA IS FOR INDEX Mean of daily mean temperature (TG) with unit 0.01 Temperature (&#176;C)

01-06 SOUID: Source identifier
08-11 YEAR : YYYY
13-20 ANNUAL DATA VALUES
21-28 WINTER HALF YEAR DATA VALUES
29-36 SUMMER HALF YEAR DATA VALUES
37-44 WINTER (DJF) DATA VALUES
45-52 SPRING (MAM) DATA VALUES
53-60 SUMMER (JJA) DATA VALUES
61-68 AUTUMN (SON) DATA VALUES
69-76 JANUARY DATA VALUES
etc. 
157-164 DECEMBER DATA VALUES

5752   1978 -999999 -999999 -999999 -999999 -999999 1104    24      -999999 -999999 -999999 -999999 -999999 1092    1253    967     478     45      -453    -1536   
5752   1979 -37     -835    689     -1367   -97     1127    -47     -1505   -1027   -537    -151    396     1124    1214    1045    488     -93     -533    -923    
5752   1980 -999999 -802    -999999 -1136   -77     -999999 -192    -1333   -1153   -789    84      479     1270    -999999 -999999 646     -196    -1026   -1170   
5752   1981 -150    -947    675     -1114   -201    979     -122    -1066   -1105   -1138   -127    664     807     1196    929     557     -46     -879    -1650   
5752   1982 -999999 -832    -999999 -1240   -26     -999999 21      -1330   -688    -388    -62     371     705     1165    -999999 507     46      -492    -999999 
5752   1983 -999999 -999999 -999999 -999999 -21     -999999 -34     -960    -758    -627    -40     602     846     -999999 909     619     13      -735    -855    
5752   1984 -999999 -744    -999999 -985    46      -999999 -73     -1447   -631    -803    92      850     951     -999999 990     477     70      -771    -663    
5752   1985 -999999 -917    -999999 -1386   -239    -999999 -73     -1622   -1927   -681    -345    305     -999999 -999999 1027    473     235     -938    -1697   
5752   1986 -72     -926    645     -1502   -28     1076    39      -1723   -1042   -405    -315    627     1257    1181    795     305     162     -355    -1405   
5752   1987 -101    -904    579     -1439   -225    900     138     -1761   -1119   -948    -84     361     905     1041    755     483     353     -429    -825    
5752   1988 -13     -636    717     -964    -262    1183    -13     -979    -1098   -859    -440    508     1174    1373    1002    659     -60     -638    -842    
5752   1989 -999999 -485    -999999 -598    -7      -999999 114     -363    -590    -432    -61     469     -999999 -999999 981     586     22      -263    -1061   
5752   1990 127     -516    704     -848    28      1089    43      -1119   -312    -335    -51     467     1005    1205    1055    522     170     -569    -546    
5752   1991 51      -571    645     -844    -107    1087    7       -675    -1361   -521    -75     277     830     1303    1120    389     11      -380    -428    
5752   1992 16      -342    -999999 -460    -41     -999999 -266    -471    -482    -309    -453    625     1130    951     -999999 575     -607    -754    -587    
5752   1993 -56     -666    573     -729    3       889     -148    -849    -753    -461    -131    595     669     -999999 904     356     -149    -652    -1128   
5752   1994 -78     -935    646     -1366   -142    1031    -68     -1402   -1590   -746    -1      327     733     1349    1001    444     -58     -590    -521    
5752   1995 4       -533    593     -719    -121    994     25      -976    -655    -411    -271    315     1001    1022    959     512     168     -610    -1048   
5752   1996 -22     -692    695     -1048   -80     1084    -47     -834    -1275   -586    -32     378     888     1090    1267    558     177     -885    -1073   
5752   1997 122     -595    749     -814    -175    1276    -999999 -500    -875    -454    -375    297     1124    1481    1217    722     -85     -999999 -767    
5752   1998 11      -632    641     -802    -232    1034    -999999 -765    -881    -734    -362    395     941     1229    929     694     52      -999999 -779    
5752   1999 35      -727    729     -1002   -62     1038    290     -1218   -1011   -610    58      371     1065    1186    865     819     129     -72     -1207   
5752   2000 -999999 -571    -999999 -940    -16     -999999 -999999 -769    -838    -670    -36     658     848     -999999 -999999 -999999 -999999 -999999 -999999 
