EUROPEAN CLIMATE ASSESSMENT & DATASET (ECA&D), file created on: 13-11-2019
THESE DATA CAN BE USED FOR NON-COMMERCIAL RESEARCH AND EDUCATION PROVIDED THAT THE FOLLOWING SOURCE IS ACKNOWLEDGED: 

Klein Tank, A.M.G. and Coauthors, 2002. Daily dataset of 20th-century surface
air temperature and precipitation series for the European Climate Assessment.
Int. J. of Climatol., 22, 1441-1453.
Data and metadata available at http://www.ecad.eu

FILE FORMAT (MISSING VALUE CODE = -999999):

THIS FILE HOLDS DATA FOR STATION FINLAND                                  VIITASAARI HAAPANIEMI                    (STAID:   7473)
LATITUDE: dd:mm:ss +63:04:54
LONGITUDE: ddd:mm:ss +025:51:42
ELEVATION: m  132

DATA IS FOR INDEX Mean of daily mean temperature (TG) with unit 0.01 Temperature (&#176;C)

01-06 SOUID: Source identifier
08-11 YEAR : YYYY
13-20 ANNUAL DATA VALUES
21-28 WINTER HALF YEAR DATA VALUES
29-36 SUMMER HALF YEAR DATA VALUES
37-44 WINTER (DJF) DATA VALUES
45-52 SPRING (MAM) DATA VALUES
53-60 SUMMER (JJA) DATA VALUES
61-68 AUTUMN (SON) DATA VALUES
69-76 JANUARY DATA VALUES
etc. 
157-164 DECEMBER DATA VALUES

7473   1970 253     -999999 1084    -999999 167     1595    293     -1146   -1598   -309    5       799     1659    1670    1459    888     321     -331    -516    
7473   1971 249     -453    998     -655    -4      1469    206     -506    -973    -758    -23     767     1372    1588    1444    810     279     -475    -629    
7473   1972 416     -520    1166    -820    134     1727    371     -1042   -788    -484    89      794     1648    1977    1553    907     360     -155    83      
7473   1973 323     -172    1107    -325    263     1646    94      -400    -694    -277    169     895     1564    1975    1397    609     85      -411    -1108   
7473   1974 464     -424    1062    -634    110     1510    507     -570    -180    -336    78      586     1471    1617    1441    1165    401     -43     -104    
7473   1975 461     -124    1102    -333    336     1444    489     -422    -488    -122    133     991     1261    1633    1433    1137    380     -46     -427    
7473   1976 150     -540    968     -933    108     1345    141     -1421   -952    -785    70      1036    1136    1454    1438    639     -7      -205    -637    
7473   1977 263     -502    968     -812    130     1417    329     -767    -1056   -385    32      740     1394    1522    1333    761     272     -43     -735    
7473   1978 151     -568    1010    -1086   168     1443    352     -958    -1617   -411    -9      918     1432    1595    1302    795     275     -12     -1620   
7473   1979 303     -656    1105    -1332   252     1569    351     -1116   -1251   -250    0       997     1541    1601    1564    900     175     -17     -620    
7473   1980 237     -580    1134    -955    64      1617    242     -1086   -1173   -779    288     690     1716    1690    1450    956     375     -608    -714    
7473   1981 238     -585    1022    -795    52      1394    378     -683    -1007   -913    25      1043    1200    1694    1282    857     477     -204    -1006   
7473   1982 300     -545    996     -1134   242     1379    450     -1548   -817    -187    128     782     986     1665    1472    909     283     163     -317    
7473   1983 343     -318    1153    -644    327     1478    296     -525    -1137   -436    373     1045    1353    1688    1389    1045    409     -568    -641    
7473   1984 369     -491    1120    -727    320     1423    405     -869    -668    -622    342     1241    1347    1548    1373    842     506     -136    -516    
7473   1985 -999999 -729    -999999 -1493   116     -999999 370     -2112   -1890   -318    -75     736     1343    -999999 -999999 901     530     -327    -1108   
7473   1986 257     -593    1050    -1230   315     1533    414     -1309   -1276   -124    83      980     1690    1701    1214    607     449     186     -1214   
7473   1987 98      -730    928     -1444   45      1303    335     -2039   -1039   -724    152     709     1318    1475    1116    779     613     -396    -855    
7473   1988 335     -416    1167    -766    186     1649    283     -655    -788    -436    11      978     1593    1981    1371    1042    371     -568    -929    
7473   1989 516     -264    1195    -471    465     1557    434     -253    -205    -5      389     1009    1605    1641    1427    1082    327     -104    -759    
7473   1990 427     -274    1088    -585    383     1489    241     -948    9       -133    407     876     1386    1555    1523    759     392     -433    -299    
7473   1991 394     -386    1066    -662    201     1538    494     -690    -1033   -319    292     634     1314    1707    1585    840     472     170     -344    
7473   1992 391     -107    1084    -421    331     1458    104     -485    -434    -32     -57     1068    1601    1487    1289    1096    -216    -556    -107    
7473   1993 324     -341    994     -366    393     1338    93      -477    -528    -187    192     1169    1092    1594    1322    558     194     -475    -644    
7473   1994 317     -601    1118    -978    211     1566    317     -849    -1491   -422    367     693     1305    1871    1514    934     307     -289    -273    
7473   1995 389     -211    1092    -397    271     1543    385     -559    -356    -111    139     780     1660    1506    1467    980     629     -461    -1051   
7473   1996 309     -530    1045    -991    175     1508    465     -664    -1278   -399    165     758     1344    1445    1731    799     507     87      -859    
7473   1997 376     -332    1147    -771    102     1754    297     -788    -654    -302    -58     663     1611    1926    1722    988     141     -232    -573    
7473   1998 293     -467    1026    -681    52      1425    357     -496    -1004   -680    72      766     1341    1629    1303    1022    456     -409    -588    
7473   1999 398     -475    1185    -876    261     1623    560     -1061   -991    -307    428     667     1797    1729    1348    1136    533     11      -586    
7473   2000 510     -240    1132    -561    333     1518    604     -596    -495    -313    361     951     1389    1722    1438    909     723     176     -183    
7473   2001 346     -238    1186    -552    164     1609    460     -439    -1085   -687    409     777     1438    1863    1520    1090    548     -262    -1119   
7473   2002 377     -358    1289    -742    416     1763    71      -730    -340    -242    404     1085    1622    1861    1802    932     -82     -633    -1195   
7473   2003 389     -682    1154    -1106   332     1589    445     -1416   -662    -100    115     972     1257    2033    1466    1050    267     23      -413    
7473   2004 386     -346    1121    -713    329     1464    425     -991    -738    -238    370     855     1245    1635    1504    1097    374     -194    -330    
7473   2005 458     -340    1193    -489    160     1604    641     -392    -773    -762    371     876     1415    1849    1542    1080    553     294     -637    
7473   2006 454     -422    1279    -831    134     1719    518     -716    -1171   -901    325     984     1573    1770    1808    1188    452     -82     99      
7473   2007 436     -236    1140    -644    462     1568    434     -658    -1451   110     343     929     1442    1650    1621    915     549     -165    -18     
7473   2008 467     -104    1027    -224    298     1365    472     -351    -309    -347    358     883     1306    1518    1268    810     583     21      -163    
7473   2009 381     -232    1175    -561    331     1521    444     -747    -795    -335    240     1086    1373    1618    1568    1141    124     77      -844    
7473   2010 243     -639    1253    -1199   333     1674    307     -1569   -1183   -466    333     1133    1341    2101    1571    1005    366     -451    -1358   
7473   2011 500     -662    1286    -1209   382     1698    637     -820    -1474   -306    485     971     1648    1919    1527    1148    543     225     -10     
7473   2012 313     -232    1089    -672    310     1477    509     -922    -1111   -159    146     939     1289    1684    1452    997     422     109     -1138   
7473   2013 521     -429    1274    -762    228     1662    570     -691    -425    -834    229     1290    1744    1641    1604    1112    484     116     -73     
7473   2014 534     -80     1233    -391    472     1645    463     -943    -131    65      389     960     1276    2004    1645    1097    307     -10     -300    
7473   2015 554     -148    1134    -406    414     1467    632     -690    -209    13      341     886     1234    1511    1647    1160    465     276     -41     
7473   2016 433     -192    1224    -586    497     1542    355     -1398   -302    -143    363     1266    1448    1714    1460    1065    309     -308    -298    
7473   2017 415     -247    981     -454    177     1413    463     -486    -593    -142    37      632     1281    1525    1430    959     369     66      -171    
7473   2018 496     -336    1341    -598    338     1734    578     -545    -1130   -666    322     1358    1375    2094    1722    1136    461     142     -444    
7473   2019 -999999 -263    1174    -652    375     1565    -999999 -1081   -409    -246    530     846     1580    1595    1521    960     269     -999999 -999999 
