EUROPEAN CLIMATE ASSESSMENT & DATASET (ECA&D), file created on: 13-11-2019
THESE DATA CAN BE USED FOR NON-COMMERCIAL RESEARCH AND EDUCATION PROVIDED THAT THE FOLLOWING SOURCE IS ACKNOWLEDGED: 

Klein Tank, A.M.G. and Coauthors, 2002. Daily dataset of 20th-century surface
air temperature and precipitation series for the European Climate Assessment.
Int. J. of Climatol., 22, 1441-1453.
Data and metadata available at http://www.ecad.eu

FILE FORMAT (MISSING VALUE CODE = -999999):

THIS FILE HOLDS DATA FOR STATION SWEDEN                                   STORLIEN-STORVALLEN A                    (STAID:  11209)
LATITUDE: dd:mm:ss +63:16:59
LONGITUDE: ddd:mm:ss +012:07:28
ELEVATION: m  583

DATA IS FOR INDEX Mean of daily mean temperature (TG) with unit 0.01 Temperature (&#176;C)

01-06 SOUID: Source identifier
08-11 YEAR : YYYY
13-20 ANNUAL DATA VALUES
21-28 WINTER HALF YEAR DATA VALUES
29-36 SUMMER HALF YEAR DATA VALUES
37-44 WINTER (DJF) DATA VALUES
45-52 SPRING (MAM) DATA VALUES
53-60 SUMMER (JJA) DATA VALUES
61-68 AUTUMN (SON) DATA VALUES
69-76 JANUARY DATA VALUES
etc. 
157-164 DECEMBER DATA VALUES

11209  1948 -999999 -999999 -999999 -999999 -999999 -999999 -999999 -999999 -999999 -999999 -999999 -999999 -999999 -999999 -999999 -999999 -999999 -999999 -999999 
11209  1949 203     -999999 707     -999999 -32     905     359     -480    -303    -606    -24     535     832     959     922     1009    238     -167    -504    
11209  1950 127     -387    703     -693    -4      1065    200     -894    -679    -335    -1      325     881     1059    1249    686     275     -362    -768    
11209  1951 72      -598    613     -882    -283    940     313     -1183   -671    -886    -155    195     678     887     1246    807     425     -298    -234    
11209  1952 -41     -419    602     -650    -43     893     -128    -1101   -612    -701    144     434     786     1038    851     344     -122    -605    -953    
11209  1953 269     -544    777     -848    138     1199    352     -640    -963    -22     -7      439     1411    1151    1041    619     472     -39     -324    
11209  1954 83      -403    695     -801    6       1015    92      -962    -1150   -474    -171    658     828     1209    1003    614     43      -380    -325    
11209  1955 -11     -530    604     -695    -347    1037    176     -715    -1083   -770    -347    77      605     1271    1220    771     34      -271    -1000   
11209  1956 17      -590    593     -964    -88     905     51      -837    -1061   -425    -249    405     781     1123    806     670     154     -675    -541    
11209  1957 97      -491    593     -642    -135    961     183     -504    -906    -517    -174    284     605     1289    978     552     167     -170    -524    
11209  1958 -12     -699    649     -963    -421    990     452     -1031   -1374   -1312   -192    248     856     986     1125    854     419     85      -891    
11209  1959 220     -318    745     -786    133     1118    275     -1110   -310    -88     29      454     966     1241    1144    615     257     -48     -536    
11209  1960 71      -452    799     -867    84      1141    13      -1109   -964    -332    -16     597     1077    1182    1161    776     -263    -466    -821    
11209  1961 218     -509    706     -711    28      1025    494     -845    -443    -211    -132    422     1039    1087    948     863     623     -8      -759    
11209  1962 -12     -383    -999999 -659    -273    -999999 182     -677    -527    -948    -143    276     624     -999999 913     588     337     -384    -659    
11209  1963 162     -497    787     -781    45      1066    210     -779    -917    -618    31      722     1004    1012    1181    755     281     -409    -405    
11209  1964 164     -311    617     -454    81      848     180     -257    -716    -388    57      572     765     945     833     511     315     -290    -425    
11209  1965 42      -378    634     -612    -65     895     182     -825    -582    -476    44      240     883     900     903     831     366     -657    -1155   
11209  1966 -35     -789    607     -1296   -214    1075    82      -1243   -1509   -600    -416    367     1224    1047    960     442     146     -345    -599    
11209  1967 136     -402    652     -676    -11     956     341     -955    -451    -212    -167    341     749     1076    1038    859     159     11      -844    
11209  1968 63      -434    639     -794    -79     989     -2      -849    -681    -400    -24     188     986     992     988     693     -73     -623    -468    
11209  1969 116     -610    810     -786    -44     1262    87      -655    -1283   -626    -39     532     1183    1096    1505    557     306     -611    -691    
11209  1970 69      -640    716     -1007   -75     1126    83      -1083   -1275   -549    -236    554     1261    1035    1087    581     204     -541    -317    
11209  1971 152     -380    655     -421    -84     957     93      -404    -556    -690    -123    558     798     1060    1006    606     148     -478    -163    
11209  1972 194     -400    726     -588    39      1142    134     -982    -623    -320    -86     518     1123    1325    978     473     183     -255    -48     
11209  1973 147     -155    620     -264    21      1043    -45     -160    -617    -83     -249    386     951     1256    919     433     -66     -500    -577    
11209  1974 215     -349    719     -412    100     971     119     -271    -385    -304    74      528     953     952     1007    786     4       -430    -379    
11209  1975 231     -297    635     -349    -53     985     333     -420    -236    -320    -209    365     732     1125    1089    685     329     -14     -385    
11209  1976 46      -358    604     -561    -168    997     83      -795    -499    -782    -251    527     790     1099    1094    336     146     -235    -904    
11209  1977 62      -565    541     -1021   -106    940     216     -1101   -1062   -270    -379    321     759     1029    1027    464     378     -200    -319    
11209  1978 2       -403    633     -692    -117    1039    140     -662    -1137   -540    -230    416     1048    1124    944     473     185     -240    -1439   
11209  1979 17      -666    616     -1177   -73     976     73      -1257   -798    -448    -121    348     1056    906     967     527     74      -381    -711    
11209  1980 89      -562    800     -817    -70     1204    30      -996    -739    -623    -12     425     1215    1325    1072    758     -75     -591    -712    
11209  1981 7       -609    668     -757    -77     894     152     -774    -788    -735    -170    670     700     1079    895     809     129     -481    -1308   
11209  1982 159     -561    644     -931    6       986     238     -969    -470    -252    -109    377     641     1177    1129    625     242     -152    -379    
11209  1983 156     -294    681     -468    57      930     142     -417    -624    -461    9       622     747     1135    903     647     151     -372    -526    
11209  1984 159     -467    682     -657    76      907     252     -995    -436    -621    98      752     794     932     991     502     316     -65     -378    
11209  1985 -9      -499    639     -936    -100    1066    81      -1158   -1307   -464    -246    405     961     1153    1081    455     415     -638    -866    
11209  1986 62      -570    621     -991    31      1013    172     -1253   -838    -266    -314    663     1188    1047    811     310     243     -38     -871    
11209  1987 34      -582    572     -970    -170    853     228     -1251   -769    -806    2       300     766     1016    774     562     458     -344    -351    
11209  1988 157     -346    733     -505    -159    1148    166     -477    -700    -681    -343    541     1073    1348    1019    738     152     -392    -438    
11209  1989 246     -200    657     -277    56      977     268     -107    -288    -140    -92     396     964     1000    965     695     185     -73     -588    
11209  1990 279     -211    707     -406    109     1054    223     -514    -84     -176    -19     519     1019    1047    1095    564     347     -246    -232    
11209  1991 209     -238    660     -458    29      1047    211     -385    -789    -177    44      222     706     1295    1129    539     208     -115    -254    
11209  1992 201     -143    689     -253    61      1006    -18     -182    -327    -199    -304    674     1192    910     923     726     -385    -383    -252    
11209  1993 102     -354    600     -337    97      826     -11     -379    -384    -346    21      613     551     1042    875     473     -56     -449    -777    
11209  1994 115     -604    674     -894    -58     1052    152     -801    -1126   -462    9       281     616     1471    1054    585     48      -174    -224    
11209  1995 147     -262    618     -370    -61     947     221     -536    -348    -342    -138    294     827     1066    945     698     392     -433    -701    
11209  1996 104     -450    678     -744    -53     1070    108     -610    -932    -446    28      260     830     964     1408    558     307     -547    -628    
11209  1997 197     -357    764     -498    -137    1283    99      -324    -546    -432    -214    230     979     1456    1403    705     0       -406    -555    
11209  1998 165     -342    658     -414    -45     932     152     -381    -294    -412    -178    449     876     1039    878     872     137     -553    -492    
11209  1999 200     -426    767     -579    20      1023    435     -695    -549    -422    115     370     1027    1107    936     1043    212     58      -835    
11209  2000 244     -304    690     -548    70      892     447     -372    -431    -455    63      601     681     1016    971     792     536     9       -505    
11209  2001 134     -360    694     -654    -144    1040    321     -435    -1061   -764    -71     403     849     1188    1076    701     452     -194    -627    
11209  2002 268     -242    978     -478    249     1358    -32     -440    -354    -298    220     824     1218    1282    1571    729     -148    -673    -762    
11209  2003 267     -474    811     -640    132     1207    195     -745    -390    -126    43      476     1010    1534    1070    714     -1      -123    -300    
11209  2004 259     -303    799     -494    196     1072    234     -749    -430    -221    277     535     794     1126    1286    755     239     -294    -234    
11209  2005 248     -269    715     -356    -37     1046    434     -252    -605    -500    104     289     776     1327    1026    750     475     76      -548    
11209  2006 311     -311    875     -486    -181    1257    433     -344    -575    -964    -81     504     997     1339    1427    1043    265     -3      58      
11209  2007 240     -184    740     -441    136     1156    184     -482    -947    -66     36      433     1139    1235    1094    486     315     -252    -213    
11209  2008 257     -212    768     -287    35      1105    253     -372    -276    -481    59      527     1014    1313    984     694     240     -174    -465    
11209  2009 182     -360    821     -623    167     1095    197     -628    -791    -379    252     630     883     1229    1167    747     -28     -120    -837    
11209  2010 -79     -656    702     -1135   -20     1069    -64     -1349   -1229   -412    9       345     784     1288    1125    637     253     -1093   -1394   
11209  2011 359     -626    918     -870    203     1225    500     -450    -755    -344    347     610     1164    1335    1173    868     393     242     -345    
11209  2012 116     -155    640     -515    98      986     156     -631    -571    -31     -102    420     774     1130    1047    546     9       -81     -1146   
11209  2013 215     -597    800     -902    -22     1085    323     -805    -738    -817    -114    863     984     1164    1104    773     312     -116    -101    
11209  2014 339     -150    871     -341    209     1219    369     -789    -110    -93     154     564     880     1633    1133    842     382     -117    -446    
11209  2015 301     -182    706     -415    91      999     412     -514    -272    -132    23      380     670     1017    1298    828     374     35      -143    
11209  2016 248     -217    814     -531    178     1071    240     -1004   -441    -130    23      635     1010    1196    1005    998     46      -317    -67     
11209  2017 199     -219    685     -246    6       988     204     -183    -515    -311    -113    439     940     1065    957     804     275     -469    -554    
11209  2018 217     -547    899     -747    88      1153    344     -719    -991    -863    84      1042    869     1533    1049    788     269     -22     -523    
11209  2019 -999999 -291    795     -520    39      1187    -999999 -728    -287    -444    162     402     1057    1269    1230    631     35      -999999 -999999 
