EUROPEAN CLIMATE ASSESSMENT & DATASET (ECA&D), file created on: 13-11-2019
THESE DATA CAN BE USED FOR NON-COMMERCIAL RESEARCH AND EDUCATION PROVIDED THAT THE FOLLOWING SOURCE IS ACKNOWLEDGED: 

Klein Tank, A.M.G. and Coauthors, 2002. Daily dataset of 20th-century surface
air temperature and precipitation series for the European Climate Assessment.
Int. J. of Climatol., 22, 1441-1453.
Data and metadata available at http://www.ecad.eu

FILE FORMAT (MISSING VALUE CODE = -999999):

THIS FILE HOLDS DATA FOR STATION NORWAY                                   ROROS                                    (STAID:   1040)
LATITUDE: dd:mm:ss +62:34:01
LONGITUDE: ddd:mm:ss +011:23:00
ELEVATION: m  628

DATA IS FOR INDEX Mean of daily mean temperature (TG) with unit 0.01 Temperature (&#176;C)

01-06 SOUID: Source identifier
08-11 YEAR : YYYY
13-20 ANNUAL DATA VALUES
21-28 WINTER HALF YEAR DATA VALUES
29-36 SUMMER HALF YEAR DATA VALUES
37-44 WINTER (DJF) DATA VALUES
45-52 SPRING (MAM) DATA VALUES
53-60 SUMMER (JJA) DATA VALUES
61-68 AUTUMN (SON) DATA VALUES
69-76 JANUARY DATA VALUES
etc. 
157-164 DECEMBER DATA VALUES

1040   1911 63      -999999 714     -999999 9       998     -74     -937    -562    -577    -115    715     848     1070    1071    671     -117    -775    -582    
1040   1912 44      -658    693     -902    -87     1183    -16     -1235   -889    -371    -303    406     1066    1379    1102    480     14      -543    -622    
1040   1913 56      -664    741     -1017   85      1018    251     -1836   -549    -435    79      610     939     1139    972     691     166     -103    -1011   
1040   1914 114     -537    798     -847    -100    1215    21      -988    -509    -760    77      388     1013    1559    1065    663     34      -635    -585    
1040   1915 -180    -659    553     -840    -242    911     -150    -1239   -681    -848    -74     202     642     1097    986     444     -216    -677    -1809   
1040   1916 22      -891    687     -1197   -131    1047    30      -756    -1013   -875    51      438     892     1305    940     473     -189    -187    -848    
1040   1917 -58     -777    658     -1112   -377    1154    113     -1627   -833    -965    -459    291     1159    976     1328    635     97      -393    -937    
1040   1918 2       -680    659     -1070   -40     1000    145     -1313   -948    -604    -54     536     741     1217    1032    454     238     -260    -1081   
1040   1919 -72     -619    686     -990    -54     966     -141    -891    -999    -748    -162    744     881     1258    755     620     -43     -1002   -1346   
1040   1920 -999999 -643    701     -911    200     948     86      -848    -514    -110    69      638     840     1144    858     641     -3      -392    -999999 
1040   1921 68      -999999 633     -999999 190     818     2       -823    -735    -238    168     639     641     939     868     522     168     -691    -704    
1040   1922 -90     -798    570     -1200   -217    958     2       -1568   -1341   -699    -398    441     795     1131    941     484     -96     -380    -479    
1040   1923 -102    -589    519     -839    -181    842     -11     -650    -1446   -555    -277    288     456     1171    887     562     98      -697    -1175   
1040   1924 34      -811    634     -1089   -331    1027    239     -985    -1109   -1014   -339    361     777     1216    1079    683     266     -234    -344    
1040   1925 15      -420    769     -540    -172    1182    -123    -683    -598    -940    -137    561     913     1521    1104    625     -161    -831    -1241   
1040   1926 19      -837    740     -1196   7       1103    -9      -1216   -1125   -475    122     378     983     1243    1078    620     -338    -299    -811    
1040   1927 -41     -560    639     -811    -153    1133    -136    -739    -891    -307    -276    120     725     1455    1207    577     -11     -979    -1443   
1040   1928 -37     -863    570     -1207   -52     803     89      -1089   -1080   -595    54      389     673     867     864     560     99      -393    -827    
1040   1929 15      -672    580     -1234   10      890     207     -1355   -1549   -83     -405    505     790     1017    861     691     136     -204    -353    
1040   1930 212     -361    851     -548    136     1221    78      -427    -899    -464    199     674     1152    1308    1200    556     198     -522    -525    
1040   1931 -42     -727    617     -1008   -221    945     130     -1273   -1248   -1036   -245    617     641     1269    916     471     6       -83     -624    
1040   1932 129     -377    664     -417    -237    1053    39      -304    -318    -926    -249    465     816     1283    1053    586     -55     -410    -419    
1040   1933 132     -456    800     -634    10      1200    21      -546    -971    -386    -119    531     1289    1311    1005    768     108     -815    -675    
1040   1934 225     -465    791     -495    -68     1138    219     -394    -409    -612    -182    586     950     1271    1186    914     217     -473    -408    
1040   1935 52      -531    662     -699    -253    1096    175     -974    -716    -849    -170    262     1027    1142    1116    578     61      -110    -778    
1040   1936 86      -609    774     -970    -86     1218    15      -985    -1158   -700    -173    614     1227    1324    1105    524     -29     -448    -325    
1040   1937 125     -623    951     -815    59      1328    218     -877    -1289   -831    170     840     1019    1569    1386    688     477     -518    -1249   
1040   1938 258     -411    774     -803    100     1153    351     -765    -350    -55     -91     440     870     1350    1229    823     308     -76     -634    
1040   1939 90      -391    756     -656    -101    1155    119     -1011   -288    -629    -115    439     877     1246    1332    734     -38     -335    -1142   
1040   1940 -128    -978    680     -1545   -138    1035    98      -1663   -1850   -877    -197    658     1056    1186    863     491     141     -340    -1073   
1040   1941 -138    -903    696     -1494   -240    1155    -15     -1992   -1408   -776    -303    359     942     1533    983     639     -149    -531    -1029   
1040   1942 -94     -1034   694     -1489   -221    1020    185     -2004   -1427   -1087   5       425     815     1096    1142    662     147     -252    -727    
1040   1943 182     -457    766     -812    152     1075    221     -1233   -441    -229    79      603     1037    1219    969     675     362     -378    -519    
1040   1944 101     -441    648     -693    -219    1106    171     -884    -674    -563    -283    187     774     1340    1195    652     316     -459    -429    
1040   1945 132     -470    815     -847    132     1235    90      -1380   -718    -173    67      499     1007    1398    1294    601     140     -473    -739    
1040   1946 97      -680    822     -1052   67      1123    174     -1268   -1159   -621    156     668     948     1334    1080    726     56      -255    -586    
1040   1947 -5      -780    890     -1129   -119    1249    71      -927    -1954   -1111   -52     809     1150    1317    1277    817     134     -741    -931    
1040   1948 127     -645    774     -1041   204     1058    69      -1402   -771    -171    193     591     906     1350    912     673     -121    -339    -324    
1040   1949 170     -454    796     -540    44      986     308     -712    -587    -647    96      685     876     1092    985     1028    168     -267    -717    
1040   1950 57      -535    762     -898    26      1128    72      -1226   -735    -445    52      474     978     1129    1271    650     226     -665    -1076   
1040   1951 55      -781    696     -1104   -236    1033    264     -1444   -758    -964    -107    366     826     987     1278    806     254     -268    -366    
1040   1952 -66     -556    654     -862    9       918     -123    -1486   -725    -745    227     553     779     1081    889     374     -30     -716    -1000   
1040   1953 209     -640    816     -1023   172     1227    316     -952    -1127   -62     17      555     1442    1212    1033    624     404     -82     -645    
1040   1954 25      -605    746     -1166   52      1060    77      -1377   -1510   -488    -123    761     915     1192    1068    639     13      -419    -494    
1040   1955 -20     -633    675     -878    -284    1121    165     -877    -1304   -773    -286    207     747     1356    1247    750     -12     -237    -1145   
1040   1956 -55     -730    631     -1187   -80     916     19      -1218   -1198   -586    -221    562     815     1108    820     680     98      -725    -845    
1040   1957 50      -624    635     -829    -133    999     130     -693    -960    -654    -128    384     703     1292    991     544     159     -315    -801    
1040   1958 -87     -898    683     -1269   -424    1011    384     -1436   -1602   -1441   -159    336     870     1052    1107    876     372     -95     -1015   
1040   1959 182     -456    781     -934    114     1143    247     -1175   -578    -246    56      532     1023    1273    1129    655     180     -93     -621    
1040   1960 0       -607    761     -1089   28      1107    39      -1504   -1146   -474    -43     599     1080    1157    1083    672     -175    -374    -912    
1040   1961 121     -588    715     -942    68      1032    373     -1315   -562    -179    -108    485     1107    1093    900     804     545     -234    -1117   
1040   1962 -43     -556    554     -875    -291    853     87      -767    -726    -1040   -125    296     716     935     903     581     273     -599    -1007   
1040   1963 47      -790    794     -1196   -24     1094    148     -971    -1655   -858    39      748     1071    1049    1162    674     239     -472    -594    
1040   1964 73      -458    686     -652    65      938     47      -572    -799    -571    120     650     881     1015    915     516     104     -479    -934    
1040   1965 -45     -607    658     -852    -116    929     36      -1017   -579    -727    55      331     966     927     897     768     230     -897    -1513   
1040   1966 -117    -1047   643     -1686   -206    1111    34      -1927   -1610   -612    -485    469     1245    1114    977     515     97      -511    -781    
1040   1967 72      -591    704     -983    35      1037    267     -1426   -715    -220    -127    446     876     1147    1084    778     165     -138    -1043   
1040   1968 -59     -628    717     -1105   -66     1089    -165    -1276   -987    -496    -7      308     1113    1111    1044    723     -32     -1191   -1045   
1040   1969 -48     -982    847     -1191   -174    1281    -39     -942    -1629   -1121   47      557     1223    1223    1394    616     217     -959    -1315   
1040   1970 -59     -1019   710     -1558   -147    1121    37      -1634   -1743   -748    -296    598     1256    1031    1081    571     232     -699    -491    
1040   1971 100     -523    704     -642    -59     1008    52      -824    -607    -765    -88     675     849     1140    1029    597     128     -572    -416    
1040   1972 87      -620    751     -982    56      1162    100     -1603   -922    -351    -51     565     1080    1405    999     484     146     -330    -418    
1040   1973 132     -270    707     -461    90      1140    -136    -222    -774    -72     -181    514     1090    1324    1005    465     -98     -776    -773    
1040   1974 142     -550    755     -615    56      1002    73      -537    -526    -593    146     618     987     1010    1009    749     18      -546    -669    
1040   1975 202     -476    726     -613    -74     1108    282     -575    -592    -503    -226    503     835     1251    1228    739     256     -147    -409    
1040   1976 -10     -518    704     -771    -113    1093    -2      -1147   -757    -910    -139    708     929     1211    1134    349     81      -438    -1163   
1040   1977 0       -776    591     -1335   -77     982     186     -1511   -1330   -335    -334    431     868     1050    1024    481     343     -271    -519    
1040   1978 -58     -527    679     -891    -64     1063    38      -858    -1340   -586    -167    558     1062    1142    986     470     149     -508    -1697   
1040   1979 -92     -927    694     -1588   -17     1036    -8      -1895   -1126   -489    -24     461     1143    995     974     605     23      -653    -1166   
1040   1980 -43     -867    833     -1299   -36     1213    -101    -1377   -1358   -695    53      535     1229    1311    1098    754     -133    -924    -1053   
1040   1981 -91     -871    747     -1136   -40     1002    96      -1063   -1310   -788    -86     752     804     1175    1021    791     102     -605    -1960   
1040   1982 69      -849    744     -1481   121     1066    143     -1423   -1016   -201    34      527     744     1288    1155    691     152     -414    -786    
1040   1983 165     -494    777     -776    116     1064    193     -643    -912    -398    60      685     874     1262    1049    708     231     -362    -663    
1040   1984 93      -656    779     -1008   71      1029    201     -1617   -726    -795    216     797     884     1066    1131    561     315     -276    -457    
1040   1985 -93     -606    682     -1054   -68     1099    -31     -1346   -1392   -545    -218    555     1009    1180    1105    435     391     -933    -1465   
1040   1986 1       -872    686     -1489   60      1091    167     -1631   -1359   -283    -261    714     1252    1154    871     361     248     -111    -1028   
1040   1987 -50     -791    649     -1277   -183    931     152     -1885   -879    -1074   135     401     833     1115    842     556     392     -499    -575    
1040   1988 163     -423    815     -602    -65     1213    124     -540    -696    -639    -248    686     1227    1363    1049    788     35      -450    -654    
1040   1989 221     -304    747     -430    136     1077    232     -278    -350    -138    -15     557     1062    1149    1019    693     199     -194    -1089   
1040   1990 237     -336    754     -658    198     1087    136     -751    -78     -74     82      582     1035    1082    1143    580     187     -362    -594    
1040   1991 131     -486    728     -893    116     1105    133     -833    -1289   -96     82      362     771     1393    1142    597     130     -327    -480    
1040   1992 156     -292    755     -467    141     1081    -67     -400    -527    -164    -197    772     1244    1034    971     691     -384    -497    -695    
1040   1993 24      -524    655     -586    105     888     -144    -548    -506    -512    132     696     646     1124    885     423     -74     -783    -1240   
1040   1994 52      -882    759     -1319   5       1156    98      -1115   -1633   -519    108     431     804     1580    1074    530     22      -255    -530    
1040   1995 69      -427    666     -627    -74     1028    155     -732    -620    -459    -189    422     941     1107    1033    660     419     -622    -1186   
1040   1996 -48     -723    692     -1195   -85     1110    -55     -1269   -1126   -579    27      301     932     1053    1340    482     275     -932    -1123   
1040   1997 155     -584    790     -818    -110    1302    96      -597    -724    -426    -238    331     1064    1422    1412    722     20      -452    -746    
1040   1998 89      -443    694     -577    -49     985     43      -610    -352    -512    -157    517     912     1122    918     836     0       -706    -919    
1040   1999 163     -595    829     -822    68      1091    418     -753    -792    -424    192     438     1061    1240    971     1066    164     34      -1273   
1040   2000 246     -434    757     -798    145     979     442     -479    -631    -414    126     721     818     1094    1019    745     534     44      -661    
1040   2001 61      -495    758     -909    -117    1109    265     -835    -1266   -840    -24     515     935     1259    1127    715     314     -234    -1025   
1040   2002 184     -452    1002    -819    271     1346    -53     -925    -475    -365    292     885     1220    1315    1500    777     -128    -806    -1123   
1040   2003 158     -676    836     -997    160     1240    54      -855    -1014   -169    61      585     1078    1505    1133    628     -129    -332    -686    
1040   2004 104     -556    756     -845    149     1021    98      -1235   -598    -350    246     555     797     1077    1182    661     99      -466    -737    
1040   2005 122     -516    717     -687    -113    1025    288     -448    -898    -680    105     312     829     1266    975     733     231     -96     -897    
1040   2006 209     -580    850     -794    -301    1264    362     -759    -718    -1240   -125    467     1108    1405    1275    952     268     -130    -47     
1040   2007 152     -302    787     -599    155     1183    109     -677    -1124   -176    100     540     1175    1223    1152    511     190     -376    -814    
1040   2008 180     -415    780     -594    55      1113    185     -554    -402    -532    105     595     1020    1333    982     629     237     -312    -952    
1040   2009 99      -557    835     -960    183     1098    137     -776    -1174   -414    311     658     908     1219    1161    738     -119    -200    -1202   
1040   2010 -186    -861    713     -1493   -5      1110    -164    -1863   -1405   -407    2       390     851     1336    1136    538     140     -1179   -1860   
1040   2011 225     -876    907     -1249   157     1207    331     -728    -1150   -513    340     650     1165    1315    1139    820     200     -21     -600    
1040   2012 42      -375    639     -805    99      990     101     -1039   -772    -30     -146    465     795     1117    1052    525     -33     -184    -1267   
1040   2013 61      -832    793     -1231   -121    1100    170     -1501   -891    -1100   -127    863     966     1244    1087    701     163     -354    -383    
1040   2014 266     -306    865     -525    228     1213    310     -957    -204    -94     143     632     916     1600    1113    761     389     -224    -909    
1040   2015 222     -315    706     -635    78      1012    265     -707    -253    -176    53      355     761     1065    1202    783     275     -265    -459    
1040   2016 131     -442    802     -801    116     1068    105     -1332   -599    -279    -1      623     1040    1189    975     971     -9      -644    -379    
1040   2017 101     -457    702     -573    5       1011    96      -665    -686    -390    -88     491     972     1089    971     762     197     -675    -818    
1040   2018 158     -718    924     -961    53      1211    229     -982    -1095   -970    58      1072    993     1572    1062    755     196     -262    -594    
1040   2019 -999999 -393    794     -640    63      1186    -999999 -875    -432    -392    136     447     1119    1242    1196    609     -17     -999999 -999999 
