EUROPEAN CLIMATE ASSESSMENT & DATASET (ECA&D), file created on: 13-11-2019
THESE DATA CAN BE USED FOR NON-COMMERCIAL RESEARCH AND EDUCATION PROVIDED THAT THE FOLLOWING SOURCE IS ACKNOWLEDGED: 

Klein Tank, A.M.G. and Coauthors, 2002. Daily dataset of 20th-century surface
air temperature and precipitation series for the European Climate Assessment.
Int. J. of Climatol., 22, 1441-1453.
Data and metadata available at http://www.ecad.eu

FILE FORMAT (MISSING VALUE CODE = -999999):

THIS FILE HOLDS DATA FOR STATION IRELAND                                  GLENAMOY                                 (STAID:   1726)
LATITUDE: dd:mm:ss +54:14:20
LONGITUDE: ddd:mm:ss -009:43:00
ELEVATION: m   25

DATA IS FOR INDEX Mean of daily mean temperature (TG) with unit 0.01 Temperature (&#176;C)

01-06 SOUID: Source identifier
08-11 YEAR : YYYY
13-20 ANNUAL DATA VALUES
21-28 WINTER HALF YEAR DATA VALUES
29-36 SUMMER HALF YEAR DATA VALUES
37-44 WINTER (DJF) DATA VALUES
45-52 SPRING (MAM) DATA VALUES
53-60 SUMMER (JJA) DATA VALUES
61-68 AUTUMN (SON) DATA VALUES
69-76 JANUARY DATA VALUES
etc. 
157-164 DECEMBER DATA VALUES

1726   1961 974     -999999 1204    -999999 972     1306    1002    554     795     931     916     1067    1265    1271    1382    1321    998     687     470     
1726   1962 -999999 -999999 1133    -999999 758     1293    973     510     599     439     806     982     1186    1386    1304    1137    1132    662     596     
1726   1963 848     572     1146    312     802     1331    978     91      237     678     800     923     1356    1354    1282    1170    1059    716     435     
1726   1964 -999999 -999999 -999999 -999999 -999999 -999999 -999999 -999999 -999999 -999999 -999999 -999999 -999999 -999999 -999999 -999999 -999999 -999999 -999999 
1726   1965 -999999 -999999 -999999 -999999 -999999 -999999 -999999 -999999 -999999 -999999 -999999 -999999 -999999 -999999 -999999 -999999 -999999 -999999 -999999 
1726   1966 918     -999999 1187    -999999 819     1353    940     417     614     722     719     1008    1368    1345    1347    1332    876     607     649     
1726   1967 908     655     1148    598     773     1316    933     575     566     643     805     874     1235    1359    1351    1250    895     655     650     
1726   1968 910     630     1142    530     759     1311    1072    641     292     634     763     880     1257    1276    1400    1270    1213    728     521     
1726   1969 915     630     1197    439     762     1370    1043    558     226     489     774     1015    1263    1413    1430    1279    1262    582     590     
1726   1970 926     653     1209    503     784     1386    1036    502     408     549     697     1102    1451    1305    1405    1292    1096    718     549     
1726   1971 988     703     1209    581     818     1348    1124    579     619     648     755     1048    1186    1447    1406    1403    1189    778     769     
1726   1972 874     702     1101    549     785     1229    975     389     483     594     796     965     1035    1361    1286    1152    1107    661     641     
1726   1973 953     710     1200    602     823     1358    1022    593     568     676     747     1042    1254    1364    1452    1331    970     768     637     
1726   1974 917     703     1157    624     832     1319    835     637     594     603     868     1026    1261    1337    1358    1082    843     581     783     
1726   1975 969     662     1217    670     768     1445    1026    638     581     537     839     930     1310    1495    1526    1195    1112    768     668     
1726   1976 -999999 748     -999999 645     -999999 1500    931     671     592     668     -999999 1024    1379    1547    1570    1260    861     673     346     
1726   1977 924     590     1165    418     838     1331    991     404     514     734     741     1035    1138    1436    1414    1215    1163    591     660     
1726   1978 936     661     1185    518     813     1312    1139    483     400     642     718     1075    1207    1348    1379    1373    1174    868     527     
1726   1979 847     602     1119    374     642     1324    1027    251     340     438     684     806     1255    1414    1300    1247    1045    788     570     
1726   1980 938     660     1215    521     832     1329    1014    387     609     548     870     1081    1231    1343    1411    1339    937     760     695     
1726   1981 927     725     1215    635     881     1353    968     677     523     738     883     1021    1217    1339    1499    1326    777     807     301     
1726   1982 950     603     -999999 468     -999999 1409    961     510     608     624     -999999 1068    1380    1463    1385    1231    990     662     553     
1726   1983 988     679     1225    555     772     1499    1051    670     429     746     604     961     1267    1629    1593    1278    1036    840     746     
1726   1984 932     697     1237    592     781     1452    948     429     601     527     888     930     1281    1495    1575    1242    976     615     598     
1726   1985 887     583     1182    445     790     1305    978     221     516     556     853     964     1202    1406    1305    1360    1073    498     648     
1726   1986 864     580     1118    437     706     1328    983     468     167     585     552     974     1372    1403    1213    1114    1078    746     604     
1726   1987 911     649     1198    -999999 834     1340    937     379     482     565     958     987     1140    1445    1430    1214    845     734     650     
1726   1988 -999999 671     1198    568     895     1340    957     502     550     731     886     1066    1368    1305    1347    1216    992     630     -999999 
1726   1989 -999999 -999999 -999999 -999999 -999999 1402    -999999 782     621     -999999 581     1085    1266    1524    1420    1183    1060    676     442     
1726   1990 987     -999999 1232    563     962     1414    988     657     585     833     812     1235    1193    1572    1479    1134    1081    745     555     
1726   1991 -999999 -999999 -999999 -999999 -999999 -999999 -999999 482     366     -999999 763     1063    1146    -999999 1470    -999999 970     672     -999999 
1726   1992 -999999 -999999 -999999 -999999 936     1339    -999999 629     -999999 724     790     1272    1388    1431    1207    1073    804     739     551     
1726   1993 -999999 -999999 -999999 -999999 -999999 -999999 -999999 -999999 -999999 -999999 -999999 -999999 -999999 -999999 -999999 -999999 -999999 -999999 -999999 
1726   1994 -999999 -999999 -999999 -999999 -999999 1326    1044    -999999 -999999 -999999 736     964     1211    1424    1344    1174    1027    931     690     
1726   1995 -999999 -999999 -999999 620     -999999 -999999 -999999 530     633     -999999 858     1000    1346    1639    1719    1257    1168    -999999 374     
1726   1996 -999999 -999999 -999999 -999999 -999999 1367    1043    587     478     571     -999999 897     1276    1410    1415    1347    1057    715     473     
1726   1997 -999999 -999999 -999999 -999999 -999999 -999999 -999999 434     650     831     986     -999999 -999999 1459    1602    -999999 -999999 -999999 688     
