EUROPEAN CLIMATE ASSESSMENT & DATASET (ECA&D), file created on: 13-11-2019
THESE DATA CAN BE USED FOR NON-COMMERCIAL RESEARCH AND EDUCATION PROVIDED THAT THE FOLLOWING SOURCE IS ACKNOWLEDGED: 

Klein Tank, A.M.G. and Coauthors, 2002. Daily dataset of 20th-century surface
air temperature and precipitation series for the European Climate Assessment.
Int. J. of Climatol., 22, 1441-1453.
Data and metadata available at http://www.ecad.eu

FILE FORMAT (MISSING VALUE CODE = -999999):

THIS FILE HOLDS DATA FOR STATION SERBIA                                   ZRENJANIN                                (STAID:   2924)
LATITUDE: dd:mm:ss +45:24:00
LONGITUDE: ddd:mm:ss +020:21:00
ELEVATION: m   80

DATA IS FOR INDEX Mean of daily mean temperature (TG) with unit 0.01 Temperature (&#176;C)

01-06 SOUID: Source identifier
08-11 YEAR : YYYY
13-20 ANNUAL DATA VALUES
21-28 WINTER HALF YEAR DATA VALUES
29-36 SUMMER HALF YEAR DATA VALUES
37-44 WINTER (DJF) DATA VALUES
45-52 SPRING (MAM) DATA VALUES
53-60 SUMMER (JJA) DATA VALUES
61-68 AUTUMN (SON) DATA VALUES
69-76 JANUARY DATA VALUES
etc. 
157-164 DECEMBER DATA VALUES

2924   1966 1182    -999999 1812    -999999 1173    2045    1323    -367    679     556     1323    1645    1939    2095    2097    1759    1616    584     235     
2924   1967 1115    507     1815    14      1152    2097    1300    -336    156     757     1063    1633    1871    2262    2151    1891    1392    615     -132    
2924   1968 1126    437     1825    -5      1278    2022    1165    -254    397     604     1387    1848    2089    2082    1897    1634    1091    772     -35     
2924   1969 1033    316     1749    -129    1099    1944    1243    -351    12      391     1040    1865    1823    2024    1981    1741    1115    878     -179    
2924   1970 1076    412     1719    -44     1061    2044    1122    -49     110     583     1156    1445    2033    2054    2045    1568    1003    799     116     
2924   1971 1080    416     1775    116     1110    2061    972     -29     275     333     1161    1837    1878    2081    2217    1450    909     557     239     
2924   1972 1121    486     1764    206     1271    2068    953     24      366     815     1297    1702    2140    2123    1944    1365    882     616     160     
2924   1973 1057    404     1755    135     1052    2026    1022    -8      267     499     979     1676    1919    2092    2065    1782    1033    249     76      
2924   1974 1116    483     1694    260     1075    1995    1049    145     592     808     976     1439    1756    2010    2211    1750    837     568     263     
2924   1975 1122    472     1787    172     1239    1993    1119    197     42      888     1059    1765    1915    2093    1969    1905    1029    427     95      
2924   1976 1018    287     1650    3       982     1869    1177    -27     -62     245     1160    1548    1788    2081    1735    1576    1195    759     184     
2924   1977 1119    634     1694    305     1190    2013    1076    179     580     908     991     1665    1957    2072    2009    1450    1141    636     -192    
2924   1978 1005    412     1613    -26     1075    1901    919     37      89      738     1051    1435    1821    1979    1899    1475    1068    210     190     
2924   1979 1127    408     1735    85      1188    1998    1134    -151    231     878     968     1712    2153    1887    1959    1718    1045    641     428     
2924   1980 984     415     1628    78      931     1978    1095    -361    172     555     848     1386    1933    2019    1980    1586    1225    469     -29     
2924   1981 1111    397     1775    -82     1193    2061    1179    -325    130     891     1066    1618    2030    2061    2090    1771    1316    446     141     
2924   1982 1123    360     1819    -68     1066    2082    1293    -252    -90     548     816     1826    2082    2086    2076    2009    1319    550     415     
2924   1983 1157    591     1870    289     1331    2110    989     362     69      780     1374    1842    1914    2261    2148    1660    1091    212     82      
2924   1984 1077    344     1722    86      1072    1917    1252    104     71      483     1086    1648    1825    1930    1993    1835    1314    605     6       
2924   1985 1013    229     1778    -358    1150    2007    1059    -600    -494    483     1177    1791    1698    2156    2155    1666    1045    468     501     
2924   1986 1082    396     1841    127     1257    2026    1080    104     -261    458     1423    1896    1940    1954    2180    1637    1079    525     -42     
2924   1987 1068    218     1816    -109    863     2106    1306    -395    133     11      1103    1483    2037    2354    1924    1981    1235    703     199     
2924   1988 1127    562     1826    288     1092    2162    960     335     334     555     1022    1695    1931    2325    2225    1732    1120    22      178     
2924   1989 1159    439     1790    174     1306    2030    1103    -78     449     929     1414    1578    1784    2198    2100    1652    1185    469     188     
2924   1990 1202    569     1791    257     1283    2108    1157    39      574     958     1141    1745    2010    2126    2183    1517    1262    690     139     
2924   1991 1055    478     1721    18      1048    2083    1167    86      -192    826     988     1326    2034    2208    2004    1756    1062    687     -205    
2924   1992 1229    441     1957    58      1236    2317    1212    77      318     706     1280    1724    2073    2246    2625    1772    1171    694     31      
2924   1993 1121    348     1873    -73     1155    2160    1110    -32     -232    410     1146    1909    2046    2188    2244    1685    1361    274     342     
2924   1994 1259    584     1957    309     1278    2243    1236    319     263     903     1193    1737    2053    2361    2310    2073    1027    614     184     
2924   1995 1134    502     1784    252     1114    2124    1030    -32     642     592     1132    1618    1943    2366    2057    1562    1206    315     170     
2924   1996 1050    277     1757    -33     1093    2049    1115    -96     -181    223     1192    1867    2063    2002    2082    1313    1149    883     60      
2924   1997 1071    467     1706    78      1008    2036    1054    -117    312     513     766     1736    2072    2016    2021    1602    870     696     322     
2924   1998 1142    523     1856    386     1116    2191    1095    328     523     405     1321    1627    2199    2203    2172    1601    1288    390     -379    
2924   1999 1167    392     1865    -53     1247    2109    1161    96      144     787     1286    1669    2010    2173    2140    1902    1161    421     144     
2924   2000 1317    438     2007    115     1362    2295    1414    -176    395     680     1505    1904    2209    2225    2447    1734    1438    1068    350     
2924   2001 1177    763     1819    341     1308    2143    1122    287     389     1022    1127    1769    1839    2232    2346    1573    1419    364     -315    
2924   2002 1289    510     1945    122     1340    2284    1269    51      683     872     1143    1999    2228    2421    2201    1652    1198    958     29      
2924   2003 1174    363     2023    -191    1263    2396    1141    -198    -427    561     1119    2104    2435    2279    2475    1702    952     775     204     
2924   2004 1149    443     1790    89      1138    2121    1215    -143    214     653     1226    1537    1970    2239    2150    1600    1389    650     264     
2924   2005 1082    414     1809    -4      1115    2053    1162    58      -369    425     1191    1731    1964    2203    1988    1762    1183    541     201     
2924   2006 1181    409     1864    42      1179    2126    1325    -131    58      571     1308    1662    1986    2374    2014    1826    1369    779     285     
2924   2007 1283    761     1948    493     1358    2339    1008    618     585     910     1292    1871    2265    2402    2348    1486    1070    466     23      
2924   2008 1299    501     1935    222     1310    2265    1270    163     499     786     1306    1837    2234    2249    2310    1655    1340    811     366     
2924   2009 1272    554     2005    151     1356    2224    1340    -135    229     692     1499    1883    2019    2327    2319    1967    1202    854     343     
2924   2010 1248    588     1914    210     1269    2243    1279    -2      276     778     1265    1764    2090    2370    2266    1710    1021    1110    151     
2924   2011 1216    504     1982    67      1214    2241    1205    5       39      660     1321    1712    2150    2265    2306    2099    1150    367     406     
2924   2012 1250    408     2037    38      1289    2388    1466    170     -496    816     1336    1715    2296    2500    2361    2053    1371    980     34      
2924   2013 1276    600     1897    217     1225    2211    1360    235     401     584     1318    1775    2021    2249    2357    1640    1482    955     241     
2924   2014 1353    803     1885    443     1325    2161    1415    430     681     1024    1333    1619    2041    2257    2181    1869    1417    959     389     
2924   2015 1334    698     2025    342     1259    2380    1346    299     337     771     1196    1808    2113    2507    2510    1990    1208    838     350     
2924   2016 1293    694     1970    424     1341    2238    1262    130     806     849     1466    1696    2211    2326    2176    1935    1105    733     24      
2924   2017 1319    500     2025    29      1343    2434    1318    -384    477     1029    1185    1809    2339    2436    2521    1846    1332    774     393     
2924   2018 1366    613     2100    343     1411    2302    1460    435     185     522     1695    2035    2174    2260    2468    1937    1547    892     178     
