EUROPEAN CLIMATE ASSESSMENT & DATASET (ECA&D), file created on: 13-11-2019
THESE DATA CAN BE USED FOR NON-COMMERCIAL RESEARCH AND EDUCATION PROVIDED THAT THE FOLLOWING SOURCE IS ACKNOWLEDGED: 

Klein Tank, A.M.G. and Coauthors, 2002. Daily dataset of 20th-century surface
air temperature and precipitation series for the European Climate Assessment.
Int. J. of Climatol., 22, 1441-1453.
Data and metadata available at http://www.ecad.eu

FILE FORMAT (MISSING VALUE CODE = -999999):

THIS FILE HOLDS DATA FOR STATION GERMANY                                  WEIDENBACH-WEIHERSCHNEIDBACH             (STAID:   4837)
LATITUDE: dd:mm:ss +49:13:32
LONGITUDE: ddd:mm:ss +010:36:34
ELEVATION: m  455

DATA IS FOR INDEX Mean of daily mean temperature (TG) with unit 0.01 Temperature (&#176;C)

01-06 SOUID: Source identifier
08-11 YEAR : YYYY
13-20 ANNUAL DATA VALUES
21-28 WINTER HALF YEAR DATA VALUES
29-36 SUMMER HALF YEAR DATA VALUES
37-44 WINTER (DJF) DATA VALUES
45-52 SPRING (MAM) DATA VALUES
53-60 SUMMER (JJA) DATA VALUES
61-68 AUTUMN (SON) DATA VALUES
69-76 JANUARY DATA VALUES
etc. 
157-164 DECEMBER DATA VALUES

4837   1999 -999999 -999999 -999999 -999999 -999999 -999999 845     -999999 -999999 -999999 -999999 -999999 -999999 1802    1692    1574    799     162     82      
4837   2000 915     290     1437    98      927     1656    931     -87     314     465     925     1390    1668    1498    1803    1328    971     494     192     
4837   2001 847     394     1370    125     851     1690    826     3       187     503     617     1426    1402    1791    1868    1085    1170    210     -162    
4837   2002 893     338     1397    42      831     1733    857     -104    429     486     755     1250    1731    1686    1780    1161    824     587     106     
4837   2003 906     267     1617    -112    901     2050    776     -134    -330    501     791     1408    2028    1898    2222    1329    574     432     64      
4837   2004 816     237     1374    37      747     1648    869     -85     140     295     877     1074    1517    1657    1767    1339    937     329     -77     
4837   2005 807     197     1420    -110    781     1654    876     19      -289    221     895     1233    1666    1769    1527    1421    970     232     -56     
4837   2006 866     137     1467    -181    719     1724    1082    -348    -133    131     773     1254    1632    2104    1433    1591    1105    549     242     
4837   2007 900     521     1433    320     989     1657    698     368     353     494     1111    1365    1681    1672    1619    1137    740     215     9       
4837   2008 877     309     1400    175     841     1686    796     255     267     365     723     1430    1646    1747    1662    1167    819     401     22      
4837   2009 856     185     1506    -160    933     1696    957     -400    -95     345     1115    1345    1484    1743    1855    1480    793     605     -52     
4837   2010 743     200     1380    -186    755     1737    750     -380    -119    337     848     1084    1689    1924    1598    1119    706     427     -369    
4837   2011 893     210     1468    -128    969     1637    854     -40     42      485     1087    1338    1604    1545    1761    1467    807     288     281     
4837   2012 859     284     1455    -12     940     1733    842     92      -436    623     767     1423    1630    1723    1842    1327    773     428     51      
4837   2013 817     192     1393    -43     651     1726    862     -29     -164    65      801     1090    1539    1932    1702    1273    945     366     208     
4837   2014 970     447     1438    234     955     1672    1005    195     306     643     1020    1204    1643    1842    1532    1378    1109    523     207     
4837   2015 958     395     1498    79      859     1875    905     129     -119    474     816     1285    1637    2000    1982    1241    814     662     487     
4837   2016 893     447     1481    288     793     1748    891     85      293     338     760     1281    1642    1854    1744    1591    768     318     31      
4837   2017 889     265     1441    -62     913     1797    857     -462    279     663     702     1368    1809    1807    1775    1167    1003    397     123     
4837   2018 1005    312     1666    71      1008    1896    976     342     -285    235     1221    1575    1748    1947    1988    1500    1006    421     264     
4837   2019 -999999 410     1487    138     856     1870    -999999 -73     231     596     933     1041    1911    1903    1796    1327    1009    -999999 -999999 
