EUROPEAN CLIMATE ASSESSMENT & DATASET (ECA&D), file created on: 13-11-2019
THESE DATA CAN BE USED FOR NON-COMMERCIAL RESEARCH AND EDUCATION PROVIDED THAT THE FOLLOWING SOURCE IS ACKNOWLEDGED: 

Klein Tank, A.M.G. and Coauthors, 2002. Daily dataset of 20th-century surface
air temperature and precipitation series for the European Climate Assessment.
Int. J. of Climatol., 22, 1441-1453.
Data and metadata available at http://www.ecad.eu

FILE FORMAT (MISSING VALUE CODE = -999999):

THIS FILE HOLDS DATA FOR STATION SWEDEN                                   GOTEBORG A                               (STAID:    462)
LATITUDE: dd:mm:ss +57:42:57
LONGITUDE: ddd:mm:ss +011:59:39
ELEVATION: m    5

DATA IS FOR INDEX Mean of daily mean temperature (TG) with unit 0.01 Temperature (&#176;C)

01-06 SOUID: Source identifier
08-11 YEAR : YYYY
13-20 ANNUAL DATA VALUES
21-28 WINTER HALF YEAR DATA VALUES
29-36 SUMMER HALF YEAR DATA VALUES
37-44 WINTER (DJF) DATA VALUES
45-52 SPRING (MAM) DATA VALUES
53-60 SUMMER (JJA) DATA VALUES
61-68 AUTUMN (SON) DATA VALUES
69-76 JANUARY DATA VALUES
etc. 
157-164 DECEMBER DATA VALUES

462    1950 -999999 -999999 -999999 -999999 -999999 -999999 -999999 -999999 -999999 -999999 -999999 -999999 -999999 -999999 -999999 -999999 -999999 -999999 -999999 
462    1951 735     -999999 1236    -999999 418     1543    908     -201    -58     -198    471     984     1454    1558    1615    1318    863     544     422     
462    1952 625     277     1174    119     545     1430    548     -59     -14     -106    692     1054    1225    1574    1485    992     574     78      -24     
462    1953 808     105     1302    -128    683     1616    953     -91     -284    337     619     1091    1692    1615    1545    1242    1016    598     241     
462    1954 670     224     1213    -129    583     1465    761     -230    -428    97      444     1203    1433    1488    1471    1222    780     280     201     
462    1955 670     67      1299    -163    330     1733    856     -235    -484    -185    356     818     1347    1972    1869    1405    727     440     -78     
462    1956 622     39      1193    -339    508     1485    716     -177    -792    76      370     1075    1405    1672    1377    1243    769     134     238     
462    1957 759     255     1217    151     558     1565    791     139     66      157     570     948     1423    1691    1576    1077    921     371     113     
462    1958 674     78      1230    -184    344     1565    969     -234    -458    -287    369     953     1481    1686    1526    1352    986     568     68      
462    1959 861     310     1423    -34     770     1758    903     -165    -2      381     703     1225    1559    1878    1831    1323    872     516     152     
462    1960 705     196     1277    -133    652     1547    758     -254    -308    178     543     1230    1540    1530    1570    1235    655     386     123     
462    1961 876     315     1336    108     813     1543    1070    -54     273     505     809     1125    1575    1564    1491    1445    1219    540     -5      
462    1962 713     319     1181    83      489     1435    862     144     114     -109    663     920     1378    1514    1411    1193    1030    357     -88     
462    1963 700     20      1340    -413    581     1622    975     -663    -496    -57     572     1228    1619    1625    1621    1359    966     601     -50     
462    1964 790     279     1295    1       690     1512    882     106     -56     95      756     1220    1454    1513    1568    1245    813     590     146     
462    1965 722     277     1261    52      569     1505    842     69      -70     90      623     996     1503    1493    1519    1424    1007    90      -135    
462    1966 712     53      1294    -334    556     1664    868     -400    -481    186     323     1152    1723    1701    1570    1278    903     422     85      
462    1967 848     309     1333    6       735     1610    1056    -182    127     485     576     1140    1460    1683    1682    1439    1085    643     -2      
462    1968 798     287     1398    -115    707     1719    858     -229    -112    324     809     993     1721    1657    1778    1422    875     275     34      
462    1969 728     125     1360    -126    519     1714    887     -52     -384    -44     582     1022    1654    1710    1777    1399    923     339     -263    
462    1970 615     -27     1221    -473    453     1593    757     -489    -688    -37     284     1106    1709    1497    1578    1136    841     292     58      
462    1971 760     205     1241    37      535     1550    790     -20     79      -30     479     1155    1390    1681    1573    1147    886     334     386     
462    1972 811     254     1323    13      685     1662    849     -361    15      253     589     1209    1508    1857    1616    1134    850     563     464     
462    1973 827     464     1345    279     732     1708    707     121     250     519     540     1131    1599    1901    1621    1259    634     231     76      
462    1974 887     317     1349    200     806     1569    843     253     278     422     835     1161    1542    1548    1617    1384    654     498     418     
462    1975 937     410     1413    344     686     1751    939     444     150     275     550     1229    1521    1767    1955    1428    917     474     465     
462    1976 746     280     1362    123     557     1737    789     -112    10      -83     569     1186    1527    1874    1802    1187    727     457     -217    
462    1977 735     127     1241    -232    585     1597    844     -211    -273    249     350     1149    1604    1598    1590    1136    968     424     159     
462    1978 705     226     1252    -48     583     1587    904     31      -363    87      501     1159    1576    1591    1593    1072    954     686     -494    
462    1979 596     -12     1220    -598    529     1510    765     -641    -666    51      505     1032    1565    1476    1492    1242    671     385     -45     
462    1980 634     22      1259    -299    504     1565    706     -362    -503    -38     509     1041    1540    1645    1511    1294    674     151     101     
462    1981 657     119     1269    -63     600     1509    832     -196    -96     64      452     1279    1392    1603    1529    1338    780     381     -684    
462    1982 761     0       1299    -505    635     1612    975     -619    -181    318     557     1028    1356    1769    1701    1362    945     618     211     
462    1983 837     366     1369    123     698     1682    856     389     -270    252     690     1152    1508    1826    1707    1312    919     334     130     
462    1984 827     226     1337    21      655     1654    924     -61     -9      33      626     1306    1510    1711    1737    1106    1077    585     261     
462    1985 620     125     1244    -354    584     1564    751     -667    -688    116     390     1238    1417    1674    1597    1122    1003    118     14      
462    1986 697     77      1224    -291    589     1573    864     -311    -606    179     402     1180    1586    1656    1477    1023    891     678     116     
462    1987 626     100     1168    -264    467     1404    841     -789    -104    -195    638     962     1215    1583    1408    1187    935     397     228     
462    1988 845     345     1397    229     633     1711    794     306     146     49      507     1338    1797    1732    1606    1382    767     233     245     
462    1989 957     483     1366    437     821     1653    914     561     512     575     685     1198    1609    1829    1520    1338    967     436     214     
462    1990 963     538     1401    402     899     1695    834     438     571     602     823     1268    1617    1724    1742    1217    907     374     235     
462    1991 856     333     1332    88      710     1638    929     178     -176    431     690     1009    1228    1901    1771    1373    870     544     360     
462    1992 913     465     1447    312     796     1791    771     267     308     434     550     1396    1896    1843    1637    1339    546     436     282     
462    1993 801     316     1306    205     873     1472    686     219     104     294     867     1459    1456    1504    1456    1079    737     239     141     
462    1994 877     209     1442    -4      765     1780    859     160     -346    270     798     1228    1378    2120    1829    1271    750     560     408     
462    1995 798     384     1310    224     640     1650    879     -53     327     312     626     981     1424    1715    1803    1295    1104    230     -222    
462    1996 702     97      1280    -279    564     1643    858     -226    -397    64      703     930     1458    1580    1884    1105    980     484     -187    
462    1997 848     271     1440    -59     628     1887    802     -146    180     315     547     1019    1673    1898    2085    1393    662     356     146     
462    1998 745     336     1229    237     697     1410    684     167     417     276     635     1178    1321    1483    1423    1324    740     -13     -30     
462    1999 857     152     1410    -39     715     1653    1031    -27     -61     279     821     1049    1461    1802    1689    1627    893     576     115     
462    2000 948     409     1379    216     861     1572    1066    251     288     328     908     1349    1459    1643    1610    1292    1139    765     327     
462    2001 806     386     1344    117     614     1656    971     142     -144    50      582     1209    1397    1841    1720    1290    1176    441     -105    
462    2002 907     425     1538    164     863     1855    759     232     386     417     775     1393    1657    1845    2058    1475    557     251     -192    
462    2003 866     105     1468    -161    729     1809    880     -114    -181    283     714     1190    1674    1937    1810    1462    600     587     359     
462    2004 867     290     1415    84      814     1648    896     -202    95      301     857     1285    1439    1613    1884    1397    891     400     419     
462    2005 893     346     1423    234     671     1702    1039    287     -29     72      800     1145    1487    1918    1695    1481    1035    601     167     
462    2006 955     231     1531    -32     568     1860    1229    -191    -75     -170    612     1263    1656    2099    1819    1714    1209    765     691     
462    2007 950     633     1434    394     912     1714    869     394     66      624     915     1197    1754    1632    1759    1338    852     417     392     
462    2008 970     465     1463    406     831     1746    945     372     458     297     850     1346    1617    1925    1694    1325    1030    475     229     
462    2009 887     355     1488    85      873     1728    938     75      -63     344     1038    1242    1560    1831    1789    1455    685     681     -45     
462    2010 672     107     1394    -313    679     1738    755     -548    -349    190     721     1127    1534    1954    1722    1290    793     182     -615    
462    2011 938     73      1499    -282    843     1754    1057    -83     -132    278     1045    1213    1663    1875    1723    1466    987     721     428     
462    2012 834     457     1365    152     847     1620    930     116     -103    562     633     1340    1394    1741    1717    1339    835     619     -223    
462    2013 -999999 155     1425    -155    638     1738    989     -119    -120    -71     585     1397    1582    1849    1779    1334    1039    592     -999999 
462    2014 1032    -999999 1526    -999999 941     1818    1114    23      395     615     930     1278    1611    2119    1717    1481    1160    698     318     
462    2015 965     537     1371    281     774     1665    1030    300     220     502     787     1034    1420    1712    1856    1404    948     740     599     
462    2016 934     459     1515    206     871     1739    965     -160    177     438     751     1420    1749    1799    1669    1687    830     381     438     
462    2017 924     401     1406    244     809     1683    972     135     150     445     665     1312    1615    1741    1690    1396    1006    514     363     
462    2018 992     328     1650    154     864     1928    1026    215     -145    -26     857     1760    1823    2140    1817    1479    1032    567     302     
462    2019 -999999 472     1497    238     854     1825    -999999 43      384     496     976     1095    1783    1864    1826    1429    904     -999999 -999999 
