EUROPEAN CLIMATE ASSESSMENT & DATASET (ECA&D), file created on: 13-11-2019
THESE DATA CAN BE USED FOR NON-COMMERCIAL RESEARCH AND EDUCATION PROVIDED THAT THE FOLLOWING SOURCE IS ACKNOWLEDGED: 

Klein Tank, A.M.G. and Coauthors, 2002. Daily dataset of 20th-century surface
air temperature and precipitation series for the European Climate Assessment.
Int. J. of Climatol., 22, 1441-1453.
Data and metadata available at http://www.ecad.eu

FILE FORMAT (MISSING VALUE CODE = -999999):

THIS FILE HOLDS DATA FOR STATION FINLAND                                  RAUMA MAJAKKA                            (STAID:   7068)
LATITUDE: dd:mm:ss +61:09:00
LONGITUDE: ddd:mm:ss +021:10:00
ELEVATION: m   18

DATA IS FOR INDEX Mean of daily mean temperature (TG) with unit 0.01 Temperature (&#176;C)

01-06 SOUID: Source identifier
08-11 YEAR : YYYY
13-20 ANNUAL DATA VALUES
21-28 WINTER HALF YEAR DATA VALUES
29-36 SUMMER HALF YEAR DATA VALUES
37-44 WINTER (DJF) DATA VALUES
45-52 SPRING (MAM) DATA VALUES
53-60 SUMMER (JJA) DATA VALUES
61-68 AUTUMN (SON) DATA VALUES
69-76 JANUARY DATA VALUES
etc. 
157-164 DECEMBER DATA VALUES

7068   1959 560     -999999 1142    -999999 412     1564    587     -458    -139    33      379     824     1314    1711    1659    939     607     213     -406    
7068   1960 464     -240    1153    -606    192     1575    549     -721    -697    -452    165     861     1459    1708    1553    1151    450     50      -3      
7068   1961 644     62      1124    -73     393     1502    845     -206    -4      75      273     826     1562    1532    1414    1126    1000    405     -307    
7068   1962 421     -60     984     -345    80      1283    691     -315    -419    -745    253     738     1109    1399    1335    1055    801     214     -418    
7068   1963 436     -312    1155    -709    118     1475    752     -715    -1024   -782    107     1028    1259    1555    1604    1355    757     145     -159    
7068   1964 489     -112    1063    -344    129     1441    693     -129    -771    -551    142     797     1263    1578    1478    1096    796     184     -73     
7068   1965 446     -38     1068    -285    188     1389    600     -256    -551    -370    321     617     1347    1424    1393    1298    743     -245    -437    
7068   1966 362     -455    1087    -966    125     1584    624     -1095   -1409   -369    -40     780     1550    1695    1505    1010    595     267     -279    
7068   1967 499     -107    1109    -540    365     1471    851     -916    -411    87      244     760     1230    1635    1538    1226    858     468     -781    
7068   1968 372     -245    1038    -861    200     1429    459     -1244   -537    -231    225     605     1452    1374    1463    1096    348     -63     -46     
7068   1969 391     -327    1111    -521    73      1555    616     -663    -890    -694    216     702     1331    1595    1732    1066    674     107     -568    
7068   1970 399     -356    1101    -920    229     1542    553     -941    -1287   -195    81      796     1421    1639    1562    1082    549     27      -74     
7068   1971 506     -77     1073    -198    167     1484    545     -106    -439    -451    129     823     1246    1610    1587    1019    614     1       -37     
7068   1972 589     -96     1183    -310    241     1669    640     -531    -364    -275    169     826     1518    1894    1592    1075    600     248     278     
7068   1973 561     164     1175    26      394     1677    417     -18     -204    45      262     872     1509    1971    1545    860     427     -37     -558    
7068   1974 637     -60     1123    -228    298     1478    733     -111    8       -79     276     698     1390    1530    1513    1320    590     294     185     
7068   1975 678     170     1188    29      439     1499    768     -7      -104    38      317     957     1232    1659    1599    1340    653     316     73      
7068   1976 356     -119    987     -387    177     1326    438     -764    -476    -526    152     904     1081    1407    1482    866     318     135     -337    
7068   1977 431     -202    957     -505    206     1328    619     -417    -787    -170    77      707     1228    1335    1417    960     608     288     -170    
7068   1978 366     -134    995     -480    210     1369    621     -355    -961    -279    79      827     1327    1433    1346    937     574     352     -974    
7068   1979 453     -299    1112    -873    287     1522    615     -767    -880    -135    125     866     1426    1545    1592    1096    518     234     -282    
7068   1980 443     -240    1139    -559    131     1563    602     -586    -825    -524    270     651     1520    1658    1508    1215    622     -30     -203    
7068   1981 432     -174    1053    -368    167     1432    591     -362    -558    -542    71      968     1217    1624    1448    963     671     137     -533    
7068   1982 504     -191    1055    -657    308     1410    727     -922    -501    -19     177     761     1059    1552    1609    1146    581     458     82      
7068   1983 548     45      1141    -181    378     1420    646     -39     -630    -236    382     990     1229    1559    1467    1203    708     26      -175    
7068   1984 555     -95     1104    -300    300     1414    736     -377    -352    -415    262     1051    1232    1478    1527    1049    840     317     5       
7068   1985 320     -247    979     -806    92      1401    667     -1118   -1356   -256    -63     590     1164    1444    1587    1130    808     56      -280    
7068   1986 422     -150    974     -574    259     1369    688     -597    -873    -80     96      757     1378    1410    1320    866     696     501     -500    
7068   1987 267     -362    851     -912    -40     1192    661     -1515   -702    -655    83      457     990     1358    1220    982     825     170     -64     
7068   1988 545     41      1162    -172    272     1558    618     -172    -288    -239    149     903     1346    1921    1399    1227    669     -42     -373    
7068   1989 688     90      1221    -88     548     1523    729     42      81      159     536     950     1412    1632    1522    1261    672     255     -305    
7068   1990 655     121     1154    -130    526     1508    570     -201    144     169     552     857     1313    1561    1645    978     665     65      77      
7068   1991 628     33      1123    -181    361     1521    759     -115    -540    -10     408     686     1178    1635    1738    1068    743     468     187     
7068   1992 614     261     1116    74      397     1460    500     80      -52     125     158     901     1443    1438    1499    1241    221     49      237     
7068   1993 525     69      1015    46      441     1320    424     32      -151    6       268     1043    1012    1520    1419    799     570     -103    -186    
7068   1994 491     -213    1056    -510    246     1410    665     -290    -1113   -238    355     625     1067    1654    1496    1115    652     229     210     
7068   1995 602     170     1087    26      338     1459    743     -148    16      51      276     684     1448    1441    1489    1175    945     103     -289    
7068   1996 484     -118    1041    -477    158     1483    732     -330    -833    -341    175     640     1157    1449    1833    965     837     390     -195    
7068   1997 600     110     1156    -188    248     1626    657     -126    -248    -25     131     635     1351    1696    1821    1280    517     180     -77     
7068   1998 544     21      1075    -123    270     1387    624     -40     -266    -209    311     709     1191    1523    1441    1258    735     -126    -62     
7068   1999 619     -80     1205    -342    324     1587    880     -458    -523    -89     397     667     1482    1784    1491    1395    835     412     -43     
7068   2000 695     169     1114    -47     349     1434    921     5       -106    -105    367     801     1196    1553    1546    1192    994     573     262     
7068   2001 596     169     1182    -110    250     1587    838     23      -656    -244    339     658     1195    1863    1691    1327    946     238     -325    
7068   2002 614     113     1337    -192    483     1797    451     -219    -2      24      445     979     1528    1852    2042    1265    266     -172    -491    
7068   2003 508     -297    1077    -605    261     1485    669     -750    -569    -89     133     733     1193    1757    1496    1121    531     349     108     
7068   2004 625     44      1172    -168    405     1458    767     -366    -253    -82     449     853     1128    1607    1630    1296    743     263     189     
7068   2005 635     88      1169    -30     219     1537    910     3       -309    -391    293     758     1241    1719    1640    1350    878     518     -116    
7068   2006 652     -15     1242    -301    152     1649    893     -255    -555    -593    272     779     1304    1740    1893    1444    871     365     467     
7068   2007 664     193     1187    -76     447     1563    771     -40     -716    128     353     858     1338    1598    1746    1207    852     250     277     
7068   2008 699     268     1117    154     434     1450    787     73      108     35      430     839     1313    1600    1434    1067    885     406     174     
7068   2009 594     147     1190    -107    380     1490    762     -178    -339    -104    348     894     1179    1589    1692    1418    535     340     -309    
7068   2010 424     -206    1171    -623    250     1604    609     -818    -756    -267    194     805     1156    1950    1692    1199    705     -80     -797    
7068   2011 661     -269    1248    -682    250     1698    980     -385    -884    -224    194     777     1500    1855    1732    1411    923     609     310     
7068   2012 554     169     1152    -185    389     1507    793     -331    -557    29      300     836     1195    1679    1638    1241    702     438     -559    
7068   2013 657     -62     1200    -343    249     1543    886     -312    -138    -492    157     1079    1415    1533    1679    1315    817     529     254     
7068   2014 698     202     1262    -105    480     1635    799     -583    28      162     407     909     1152    1907    1829    1306    744     348     136     
7068   2015 767     240     1185    43      485     1493    938     -54     45      202     413     837     1175    1555    1739    1368    846     602     424     
7068   2016 636     203     1244    -99     497     1549    672     -719    6       57      392     1039    1305    1740    1593    1373    571     77      173     
7068   2017 637     107     1083    -33     329     1465    762     -74     -215    76      232     675     1236    1538    1613    1188    675     426     214     
7068   2018 667     40      1288    -170    338     1630    926     -153    -613    -361    288     1086    1272    1745    1861    1448    831     488     6       
7068   2019 -999999 160     1194    -118    443     1509    -999999 -297    -56     -13     482     861     1511    1443    1573    1283    638     -999999 -999999 
