EUROPEAN CLIMATE ASSESSMENT & DATASET (ECA&D), file created on: 13-11-2019
THESE DATA CAN BE USED FOR NON-COMMERCIAL RESEARCH AND EDUCATION PROVIDED THAT THE FOLLOWING SOURCE IS ACKNOWLEDGED: 

Klein Tank, A.M.G. and Coauthors, 2002. Daily dataset of 20th-century surface
air temperature and precipitation series for the European Climate Assessment.
Int. J. of Climatol., 22, 1441-1453.
Data and metadata available at http://www.ecad.eu

FILE FORMAT (MISSING VALUE CODE = -999999):

THIS FILE HOLDS DATA FOR STATION GERMANY                                  MICHELSTADT                              (STAID:   4413)
LATITUDE: dd:mm:ss +49:40:12
LONGITUDE: ddd:mm:ss +009:00:43
ELEVATION: m  240

DATA IS FOR INDEX Mean of daily mean temperature (TG) with unit 0.01 Temperature (&#176;C)

01-06 SOUID: Source identifier
08-11 YEAR : YYYY
13-20 ANNUAL DATA VALUES
21-28 WINTER HALF YEAR DATA VALUES
29-36 SUMMER HALF YEAR DATA VALUES
37-44 WINTER (DJF) DATA VALUES
45-52 SPRING (MAM) DATA VALUES
53-60 SUMMER (JJA) DATA VALUES
61-68 AUTUMN (SON) DATA VALUES
69-76 JANUARY DATA VALUES
etc. 
157-164 DECEMBER DATA VALUES

4413   1987 842     -999999 1425    -999999 716     1654    1014    -449    68      133     993     1030    1497    1815    1644    1565    961     517     296     
4413   1988 994     485     1486    339     925     1719    933     436     282     405     868     1498    1572    1791    1791    1375    1061    359     450     
4413   1989 993     549     1482    356     998     1741    909     256     364     777     730     1476    1575    1883    1760    1443    1022    259     306     
4413   1990 1008    535     1471    395     994     1774    919     296     601     720     797     1459    1597    1795    1926    1225    1017    512     111     
4413   1991 921     408     1489    57      838     1852    935     221     -184    717     755     1039    1488    2075    1980    1572    823     415     57      
4413   1992 1000    377     1587    150     993     1903    905     130     271     557     859     1559    1747    1950    2007    1371    705     646     167     
4413   1993 959     391     1546    173     1055    1746    745     391     -62     463     1145    1561    1723    1776    1739    1317    799     115     456     
4413   1994 1087    451     1583    332     1007    1939    1046    371     150     776     867     1374    1768    2201    1843    1424    847     875     473     
4413   1995 981     542     1513    381     890     1833    957     123     566     381     991     1302    1563    2092    1837    1270    1226    365     26      
4413   1996 824     291     1400    -46     791     1717    873     -95     -70     271     888     1216    1681    1695    1772    1134    954     527     -115    
4413   1997 980     387     1527    27      951     1865    911     -245    484     734     719     1393    1680    1813    2096    1437    826     473     313     
4413   1998 994     490     1527    327     1033    1786    849     295     379     643     958     1497    1827    1755    1777    1336    970     237     211     
4413   1999 1048    424     1635    225     1057    1840    1022    333     123     637     1005    1527    1675    2024    1816    1747    928     395     295     
4413   2000 1070    490     1562    314     1084    1771    1072    204     451     665     1058    1530    1842    1604    1870    1456    1093    668     389     
4413   2001 1025    570     1551    321     1047    1864    968     173     409     677     808     1648    1584    2021    1977    1237    1292    364     43      
4413   2002 1079    512     1580    241     1020    1916    1020    104     610     665     956     1437    1947    1890    1911    1323    984     755     342     
4413   2003 1043    472     1702    124     1051    2124    886     65      -52     697     952     1502    2140    2030    2204    1366    638     662     231     
4413   2004 999     419     1556    248     942     1834    991     172     348     467     1081    1284    1725    1866    1908    1459    1027    486     151     
4413   2005 982     405     1551    137     967     1776    1039    268     -22     482     1041    1380    1783    1893    1654    1546    1133    437     122     
4413   2006 1028    320     1603    11      864     1862    1245    -141    56      291     887     1414    1758    2262    1563    1718    1258    759     444     
4413   2007 1037    696     1553    503     1129    1767    838     539     528     633     1251    1507    1792    1789    1720    1249    860     404     143     
4413   2008 1004    451     1520    312     973     1822    906     433     362     497     815     1603    1789    1868    1806    1214    942     563     131     
4413   2009 995     334     1611    0       1066    1808    1075    -240    123     475     1231    1499    1617    1866    1934    1503    919     809     161     
4413   2010 888     382     1506    13      878     1868    903     -207    94      502     985     1151    1793    2089    1720    1285    822     604     -222    
4413   2011 1056    383     1606    71      1133    1756    1016    194     261     635     1248    1519    1735    1664    1867    1595    985     469     451     
4413   2012 1001    460     1564    184     1072    1834    954     282     -205    738     903     1568    1694    1836    1967    1392    885     587     307     
4413   2013 962     353     1525    145     769     1870    1009    128     -17     197     928     1187    1672    2081    1850    1415    1112    497     414     
4413   2014 1114    614     1572    437     1093    1789    1142    400     504     740     1208    1334    1739    1969    1658    1516    1231    677     355     
4413   2015 1096    544     1622    256     978     2003    1001    272     127     562     968     1403    1750    2154    2098    1332    877     798     730     
4413   2016 1040    602     1617    482     931     1890    1028    300     409     490     877     1423    1776    1990    1899    1721    903     465     212     
4413   2017 1061    447     1597    151     1077    1941    1016    -205    477     833     863     1527    1960    1968    1895    1347    1140    558     333     
4413   2018 1156    491     1792    278     1133    2050    1104    556     -91     398     1351    1658    1903    2144    2097    1581    1097    634     455     
4413   2019 -999999 579     1615    327     985     2003    -999999 109     426     740     1044    1174    2029    2006    1975    1450    1142    -999999 -999999 
