EUROPEAN CLIMATE ASSESSMENT & DATASET (ECA&D), file created on: 13-11-2019
THESE DATA CAN BE USED FOR NON-COMMERCIAL RESEARCH AND EDUCATION PROVIDED THAT THE FOLLOWING SOURCE IS ACKNOWLEDGED: 

Klein Tank, A.M.G. and Coauthors, 2002. Daily dataset of 20th-century surface
air temperature and precipitation series for the European Climate Assessment.
Int. J. of Climatol., 22, 1441-1453.
Data and metadata available at http://www.ecad.eu

FILE FORMAT (MISSING VALUE CODE = -999999):

THIS FILE HOLDS DATA FOR STATION SWEDEN                                   FILMS_KYRKBY                             (STAID:   5537)
LATITUDE: dd:mm:ss +60:14:24
LONGITUDE: ddd:mm:ss +017:54:36
ELEVATION: m   39

DATA IS FOR INDEX Mean of daily mean temperature (TG) with unit 0.01 Temperature (&#176;C)

01-06 SOUID: Source identifier
08-11 YEAR : YYYY
13-20 ANNUAL DATA VALUES
21-28 WINTER HALF YEAR DATA VALUES
29-36 SUMMER HALF YEAR DATA VALUES
37-44 WINTER (DJF) DATA VALUES
45-52 SPRING (MAM) DATA VALUES
53-60 SUMMER (JJA) DATA VALUES
61-68 AUTUMN (SON) DATA VALUES
69-76 JANUARY DATA VALUES
etc. 
157-164 DECEMBER DATA VALUES

5537   1963 -999999 -999999 -999999 -999999 370     -999999 625     -999999 -999999 -475    333     1225    1433    -999999 1552    1177    597     103     -999999 
5537   1964 -999999 -103    -999999 -999999 428     -999999 569     -262    -439    -301    497     1090    1382    -999999 1338    1046    601     60      -999999 
5537   1965 -999999 -999999 -999999 -999999 311     -999999 517     -230    -450    -225    398     764     1409    -999999 1361    1211    665     -331    -577    
5537   1966 439     -418    1151    -891    280     1626    549     -852    -1283   -209    52      991     1739    1702    1441    960     523     165     -95     
5537   1967 -999999 -18     -999999 -361    504     -999999 742     -774    -197    260     419     829     1367    -999999 1524    1156    732     337     -642    
5537   1968 -999999 -144    -999999 -671    465     -999999 473     -854    -507    61      607     731     1668    -999999 1527    1111    430     -121    -344    
5537   1969 -999999 -294    -999999 -520    223     -999999 572     -418    -828    -531    377     827     1581    -999999 1705    1089    675     -51     -598    
5537   1970 -999999 -364    -999999 -902    303     -999999 535     -856    -1291   -142    173     873     1624    -999999 1541    1054    612     -63     -175    
5537   1971 -999999 -59     -999999 -190    322     -999999 494     -180    -218    -345    224     1084    1386    -999999 1515    946     590     -58     -999999 
5537   1972 -999999 -999999 -999999 -999999 390     -999999 582     -621    -202    -27     320     875     1600    1908    -999999 1002    569     176     272     
5537   1973 -999999 193     -999999 56      -999999 -999999 313     76      -206    234     308     -999999 1626    -999999 1493    880     316     -259    -399    
5537   1974 -999999 -52     -999999 -135    446     -999999 643     -35     46      21      506     812     -999999 -999999 1520    1186    492     256     -15     
5537   1975 -999999 115     -999999 -43     472     -999999 705     33      -159    58      342     1013    1384    -999999 1741    1279    617     222     -78     
5537   1976 -999999 -999999 -999999 -999999 -999999 -999999 449     -679    -999999 -376    -999999 1026    1358    -999999 1551    784     444     121     -999999 
5537   1977 -999999 -999999 -999999 -999999 -999999 -999999 597     -999999 -611    14      -999999 908     1394    -999999 1391    891     680     218     -999999 
5537   1978 -999999 -999999 -999999 -999999 323     -999999 -999999 -239    -714    -173    200     939     -999999 -999999 1425    -999999 -999999 338     -854    
5537   1979 -999999 -999999 -999999 -999999 424     -999999 535     -999999 -798    -64     274     1056    -999999 -999999 -999999 1038    418     153     -999999 
5537   1980 -999999 -999999 -999999 -999999 -999999 -999999 -999999 -605    -999999 -999999 -999999 822     1590    -999999 1431    1207    433     -999999 -999999 
5537   1981 -999999 -999999 -999999 -999999 -999999 -999999 -999999 -999999 -362    -300    -999999 1158    -999999 -999999 -999999 -999999 -999999 -999999 -999999 
5537   1982 -999999 -999999 -999999 -999999 468     -999999 680     -999999 -442    82      372     946     1180    -999999 1572    1107    603     332     -123    
5537   1983 589     27      1210    -226    423     1568    608     -65     -519    -112    354     1025    1388    1701    1610    1161    635     27      -223    
5537   1984 -999999 -104    -999999 -318    412     -999999 674     -463    -266    -340    472     1107    1342    -999999 1520    991     769     258     -40     
5537   1985 304     -252    1052    -797    269     1470    487     -1067   -1337   -182    122     863     1326    1570    1511    896     661     -102    -743    
5537   1986 471     -298    1094    -808    480     1474    560     -682    -1019   32      158     1238    1599    1600    1227    716     598     365     -293    
5537   1987 346     -296    998     -748    206     1299    607     -1368   -564    -518    411     731     1170    1517    1207    937     748     132     -301    
5537   1988 556     28      1220    -156    392     1567    457     -34     -130    -253    305     1122    1474    1810    1415    1172    442     -242    -431    
5537   1989 717     68      1257    -24     638     1560    644     187     192     259     485     1165    1491    1718    1468    1194    643     96      -365    
5537   1990 697     160     1200    -59     692     1511    520     -87     301     366     640     1068    1438    1520    1573    943     612     1       -38     
5537   1991 612     33      1153    -192    475     1529    634     -176    -380    139     511     776     1187    1743    1646    1030    624     247     -77     
5537   1992 648     151     1223    -57     571     1581    457     -10     -85     196     229     1277    1620    1614    1511    1066    225     87      11      
5537   1993 569     44      1104    -45     612     1366    380     -63     -88     81      533     1220    1152    1608    1330    754     450     -67     -144    
5537   1994 566     -168    1231    -445    454     1618    549     -359    -872    -81     607     840     1307    1998    1540    1072    488     90      51      
5537   1995 544     64      1157    -107    422     1566    584     -353    -10     113     307     842     1493    1632    1571    1077    832     -166    -845    
5537   1996 500     -277    1166    -729    368     1600    612     -479    -873    -163    509     763     1455    1530    1812    906     724     203     -437    
5537   1997 654     56      1273    -254    437     1764    543     -216    -92     146     328     835     1538    1821    1926    1166    377     90      -128    
5537   1998 565     26      1116    -67     402     1396    513     -73     6       -119    364     960     1244    1576    1363    1169    507     -139    -125    
5537   1999 681     -52     1336    -257    530     1680    824     -324    -330    68      620     906     1656    1898    1486    1442    684     350     -342    
5537   2000 -999999 75      -999999 -226    -999999 1407    818     -204    -127    85      596     -999999 1325    1472    1423    955     932     563     98      
5537   2001 584     113     1219    -203    399     1585    683     -197    -543    -224    479     944     1389    1819    1542    1118    792     136     -328    
5537   2002 619     57      1355    -228    603     1767    379     -339    4       75      588     1146    1615    1814    1867    1077    187     -121    -525    
5537   2003 -999999 -209    1243    -510    528     1629    559     -491    -515    184     339     1055    1407    1912    1562    1158    269     260     -999999 
5537   2004 627     -999999 1205    -999999 497     1515    568     -999999 -236    -6      567     933     1321    1557    1660    1172    575     -42     -23     
5537   2005 591     -30     1172    -99     349     -999999 745     -6      -284    -422    531     942     1344    -999999 1504    1186    722     328     -170    
5537   2006 683     -72     1342    -315    290     1751    820     -416    -365    -545    437     982     1593    1894    1761    1364    779     317     322     
5537   2007 652     186     1249    -98     659     1574    569     -168    -487    294     684     1001    1494    1613    1614    1071    582     53      -10     
5537   2008 685     149     1206    68      553     1549    579     84      133     45      575     1041    1507    1705    1434    954     660     121     -64     
5537   2009 610     -2      1263    -264    591     1519    683     -300    -446    -21     710     1088    1278    1676    1595    1213    391     456     -379    
5537   2010 419     -243    1245    -706    417     1649    434     -995    -750    -211    460     1004    1390    1990    1559    1037    454     -190    -798    
5537   2011 678     -280    1348    -646    604     1660    774     -396    -754    -40     768     1088    1626    1767    1585    1241    673     411     78      
5537   2012 564     116     1149    -215    577     1467    631     -272    -466    -999999 356     1021    1257    1621    1516    1100    495     302     -546    
5537   2013 618     -157    1255    -419    373     1591    665     -484    -207    -493    351     1260    1510    1675    1586    1123    638     236     170     
5537   2014 716     192     1261    -18     638     1609    753     -364    157     313     605     995     1228    1967    1620    1122    762     377     -226    
5537   2015 696     186     1200    -94     573     1503    656     -64     19      238     592     890     1297    1580    1626    1199    486     288     150     
5537   2016 640     50      1267    -225    601     1565    642     -672    -147    190     467     1141    1479    1700    1514    1280    581     68      50      
5537   2017 626     93      1147    -98     492     1479    649     -215    -132    184     347     940     1403    1534    1497    1145    616     187     -51     
5537   2018 693     -49     1413    -244    535     1753    722     -204    -501    -375    515     1464    1534    2035    1682    1217    676     274     -89     
5537   2019 -999999 90      1263    -183    554     1634    -999999 -462    21      116     632     916     1671    1597    1634    1118    538     -999999 -999999 
