EUROPEAN CLIMATE ASSESSMENT & DATASET (ECA&D), file created on: 13-11-2019
THESE DATA CAN BE USED FOR NON-COMMERCIAL RESEARCH AND EDUCATION PROVIDED THAT THE FOLLOWING SOURCE IS ACKNOWLEDGED: 

Klein Tank, A.M.G. and Coauthors, 2002. Daily dataset of 20th-century surface
air temperature and precipitation series for the European Climate Assessment.
Int. J. of Climatol., 22, 1441-1453.
Data and metadata available at http://www.ecad.eu

FILE FORMAT (MISSING VALUE CODE = -999999):

THIS FILE HOLDS DATA FOR STATION GERMANY                                  SCHWARZENBERG                            (STAID:  11771)
LATITUDE: dd:mm:ss +50:33:03
LONGITUDE: ddd:mm:ss +012:46:04
ELEVATION: m   42

DATA IS FOR INDEX Mean of daily mean temperature (TG) with unit 0.01 Temperature (&#176;C)

01-06 SOUID: Source identifier
08-11 YEAR : YYYY
13-20 ANNUAL DATA VALUES
21-28 WINTER HALF YEAR DATA VALUES
29-36 SUMMER HALF YEAR DATA VALUES
37-44 WINTER (DJF) DATA VALUES
45-52 SPRING (MAM) DATA VALUES
53-60 SUMMER (JJA) DATA VALUES
61-68 AUTUMN (SON) DATA VALUES
69-76 JANUARY DATA VALUES
etc. 
157-164 DECEMBER DATA VALUES

11771  1936 690     -999999 1173    -999999 638     1455    590     188     -76     368     484     1058    1399    1556    1408    1117    441     218     78      
11771  1937 715     129     1270    -39     709     1490    755     -277    96      217     606     1301    1468    1535    1465    1228    834     202     -132    
11771  1938 703     234     1152    -64     568     1526    838     13      -73     530     266     898     1477    1542    1557    1152    758     609     -349    
11771  1939 676     196     1225    -48     507     1530    696     171     44      -58     730     855     1442    1600    1546    1166    500     427     -334    
11771  1940 511     -130    1153    -611    575     1380    749     -1024   -466    113     652     963     1442    1448    1254    1152    643     455     -508    
11771  1941 545     -13     1083    -444    392     1476    570     -691    -101    130     340     703     1416    1635    1375    1014    672     22      -21     
11771  1942 577     -185    1220    -618    551     1422    877     -1132   -711    19      555     1079    1236    1470    1554    1414    1045    167     137     
11771  1943 739     306     1256    59      737     1496    762     -130    180     419     725     1065    1258    1556    1665    1247    897     137     -195    
11771  1944 657     86      1211    -125    464     1517    752     150     -344    -155    595     957     1247    1565    1730    1148    815     291     -163    
11771  1945 -999999 -999999 -999999 -157    -999999 -999999 -999999 -558    293     -999999 -999999 -999999 -999999 -999999 -999999 -999999 -999999 -999999 -999999 
11771  1946 -999999 -999999 -999999 -999999 -999999 -999999 -999999 -999999 -999999 -999999 -999999 -999999 -999999 -999999 -999999 -999999 -999999 -999999 -999999 
11771  1947 696     -999999 1431    -999999 775     1635    850     -638    -822    202     820     1305    1593    1691    1618    1548    601     410     -75     
11771  1948 788     247     1302    4       840     1479    800     232     -154    450     860     1212    1430    1462    1544    1292    769     342     -15     
11771  1949 768     184     1294    -5      666     1440    887     -10     10      -1      886     1119    1199    1571    1542    1434    940     284     190     
11771  1950 737     264     1335    10      704     1655    731     -349    208     303     558     1245    1623    1723    1619    1222    663     309     -306    
11771  1951 805     160     1317    -44     613     1597    862     94      93      108     660     1073    1473    1628    1686    1370    645     580     210     
11771  1952 690     219     1318    -12     705     1645    547     -81     -176    120     922     1080    1421    1743    1765    955     644     39      -185    
11771  1953 817     88      1350    -176    785     1599    898     -229    -108    346     831     1179    1537    1713    1544    1280    946     465     233     
11771  1954 665     172     1186    -267    596     1469    845     -574    -481    391     364     1040    1547    1344    1519    1286    952     294     229     
11771  1955 640     147     1185    -101    462     1475    739     -220    -335    -81     515     954     1376    1556    1490    1205    707     306     138     
11771  1956 554     -26     1178    -407    516     1411    710     -150    -1264   38      393     1114    1212    1634    1381    1315    751     62      65      
11771  1957 764     283     1199    98      659     1567    749     -72     322     566     583     825     1618    1685    1398    1076    833     337     -28     
11771  1958 730     151     1276    -18     485     1542    834     -138    126     -222    370     1305    1376    1618    1625    1336    839     327     153     
11771  1959 768     275     1289    -29     827     1578    685     -114    -136    543     841     1096    1464    1717    1551    1048    658     349     128     
11771  1960 722     194     1218    -37     661     1486    812     -135    -109    261     586     1134    1467    1450    1539    1118    805     512     3       
11771  1961 799     328     1301    48      784     1467    949     -140    306     488     1020    853     1500    1415    1486    1537    975     334     -196    
11771  1962 606     145     1174    -105    491     1415    715     36      -160    -141    754     870     1287    1423    1531    1169    781     191     -512    
11771  1963 614     -155    1292    -705    667     1548    901     -887    -716    171     725     1107    1479    1655    1507    1267    735     707     -450    
11771  1964 686     43      1335    -351    608     1600    730     -382    -213    -135    733     1231    1681    1683    1438    1232    607     356     -39     
11771  1965 -999999 104     -999999 -130    506     -999999 -999999 8       -382    29      514     976     1437    -999999 -999999 -999999 -999999 -999999 -999999 
