EUROPEAN CLIMATE ASSESSMENT & DATASET (ECA&D), file created on: 13-11-2019
THESE DATA CAN BE USED FOR NON-COMMERCIAL RESEARCH AND EDUCATION PROVIDED THAT THE FOLLOWING SOURCE IS ACKNOWLEDGED: 

Klein Tank, A.M.G. and Coauthors, 2002. Daily dataset of 20th-century surface
air temperature and precipitation series for the European Climate Assessment.
Int. J. of Climatol., 22, 1441-1453.
Data and metadata available at http://www.ecad.eu

FILE FORMAT (MISSING VALUE CODE = -999999):

THIS FILE HOLDS DATA FOR STATION GERMANY                                  WITZENHAUSEN                             (STAID:   4780)
LATITUDE: dd:mm:ss +51:21:02
LONGITUDE: ddd:mm:ss +009:50:42
ELEVATION: m  133

DATA IS FOR INDEX Mean of daily mean temperature (TG) with unit 0.01 Temperature (&#176;C)

01-06 SOUID: Source identifier
08-11 YEAR : YYYY
13-20 ANNUAL DATA VALUES
21-28 WINTER HALF YEAR DATA VALUES
29-36 SUMMER HALF YEAR DATA VALUES
37-44 WINTER (DJF) DATA VALUES
45-52 SPRING (MAM) DATA VALUES
53-60 SUMMER (JJA) DATA VALUES
61-68 AUTUMN (SON) DATA VALUES
69-76 JANUARY DATA VALUES
etc. 
157-164 DECEMBER DATA VALUES

4780   1948 975     -999999 1488    -999999 1061    1651    923     440     110     649     1101    1435    1640    1635    1678    1430    886     454     211     
4780   1949 962     382     1476    231     867     1626    1053    231     252     249     1093    1267    1433    1757    1681    1615    1108    434     379     
4780   1950 917     471     1483    260     882     1776    915     -5      424     483     744     1414    1789    1816    1724    1395    822     531     -156    
4780   1951 933     357     1418    150     770     1684    959     330     291     325     776     1211    1554    1761    1733    1458    672     755     299     
4780   1952 854     381     1431    174     883     1730    706     128     91      337     1040    1278    1539    1845    1800    1064    790     263     38      
4780   1953 950     298     1446    57      945     1682    983     52      84      536     938     1362    1638    1774    1632    1315    1037    593     375     
4780   1954 850     346     1347    -24     798     1587    999     -255    -211    488     647     1255    1631    1496    1636    1402    1099    492     446     
4780   1955 802     316     1340    60      635     1633    891     -138    -148    104     762     1043    1503    1736    1654    1326    871     476     368     
4780   1956 740     213     1294    -158    749     1519    855     96      -992    388     569     1284    1361    1739    1451    1338    872     354     335     
4780   1957 913     489     1329    320     832     1663    907     160     479     726     798     971     1669    1812    1507    1206    979     532     88      
4780   1958 884     339     1386    164     655     1629    986     78      345     18      600     1347    1470    1695    1716    1465    998     494     348     
4780   1959 934     455     1464    171     984     1769    803     94      60      698     994     1258    1629    1949    1723    1213    807     388     327     
4780   1960 899     381     1357    190     861     1582    1010    80      161     506     805     1269    1622    1565    1561    1306    995     728     173     
4780   1961 933     514     1418    232     932     1566    1056    -5      560     646     1086    1068    1589    1517    1592    1658    1063    448     -27     
4780   1962 727     326     1253    136     633     1471    769     294     141     24      876     1008    1406    1489    1517    1212    864     227     -360    
4780   1963 707     -57     1387    -585    800     1617    963     -792    -605    281     896     1225    1592    1695    1561    1339    749     808     -337    
4780   1964 816     181     1420    -186    747     1681    851     -276    70      83      837     1323    1736    1741    1566    1303    696     559     147     
4780   1965 775     299     1269    99      709     1494    720     227     -96     230     712     1185    1568    1519    1397    1224    810     123     337     
4780   1966 877     312     1367    176     861     1571    898     -231    447     395     888     1302    1650    1532    1534    1285    1133    269     295     
4780   1967 925     491     1360    295     846     1628    981     234     364     631     665     1237    1484    1798    1598    1361    1194    382     98      
4780   1968 836     366     1369    41      832     1610    945     -47     73      479     915     1106    1604    1590    1637    1352    1081    399     -180    
4780   1969 804     243     1388    -41     708     1668    952     205     -161    79      727     1319    1513    1847    1640    1263    1022    570     -443    
4780   1970 814     181     1349    -248    672     1647    972     -229    -52     206     606     1203    1690    1603    1651    1330    955     632     120     
4780   1971 872     337     1401    87      805     1655    812     -77     231     161     846     1410    1438    1758    1762    1170    842     423     445     
4780   1972 794     394     1277    188     806     1564    727     -161    288     524     757     1135    1415    1740    1533    1062    637     485     102     
4780   1973 853     308     1392    100     727     1707    864     56      145     410     528     1236    1637    1732    1748    1452    755     389     94      
4780   1974 924     447     1302    302     835     1536    834     457     363     616     808     1082    1407    1545    1653    1307    610     592     604     
4780   1975 942     497     1453    448     796     1737    896     583     126     435     759     1193    1478    1850    1875    1544    765     383     245     
4780   1976 879     319     1416    193     718     1735    946     210     120     178     676     1299    1698    1942    1563    1299    974     563     -1      
4780   1977 921     460     1307    173     816     1608    973     165     376     681     633     1129    1560    1656    1605    1244    1058    615     294     
4780   1978 838     456     1286    141     825     1521    907     207     -100    617     688     1167    1483    1530    1547    1286    957     478     126     
4780   1979 813     242     1335    -149    790     1575    885     -388    -191    436     709     1222    1658    1540    1528    1344    911     399     517     
4780   1980 827     401     1317    218     728     1568    900     -154    297     430     664     1089    1500    1544    1659    1434    862     404     182     
4780   1981 871     367     1403    32      991     1613    953     -77     -14     807     809     1350    1550    1647    1639    1410    892     558     -176    
4780   1982 944     265     1483    -114    813     1780    1111    -226    77      457     704     1275    1640    1898    1798    1565    1049    720     310     
4780   1983 955     513     1488    241     882     1804    930     513     -138    568     909     1169    1632    1962    1813    1427    1009    353     150     
4780   1984 864     347     1313    156     680     1585    997     219     95      241     684     1115    1420    1587    1742    1314    1097    577     242     
4780   1985 784     254     1384    -188    862     1568    800     -509    -308    378     834     1372    1345    1691    1662    1379    917     98      462     
4780   1986 847     231     1373    -20     838     1667    936     136     -728    402     679     1427    1608    1737    1653    1112    1003    693     317     
4780   1987 771     207     1364    -104    605     1580    995     -607    -12     -157    962     1020    1429    1712    1594    1462    959     566     293     
4780   1988 953     498     1418    365     854     1650    896     479     321     362     773     1425    1527    1718    1702    1346    987     352     414     
4780   1989 949     533     1377    377     913     1597    933     328     391     705     723     1303    1462    1679    1645    1434    1108    250     312     
4780   1990 973     576     1370    444     927     1657    906     388     654     742     739     1294    1526    1612    1827    1201    1003    511     156     
4780   1991 848     390     1345    51      760     1654    917     219     -252    645     682     950     1363    1863    1727    1466    813     476     143     
4780   1992 954     417     1475    226     888     1799    877     191     353     524     782     1355    1680    1812    1902    1299    684     654     196     
4780   1993 877     347     1429    109     965     1599    740     269     -164    401     1058    1439    1581    1634    1581    1270    885     59      426     
4780   1994 1001    413     1489    271     933     1822    943     392     -37     694     843     1259    1620    2098    1740    1352    777     705     482     
4780   1995 936     496     1453    373     815     1760    992     74      584     368     916     1165    1440    2007    1823    1346    1238    384     -137    
4780   1996 -999999 218     -999999 -176    698     -999999 870     -245    -143    192     792     1113    -999999 1561    1686    1118    935     554     -214    
4780   1997 921     367     1404    3       854     1727    893     -275    552     673     626     1256    1563    1687    1925    1346    807     527     340     
4780   1998 951     530     1418    415     948     1630    855     367     550     591     921     1331    1642    1629    1618    1356    944     260     177     
4780   1999 -999999 433     -999999 248     959     -999999 -999999 429     126     626     875     1372    -999999 -999999 1692    -999999 -999999 -999999 -999999 
