EUROPEAN CLIMATE ASSESSMENT & DATASET (ECA&D), file created on: 13-11-2019
THESE DATA CAN BE USED FOR NON-COMMERCIAL RESEARCH AND EDUCATION PROVIDED THAT THE FOLLOWING SOURCE IS ACKNOWLEDGED: 

Klein Tank, A.M.G. and Coauthors, 2002. Daily dataset of 20th-century surface
air temperature and precipitation series for the European Climate Assessment.
Int. J. of Climatol., 22, 1441-1453.
Data and metadata available at http://www.ecad.eu

FILE FORMAT (MISSING VALUE CODE = -999999):

THIS FILE HOLDS DATA FOR STATION RUSSIAN FEDERATION                       CHARA                                    (STAID:   3238)
LATITUDE: dd:mm:ss +56:54:00
LONGITUDE: ddd:mm:ss +118:16:00
ELEVATION: m  709

DATA IS FOR INDEX Mean of daily mean temperature (TG) with unit 0.01 Temperature (&#176;C)

01-06 SOUID: Source identifier
08-11 YEAR : YYYY
13-20 ANNUAL DATA VALUES
21-28 WINTER HALF YEAR DATA VALUES
29-36 SUMMER HALF YEAR DATA VALUES
37-44 WINTER (DJF) DATA VALUES
45-52 SPRING (MAM) DATA VALUES
53-60 SUMMER (JJA) DATA VALUES
61-68 AUTUMN (SON) DATA VALUES
69-76 JANUARY DATA VALUES
etc. 
157-164 DECEMBER DATA VALUES

3238   1938 -999999 -999999 -999999 -999999 -999999 1404    -714    -999999 -999999 -999999 -999999 -999999 1307    1524    1377    624     -615    -2155   -3386   
3238   1939 -620    -2361   904     -3218   -495    1476    -698    -3576   -2635   -1820   -63     413     1349    1649    1426    624     -630    -2088   -2203   
3238   1940 -777    -2130   790     -2858   -480    1418    -959    -3571   -2796   -1533   -380    476     1364    1628    1261    360     -928    -2310   -2952   
3238   1941 -999999 -2536   837     -3258   -861    1587    -999999 -3375   -3469   -2266   -735    422     1432    1915    1409    536     -999999 -2277   -999999 
3238   1942 -863    -999999 678     -999999 -735    1318    -875    -3196   -3199   -1864   -573    238     1259    1548    1146    420     -765    -2285   -3237   
3238   1943 -734    -2319   855     -3117   -404    1335    -838    -3455   -2621   -1617   -339    746     1207    1574    1221    689     -648    -2560   -3217   
3238   1944 -733    -2273   877     -2963   -477    1433    -858    -3087   -2559   -1592   -264    434     1303    1697    1295    768     -792    -2551   -3489   
3238   1945 -795    -2580   883     -3403   -548    1414    -604    -3639   -3046   -2005   -249    620     1322    1640    1278    659     -357    -2122   -3769   
3238   1946 -792    -2420   753     -3318   -718    1431    -716    -3485   -2635   -2162   -362    380     1215    1771    1299    175     -346    -1989   -3471   
3238   1947 -787    -2468   912     -3514   -509    1441    -661    -3949   -3080   -2013   -169    667     1407    1770    1143    623     -272    -2346   -3357   
3238   1948 -592    -2242   950     -3091   -385    1573    -569    -3113   -2783   -1616   26      449     1338    1900    1443    563     -564    -1708   -2854   
3238   1949 -656    -2116   904     -2858   -552    1526    -633    -3042   -2660   -1907   -428    683     1278    1934    1357    560     -257    -2213   -3308   
3238   1950 -862    -2339   768     -3260   -627    1400    -978    -3596   -2835   -1867   -576    564     1323    1589    1286    383     -787    -2538   -3409   
3238   1951 -763    -2579   770     -3435   -633    1319    -578    -3471   -3423   -1927   -504    535     1218    1490    1245    604     -517    -1824   -2759   
3238   1952 -929    -2238   802     -3069   -713    1487    -1122   -3294   -3159   -1924   -582    370     1247    1775    1432    533     -1103   -2797   -3720   
3238   1953 -735    -2623   841     -3437   -461    1470    -817    -3588   -2957   -1614   -241    479     1523    1591    1297    369     -438    -2393   -2988   
3238   1954 -836    -2385   793     -3201   -772    1544    -886    -3580   -3017   -1955   -593    239     1418    1869    1340    452     -811    -2301   -3235   
3238   1955 -798    -2500   751     -3196   -870    1441    -771    -2882   -3502   -2364   -776    532     1341    1571    1408    387     -652    -2053   -2778   
3238   1956 -933    -2438   725     -3246   -912    1434    -771    -3739   -3218   -2224   -689    184     1351    1814    1134    522     -669    -2171   -3549   
3238   1957 -816    -2476   705     -3357   -651    1249    -708    -3085   -3444   -2025   -497    573     1224    1359    1164    376     -446    -2064   -3113   
3238   1958 -735    -2251   695     -3035   -690    1282    -686    -3432   -2510   -1963   -659    552     1158    1447    1237    397     -772    -1680   -2694   
3238   1959 -655    -2072   855     -2937   -448    1494    -696    -3404   -2690   -1242   -495    392     1499    1458    1524    723     -550    -2266   -2941   
3238   1960 -888    -2427   764     -3195   -820    1467    -917    -3915   -2697   -2204   -535    288     1422    1715    1262    401     -872    -2282   -3271   
3238   1961 -869    -2405   722     -3288   -562    1313    -920    -3611   -2950   -1496   -638    446     1043    1565    1323    552     -1173   -2130   -3493   
3238   1962 -775    -2389   788     -3021   -724    1440    -1006   -2896   -2639   -2019   -602    452     1354    1674    1288    527     -966    -2581   -3011   
3238   1963 -721    -2315   745     -2899   -713    1449    -808    -3238   -2400   -1712   -707    279     1102    1774    1461    518     -584    -2366   -2892   
3238   1964 -823    -2252   703     -2924   -746    1416    -905    -2842   -3045   -1840   -912    510     1196    1651    1395    328     -738    -2309   -3356   
3238   1965 -847    -2454   723     -3310   -652    1314    -793    -3237   -3340   -1823   -521    393     1198    1452    1288    498     -457    -2432   -3351   
3238   1966 -917    -2487   699     -3289   -899    1350    -795    -3357   -3144   -2244   -965    509     1199    1527    1319    562     -522    -2434   -3609   
3238   1967 -617    -2281   823     -3053   -446    1408    -666    -2784   -2736   -1648   -304    618     1409    1650    1164    371     -332    -2049   -2905   
3238   1968 -686    -2034   863     -2922   -224    1443    -796    -3133   -2713   -1117   -119    568     1234    1843    1245    373     -520    -2251   -3713   
3238   1969 -968    -2781   713     -3950   -801    1364    -788    -4225   -3910   -2161   -593    358     1080    1583    1422    391     -725    -2033   -2998   
3238   1970 -778    -2353   794     -3151   -675    1428    -803    -3558   -2868   -1975   -386    345     1280    1759    1240    496     -904    -1997   -2892   
3238   1971 -669    -2364   861     -3108   -667    1483    -432    -3055   -3406   -2018   -539    560     1549    1603    1300    667     -313    -1655   -2905   
3238   1972 -877    -2158   661     -3057   -676    1199    -888    -3151   -3119   -1849   -539    363     1071    1478    1045    519     -736    -2452   -3233   
3238   1973 -656    -2309   825     -3021   -611    1449    -691    -2975   -2837   -1677   -686    526     1488    1616    1245    732     -802    -1999   -2648   
3238   1974 -926    -2361   751     -3130   -828    1408    -860    -3310   -3463   -2039   -767    324     1139    1629    1445    695     -827    -2450   -3663   
3238   1975 -652    -2484   872     -3428   -306    1420    -608    -3505   -3082   -1435   -120    642     1472    1491    1299    419     -496    -1750   -2911   
3238   1976 -856    -2229   741     -3010   -755    1300    -779    -3210   -2900   -2132   -486    360     1022    1650    1218    645     -949    -2028   -3514   
3238   1977 -897    -2649   753     -3647   -676    1333    -777    -3970   -3435   -2052   -530    559     1274    1491    1233    454     -660    -2130   -3154   
3238   1978 -682    -2213   722     -2970   -513    1262    -658    -3115   -2605   -1652   -245    366     1171    1315    1298    397     -677    -1692   -2858   
3238   1979 -778    -2221   739     -3116   -551    1268    -775    -3594   -2873   -1678   -590    614     1331    1395    1079    574     -765    -2135   -2820   
3238   1980 -805    -2323   806     -3023   -807    1558    -738    -3483   -2750   -2006   -805    391     1268    1857    1538    541     -821    -1933   -3510   
3238   1981 -692    -2420   806     -3335   -429    1287    -767    -3409   -3059   -1838   -70     632     1124    1573    1159    386     -598    -2094   -2272   
3238   1982 -661    -2043   800     -2595   -545    1396    -823    -3028   -2473   -1835   -117    331     1351    1637    1197    376     -774    -2073   -2625   
3238   1983 -588    -2077   764     -2731   -545    1311    -461    -2775   -2801   -1482   -613    458     1038    1534    1353    779     -657    -1499   -2535   
3238   1984 -874    -2183   793     -2964   -643    1382    -1100   -3206   -3164   -2080   -524    678     1251    1612    1278    426     -1152   -2571   -3118   
3238   1985 -861    -2667   829     -3515   -534    1441    -820    -3996   -3422   -1814   -291    511     1498    1537    1288    404     -682    -2188   -3328   
3238   1986 -682    -2323   857     -3188   -598    1587    -710    -3478   -2711   -1585   -600    393     1461    1836    1458    555     -572    -2117   -2960   
3238   1987 -876    -2345   704     -3142   -789    1355    -976    -3650   -2780   -2029   -623    290     1262    1422    1378    460     -622    -2778   -2970   
3238   1988 -668    -2398   882     -3039   -643    1492    -507    -3100   -3048   -1927   -413    417     1325    1652    1493    786     -421    -1890   -2969   
3238   1989 -604    -1958   766     -2715   -343    1276    -666    -2969   -2153   -1365   -253    593     1155    1500    1169    400     -560    -1843   -3009   
3238   1990 -584    -2146   881     -3195   -172    1441    -586    -3726   -2811   -980    -379    837     1295    1625    1399    468     -370    -1864   -2659   
3238   1991 -717    -2163   899     -2918   -584    1500    -620    -3132   -2968   -2054   -247    559     1435    1612    1452    554     -635    -1777   -3532   
3238   1992 -637    -2186   820     -3032   -428    1371    -671    -3026   -2503   -1649   -438    802     1283    1555    1273    409     -315    -2117   -2978   
3238   1993 -577    -1952   841     -2787   -305    1460    -745    -2987   -2355   -1004   -398    484     1227    1725    1421    551     -496    -2297   -2918   
3238   1994 -751    -2335   813     -3115   -664    1430    -615    -3613   -2784   -1946   -454    415     1409    1574    1305    600     -325    -2131   -3179   
3238   1995 -592    -2076   769     -2771   -686    1462    -554    -2608   -2499   -1757   -597    301     1551    1552    1284    493     -321    -1842   -2782   
3238   1996 -774    -2050   758     -2833   -578    1437    -976    -3104   -2597   -1681   -643    587     1211    1859    1233    255     -939    -2244   -3286   
3238   1997 -711    -2458   879     -3243   -423    1405    -702    -3616   -2781   -1903   67      582     1252    1564    1395    388     -597    -1902   -3099   
3238   1998 -604    -2082   940     -2933   -362    1649    -888    -3413   -2218   -1274   -276    466     1380    1862    1696    473     -485    -2667   -2912   
3238   1999 -757    -2374   823     -2885   -752    1384    -795    -3255   -2447   -2493   -473    718     1294    1671    1185    509     -784    -2112   -2994   
3238   2000 -849    -2359   924     -3195   -494    1568    -1000   -3624   -2950   -1721   -341    585     1555    1610    1538    563     -889    -2678   -3894   
3238   2001 -659    -2712   931     -3636   -596    1655    -465    -3867   -3094   -1886   -570    670     1596    1858    1511    483     -521    -1355   -2878   
3238   2002 -548    -1764   1033    -2568   -127    1627    -973    -2699   -2079   -1071   -165    854     1568    1786    1526    593     -1084   -2423   -3466   
3238   2003 -567    -2366   848     -3139   -382    1418    -634    -3326   -2571   -1350   -188    398     1303    1668    1278    604     -354    -2160   -2237   
3238   2004 -596    -1872   833     -2432   -495    1422    -451    -2666   -2389   -1468   -461    445     1371    1590    1304    721     -377    -1700   -3569   
3238   2005 -635    -2199   921     -3230   -379    1486    -580    -2989   -3120   -1513   -284    663     1407    1745    1303    661     -358    -2050   -3255   
3238   2006 -847    -2333   787     -3261   -648    1414    -913    -3533   -2964   -1891   -489    441     1381    1663    1198    499     -831    -2409   -3360   
3238   2007 -518    -2318   936     -2895   -506    1444    -379    -2768   -2520   -2043   -138    676     1342    1581    1405    722     -332    -1530   -2729   
3238   2008 -527    -1844   951     -2753   -216    1614    -659    -3123   -2383   -990    -348    685     1770    1741    1336    492     -251    -2233   -3080   
3238   2009 -744    -2304   901     -3157   -517    1501    -778    -3319   -3064   -1945   -13     425     1475    1665    1363    470     -542    -2270   -3317   
3238   2010 -745    -2412   878     -3177   -702    1550    -667    -3209   -2987   -2198   -643    737     1515    1758    1376    484     -677    -1806   -3426   
3238   2011 -525    -2161   958     -3100   -244    1612    -593    -3302   -2517   -1261   -65     600     1521    1825    1485    348     -135    -2005   -2922   
3238   2012 -768    -2205   877     -3090   -571    1438    -707    -3574   -2751   -1868   -446    605     1398    1769    1145    761     -639    -2246   -3422   
3238   2013 -999999 -2432   857     -3284   -564    1463    -999999 -3439   -2959   -1933   -514    755     1424    1562    1401    477     -999999 -999999 -999999 
