EUROPEAN CLIMATE ASSESSMENT & DATASET (ECA&D), file created on: 13-11-2019
THESE DATA CAN BE USED FOR NON-COMMERCIAL RESEARCH AND EDUCATION PROVIDED THAT THE FOLLOWING SOURCE IS ACKNOWLEDGED: 

Klein Tank, A.M.G. and Coauthors, 2002. Daily dataset of 20th-century surface
air temperature and precipitation series for the European Climate Assessment.
Int. J. of Climatol., 22, 1441-1453.
Data and metadata available at http://www.ecad.eu

FILE FORMAT (MISSING VALUE CODE = -999999):

THIS FILE HOLDS DATA FOR STATION FRANCE                                   LEUCATE                                  (STAID:  11254)
LATITUDE: dd:mm:ss +42:55:05
LONGITUDE: ddd:mm:ss +003:03:42
ELEVATION: m   42

DATA IS FOR INDEX Mean of daily mean temperature (TG) with unit 0.01 Temperature (&#176;C)

01-06 SOUID: Source identifier
08-11 YEAR : YYYY
13-20 ANNUAL DATA VALUES
21-28 WINTER HALF YEAR DATA VALUES
29-36 SUMMER HALF YEAR DATA VALUES
37-44 WINTER (DJF) DATA VALUES
45-52 SPRING (MAM) DATA VALUES
53-60 SUMMER (JJA) DATA VALUES
61-68 AUTUMN (SON) DATA VALUES
69-76 JANUARY DATA VALUES
etc. 
157-164 DECEMBER DATA VALUES

11254  1995 -999999 -999999 1989    -999999 -999999 2326    1682    -999999 -999999 -999999 1412    1636    2084    2475    2411    1899    1862    1279    978     
11254  1996 1524    1173    1935    957     1355    2232    1554    1123    757     1017    1386    1663    2136    2312    2245    1854    1623    1184    952     
11254  1997 1647    1215    2011    1001    1554    2234    1771    890     1177    1461    1480    1719    2013    2267    2415    2157    1810    1344    1001    
11254  1998 1560    1250    1970    1021    1435    2270    1538    980     1088    1262    1284    1756    2087    2373    2345    1959    1613    1038    897     
11254  1999 1582    1096    2041    901     1457    2293    1664    954     847     1202    1409    1757    2104    2372    2395    2192    1735    1063    895     
11254  2000 1580    1140    1962    924     1451    2190    1654    783     1107    1251    1303    1795    2049    2157    2361    2090    1620    1252    1175    
11254  2001 1588    1229    2007    1040    1515    2310    1615    937     1004    1364    1354    1822    2151    2349    2423    1923    1865    1050    758     
11254  2002 1595    1176    1931    938     1475    2157    1684    990     1080    1302    1512    1613    2053    2212    2203    1983    1717    1350    1089    
11254  2003 1627    1153    2146    866     1461    2552    1644    731     768     1233    1376    1772    2394    2560    2696    2062    1559    1314    998     
11254  2004 1551    1110    1991    918     1323    2310    1665    893     861     1027    1307    1635    2200    2321    2405    2067    1794    1129    946     
11254  2005 1506    1051    2014    806     1334    2324    1648    831     624     943     1337    1723    2281    2410    2280    2042    1741    1159    645     
11254  2006 1633    1046    2075    751     1456    2370    1827    819     794     1095    1482    1793    2148    2662    2293    2053    1912    1513    970     
11254  2007 1588    1296    1990    1053    1506    2195    1593    1072    1124    1175    1572    1772    2116    2274    2193    2001    1667    1107    954     
11254  2008 1573    1185    1982    1057    1423    2265    1575    1090    1133    1149    1394    1724    2133    2319    2340    1967    1632    1123    850     
11254  2009 1616    1073    2081    822     1457    2388    1768    751     872     1194    1345    1828    2239    2414    2508    2135    1771    1399    887     
11254  2010 1500    1073    2015    765     1357    2312    1591    645     763     954     1494    1627    2093    2477    2358    2026    1577    1171    774     
11254  2011 1665    1091    2076    861     1585    2211    1872    811     1012    1197    1633    1926    2038    2253    2336    2261    1849    1506    1119    
11254  2012 1587    1230    2017    903     1487    2305    1689    1017    549     1303    1349    1805    2195    2285    2431    2019    1755    1290    998     
11254  2013 1541    1125    1970    868     1310    2294    1680    849     747     1083    1276    1570    1974    2478    2421    2081    1835    1120    995     
11254  2014 1683    1220    2057    1031    1516    2275    1913    1053    1048    1251    1599    1702    2244    2284    2296    2213    2001    1523    944     
11254  2015 1657    1243    2087    894     1517    2386    1710    945     782     1225    1476    1849    2299    2545    2310    2029    1638    1464    1257    
11254  2016 1634    1264    2039    1132    1368    2320    1761    1064    1072    1084    1395    1626    2174    2435    2346    2250    1694    1343    1111    
11254  2017 1604    1229    2033    989     1536    2341    1632    742     1126    1354    1475    1777    2294    2353    2375    1910    1797    1184    831     
11254  2018 1679    1139    2138    905     1447    2442    1789    1155    710     1118    1469    1755    2213    2545    2564    2282    1738    1349    1207    
