EUROPEAN CLIMATE ASSESSMENT & DATASET (ECA&D), file created on: 13-11-2019
THESE DATA CAN BE USED FOR NON-COMMERCIAL RESEARCH AND EDUCATION PROVIDED THAT THE FOLLOWING SOURCE IS ACKNOWLEDGED: 

Klein Tank, A.M.G. and Coauthors, 2002. Daily dataset of 20th-century surface
air temperature and precipitation series for the European Climate Assessment.
Int. J. of Climatol., 22, 1441-1453.
Data and metadata available at http://www.ecad.eu

FILE FORMAT (MISSING VALUE CODE = -999999):

THIS FILE HOLDS DATA FOR STATION GERMANY                                  HEIDELBERG-GRENZHOF                      (STAID:   4203)
LATITUDE: dd:mm:ss +49:25:13
LONGITUDE: ddd:mm:ss +008:36:21
ELEVATION: m  110

DATA IS FOR INDEX Mean of daily mean temperature (TG) with unit 0.01 Temperature (&#176;C)

01-06 SOUID: Source identifier
08-11 YEAR : YYYY
13-20 ANNUAL DATA VALUES
21-28 WINTER HALF YEAR DATA VALUES
29-36 SUMMER HALF YEAR DATA VALUES
37-44 WINTER (DJF) DATA VALUES
45-52 SPRING (MAM) DATA VALUES
53-60 SUMMER (JJA) DATA VALUES
61-68 AUTUMN (SON) DATA VALUES
69-76 JANUARY DATA VALUES
etc. 
157-164 DECEMBER DATA VALUES

4203   1935 1071    -999999 1621    -999999 940     1977    1105    90      420     589     928     1304    1932    2071    1926    1552    1043    723     237     
4203   1936 1069    627     1564    391     1074    1812    979     598     335     810     880     1525    1776    1811    1847    1531    825     587     274     
4203   1937 1112    520     1684    372     1118    1931    1039    317     543     580     1024    1747    1859    1989    1943    1521    1082    513     182     
4203   1938 1070    560     1554    268     991     1899    1171    331     295     933     724     1307    1900    1905    1892    1584    1037    895     -13     
4203   1939 1060    536     1601    279     938     1897    1077    552     301     432     1130    1258    1858    1895    1937    1519    912     805     87      
4203   1940 920     283     1585    -215    1069    1800    1080    -748    31      612     1074    1523    1896    1823    1685    1499    984     759     -100    
4203   1941 -999999 -999999 -999999 -999999 -999999 -999999 -999999 -999999 -999999 -999999 -999999 -999999 -999999 -999999 -999999 -999999 -999999 -999999 -999999 
4203   1942 -999999 -999999 -999999 -999999 -999999 -999999 -999999 -999999 -999999 -999999 -999999 -999999 -999999 -999999 -999999 -999999 -999999 -999999 -999999 
4203   1943 1123    -999999 1677    -999999 1215    1900    1071    203     466     890     1196    1559    1672    1999    2020    1599    1191    421     206     
4203   1944 1047    450     1642    252     979     1919    1036    444     97      316     1189    1439    1620    1921    2206    1452    1079    576     180     
4203   1945 1121    495     1715    151     1203    1958    1096    -298    616     830     1110    1667    1966    2091    1818    1625    1129    533     338     
4203   1946 1082    537     1692    271     1203    1876    1076    -5      503     722     1299    1590    1679    2081    1861    1630    975     627     -7      
4203   1947 1166    317     1933    -138    1233    2220    1216    -175    -240    677     1297    1727    2101    2259    2295    1905    1038    712     304     
4203   1948 1120    656     1638    418     1290    1794    1018    600     344     920     1283    1667    1792    1770    1821    1481    1057    513     162     
4203   1949 1080    442     1670    194     1043    1848    1143    207     215     478     1287    1371    1563    2050    1922    1817    1144    468     383     
4203   1950 1002    521     1591    285     1005    1919    956     18      471     637     831     1541    1919    2001    1836    1399    894     577     -124    
4203   1951 1030    425     1547    204     910     1799    1079    362     391     454     909     1368    1616    1905    1871    1594    888     760     209     
4203   1952 989     433     1640    116     1083    1986    795     130     2       590     1214    1451    1788    2185    1978    1200    857     328     97      
4203   1953 1002    326     1572    40      1074    1764    1035    -93     123     626     1098    1499    1659    1852    1778    1531    1067    505     314     
4203   1954 923     399     1420    36      942     1637    1021    -153    -63     684     804     1334    1707    1537    1669    1458    1069    534     430     
4203   1955 897     394     1479    130     828     1762    885     -75     26      346     930     1211    1631    1853    1798    1434    864     359     329     
4203   1956 828     240     1423    -131    925     1594    944     193     -968    586     764     1420    1424    1803    1551    1560    904     370     241     
4203   1957 997     498     1477    269     996     1795    951     15      581     882     982     1124    1822    1946    1618    1358    943     550     125     
4203   1958 984     385     1535    205     813     1769    1063    122     385     189     747     1501    1590    1832    1880    1640    974     577     334     
4203   1959 1169    524     1772    215     1238    2023    1126    192     107     920     1203    1591    1861    2269    1935    1754    1117    507     488     
4203   1960 1105    589     1601    354     1164    1821    1141    200     374     830     1096    1565    1920    1757    1790    1468    1122    835     287     
4203   1961 1137    662     1636    378     1147    1778    1239    215     660     859     1311    1276    1754    1731    1849    1895    1272    548     255     
4203   1962 984     506     1568    301     868     1852    1026    401     240     295     1080    1236    1748    1834    1971    1525    1123    427     -117    
4203   1963 980     224     1677    -277    1077    1915    1184    -408    -309    585     1189    1459    1820    2094    1828    1657    990     912     -129    
4203   1964 1092    405     1756    29      1084    2022    1100    -129    367     430     1159    1665    1978    2187    1899    1633    941     731     239     
4203   1965 1005    481     1507    205     961     1764    977     331     28      583     918     1382    1787    1751    1754    1440    1046    441     522     
4203   1966 1121    565     1650    439     1125    1818    1118    22      808     568     1206    1605    1925    1751    1781    1625    1365    357     431     
4203   1967 1129    630     1646    420     1085    1939    1154    290     552     772     958     1521    1701    2187    1920    1567    1343    546     140     
4203   1968 1049    542     1591    213     1090    1808    1094    123     389     699     1202    1373    1809    1861    1753    1539    1217    522     83      
4203   1969 1033    456     1642    145     1034    1881    1140    302     40      535     986     1579    1665    2095    1877    1630    1080    712     -171    
4203   1970 1038    383     1612    31      863     1943    1179    73      207     388     809     1392    1981    1867    1982    1628    1116    795     167     
4203   1971 1096    474     1707    179     1106    1933    1050    58      326     375     1243    1703    1616    2121    2053    1480    1170    495     455     
4203   1972 1029    600     1525    351     1064    1836    946     102     505     861     1002    1328    1667    2018    1818    1300    973     564     189     
4203   1973 1071    464     1676    198     1003    1974    1100    140     274     628     807     1566    1886    1953    2081    1745    997     562     165     
4203   1974 1134    624     1593    436     1126    1816    983     604     550     855     1138    1386    1673    1803    1969    1575    702     681     637     
4203   1975 1134    621     1695    579     1027    1973    1079    631     456     606     1003    1472    1728    2064    2119    1764    926     553     231     
4203   1976 1151    487     1768    304     1076    2127    1142    358     324     523     1055    1649    2159    2270    1952    1503    1243    678     69      
4203   1977 1140    651     1571    337     1092    1872    1143    323     648     943     842     1482    1775    1966    1873    1468    1240    717     363     
4203   1978 1049    610     1549    298     1085    1773    1025    329     191     781     1072    1403    1711    1831    1776    1488    1077    507     357     
4203   1979 1094    464     1620    140     1064    1879    1172    -196    270     751     936     1500    1946    1909    1784    1637    1261    613     663     
4203   1980 1059    662     1582    441     1041    1804    1082    87      581     759     924     1435    1696    1724    1989    1714    1034    500     253     
4203   1981 1106    517     1674    172     1239    1870    1162    37      232     1015    1138    1562    1777    1908    1921    1725    1057    707     138     
4203   1982 1169    482     1760    125     1084    2037    1301    -62     316     727     989     1534    1935    2218    1955    1913    1143    853     462     
4203   1983 1185    661     1793    408     1065    2202    1103    570     169     727     1154    1316    1962    2441    2196    1671    1164    473     292     
4203   1984 1069    532     1551    323     937     1862    1131    378     297     572     984     1257    1666    1939    1975    1467    1220    703     335     
4203   1985 1026    438     1657    26      1085    1858    1033    -276    18      597     1076    1581    1622    2051    1895    1699    1112    284     576     
4203   1986 1056    448     1603    243     1015    1912    1085    337     -230    538     846     1655    1893    1939    1903    1358    1136    758     440     
4203   1987 1002    428     1595    107     907     1803    1202    -317    209     334     1210    1186    1621    1955    1827    1764    1214    629     362     
4203   1988 1139    626     1648    452     1107    1855    1075    578     414     545     1093    1683    1685    1898    1976    1533    1210    478     531     
4203   1989 1160    684     1659    464     1203    1901    1096    386     477     995     907     1698    1732    2025    1941    1627    1235    422     408     
4203   1990 1176    703     1641    536     1199    1928    1086    407     822     930     973     1686    1689    1970    2117    1384    1235    634     228     
4203   1991 1088    578     1657    211     1027    2006    1112    348     41      933     956     1189    1599    2235    2172    1768    1034    538     163     
4203   1992 1156    525     1746    262     1188    2031    1080    225     407     775     1044    1740    1813    2107    2166    1581    884     783     315     
4203   1993 1116    552     1707    320     1239    1896    909     557     64      668     1351    1702    1897    1884    1908    1488    983     255     551     
4203   1994 1239    604     1726    464     1176    2072    1199    486     345     968     1042    1514    1862    2355    1992    1566    1044    992     635     
4203   1995 1134    706     1662    538     1039    1985    1132    271     727     577     1091    1450    1649    2255    2041    1464    1422    501     132     
4203   1996 981     451     1552    95      967     1855    1035    29      126     477     1100    1327    1789    1847    1928    1308    1135    659     21      
4203   1997 1108    522     1657    131     1098    1965    1085    -239    663     909     899     1481    1806    1867    2215    1654    980     624     409     
4203   1998 1132    636     1661    464     1171    1897    1003    404     591     802     1073    1636    1891    1854    1946    1553    1090    362     342     
4203   1999 1183    552     1772    348     1194    1958    1197    461     231     790     1154    1636    1762    2132    1973    1960    1119    516     389     
4203   2000 1221    622     1713    434     1245    1896    1236    327     597     782     1244    1710    1948    1698    2044    1628    1213    868     580     
4203   2001 1153    735     1666    501     1177    1977    1083    385     543     810     949     1766    1686    2134    2102    1322    1477    436     156     
4203   2002 1200    637     1688    351     1150    1994    1170    178     757     822     1105    1520    2045    1941    1997    1509    1115    887     505     
4203   2003 1229    643     1885    291     1253    2288    1103    164     194     958     1166    1633    2280    2180    2403    1628    875     813     388     
4203   2004 1147    584     1708    381     1103    1968    1183    279     482     668     1262    1383    1810    1989    2098    1693    1267    587     225     
4203   2005 1158    548     1741    236     1155    1957    1253    366     104     696     1204    1567    1984    2060    1828    1795    1342    618     265     
4203   2006 1210    488     1809    150     1060    2066    1441    -24     214     492     1085    1604    1955    2518    1723    1955    1475    893     569     
4203   2007 1207    843     1754    626     1342    1948    1004    653     658     797     1523    1711    1976    1955    1912    1435    1070    503     257     
4203   2008 1192    617     1727    479     1187    2008    1088    599     588     679     1003    1872    1965    2072    1987    1436    1119    707     251     
4203   2009 1166    481     1802    129     1255    1998    1243    -97     245     646     1462    1664    1793    2030    2163    1686    1082    966     304     
4203   2010 1027    532     1642    160     1011    2000    1054    -91     281     643     1147    1247    1910    2238    1848    1446    991     728     -99     
4203   2011 1222    534     1784    203     1343    1909    1177    316     411     853     1461    1719    1900    1805    2024    1791    1166    574     597     
4203   2012 1140    613     1718    326     1236    1994    1063    417     -60     938     1074    1690    1841    1983    2152    1548    985     657     389     
4203   2013 1074    454     1654    242     894     2002    1120    224     99      344     1054    1290    1779    2236    1984    1562    1213    582     447     
4203   2014 1222    696     1696    493     1216    1915    1252    461     581     879     1328    1443    1885    2085    1776    1653    1337    763     431     
4203   2015 1198    630     1753    319     1111    2122    1117    309     204     701     1097    1535    1876    2283    2199    1504    1008    842     737     
4203   2016 1138    688     1726    556     1035    1994    1131    396     534     604     984     1515    1844    2108    2025    1863    981     556     229     
4203   2017 1155    521     1709    206     1190    2057    1087    -119    540     945     998     1622    2078    2096    1999    1443    1198    617     404     
4203   2018 1269    583     1911    381     1227    2193    1218    660     46      522     1419    1745    2028    2309    2239    1705    1228    719     519     
4203   2019 -999999 677     1726    411     1088    2112    -999999 211     514     858     1138    1270    2120    2127    2089    1602    1263    -999999 -999999 
