EUROPEAN CLIMATE ASSESSMENT & DATASET (ECA&D), file created on: 13-11-2019
THESE DATA CAN BE USED FOR NON-COMMERCIAL RESEARCH AND EDUCATION PROVIDED THAT THE FOLLOWING SOURCE IS ACKNOWLEDGED: 

Klein Tank, A.M.G. and Coauthors, 2002. Daily dataset of 20th-century surface
air temperature and precipitation series for the European Climate Assessment.
Int. J. of Climatol., 22, 1441-1453.
Data and metadata available at http://www.ecad.eu

FILE FORMAT (MISSING VALUE CODE = -999999):

THIS FILE HOLDS DATA FOR STATION UNITED KINGDOM                           AUCHINCRUIVE                             (STAID:   1800)
LATITUDE: dd:mm:ss +55:28:36
LONGITUDE: ddd:mm:ss -004:33:57
ELEVATION: m   48

DATA IS FOR INDEX Mean of daily mean temperature (TG) with unit 0.01 Temperature (&#176;C)

01-06 SOUID: Source identifier
08-11 YEAR : YYYY
13-20 ANNUAL DATA VALUES
21-28 WINTER HALF YEAR DATA VALUES
29-36 SUMMER HALF YEAR DATA VALUES
37-44 WINTER (DJF) DATA VALUES
45-52 SPRING (MAM) DATA VALUES
53-60 SUMMER (JJA) DATA VALUES
61-68 AUTUMN (SON) DATA VALUES
69-76 JANUARY DATA VALUES
etc. 
157-164 DECEMBER DATA VALUES

1800   1960 -999999 -999999 1256    -999999 905     1425    920     326     242     582     864     1216    1455    1416    1405    1176    965     598     271     
1800   1961 -999999 -999999 1167    -999999 889     1289    -999999 303     634     796     861     1001    1251    1274    1338    1309    992     515     188     
1800   1962 -999999 -999999 1094    -999999 623     1273    -999999 395     460     245     704     933     1218    1317    1282    1125    1034    548     352     
1800   1963 -999999 -999999 1156    -999999 762     1344    -999999 -18     17      562     781     930     1390    1365    1277    -999999 1022    616     307     
1800   1964 -999999 553     1194    396     806     1312    929     450     435     455     816     1171    1208    1375    1343    1250    820     690     349     
1800   1965 -999999 -999999 1125    -999999 740     1288    -999999 -999999 258     480     718     1021    1301    1237    1327    1141    980     300     360     
1800   1966 -999999 -999999 1146    -999999 753     1334    860     268     381     649     598     987     1354    1364    1281    1288    841     450     448     
1800   1967 -999999 -999999 1149    -999999 -999999 1362    911     435     -999999 554     657     856     1268    1414    1403    1238    935     572     -999999 
1800   1968 -999999 -999999 1152    -999999 715     1348    -999999 426     172     510     783     847     1329    1298    1412    1236    1115    520     256     
1800   1969 -999999 -999999 1203    -999999 646     1428    -999999 439     -999999 243     672     995     1287    1465    1524    1272    1230    -999999 320     
1800   1970 -999999 -999999 -999999 -999999 -999999 1418    -999999 301     193     362     585     1094    1505    1274    1477    1290    988     627     411     
1800   1971 -999999 -999999 1192    -999999 771     1340    -999999 453     -999999 494     746     1064    1139    1464    1416    1324    1059    -999999 672     
1800   1972 -999999 -999999 1097    -999999 766     1265    -999999 369     389     570     748     972     1076    1409    1309    1056    985     493     591     
1800   1973 -999999 -999999 -999999 -999999 729     -999999 -999999 -999999 -999999 605     621     977     1310    1412    1425    1212    846     -999999 431     
1800   1974 -999999 -999999 1163    -999999 807     1340    785     578     525     534     819     1041    1258    1343    1409    1094    692     558     667     
1800   1975 -999999 -999999 1214    -999999 687     1487    920     587     467     441     762     872     1323    1508    1637    1176    981     604     577     
1800   1976 -999999 -999999 1296    -999999 772     1560    -999999 -999999 479     478     793     1036    1440    1674    1561    1226    948     619     133     
1800   1977 -999999 -999999 1161    -999999 762     1387    -999999 181     382     643     635     984     1210    1533    1413    1172    1137    510     569     
1800   1978 -999999 -999999 1171    -999999 799     1322    -999999 275     232     618     625     1135    1242    1344    1373    1274    1168    778     284     
1800   1979 -999999 -999999 -999999 -999999 625     1325    -999999 -999999 146     363     652     836     1293    1365    1315    1181    1060    596     -999999 
1800   1980 -999999 -999999 -999999 -999999 791     1337    -999999 211     498     396     829     1125    1230    1370    1405    1337    797     596     -999999 
1800   1981 -999999 -999999 1202    -999999 828     1359    -999999 457     312     656     723     1092    1242    1376    1457    1294    665     728     0       
1800   1982 -999999 -999999 -999999 -999999 814     1442    -999999 252     502     557     835     1051    1378    1533    1407    1235    969     -999999 -999999 
1800   1983 -999999 -999999 -999999 -999999 704     1499    -999999 572     269     599     593     923     1254    1644    1588    1201    950     -999999 616     
1800   1984 -999999 -999999 1236    -999999 756     1479    -999999 281     408     492     811     974     1313    1519    1588    1167    998     679     553     
1800   1985 -999999 -999999 1163    -999999 753     1307    879     110     363     456     765     1019    1166    1427    1331    1285    1029    332     -999999 
1800   1986 -999999 -999999 1090    -999999 692     1314    934     287     13      512     538     1021    1329    1394    1224    1039    1025    724     529     
1800   1987 -999999 -999999 1169    -999999 754     1313    -999999 150     378     387     888     957     1134    1478    1329    1214    823     627     514     
1800   1988 -999999 -999999 -999999 -999999 -999999 -999999 -999999 427     484     560     756     -999999 -999999 -999999 -999999 -999999 -999999 -999999 765     
1800   1989 -999999 -999999 1201    -999999 -999999 1411    950     -999999 587     567     586     1114    1269    1552    1416    1213    1037    589     320     
1800   1990 -999999 -999999 -999999 -999999 -999999 1423    -999999 573     -999999 732     703     1129    1243    1492    1526    1154    1030    528     441     
1800   1991 -999999 -999999 -999999 -999999 824     1426    -999999 314     251     698     728     1037    1117    1611    1552    1255    957     605     557     
1800   1992 -999999 -999999 -999999 -999999 -999999 1406    802     384     583     659     764     1229    1449    1424    1351    1152    628     651     405     
1800   1993 -999999 -999999 -999999 -999999 780     1304    -999999 491     -999999 555     815     976     1310    1323    1282    1117    703     422     334     
1800   1994 -999999 -999999 1154    -999999 736     1375    -999999 408     249     562     700     945     1219    1529    1370    1143    932     -999999 -999999 
1800   1995 -999999 -999999 -999999 -999999 -999999 1531    -999999 354     502     414     771     988     1353    1620    1634    1247    1197    699     88      
1800   1996 -999999 -999999 1184    -999999 684     1392    -999999 451     284     438     786     825     1269    1390    1513    1281    1059    472     281     
1800   1997 -999999 -999999 1281    -999999 871     1507    -999999 339     567     727     856     1036    1278    1536    1695    1246    947     -999999 510     
1800   1998 -999999 -999999 1202    -999999 832     1354    -999999 425     -999999 696     681     1106    1252    1393    1408    1360    863     613     540     
1800   1999 -999999 -999999 -999999 -999999 874     1416    -999999 474     447     627     836     1172    1222    1565    1453    1439    1024    681     358     
1800   2000 -999999 -999999 1240    -999999 835     1414    984     514     537     681     673     1130    1308    1456    1477    1367    957     638     -999999 
1800   2001 -999999 -999999 1204    -999999 753     1378    -999999 276     360     430     684     1160    1222    1460    1450    1239    1229    -999999 353     
1800   2002 -999999 -999999 1253    -999999 873     1424    -999999 586     567     697     830     1089    1331    1392    1543    1306    799     778     372     
1800   2003 -999999 -999999 -999999 -999999 921     1515    -999999 353     445     708     967     1096    1415    1622    1506    1309    805     830     -999999 
1800   2004 -999999 -999999 -999999 -999999 860     1468    -999999 512     418     614     856     1108    1369    1431    1602    1345    943     -999999 603     
1800   2005 -999999 -999999 -999999 -999999 -999999 -999999 -999999 -999999 -999999 -999999 -999999 -999999 -999999 -999999 -999999 -999999 -999999 -999999 -999999 
1800   2006 -999999 -999999 -999999 -999999 -999999 -999999 -999999 -999999 -999999 -999999 -999999 -999999 -999999 -999999 -999999 -999999 -999999 -999999 -999999 
1800   2007 -999999 -999999 -999999 -999999 -999999 -999999 -999999 -999999 -999999 -999999 -999999 -999999 -999999 -999999 -999999 -999999 -999999 -999999 -999999 
1800   2008 -999999 -999999 -999999 -999999 -999999 -999999 -999999 -999999 -999999 -999999 -999999 -999999 -999999 -999999 -999999 -999999 -999999 -999999 -999999 
1800   2009 -999999 -999999 -999999 -999999 -999999 -999999 -999999 -999999 -999999 -999999 -999999 -999999 -999999 1523    1513    1322    1082    710     160     
1800   2010 -999999 -999999 1254    -999999 796     1457    896     44      202     536     824     1019    1449    1527    1399    1323    972     410     -90     
1800   2011 -999999 -999999 1258    -999999 913     1349    -999999 306     583     597     1033    1104    1226    1416    1400    1355    1110    916     545     
1800   2012 -999999 -999999 -999999 -999999 859     1394    -999999 467     566     842     662     1066    1260    1392    1526    1189    803     582     423     
1800   2013 -999999 -999999 1226    -999999 630     1490    -999999 436     362     275     672     940     1308    1682    1470    1274    1092    541     697     
1800   2014 -999999 -999999 1320    -999999 936     1470    -999999 495     554     680     984     1144    1436    1601    1372    1371    1060    770     491     
1800   2015 -999999 -999999 1157    -999999 762     1354    -999999 384     -999999 599     741     941     1245    1395    1413    1196    997     -999999 -999999 
1800   2016 -999999 -999999 -999999 -999999 816     1471    -999999 480     413     634     678     1130    1428    1462    1521    1399    1019    450     686     
1800   2017 -999999 -999999 -999999 -999999 920     1426    999     439     565     720     823     1210    1393    1467    1413    1253    1136    581     395     
