EUROPEAN CLIMATE ASSESSMENT & DATASET (ECA&D), file created on: 13-11-2019
THESE DATA CAN BE USED FOR NON-COMMERCIAL RESEARCH AND EDUCATION PROVIDED THAT THE FOLLOWING SOURCE IS ACKNOWLEDGED: 

Klein Tank, A.M.G. and Coauthors, 2002. Daily dataset of 20th-century surface
air temperature and precipitation series for the European Climate Assessment.
Int. J. of Climatol., 22, 1441-1453.
Data and metadata available at http://www.ecad.eu

FILE FORMAT (MISSING VALUE CODE = -999999):

THIS FILE HOLDS DATA FOR STATION GERMANY                                  RUTESHEIM                                (STAID:   4582)
LATITUDE: dd:mm:ss +48:48:12
LONGITUDE: ddd:mm:ss +008:57:24
ELEVATION: m  449

DATA IS FOR INDEX Mean of daily mean temperature (TG) with unit 0.01 Temperature (&#176;C)

01-06 SOUID: Source identifier
08-11 YEAR : YYYY
13-20 ANNUAL DATA VALUES
21-28 WINTER HALF YEAR DATA VALUES
29-36 SUMMER HALF YEAR DATA VALUES
37-44 WINTER (DJF) DATA VALUES
45-52 SPRING (MAM) DATA VALUES
53-60 SUMMER (JJA) DATA VALUES
61-68 AUTUMN (SON) DATA VALUES
69-76 JANUARY DATA VALUES
etc. 
157-164 DECEMBER DATA VALUES

4582   1952 813     -999999 1456    -999999 894     1809    631     -57     -128    424     991     1269    1617    1995    1811    1028    714     149     -99     
4582   1953 845     167     1401    -122    908     1602    878     -209    -53     477     899     1347    1480    1699    1624    1338    957     337     175     
4582   1954 759     225     1263    -146    722     1513    889     -346    -280    463     569     1130    1557    1459    1524    1331    902     434     288     
4582   1955 760     259     1313    35      632     1605    748     -118    -77     100     724     1075    1495    1703    1615    1248    725     273     295     
4582   1956 674     125     1260    -210    732     1454    764     77      -1056   362     574     1256    1280    1668    1409    1355    733     205     139     
4582   1957 827     343     1290    127     798     1618    793     -155    426     715     742     936     1626    1754    1475    1198    812     366     14      
4582   1958 814     222     1368    50      622     1628    876     -61     214     -12     512     1363    1463    1704    1713    1434    818     377     198     
4582   1959 898     343     1476    67      944     1743    816     -34     34      635     914     1283    1597    1935    1693    1417    796     236     210     
4582   1960 828     310     1322    97      868     1562    847     -35     116     520     806     1276    1646    1500    1545    1149    831     562     7       
4582   1961 887     388     1392    120     878     1545    986     -51     435     553     1057    1029    1527    1524    1585    1632    993     333     12      
4582   1962 706     240     1298    26      604     1568    750     88      -28     22      821     978     1464    1553    1685    1277    823     149     -399    
4582   1963 685     -80     1375    -582    762     1611    935     -736    -615    254     883     1153    1538    1750    1543    1373    736     702     -428    
4582   1964 833     147     1492    -227    811     1749    844     -369    141     119     919     1397    1710    1934    1603    1373    669     497     -1      
4582   1965 735     210     1250    -65     681     1519    691     98      -316    270     651     1122    1563    1511    1484    1158    718     198     276     
4582   1966 858     288     1381    178     843     1557    875     -283    578     268     965     1299    1656    1504    1515    1339    1146    129     170     
4582   1967 863     374     1380    148     801     1683    899     17      270     495     671     1233    1443    1929    1668    1314    1113    263     -105    
4582   1968 793     292     1326    -24     809     1556    856     -102    147     427     902     1102    1530    1602    1535    1277    1007    280     -206    
4582   1969 766     203     1358    -116    755     1589    898     48      -196    247     695     1322    1365    1811    1584    1349    881     466     -447    
4582   1970 784     150     1338    -192    580     1675    932     -85     -26     104     534     1102    1677    1619    1728    1353    848     599     -91     
4582   1971 -999999 217     -999999 -65     804     -999999 -999999 -130    36      38      965     1416    1349    1889    -999999 -999999 -999999 -999999 -999999 
4582   1972 -999999 -999999 1278    -999999 813     1594    706     -999999 -999999 608     730     1099    1419    1735    1623    1044    698     377     -26     
4582   1973 830     222     1434    -37     738     1738    867     -97     18      348     525     1332    1619    1703    1887    1519    744     342     -31     
4582   1974 907     394     1365    209     880     1611    750     375     291     631     855     1153    1450    1623    1756    1336    458     465     450     
4582   1975 892     388     1450    353     782     1708    865     415     177     346     776     1222    1497    1799    1822    1565    708     327     0       
4582   1976 884     253     1477    77      797     1814    891     141     92      242     794     1355    1865    1980    1598    1254    982     433     -153    
4582   1977 896     413     1308    105     834     1624    895     87      412     719     594     1180    1524    1723    1624    1182    1045    453     167     
4582   1978 791     365     1289    49      794     1536    791     43      -76     519     743     1116    1467    1620    1518    1256    841     274     105     
4582   1979 830     222     1349    -102    788     1623    892     -425    28      490     620     1249    1663    1686    1522    1340    953     380     402     
4582   1980 -999999 386     -999999 170     -999999 -999999 -999999 -202    320     459     -999999 -999999 -999999 -999999 -999999 -999999 -999999 -999999 -999999 
4582   1981 859     -999999 1410    -999999 962     1617    933     -166    -75     749     878     1257    1513    1645    1690    1462    848     491     -50     
4582   1982 923     275     1493    -46     804     1780    1038    -133    53      429     677     1302    1691    1979    1666    1625    889     604     239     
4582   1983 921     402     1513    146     788     1904    885     344     -176    461     861     1045    1664    2174    1867    1452    933     269     70      
4582   1984 802     258     1274    37      623     1587    931     87      -52     222     688     960     1389    1695    1672    1225    1020    545     135     
4582   1985 791     218     1416    -197    800     1634    807     -541    -186    307     810     1284    1376    1835    1682    1488    882     48      433     
4582   1986 842     201     1388    -27     787     1674    976     51      -622    332     614     1410    1620    1727    1672    1263    1045    618     258     
4582   1987 812     256     1412    -73     674     1622    1019    -531    69      70      1004    959     1424    1764    1672    1646    989     424     217     
4582   1988 941     416     1453    255     874     1680    914     382     159     308     882     1432    1524    1705    1806    1351    1053    334     312     
4582   1989 989     503     1473    258     1003    1728    962     196     266     828     674     1496    1539    1833    1807    1464    1119    297     285     
4582   1990 988     551     1448    372     992     1727    932     200     658     749     730     1490    1488    1776    1910    1267    1119    403     31      
4582   1991 909     387     1472    10      830     1823    942     112     -127    737     748     1001    1414    2006    2034    1610    814     406     66      
4582   1992 974     358     1564    126     962     1861    906     49      271     535     850     1497    1616    1877    2081    1441    665     620     162     
4582   1993 911     362     1494    136     1012    1694    710     370     -153    466     1105    1467    1655    1699    1727    1296    785     47      382     
4582   1994 1056    427     1530    297     945     1925    1022    333     163     813     754     1261    1697    2202    1868    1371    880     821     434     
4582   1995 934     506     1461    329     850     1777    934     54      519     340     929     1284    1435    2074    1812    1203    1256    333     -69     
4582   1996 771     255     1345    -99     751     1645    820     -151    -75     216     943     1100    1593    1647    1693    1082    952     422     -196    
4582   1997 961     360     1495    7       945     1775    948     -200    462     733     777     1319    1558    1721    2041    1537    829     483     243     
4582   1998 967     471     1505    301     987     1762    817     234     439     596     897     1466    1703    1723    1858    1362    939     145     197     
4582   1999 981     379     1563    187     1003    1747    983     342     4       601     933     1474    1538    1900    1795    1722    929     301     153     
4582   2000 1048    407     1564    210     1038    1783    1051    53      439     569     1057    1489    1842    1590    1921    1475    1053    624     455     
4582   2001 972     551     1479    325     971     1809    943     185     336     634     718     1553    1506    1935    1978    1150    1354    310     -67     
4582   2002 1021    484     1499    181     951     1832    983     97      549     661     875     1315    1882    1808    1808    1293    964     693     281     
4582   2003 1038    424     1735    48      1034    2178    923     -38     -116    719     923     1455    2172    1995    2368    1478    657     643     124     
