EUROPEAN CLIMATE ASSESSMENT & DATASET (ECA&D), file created on: 13-11-2019
THESE DATA CAN BE USED FOR NON-COMMERCIAL RESEARCH AND EDUCATION PROVIDED THAT THE FOLLOWING SOURCE IS ACKNOWLEDGED: 

Klein Tank, A.M.G. and Coauthors, 2002. Daily dataset of 20th-century surface
air temperature and precipitation series for the European Climate Assessment.
Int. J. of Climatol., 22, 1441-1453.
Data and metadata available at http://www.ecad.eu

FILE FORMAT (MISSING VALUE CODE = -999999):

THIS FILE HOLDS DATA FOR STATION GERMANY                                  FLENSBURG                                (STAID:   4095)
LATITUDE: dd:mm:ss +54:48:37
LONGITUDE: ddd:mm:ss +009:25:09
ELEVATION: m   45

DATA IS FOR INDEX Mean of daily mean temperature (TG) with unit 0.01 Temperature (&#176;C)

01-06 SOUID: Source identifier
08-11 YEAR : YYYY
13-20 ANNUAL DATA VALUES
21-28 WINTER HALF YEAR DATA VALUES
29-36 SUMMER HALF YEAR DATA VALUES
37-44 WINTER (DJF) DATA VALUES
45-52 SPRING (MAM) DATA VALUES
53-60 SUMMER (JJA) DATA VALUES
61-68 AUTUMN (SON) DATA VALUES
69-76 JANUARY DATA VALUES
etc. 
157-164 DECEMBER DATA VALUES

4095   1957 822     -999999 1214    -999999 671     1537    852     220     297     435     643     933     1485    1639    1485    1088    959     505     136     
4095   1958 759     256     1228    41      467     1490    965     -30     16      -67     428     1040    1374    1568    1523    1419    975     500     309     
4095   1959 899     393     1416    129     841     1689    924     29      41      475     874     1175    1493    1827    1739    1370    936     465     299     
4095   1960 806     347     1267    135     674     1514    918     86      13      262     617     1142    1507    1496    1540    1290    867     598     222     
4095   1961 861     442     1309    204     816     1494    993     5       404     554     862     1034    1555    1459    1469    1471    1087    418     -9      
4095   1962 723     335     1147    147     537     1370    874     269     185     50      645     918     1335    1389    1385    1205    1008    405     -143    
4095   1963 675     74      1247    -361    587     1520    933     -493    -456    85      598     1080    1473    1578    1506    1232    863     706     -142    
4095   1964 749     255     1259    -7      631     1456    826     59      67      -18     761     1155    1408    1485    1474    1262    701     520     97      
4095   1965 707     279     1156    100     556     1367    786     178     18      142     595     932     1371    1344    1386    1301    893     161     117     
4095   1966 765     226     1245    -7      638     1524    867     -160    25      298     419     1190    1572    1523    1478    1270    987     340     186     
4095   1967 861     404     1283    188     744     1541    967     98      291     511     567     1146    1399    1657    1561    1351    1055    493     161     
4095   1968 807     338     1322    20      713     1596    983     -93     -10     403     787     950     1573    1526    1688    1403    995     549     -111    
4095   1969 747     220     1313    -65     499     1646    969     83      -177    -47     536     1010    1514    1689    1731    1385    1067    453     -342    
4095   1970 723     120     1244    -300    497     1599    880     -282    -274    68      352     1068    1692    1506    1602    1228    884     528     238     
4095   1971 833     335     1287    163     646     1545    866     5       255     102     598     1238    1363    1638    1628    1238    914     443     531     
4095   1972 764     352     1243    124     715     1540    751     -218    54      372     653     1120    1360    1731    1524    1046    712     497     290     
4095   1973 813     400     1281    240     667     1611    778     196     232     460     452     1082    1536    1707    1588    1305    712     320     117     
4095   1974 852     372     1230    266     737     1438    813     348     341     391     788     1032    1386    1399    1528    1240    644     560     530     
4095   1975 895     450     1360    404     636     1706    873     522     133     285     556     1065    1471    1719    1921    1404    803     413     387     
4095   1976 811     293     1356    171     582     1712    921     59      59      27      585     1134    1532    1850    1748    1263    955     544     -44     
4095   1977 820     333     1232    10      683     1538    904     -18     101     442     489     1110    1489    1559    1565    1162    1009    539     336     
4095   1978 770     365     1206    91      662     1471    948     91      -179    347     436     1195    1490    1426    1498    1175    975     692     20      
4095   1979 675     182     1182    -255    582     1429    831     -434    -361    162     521     1060    1432    1378    1476    1210    838     445     296     
4095   1980 728     244     1240    19      580     1502    834     -241    2       117     593     1031    1455    1527    1521    1301    776     427     214     
4095   1981 737     302     1267    59      756     1469    847     -90     52      413     596     1254    1352    1508    1545    1329    753     463     -375    
4095   1982 828     155     1326    -226    688     1629    988     -262    -20     363     619     1079    1488    1744    1652    1358    1005    602     248     
4095   1983 868     446     1343    232     705     1668    901     448     -24     357     687     1070    1475    1800    1723    1286    943     472     111     
4095   1984 795     306     1233    94      633     1480    929     142     22      133     660     1105    1277    1481    1676    1178    1057    548     225     
4095   1985 710     202     1249    -194    638     1497    837     -486    -335    161     576     1175    1322    1605    1557    1242    1023    240     363     
4095   1986 769     236     1240    -12     636     1535    932     -23     -417    168     519     1216    1520    1610    1474    1084    974     736     280     
4095   1987 726     268     1198    -21     543     1412    948     -333    -8      -51     740     945     1225    1544    1463    1261    974     609     300     
4095   1988 902     478     1330    338     723     1579    910     419     291     268     662     1236    1564    1641    1533    1328    929     474     450     
4095   1989 969     575     1363    460     848     1616    986     469     462     651     652     1234    1574    1705    1569    1430    1080    444     316     
4095   1990 980     598     1352    455     933     1584    938     442     625     677     800     1318    1463    1576    1710    1230    1086    494     308     
4095   1991 867     451     1307    186     751     1585    932     273     -46     547     727     977     1237    1798    1709    1374    910     511     316     
4095   1992 959     498     1448    352     852     1757    860     321     424     499     709     1343    1799    1815    1658    1350    674     563     334     
4095   1993 814     394     1279    252     825     1455    727     259     153     364     820     1291    1443    1497    1425    1187    757     236     290     
4095   1994 923     338     1399    201     792     1708    934     347     -59     417     783     1175    1366    2048    1699    1300    789     719     417     
4095   1995 884     462     1378    312     704     1703    995     100     432     320     710     1083    1417    1816    1867    1356    1200    422     -140    
4095   1996 724     182     1272    -182    558     1573    892     -163    -246    -1      751     929     1380    1524    1810    1221    985     467     -3      
4095   1997 906     361     1421    81      708     1816    894     -93     368     444     620     1058    1544    1797    2098    1389    810     487     318     
4095   1998 881     495     1322    392     847     1500    831     335     537     488     754     1297    1500    1501    1501    1369    903     220     141     
4095   1999 944     361     1429    188     822     1629    1074    282     135     459     816     1189    1411    1813    1657    1676    985     565     279     
4095   2000 967     504     1366    338     897     1525    1051    334     407     453     870     1365    1476    1508    1588    1375    1078    699     433     
4095   2001 875     462     1339    258     702     1622    1024    183     147     209     628     1266    1350    1791    1717    1256    1258    548     84      
4095   2002 953     526     1481    289     853     1764    897     325     476     462     775     1320    1595    1705    1989    1484    729     482     64      
4095   2003 934     296     1491    25      840     1812    929     90      -89     469     798     1252    1684    1888    1861    1443    672     682     392     
4095   2004 913     417     1376    242     819     1601    994     67      268     422     856     1179    1409    1573    1816    1408    1016    556     367     
4095   2005 928     440     1380    277     738     1602    1109    367     77      226     830     1161    1490    1771    1542    1474    1207    643     291     
4095   2006 997     390     1489    132     652     1792    1258    -44     152     76      673     1207    1596    2082    1691    1669    1281    825     694     
4095   2007 987     724     1408    522     954     1636    935     542     311     654     987     1224    1621    1582    1703    1325    935     543     367     
4095   2008 959     525     1388    418     832     1634    975     440     449     411     746     1336    1532    1717    1650    1328    960     636     286     
4095   2009 916     422     1428    163     872     1639    1028    83      115     428     982     1209    1394    1762    1753    1451    834     807     122     
4095   2010 757     291     1354    -86     692     1693    874     -264    -119    345     772     961     1472    1952    1648    1301    921     398     -364    
4095   2011 925     243     1411    -78     855     1602    1020    72      73      346     1023    1202    1560    1616    1628    1429    1005    628     469     
4095   2012 874     502     1324    252     845     1561    955     305     -37     613     676     1240    1336    1625    1715    1330    925     610     107     
4095   2013 881     292     1356    80      590     1661    1032    105     20      -34     610     1196    1453    1786    1737    1333    1143    616     539     
4095   2014 1057    616     1478    432     929     1716    1192    251     515     625     927     1235    1542    1985    1616    1547    1265    763     382     
4095   2015 976     589     1329    321     781     1600    1056    337     236     522     765     1055    1361    1657    1775    1345    1000    824     771     
4095   2016 970     582     1470    415     826     1689    1031    131     337     422     698     1354    1683    1704    1681    1690    963     441     512     
4095   2017 960     494     1368    317     858     1615    1073    175     260     590     684     1293    1572    1620    1652    1372    1205    608     418     
4095   2018 1010    447     1558    246     844     1815    1087    309     -13     126     907     1500    1669    1948    1824    1479    1134    646     515     
4095   2019 -999999 613     1428    416     855     1738    -999999 236     506     630     860     1074    1710    1703    1800    1410    1037    -999999 -999999 
