EUROPEAN CLIMATE ASSESSMENT & DATASET (ECA&D), file created on: 13-11-2019
THESE DATA CAN BE USED FOR NON-COMMERCIAL RESEARCH AND EDUCATION PROVIDED THAT THE FOLLOWING SOURCE IS ACKNOWLEDGED: 

Klein Tank, A.M.G. and Coauthors, 2002. Daily dataset of 20th-century surface
air temperature and precipitation series for the European Climate Assessment.
Int. J. of Climatol., 22, 1441-1453.
Data and metadata available at http://www.ecad.eu

FILE FORMAT (MISSING VALUE CODE = -999999):

THIS FILE HOLDS DATA FOR STATION UNITED KINGDOM                           MARLBOROUGH                              (STAID:  17478)
LATITUDE: dd:mm:ss +51:24:56
LONGITUDE: ddd:mm:ss -001:44:02
ELEVATION: m  129

DATA IS FOR INDEX Mean of daily mean temperature (TG) with unit 0.01 Temperature (&#176;C)

01-06 SOUID: Source identifier
08-11 YEAR : YYYY
13-20 ANNUAL DATA VALUES
21-28 WINTER HALF YEAR DATA VALUES
29-36 SUMMER HALF YEAR DATA VALUES
37-44 WINTER (DJF) DATA VALUES
45-52 SPRING (MAM) DATA VALUES
53-60 SUMMER (JJA) DATA VALUES
61-68 AUTUMN (SON) DATA VALUES
69-76 JANUARY DATA VALUES
etc. 
157-164 DECEMBER DATA VALUES

17478  1875 -999999 -999999 -999999 -999999 816     1505    -999999 -999999 -999999 393     771     1224    1421    1448    1640    1521    890     -999999 312     
17478  1876 -999999 -999999 -999999 -999999 -999999 -999999 -999999 -999999 -999999 -999999 -999999 -999999 -999999 -999999 -999999 -999999 -999999 -999999 -999999 
17478  1877 -999999 -999999 -999999 -999999 -999999 -999999 -999999 -999999 -999999 -999999 -999999 -999999 -999999 -999999 -999999 -999999 -999999 -999999 -999999 
17478  1878 -999999 -999999 -999999 -999999 -999999 -999999 -999999 -999999 -999999 -999999 -999999 -999999 -999999 -999999 -999999 -999999 -999999 -999999 -999999 
17478  1879 -999999 -999999 -999999 -999999 -999999 -999999 -999999 -999999 -999999 -999999 -999999 -999999 -999999 -999999 -999999 -999999 -999999 -999999 -999999 
17478  1880 -999999 -999999 -999999 -999999 -999999 -999999 -999999 -999999 -999999 -999999 -999999 -999999 -999999 -999999 -999999 -999999 -999999 -999999 -999999 
17478  1881 -999999 -999999 -999999 -999999 -999999 -999999 -999999 -999999 -999999 -999999 -999999 -999999 -999999 -999999 -999999 -999999 -999999 -999999 -999999 
17478  1882 -999999 -999999 -999999 -999999 -999999 -999999 -999999 -999999 -999999 -999999 -999999 -999999 -999999 -999999 -999999 -999999 -999999 -999999 -999999 
17478  1883 -999999 -999999 -999999 -999999 -999999 -999999 -999999 -999999 -999999 -999999 -999999 -999999 -999999 -999999 -999999 -999999 -999999 -999999 -999999 
17478  1884 -999999 -999999 -999999 -999999 -999999 -999999 -999999 -999999 -999999 -999999 -999999 -999999 -999999 -999999 -999999 -999999 -999999 -999999 -999999 
17478  1885 -999999 -999999 -999999 -999999 -999999 -999999 -999999 -999999 -999999 -999999 -999999 -999999 -999999 -999999 -999999 -999999 -999999 -999999 -999999 
17478  1886 -999999 -999999 -999999 -999999 -999999 -999999 -999999 -999999 -999999 -999999 -999999 -999999 -999999 -999999 -999999 -999999 -999999 -999999 -999999 
17478  1887 -999999 -999999 -999999 -999999 -999999 -999999 -999999 -999999 -999999 -999999 -999999 -999999 -999999 -999999 -999999 -999999 -999999 -999999 -999999 
17478  1888 -999999 -999999 -999999 -999999 -999999 -999999 -999999 -999999 -999999 -999999 -999999 -999999 -999999 -999999 -999999 -999999 -999999 -999999 -999999 
17478  1889 -999999 -999999 -999999 -999999 766     1469    -999999 -999999 -999999 374     694     1213    1498    1449    1462    1202    810     -999999 -999999 
17478  1890 -999999 -999999 1201    -999999 735     1373    -999999 549     -999999 513     639     1070    1278    1398    1434    1338    888     551     -999999 
17478  1891 -999999 -999999 -999999 -999999 -999999 -999999 -999999 -999999 -999999 -999999 -999999 -999999 -999999 -999999 -999999 -999999 -999999 -999999 -999999 
17478  1892 -999999 -999999 -999999 -999999 644     -999999 -999999 -999999 -999999 172     716     1012    1220    1351    1472    1170    636     520     -999999 
17478  1893 -999999 -999999 1358    -999999 965     1560    -999999 70      -999999 633     1008    1226    1446    1582    1648    1189    922     -999999 431     
17478  1894 -999999 -999999 -999999 -999999 -999999 -999999 -999999 -999999 -999999 -999999 -999999 -999999 -999999 -999999 -999999 -999999 -999999 -999999 -999999 
17478  1895 -999999 -999999 -999999 -999999 -999999 -999999 -999999 -999999 -999999 -999999 -999999 -999999 -999999 -999999 -999999 -999999 -999999 -999999 -999999 
17478  1896 -999999 -999999 -999999 -999999 -999999 -999999 -999999 -999999 -999999 -999999 -999999 -999999 -999999 -999999 -999999 -999999 -999999 -999999 -999999 
17478  1897 -999999 -999999 -999999 -999999 -999999 -999999 -999999 -999999 -999999 -999999 -999999 -999999 -999999 -999999 -999999 -999999 -999999 -999999 -999999 
17478  1898 -999999 -999999 -999999 -999999 -999999 -999999 -999999 -999999 -999999 -999999 -999999 -999999 -999999 -999999 -999999 -999999 -999999 -999999 -999999 
17478  1899 -999999 -999999 -999999 -999999 -999999 -999999 -999999 -999999 -999999 -999999 -999999 -999999 -999999 -999999 -999999 -999999 -999999 -999999 -999999 
17478  1900 -999999 -999999 -999999 -999999 -999999 -999999 -999999 -999999 -999999 -999999 -999999 -999999 -999999 -999999 -999999 -999999 -999999 -999999 -999999 
17478  1901 -999999 -999999 -999999 -999999 -999999 -999999 -999999 -999999 -999999 -999999 -999999 -999999 -999999 -999999 -999999 -999999 -999999 -999999 -999999 
17478  1902 -999999 -999999 -999999 -999999 -999999 -999999 -999999 -999999 -999999 -999999 -999999 -999999 -999999 -999999 -999999 -999999 -999999 -999999 -999999 
17478  1903 -999999 -999999 -999999 -999999 -999999 -999999 -999999 -999999 -999999 -999999 -999999 -999999 -999999 -999999 -999999 -999999 -999999 -999999 -999999 
17478  1904 -999999 -999999 -999999 -999999 -999999 -999999 -999999 -999999 -999999 -999999 -999999 -999999 -999999 -999999 -999999 -999999 -999999 -999999 -999999 
17478  1905 -999999 -999999 -999999 -999999 -999999 -999999 -999999 -999999 -999999 -999999 -999999 -999999 -999999 -999999 -999999 -999999 -999999 -999999 -999999 
17478  1906 -999999 -999999 -999999 -999999 -999999 -999999 -999999 -999999 -999999 -999999 -999999 -999999 -999999 -999999 -999999 -999999 -999999 -999999 -999999 
17478  1907 -999999 -999999 -999999 -999999 -999999 -999999 -999999 -999999 -999999 -999999 -999999 -999999 -999999 -999999 -999999 -999999 -999999 -999999 -999999 
17478  1908 -999999 -999999 -999999 -999999 -999999 -999999 -999999 -999999 -999999 -999999 -999999 -999999 -999999 -999999 -999999 -999999 -999999 -999999 -999999 
17478  1909 -999999 -999999 -999999 -999999 -999999 -999999 -999999 -999999 -999999 -999999 -999999 -999999 -999999 -999999 -999999 -999999 -999999 -999999 -999999 
17478  1910 -999999 -999999 -999999 -999999 -999999 -999999 -999999 -999999 -999999 -999999 -999999 -999999 -999999 -999999 -999999 -999999 -999999 -999999 -999999 
17478  1911 -999999 -999999 -999999 -999999 -999999 -999999 -999999 -999999 -999999 -999999 -999999 -999999 -999999 -999999 -999999 -999999 -999999 -999999 -999999 
17478  1912 -999999 -999999 -999999 -999999 -999999 -999999 -999999 -999999 -999999 -999999 -999999 -999999 -999999 -999999 -999999 -999999 -999999 -999999 -999999 
17478  1913 -999999 -999999 -999999 -999999 -999999 -999999 -999999 -999999 -999999 -999999 -999999 -999999 -999999 -999999 -999999 -999999 -999999 -999999 -999999 
17478  1914 -999999 -999999 -999999 -999999 -999999 -999999 -999999 -999999 -999999 -999999 -999999 -999999 -999999 -999999 -999999 -999999 -999999 -999999 -999999 
17478  1915 -999999 -999999 -999999 -999999 -999999 -999999 -999999 -999999 -999999 -999999 -999999 -999999 -999999 -999999 -999999 -999999 -999999 -999999 -999999 
17478  1916 -999999 -999999 -999999 -999999 -999999 -999999 -999999 -999999 -999999 -999999 -999999 -999999 -999999 -999999 -999999 -999999 -999999 -999999 -999999 
17478  1917 -999999 -999999 -999999 -999999 -999999 -999999 -999999 -999999 -999999 -999999 -999999 -999999 -999999 -999999 -999999 -999999 -999999 -999999 -999999 
17478  1918 -999999 -999999 -999999 -999999 -999999 -999999 -999999 -999999 -999999 -999999 -999999 -999999 -999999 -999999 -999999 -999999 -999999 -999999 -999999 
17478  1919 -999999 -999999 -999999 -999999 -999999 -999999 -999999 -999999 -999999 -999999 -999999 -999999 -999999 -999999 -999999 -999999 -999999 -999999 -999999 
17478  1920 -999999 -999999 -999999 -999999 -999999 -999999 -999999 -999999 -999999 -999999 -999999 -999999 -999999 -999999 -999999 -999999 -999999 -999999 -999999 
17478  1921 -999999 -999999 -999999 -999999 832     1555    -999999 670     405     683     745     1074    1391    1790    1453    1318    1199    -999999 546     
17478  1922 -999999 -999999 -999999 -999999 -999999 1322    776     308     -999999 451     490     1202    1318    1343    1305    1181    731     444     509     
17478  1923 -999999 -999999 -999999 -999999 767     1451    -999999 401     563     621     738     935     1209    1672    1470    1167    917     200     297     
17478  1924 -999999 -999999 -999999 -999999 710     1381    -999999 426     204     384     637     1106    1369    1420    1356    -999999 -999999 -999999 -999999 
17478  1925 -999999 -999999 1207    -999999 709     1493    797     -999999 478     414     647     1056    1401    1597    1482    1051    1000    347     238     
17478  1926 -999999 -999999 -999999 -999999 860     1496    936     388     -999999 587     969     1001    1284    1635    1568    1480    749     602     318     
17478  1927 -999999 -999999 -999999 -999999 848     1402    -999999 362     -999999 675     765     1106    1213    1495    1496    1219    986     570     -999999 
17478  1928 -999999 -999999 -999999 -999999 -999999 1446    -999999 445     547     548     721     1045    1263    1593    1476    1133    965     743     -999999 
17478  1929 -999999 -999999 -999999 -999999 718     1434    1017    58      -999999 520     561     1035    1244    1541    1494    1550    891     605     542     
17478  1930 -999999 -999999 1283    -999999 751     1498    -999999 507     251     475     766     1022    1480    1484    1529    1358    993     560     -999999 
17478  1931 -999999 -999999 -999999 -999999 -999999 1421    -999999 259     306     349     723     1055    1389    1488    1380    1037    776     695     -999999 
17478  1932 -999999 -999999 -999999 -999999 -999999 1519    -999999 -999999 -999999 368     648     948     1334    1535    1694    1220    848     547     468     
17478  1933 -999999 -999999 1360    -999999 881     1607    940     105     -999999 695     806     1139    1409    1705    1684    1419    908     476     14      
17478  1934 -999999 -999999 1306    -999999 755     1542    -999999 266     -999999 420     761     1085    1485    1735    1397    1344    1005    519     747     
17478  1935 -999999 -999999 -999999 -999999 -999999 1557    -999999 378     529     605     747     964     1385    1699    1576    1321    876     577     -999999 
17478  1936 -999999 -999999 -999999 -999999 -999999 1474    -999999 381     230     639     552     1130    1430    1443    1547    1390    786     473     421     
17478  1937 -999999 -999999 1295    -999999 794     1480    900     -999999 -999999 273     881     1161    1332    1502    1602    1286    1005    384     203     
17478  1938 -999999 -999999 1224    -999999 815     1484    -999999 541     426     829     624     973     1393    1458    1592    1275    975     812     344     
17478  1939 -999999 -999999 -999999 -999999 -999999 1480    1018    -999999 493     543     746     1070    1393    1461    1576    1399    805     842     -999999 
17478  1940 -999999 -999999 1297    -999999 857     1500    914     -233    200     525     792     1215    1567    1419    1515    1228    887     606     288     
17478  1941 -999999 -999999 -999999 -999999 -999999 1509    992     -7      -999999 452     572     822     1458    1641    1426    1364    963     637     432     
17478  1942 -999999 -999999 -999999 -999999 827     -999999 915     -23     -79     516     877     1051    1346    -999999 1542    1343    1010    414     -999999 
17478  1943 -999999 -999999 1325    -999999 898     1532    914     510     494     578     997     1124    1401    1609    1582    1213    993     491     261     
17478  1944 -999999 -999999 -999999 -999999 766     -999999 880     476     -999999 360     924     1018    1324    1574    1653    1165    887     530     271     
17478  1945 -999999 -999999 -999999 -999999 -999999 1468    -999999 -103    650     -999999 965     1128    1323    1554    1522    1321    1078    634     -999999 
17478  1946 -999999 -999999 1241    -999999 -999999 1398    -999999 118     -999999 446     856     1021    1199    1546    1443    1360    907     707     211     
17478  1947 -999999 -999999 -999999 -999999 -999999 1668    -999999 163     -999999 322     807     1190    1476    1708    1796    1405    888     641     -999999 
17478  1948 -999999 -999999 -999999 -999999 890     1422    -999999 477     -999999 800     809     1051    1325    1491    1451    1309    911     -999999 533     
17478  1949 -999999 -999999 1384    -999999 840     1588    -999999 520     499     460     954     1055    1461    1711    1595    1531    1210    533     -999999 
17478  1950 -999999 -999999 -999999 -999999 850     1542    -999999 326     492     709     740     1093    1534    1581    1515    1276    846     547     -999999 
17478  1951 -999999 -999999 -999999 -999999 674     -999999 -999999 385     367     398     655     949     -999999 1570    1428    1346    852     776     519     
17478  1952 -999999 -999999 -999999 -999999 -999999 1539    -999999 -999999 170     685     875     1274    1416    1601    1605    1001    836     361     247     
17478  1953 -999999 -999999 1286    -999999 807     1494    986     183     362     480     730     1202    1388    1533    1558    1308    907     744     586     
17478  1954 -999999 -999999 -999999 -999999 741     1371    -999999 -999999 202     540     664     1022    1309    1374    1423    1238    1096    642     -999999 
17478  1955 -999999 -999999 1322    -999999 684     1614    894     -999999 100     219     874     929     1367    1698    1746    1294    785     600     -999999 
17478  1956 -999999 -999999 1217    -999999 766     1396    -999999 263     -999999 548     635     1107    1282    1574    1342    1377    901     481     510     
17478  1957 -999999 -999999 -999999 -999999 883     1558    -999999 467     487     864     821     954     1544    1604    1529    1222    998     536     297     
17478  1958 -999999 -999999 1279    -999999 711     1494    -999999 -999999 -999999 302     651     1110    1382    1551    1539    1430    1032    -999999 388     
17478  1959 -999999 -999999 1372    -999999 923     1577    1037    97      336     667     863     1214    1401    1653    1655    1369    1126    569     531     
17478  1960 -999999 -999999 1281    -999999 -999999 1467    992     -999999 -999999 -999999 823     1199    1510    1474    1420    1252    1018    674     -999999 
17478  1961 -999999 -999999 -999999 -999999 -999999 -999999 -999999 328     623     674     -999999 1063    -999999 -999999 -999999 1342    977     496     -999999 
17478  1962 -999999 -999999 -999999 -999999 -999999 -999999 -999999 301     -999999 136     734     969     -999999 -999999 -999999 -999999 -999999 -999999 -999999 
17478  1963 -999999 -999999 -999999 -999999 -999999 -999999 -999999 -999999 -999999 -999999 -999999 -999999 -999999 -999999 -999999 -999999 -999999 -999999 -999999 
17478  1964 -999999 -999999 -999999 -999999 -999999 -999999 947     -999999 -999999 -999999 -999999 -999999 -999999 -999999 -999999 1301    795     729     -999999 
17478  1965 -999999 -999999 1169    -999999 -999999 1368    -999999 -999999 203     478     705     1049    1321    1364    1415    1113    976     329     -999999 
17478  1966 -999999 -999999 -999999 -999999 753     1427    924     207     -999999 556     693     1011    1429    1435    1417    1335    984     417     510     
17478  1967 -999999 -999999 -999999 -999999 -999999 1482    -999999 390     475     662     703     978     1328    1612    1496    1331    -999999 438     295     
17478  1968 -999999 -999999 -999999 -999999 722     1445    -999999 -999999 138     541     716     909     1432    1439    1465    1316    -999999 -999999 247     
17478  1969 -999999 -999999 -999999 -999999 -999999 1485    -999999 474     -999999 338     678     1047    1302    1608    1548    1330    -999999 -999999 -999999 
17478  1970 -999999 -999999 -999999 -999999 -999999 -999999 -999999 -999999 -999999 -999999 -999999 -999999 -999999 -999999 -999999 -999999 -999999 -999999 -999999 
17478  1971 -999999 -999999 -999999 -999999 -999999 -999999 -999999 -999999 -999999 -999999 677     1068    -999999 -999999 -999999 -999999 1042    466     -999999 
17478  1972 -999999 -999999 1167    -999999 810     1366    -999999 -999999 396     646     802     977     1083    1506    1490    1109    944     526     519     
17478  1973 -999999 -999999 -999999 -999999 714     1496    -999999 -999999 -999999 468     676     1016    1383    1484    1626    1335    782     -999999 393     
17478  1974 -999999 -999999 1197    -999999 -999999 1403    840     579     -999999 472     771     1028    1298    1474    1427    1159    683     653     689     
17478  1975 -999999 -999999 -999999 -999999 -999999 1591    -999999 648     -999999 443     768     932     1360    1673    1732    1284    929     -999999 351     
17478  1976 -999999 -999999 -999999 -999999 -999999 -999999 -999999 538     388     403     -999999 -999999 -999999 -999999 -999999 -999999 -999999 597     247     
17478  1977 -999999 -999999 -999999 -999999 -999999 -999999 -999999 251     542     -999999 -999999 -999999 -999999 -999999 -999999 -999999 -999999 590     498     
17478  1978 -999999 -999999 -999999 -999999 -999999 -999999 -999999 250     -999999 619     -999999 1031    -999999 -999999 -999999 -999999 -999999 -999999 -999999 
17478  1979 -999999 -999999 -999999 -999999 -999999 -999999 -999999 -177    73      -999999 -999999 -999999 -999999 -999999 -999999 1217    1045    -999999 -999999 
17478  1980 -999999 -999999 -999999 -999999 749     1383    -999999 129     576     412     794     1032    1255    1357    1530    1419    811     541     433     
17478  1981 -999999 -999999 -999999 -999999 -999999 -999999 -999999 413     -999999 813     734     1051    1269    1474    1533    1358    699     -999999 -55     
17478  1982 -999999 -999999 1318    -999999 799     1556    -999999 226     -999999 540     776     1062    1544    1581    1541    1366    946     761     349     
17478  1983 -999999 -999999 -999999 -999999 720     1648    -999999 570     129     559     604     1000    1383    1911    1642    1307    968     -999999 476     
17478  1984 -999999 -999999 1283    -999999 684     1572    -999999 338     317     393     724     924     1422    1614    1678    1316    996     733     431     
17478  1985 -999999 -999999 -999999 -999999 737     1398    -999999 6       173     405     805     1016    1230    1506    1445    1352    944     293     -999999 
17478  1986 -999999 -999999 1161    -999999 673     1442    -999999 288     -999999 428     566     1010    1391    1569    1359    1070    1049    692     513     
17478  1987 -999999 -999999 -999999 -999999 -999999 1447    -999999 -999999 282     367     901     972     1264    1532    1533    1351    917     559     -999999 
17478  1988 -999999 -999999 -999999 -999999 822     1407    926     -999999 424     633     739     1129    1355    1426    1437    1311    1009    387     687     
17478  1989 -999999 -999999 -999999 -999999 -999999 -999999 1048    -999999 547     721     621     1254    1392    1836    -999999 1426    1120    594     429     
17478  1990 -999999 -999999 1297    -999999 887     1554    988     598     736     749     696     1183    1292    1638    1713    1210    1133    609     370     
17478  1991 -999999 -999999 1299    -999999 852     1511    -999999 323     99      753     754     1046    1199    1666    1667    1445    946     590     379     
17478  1992 -999999 -999999 1353    -999999 957     1555    935     299     459     731     821     1301    1483    1596    1582    1327    748     735     339     
17478  1993 -999999 -999999 -999999 -999999 878     1446    -999999 -999999 -999999 612     926     1109    1447    1486    1408    1137    766     -999999 -999999 
17478  1994 -999999 -999999 1285    -999999 865     1552    -999999 -999999 -999999 760     796     1048    1383    1707    1564    1212    -999999 -999999 -999999 
17478  1995 -999999 -999999 -999999 -999999 -999999 -999999 -999999 -999999 -999999 -999999 -999999 -999999 1287    -999999 -999999 -999999 1268    716     -999999 
17478  1996 -999999 -999999 -999999 -999999 -999999 1600    -999999 425     -999999 414     801     883     1441    1684    1667    1358    1110    541     -999999 
