EUROPEAN CLIMATE ASSESSMENT & DATASET (ECA&D), file created on: 13-11-2019
THESE DATA CAN BE USED FOR NON-COMMERCIAL RESEARCH AND EDUCATION PROVIDED THAT THE FOLLOWING SOURCE IS ACKNOWLEDGED: 

Klein Tank, A.M.G. and Coauthors, 2002. Daily dataset of 20th-century surface
air temperature and precipitation series for the European Climate Assessment.
Int. J. of Climatol., 22, 1441-1453.
Data and metadata available at http://www.ecad.eu

FILE FORMAT (MISSING VALUE CODE = -999999):

THIS FILE HOLDS DATA FOR STATION IRELAND                                  SHANNON                                  (STAID:   2139)
LATITUDE: dd:mm:ss +52:41:24
LONGITUDE: ddd:mm:ss -008:55:05
ELEVATION: m    6

DATA IS FOR INDEX Mean of daily mean temperature (TG) with unit 0.01 Temperature (&#176;C)

01-06 SOUID: Source identifier
08-11 YEAR : YYYY
13-20 ANNUAL DATA VALUES
21-28 WINTER HALF YEAR DATA VALUES
29-36 SUMMER HALF YEAR DATA VALUES
37-44 WINTER (DJF) DATA VALUES
45-52 SPRING (MAM) DATA VALUES
53-60 SUMMER (JJA) DATA VALUES
61-68 AUTUMN (SON) DATA VALUES
69-76 JANUARY DATA VALUES
etc. 
157-164 DECEMBER DATA VALUES

2139   1945 -999999 -999999 -999999 -999999 -999999 -999999 1185    -999999 -999999 -999999 -999999 -999999 -999999 -999999 -999999 1480    1239    835     738     
2139   1946 984     788     1247    671     866     1386    1099    577     700     634     879     1085    1264    1474    1415    1359    1111    826     470     
2139   1947 973     579     1348    335     829     1572    1114    450     57      519     863     1106    1416    1492    1803    1398    1149    794     554     
2139   1948 1035    755     1274    541     973     1435    1149    495     577     954     856     1106    1286    1530    1483    1373    1092    985     668     
2139   1949 1103    824     1404    715     920     1607    1164    715     768     715     948     1098    1531    1655    1632    1552    1175    765     660     
2139   1950 975     777     1305    627     940     1519    947     638     578     824     827     1164    1515    1559    1482    1273    1022    544     247     
2139   1951 959     526     1260    345     759     1481    1103    445     341     538     742     997     1395    1592    1453    1373    1119    818     650     
2139   1952 966     714     1307    517     1001    1490    894     401     498     788     951     1263    1350    1575    1541    1149    975     556     515     
2139   1953 1028    634     1319    538     897     1481    1105    498     608     646     747     1293    1412    1504    1524    1423    1012    882     762     
2139   1954 986     711     1243    560     898     1390    1078    459     448     681     907     1107    1352    1387    1430    1268    1242    719     784     
2139   1955 999     635     1409    479     822     1638    1068    385     246     398     1021    1054    1403    1730    1774    1458    962     787     717     
2139   1956 982     669     1281    473     963     1410    1066    462     223     835     873     1177    1348    1517    1363    1403    1024    773     756     
2139   1957 1054    795     1338    641     1037    1546    1036    577     585     1033    914     1159    1483    1621    1531    1309    1128    666     601     
2139   1958 1025    693     1320    602     846     1483    1176    560     650     548     894     1096    1360    1538    1547    1479    1167    882     554     
2139   1959 1079    737     1408    516     1009    1565    1187    311     701     806     942     1277    1448    1620    1623    1530    1279    748     639     
2139   1960 992     725     1346    506     1014    1504    1006    474     398     792     960     1288    1533    1484    1496    1306    989     723     443     
2139   1961 1019    738     1309    593     1024    1436    1031    516     843     922     1004    1145    1373    1457    1476    1392    1036    666     396     
2139   1962 944     619     1236    506     808     1405    995     524     608     485     856     1083    1303    1496    1413    1253    1087    642     552     
2139   1963 917     547     1261    262     888     1448    1097    -39     275     745     851     1067    1438    1482    1423    1299    1204    786     435     
2139   1964 1033    729     1335    555     960     1462    1115    615     621     708     879     1290    1340    1536    1505    1450    1030    867     541     
2139   1965 962     656     1280    437     931     1458    998     404     359     713     897     1181    1409    1462    1503    1219    1199    568     584     
2139   1966 1015    738     1325    609     944     1491    966     495     763     818     874     1139    1457    1512    1502    1462    911     526     702     
2139   1967 1000    671     1294    620     871     1498    1020    547     611     715     914     985     1423    1580    1489    1368    1043    648     650     
2139   1968 1011    666     1307    537     846     1534    1173    659     287     682     854     1001    1490    1514    1595    1379    1333    801     500     
2139   1969 991     681     1316    461     846     1497    1117    602     264     552     857     1131    1382    1583    1524    1411    1360    573     595     
2139   1970 1025    695     1356    540     887     1550    1139    546     472     598     785     1275    1610    1494    1547    1415    1174    828     520     
2139   1971 1078    745     1348    595     908     1502    1214    633     638     669     886     1169    1318    1630    1552    1524    1289    825     772     
2139   1972 983     776     1236    622     876     1403    1034    516     575     669     923     1038    1180    1573    1450    1242    1137    719     756     
2139   1973 1062    785     1339    706     905     1531    1132    723     632     724     830     1159    1447    1529    1614    1449    1088    861     657     
2139   1974 1023    779     1284    675     936     1462    929     724     640     695     981     1134    1400    1483    1500    1199    892     698     895     
2139   1975 1082    762     1379    790     896     1628    1098    728     743     613     926     1149    1526    1674    1681    1308    1165    820     627     
2139   1976 1059    785     1423    661     941     1690    1031    720     633     738     944     1141    1600    1690    1776    1376    981     736     354     
2139   1977 1036    648     1324    447     941     1520    1080    400     601     817     841     1161    1313    1655    1584    1376    1232    627     785     
2139   1978 1048    735     1323    594     929     1470    1246    505     481     750     810     1225    1363    1511    1533    1489    1275    974     615     
2139   1979 968     688     1278    433     789     1503    1133    292     388     562     795     1009    1415    1612    1480    1350    1139    910     633     
2139   1980 1015    739     1329    578     923     1464    1069    420     688     644     943     1183    1352    1471    1566    1454    992     763     699     
2139   1981 1045    773     1369    661     1004    1528    1082    720     554     889     986     1137    1372    1510    1698    1501    845     906     398     
2139   1982 1061    682     1390    538     967     1589    1074    527     705     719     991     1191    1513    1691    1561    1383    1085    753     586     
2139   1983 1083    732     1377    576     845     1706    1133    730     394     810     692     1028    1430    1874    1805    1413    1098    890     765     
2139   1984 1053    748     1405    632     903     1645    1060    492     638     602     1008    1103    1436    1737    1755    1377    1129    671     675     
2139   1985 983     658     1318    493     928     1419    1069    232     582     655     989     1141    1308    1536    1407    1523    1156    524     714     
2139   1986 946     635     1209    491     785     1435    1073    515     218     638     645     1067    1444    1526    1335    1224    1156    837     686     
2139   1987 1023    725     1357    562     942     1532    1028    454     546     655     1053    1121    1341    1640    1607    1370    936     780     742     
2139   1988 1058    740     1334    635     991     1500    1060    591     569     813     987     1173    1541    1459    1503    1337    1089    752     867     
2139   1989 1105    836     1409    801     955     1655    1123    804     725     765     750     1345    1463    1852    1643    1380    1201    785     509     
2139   1990 1109    812     1407    646     1078    1597    1089    709     726     930     911     1388    1380    1704    1701    1338    1180    745     558     
2139   1991 1066    714     1402    495     1003    1568    1125    481     439     852     914     1239    1340    1660    1696    1550    1039    788     744     
2139   1992 1058    800     1359    702     1033    1565    990     635     729     861     903     1332    1585    1655    1455    1212    875     886     561     
2139   1993 1046    760     1330    676     992     1489    964     728     744     767     1028    1182    1462    1527    1477    1296    847     751     700     
2139   1994 1068    717     1293    618     947     1486    1170    612     538     832     862     1144    1364    1573    1517    1293    1152    1065    808     
2139   1995 1144    837     1499    710     953     1782    1223    596     734     665     1009    1187    1589    1804    1947    1439    1336    889     481     
2139   1996 1051    759     1375    543     888     1580    1161    668     480     670     976     1020    1505    1629    1602    1513    1215    740     535     
2139   1997 1169    779     1471    591     1127    1626    1231    496     757     925     1139    1316    1455    1672    1745    1488    1252    951     774     
2139   1998 1140    911     1394    766     1055    1543    1194    651     885     944     872     1343    1428    1560    1637    1513    1204    865     758     
2139   1999 1142    853     1452    739     1064    1603    1188    686     777     816     1043    1332    1384    1737    1679    1524    1159    881     634     
2139   2000 1106    819     1418    666     1007    1622    1109    592     780     865     849     1301    1511    1681    1671    1482    1077    769     653     
2139   2001 1090    704     1410    570     982     1569    1249    468     593     659     935     1350    1448    1630    1624    1460    1326    958     581     
2139   2002 1118    889     1372    728     1022    1513    1166    833     775     850     1002    1212    1359    1542    1633    1477    1072    952     672     
2139   2003 1145    813     1480    636     1091    1669    1164    573     666     925     1117    1230    1541    1669    1793    1519    1067    908     702     
2139   2004 1090    797     1383    666     992     1539    1135    635     662     795     974     1207    1511    1486    1621    1492    959     955     755     
2139   2005 1097    809     1373    698     955     1582    1160    781     538     841     913     1110    1524    1623    1598    1467    1229    782     688     
2139   2006 1103    755     1427    623     901     1640    1223    603     575     637     902     1165    1547    1795    1575    1570    1282    815     733     
2139   2007 1132    830     1397    701     1043    1534    1217    733     632     763     1175    1196    1529    1529    1545    1406    1278    966     806     
2139   2008 1063    860     1375    734     999     1540    1059    730     660     708     875     1411    1442    1585    1591    1333    1052    792     554     
2139   2009 1066    726     1394    554     1011    1589    1167    528     583     835     999     1197    1596    1592    1580    1395    1254    851     353     
2139   2010 955     605     1401    292     930     1584    1078    211     313     628     989     1175    1592    1627    1532    1484    1122    626     129     
2139   2011 1092    634     1348    427     1055    1415    1250    404     781     746     1219    1205    1299    1492    1449    1423    1261    1065    738     
2139   2012 1084    952     1323    803     1003    1516    1026    834     839     982     806     1214    1381    1509    1653    1361    1007    723     693     
2139   2013 1069    680     1391    628     803     1642    1176    627     555     474     838     1099    1427    1860    1631    1479    1300    745     746     
2139   2014 1107    800     1438    654     1034    1589    1170    613     596     779     1102    1224    1531    1728    1506    1532    1174    805     665     
2139   2015 1051    745     1286    589     922     1448    1153    582     514     708     966     1094    1379    1490    1472    1309    1126    1024    911     
2139   2016 1071    840     1399    726     942     1597    1071    675     584     708     826     1289    1569    1602    1620    1479    1120    612     748     
2139   2017 1097    789     1376    696     1070    1533    1120    638     701     899     994     1315    1492    1575    1530    1338    1207    813     634     
2139   2018 1090    718     1441    587     940     1678    1064    657     457     520     973     1329    1708    1756    1570    1300    1049    843     877     
2139   2019 -999999 848     1390    801     1005    1561    -999999 689     843     789     1031    1196    1382    1687    1606    1423    1027    -999999 -999999 
