EUROPEAN CLIMATE ASSESSMENT & DATASET (ECA&D), file created on: 13-11-2019
THESE DATA CAN BE USED FOR NON-COMMERCIAL RESEARCH AND EDUCATION PROVIDED THAT THE FOLLOWING SOURCE IS ACKNOWLEDGED: 

Klein Tank, A.M.G. and Coauthors, 2002. Daily dataset of 20th-century surface
air temperature and precipitation series for the European Climate Assessment.
Int. J. of Climatol., 22, 1441-1453.
Data and metadata available at http://www.ecad.eu

FILE FORMAT (MISSING VALUE CODE = -999999):

THIS FILE HOLDS DATA FOR STATION GERMANY                                  WORPSWEDE-HUTTENBUSCH                    (STAID:   4677)
LATITUDE: dd:mm:ss +53:16:39
LONGITUDE: ddd:mm:ss +008:59:12
ELEVATION: m    7

DATA IS FOR INDEX Mean of daily mean temperature (TG) with unit 0.01 Temperature (&#176;C)

01-06 SOUID: Source identifier
08-11 YEAR : YYYY
13-20 ANNUAL DATA VALUES
21-28 WINTER HALF YEAR DATA VALUES
29-36 SUMMER HALF YEAR DATA VALUES
37-44 WINTER (DJF) DATA VALUES
45-52 SPRING (MAM) DATA VALUES
53-60 SUMMER (JJA) DATA VALUES
61-68 AUTUMN (SON) DATA VALUES
69-76 JANUARY DATA VALUES
etc. 
157-164 DECEMBER DATA VALUES

4677   1952 781     -999999 1320    -999999 788     1568    647     133     164     207     966     1197    1407    1641    1651    1042    717     181     42      
4677   1953 917     262     1384    72      841     1649    978     115     58      438     816     1266    1647    1690    1611    1261    1015    657     369     
4677   1954 793     335     1262    -19     715     1495    947     -130    -324    367     554     1219    1533    1415    1538    1303    1068    466     424     
4677   1955 779     287     1306    46      554     1616    914     -112    -199    32      683     952     1369    1752    1718    1348    865     532     340     
4677   1956 720     232     1220    -110    658     1434    877     88      -804    313     463     1193    1337    1651    1311    1348    875     407     383     
4677   1957 883     491     1273    352     754     1600    895     282     395     592     707     962     1588    1691    1520    1159    990     532     147     
4677   1958 853     314     1345    110     608     1599    1002    32      154     17      536     1270    1444    1667    1682    1454    1043    508     379     
4677   1959 923     443     1465    158     952     1735    859     46      35      608     965     1283    1574    1864    1761    1325    876     376     298     
4677   1960 878     377     1329    194     810     1558    968     153     127     414     727     1285    1582    1550    1543    1275    962     667     231     
4677   1961 911     499     1383    245     890     1554    1027    25      502     613     998     1061    1604    1511    1550    1578    1085    418     -27     
4677   1962 737     330     1206    139     590     1414    870     287     159     44      758     974     1360    1430    1450    1258    998     350     -258    
4677   1963 -999999 -999999 -999999 -999999 -999999 -999999 972     -999999 -999999 -999999 -999999 -999999 -999999 -999999 -999999 1314    835     771     -172    
4677   1964 806     253     1376    -50     747     1579    836     -84     118     61      858     1324    1538    1641    1556    1326    674     515     132     
4677   1965 770     320     1240    149     694     1445    723     221     88      275     674     1134    1472    1463    1399    1289    816     62      302     
4677   1966 843     263     1344    90      796     1597    880     -128    98      404     682     1297    1703    1564    1526    1279    1055    301     282     
4677   1967 932     480     1362    298     839     1621    980     243     377     608     652     1251    1478    1774    1608    1389    1079    470     209     
4677   1968 844     390     1361    90      803     1619    977     -26     86      505     882     1024    1596    1576    1685    1398    1055    476     -145    
4677   1969 800     248     1376    -22     632     1667    989     220     -154    5       683     1208    1540    1789    1669    1346    1058    560     -387    
4677   1970 783     172     1310    -262    628     1619    942     -303    -77     168     505     1206    1678    1574    1605    1274    925     627     157     
4677   1971 872     365     1350    147     751     1594    860     1       296     185     699     1369    1396    1695    1684    1234    893     453     517     
4677   1972 778     373     1253    140     774     1537    755     -263    168     461     710     1148    1367    1735    1505    1034    691     542     216     
4677   1973 859     392     1342    215     726     1650    844     175     259     462     531     1179    1577    1733    1637    1379    768     387     175     
4677   1974 907     447     1269    331     793     1487    846     436     386     522     803     1055    1405    1465    1586    1289    654     602     650     
4677   1975 925     527     1390    497     731     1710    850     621     192     414     679     1098    1500    1764    1859    1422    739     391     358     
4677   1976 860     320     1383    227     673     1698    948     224     90      107     673     1238    1626    1843    1623    1276    983     584     25      
4677   1977 874     427     1264    146     759     1557    913     97      334     535     571     1165    1507    1603    1560    1161    1011    564     342     
4677   1978 800     414     1240    125     757     1484    943     128     -119    511     532     1219    1457    1490    1503    1219    998     610     -19     
4677   1979 770     204     1293    -251    745     1526    882     -426    -315    339     687     1206    1544    1501    1534    1277    876     493     446     
4677   1980 792     366     1276    154     692     1507    882     -193    214     355     712     1010    1441    1491    1586    1410    837     400     234     
4677   1981 824     373     1366    102     926     1571    867     18      50      666     703     1402    1470    1611    1629    1360    762     481     -322    
4677   1982 859     197     1365    -164    733     1665    994     -209    60      409     642     1145    1550    1791    1651    1396    976     609     240     
4677   1983 943     467     1442    232     840     1750    949     515     -90     503     864     1155    1557    1929    1759    1371    999     475     191     
4677   1984 817     360     1260    155     673     1502    936     221     45      213     674     1133    1295    1516    1688    1235    1053    517     184     
4677   1985 766     213     1351    -203    811     1550    789     -537    -261    287     766     1377    1381    1685    1578    1298    927     138     473     
4677   1986 807     233     1306    -8      786     1579    909     21      -573    333     639     1381    1587    1649    1502    1059    969     697     310     
4677   1987 750     247     1273    -63     625     1478    942     -548    63      -9      923     970     1333    1630    1467    1307    891     630     312     
4677   1988 945     490     1389    355     839     1601    912     448     302     350     739     1424    1503    1671    1626    1353    946     437     510     
4677   1989 970     588     1389    465     909     1626    948     412     472     735     697     1286    1555    1706    1614    1461    1078    301     274     
4677   1990 974     585     1332    461     938     1574    905     490     637     724     764     1319    1485    1555    1680    1173    1013    525     288     
4677   1991 822     439     1246    132     728     1547    878     247     -170    672     668     842     1210    1816    1605    1317    843     474     252     
4677   1992 978     460     1503    298     924     1810    866     220     432     536     754     1475    1841    1843    1748    1340    653     613     262     
4677   1993 867     386     1386    215     981     1537    676     300     69      395     1079    1471    1568    1564    1479    1143    780     103     387     
4677   1994 972     380     1459    256     914     1774    923     421     -73     609     882     1249    1519    2097    1698    1288    752     735     398     
4677   1995 912     475     1435    337     778     1762    976     132     495     349     816     1171    1475    1981    1821    1322    1165    435     -242    
4677   1996 721     159     1303    -253    659     1606    827     -283    -233    93      850     1041    1474    1589    1751    1098    902     478     -139    
4677   1997 931     340     1462    32      833     1821    859     -204    481     537     667     1288    1647    1795    2014    1337    793     449     338     
4677   1998 943     540     1382    459     948     1562    838     414     642     614     846     1380    1549    1558    1578    1368    898     247     197     
4677   1999 1036    450     1528    300     982     1717    1069    440     260     632     945     1368    1552    1892    1702    1698    991     520     379     
4677   2000 1049    568     1469    421     1061    1612    1085    376     513     623     1061    1498    1633    1544    1658    1408    1103    742     413     
4677   2001 953     540     1407    327     851     1677    1037    238     330     402     815     1335    1375    1845    1799    1250    1287    565     140     
4677   2002 1014    594     1553    363     966     1852    912     382     590     600     853     1442    1747    1810    1994    1453    785     503     -20     
4677   2003 965     313     1556    3       931     1906    884     98      -77     557     926     1309    1865    1927    1925    1367    571     724     325     
4677   2004 973     465     1450    312     936     1675    971     206     411     556     1019    1235    1564    1601    1856    1411    1009    493     303     
4677   2005 945     451     1414    264     855     1613    1046    398     73      396     947     1225    1518    1768    1549    1470    1118    546     275     
4677   2006 1005    354     1527    99      748     1786    1247    -89     113     141     778     1325    1611    2133    1609    1691    1277    772     640     
4677   2007 1029    735     1482    544     1056    1698    911     578     400     714     1134    1323    1729    1673    1693    1334    865     536     327     
4677   2008 986     527     1443    423     890     1725    944     502     443     487     756     1424    1651    1811    1711    1286    951     594     191     
4677   2009 958     412     1500    129     1011    1677    1034    3       199     520     1213    1307    1419    1786    1819    1442    827     840     80      
4677   2010 794     312     1399    -101    776     1753    885     -311    -69     486     862     982     1556    2041    1655    1283    914     458     -376    
4677   2011 981     301     1489    -5      979     1643    994     203     177     425     1172    1347    1622    1621    1685    1482    975     524     485     
4677   2012 935     506     1409    270     963     1642    941     300     8       709     785     1388    1454    1695    1772    1336    929     558     241     
4677   2013 905     309     1413    127     642     1716    1028    91      41      -27     750     1205    1518    1853    1770    1363    1133    586     509     
4677   2014 1080    616     1522    421     1028    1718    1186    235     529     693     1127    1268    1554    1994    1602    1577    1272    708     367     
4677   2015 1014    586     1401    311     838     1717    1014    313     245     582     795     1137    1487    1790    1867    1308    900     839     846     
4677   2016 988     587     1533    441     896     1754    1004    131     341     456     777     1450    1733    1822    1706    1694    930     391     409     
4677   2017 992     468     1431    244     968     1690    1052    11      321     732     743     1422    1687    1703    1679    1334    1203    612     409     
4677   2018 1061    466     1656    238     1028    1868    1045    379     -109    250     1150    1689    1757    1959    1886    1477    1090    567     547     
4677   2019 -999999 605     1510    418     932     1860    -999999 220     494     699     985     1114    1890    1821    1870    1373    1078    -999999 -999999 
