EUROPEAN CLIMATE ASSESSMENT & DATASET (ECA&D), file created on: 13-11-2019
THESE DATA CAN BE USED FOR NON-COMMERCIAL RESEARCH AND EDUCATION PROVIDED THAT THE FOLLOWING SOURCE IS ACKNOWLEDGED: 

Klein Tank, A.M.G. and Coauthors, 2002. Daily dataset of 20th-century surface
air temperature and precipitation series for the European Climate Assessment.
Int. J. of Climatol., 22, 1441-1453.
Data and metadata available at http://www.ecad.eu

FILE FORMAT (MISSING VALUE CODE = -999999):

THIS FILE HOLDS DATA FOR STATION SWEDEN                                   UNDERSTEN                                (STAID:   5539)
LATITUDE: dd:mm:ss +60:16:48
LONGITUDE: ddd:mm:ss +018:55:12
ELEVATION: m   12

DATA IS FOR INDEX Mean of daily mean temperature (TG) with unit 0.01 Temperature (&#176;C)

01-06 SOUID: Source identifier
08-11 YEAR : YYYY
13-20 ANNUAL DATA VALUES
21-28 WINTER HALF YEAR DATA VALUES
29-36 SUMMER HALF YEAR DATA VALUES
37-44 WINTER (DJF) DATA VALUES
45-52 SPRING (MAM) DATA VALUES
53-60 SUMMER (JJA) DATA VALUES
61-68 AUTUMN (SON) DATA VALUES
69-76 JANUARY DATA VALUES
etc. 
157-164 DECEMBER DATA VALUES

5539   1949 -999999 -999999 -999999 -999999 -999999 -999999 -999999 93      100     30      -999999 -999999 -999999 -999999 -999999 -999999 817     480     199     
5539   1950 -999999 172     -999999 -110    -999999 -999999 -999999 -406    -124    32      -999999 -999999 -999999 -999999 -999999 -999999 811     281     50      
5539   1951 577     85      1003    -102    143     1335    869     -201    -161    -265    213     483     1008    1415    1571    1314    899     395     207     
5539   1952 501     169     981     -5      187     1343    552     -88     -145    -270    315     520     1085    1476    1461    1011    529     117     -23     
5539   1953 661     36      1120    -204    401     1492    856     -178    -435    165     341     695     1301    1638    1531    1196    935     434     227     
5539   1954 556     149     1025    -164    235     1409    727     -229    -524    -2      110     593     1171    1494    1555    1208    705     268     236     
5539   1955 495     46      1001    -109    -21     1436    818     -194    -396    -376    -90     399     926     1645    1721    1379    737     342     -218    
5539   1956 364     -145    890     -514    -23     1269    632     -375    -977    -415    -200    541     955     1404    1437    1177    703     14      32      
5539   1957 531     64      944     -24     105     1343    676     34      -150    -273    95      494     968     1557    1492    1031    675     321     71      
5539   1958 446     -70     909     -269    -72     1251    897     -291    -622    -617    -38     439     883     1441    1417    1296    877     520     -24     
5539   1959 668     195     1137    -132    377     1551    826     -247    -124    145     300     684     1204    1673    1764    1174    822     483     79      
5539   1960 577     95      1092    -173    181     1510    745     -250    -360    -222    171     594     1432    1536    1559    1246    662     330     196     
5539   1961 668     230     1075    52      389     1408    934     -128    91      217     324     624     1332    1467    1422    1273    1088    435     -160    
5539   1962 514     136     945     -127    123     1283    748     -71     -152    -342    222     491     1109    1375    1360    1097    822     321     -106    
5539   1963 490     -95     1061    -411    74      1445    788     -421    -737    -500    56      665     1154    1546    1624    1298    735     333     32      
5539   1964 535     78      992     -115    201     1325    729     -47     -344    -262    196     670     1108    1512    1348    1100    775     310     23      
5539   1965 523     112     989     -89     185     1312    738     -45     -261    -161    214     504     1105    1419    1405    1277    846     88      -166    
5539   1966 392     -205    944     -642    8       1427    660     -635    -1198   -283    -147    445     1302    1665    1310    1035    621     326     76      
5539   1967 596     111     1043    -164    339     1373    905     -420    -147    194     273     546     1083    1566    1461    1316    880     521     -171    
5539   1968 -999999 78      1110    -325    309     1492    655     -464    -341    31      347     551     1327    1491    1653    1277    601     88      -999999 
5539   1969 -999999 -999999 -999999 -999999 -999999 -999999 -999999 -999999 -999999 -999999 -999999 -999999 -999999 -999999 -999999 -999999 -999999 -999999 -999999 
5539   1970 -999999 -999999 -999999 -999999 -999999 -999999 -999999 -999999 -999999 -999999 -999999 -999999 -999999 -999999 -999999 -999999 -999999 -999999 -999999 
5539   1971 -999999 -999999 -999999 -999999 -999999 -999999 -999999 -999999 -999999 -999999 -999999 -999999 -999999 -999999 -999999 -999999 -999999 -999999 -999999 
5539   1972 -999999 -999999 -999999 -999999 -999999 -999999 -999999 -999999 -999999 -999999 -999999 -999999 -999999 -999999 -999999 -999999 -999999 -999999 -999999 
5539   1973 -999999 -999999 -999999 -999999 -999999 -999999 -999999 -999999 -999999 -999999 -999999 -999999 -999999 -999999 -999999 -999999 -999999 -999999 -999999 
5539   1974 658     -999999 1056    -999999 291     1382    806     73      77      23      263     586     1205    1456    1481    1333    662     428     270     
5539   1975 711     296     1098    188     338     1444    884     202     83      116     242     651     1084    1538    1698    1352    821     480     214     
5539   1976 488     148     913     -58     146     1246    694     -229    -164    -241    153     525     911     1295    1520    1056    655     372     -38     
5539   1977 -999999 -999999 -999999 -999999 -999999 -999999 -999999 -999999 -999999 -999999 -999999 -999999 -999999 -999999 -999999 -999999 -999999 -999999 -999999 
5539   1978 -999999 -999999 -999999 -999999 -999999 -999999 -999999 -999999 -999999 -999999 -999999 -999999 -999999 -999999 -999999 -999999 -999999 -999999 -999999 
5539   1979 -999999 -999999 -999999 -999999 -999999 -999999 -999999 -999999 -999999 -999999 -999999 -999999 -999999 -999999 -999999 -999999 -999999 -999999 -999999 
5539   1980 -999999 -999999 -999999 -999999 -999999 -999999 -999999 -999999 -999999 -999999 -999999 -999999 -999999 -999999 -999999 -999999 -999999 -999999 -999999 
5539   1981 -999999 -999999 -999999 -999999 -999999 -999999 -999999 -999999 -999999 -999999 -999999 -999999 -999999 -999999 -999999 -999999 -999999 -999999 -999999 
5539   1982 -999999 -999999 -999999 -999999 -999999 -999999 -999999 -999999 -999999 -999999 -999999 -999999 -999999 -999999 -999999 -999999 -999999 -999999 -999999 
5539   1983 -999999 -999999 -999999 -999999 -999999 -999999 -999999 -999999 -999999 -999999 -999999 -999999 -999999 -999999 -999999 -999999 -999999 -999999 -999999 
5539   1984 -999999 -999999 -999999 -999999 -999999 -999999 -999999 -999999 -999999 -999999 -999999 -999999 -999999 1427    1556    -999999 900     526     -999999 
5539   1985 -999999 -999999 -999999 -999999 -999999 -999999 644     -999999 -999999 -999999 -999999 298     842     1409    -999999 1014    736     166     -195    
5539   1986 -999999 -999999 -999999 -999999 -999999 1324    -999999 -999999 -999999 9       -999999 704     1243    1407    1320    913     717     -999999 -999999 
5539   1987 -999999 -999999 -999999 -999999 -999999 -999999 -999999 -999999 -999999 -999999 -999999 -999999 -999999 -999999 -999999 -999999 -999999 -999999 -999999 
5539   1988 -999999 -999999 -999999 -999999 -999999 -999999 -999999 -999999 -999999 -999999 -999999 -999999 -999999 -999999 -999999 1284    -999999 131     -155    
5539   1989 687     -999999 1095    71      418     1398    829     183     196     166     256     828     1157    1541    1489    1277    809     400     -99     
5539   1990 696     289     1077    60      499     1401    713     15      285     328     392     774     1168    1427    1600    1082    787     267     195     
5539   1991 643     193     -999999 8       305     -999999 838     42      -237    65      281     568     -999999 1611    1769    1219    806     491     241     
5539   1992 -999999 323     1129    151     405     1510    -999999 151     56      178     180     849     1464    1547    1519    1215    -999999 314     242     
5539   1993 -999999 -999999 -999999 127     371     1228    584     120     12      76      247     762     903     1409    1370    954     648     161     58      
5539   1994 -999999 -999999 -999999 -999999 -999999 -999999 775     -65     -999999 -61     302     -999999 996     1640    1672    1238    704     401     307     
5539   1995 597     270     -999999 125     273     -999999 833     -24     87      125     213     486     1092    1470    1547    1226    1014    255     -145    
5539   1996 541     57      996     -266    171     1395    821     -208    -459    -146    240     410     1038    1363    1773    1136    893     432     -40     
5539   1997 655     234     1134    -18     278     1603    729     -8      -5      114     184     532     1179    1720    1888    1295    603     293     62      
5539   1998 -999999 177     -999999 67      215     1247    -999999 86      52      -45     127     561     939     1404    1376    -999999 760     149     90      
5539   1999 -999999 128     -999999 -57     311     -999999 931     -105    -165    14      331     600     1272    -999999 1550    1490    854     525     63      
5539   2000 -999999 267     -999999 45      354     -999999 -999999 60      11      63      299     679     984     1344    1474    1249    1032    670     365     
5539   2001 -999999 -999999 -999999 -999999 -999999 1484    911     95      -264    -89     -999999 619     1098    1701    1609    1320    1005    406     14      
5539   2002 -999999 -999999 -999999 12      -999999 -999999 629     -54     83      -999999 -999999 773     1481    1731    2003    1322    478     110     -156    
5539   2003 -999999 1       -999999 -229    289     -999999 -999999 -229    -317    85      171     638     1104    1799    -999999 -999999 638     413     207     
5539   2004 647     167     1092    -5      314     1434    828     -158    -67     25      315     613     1041    1545    1703    1301    835     349     223     
5539   2005 654     204     1091    80      223     1460    924     137     -142    -208    290     590     1045    1719    1624    1329    921     521     100     
5539   2006 708     152     1179    -59     147     1593    1005    -108    -181    -340    200     584     1205    1689    1873    1503    1003    508     492     
5539   2007 699     343     1119    111     431     1474    793     108     -307    197     397     699     1217    1533    1664    1184    827     365     358     
5539   2008 748     355     1136    272     412     1498    846     241     229     105     358     771     1330    1643    1515    1179    925     433     222     
5539   2009 658     254     1121    38      387     1412    839     14      -142    26      364     769     1043    1552    1630    1348    651     525     24      
5539   2010 522     28      1085    -304    194     1506    699     -438    -542    -166    192     556     1054    1811    1638    1232    735     129     -342    
5539   2011 709     0       1208    -999999 378     1582    958     -132    -517    16      357     759     1308    1718    1710    1378    885     612     320     
5539   2012 630     302     1080    29      385     1435    821     -6      -245    221     257     674     1076    1572    1645    1237    752     478     -140    
5539   2013 683     109     1144    -124    277     1485    914     -170    -55     -217    234     813     1286    1492    1672    1351    881     512     347     
5539   2014 742     340     1158    122     445     1521    925     -141    165     266     404     664     1009    1826    1712    1307    909     559     175     
5539   2015 785     369     1144    154     462     1449    976     135     153     267     418     700     1096    1534    1706    1395    928     609     431     
5539   2016 676     310     1149    67      401     1466    818     -268    36      119     327     756     1196    1670    1523    1404    767     283     273     
5539   2017 678     252     1053    94      340     1391    877     27      -31     168     267     583     1113    1467    1583    1289    828     489     249     
5539   2018 722     193     1247    9       349     1621    910     54      -280    -194    308     932     1251    1819    1781    1367    833     533     185     
5539   2019 -999999 288     1137    79      389     1478    -999999 -38     93      112     365     689     1299    1488    1640    1325    743     -999999 -999999 
