EUROPEAN CLIMATE ASSESSMENT & DATASET (ECA&D), file created on: 13-11-2019
THESE DATA CAN BE USED FOR NON-COMMERCIAL RESEARCH AND EDUCATION PROVIDED THAT THE FOLLOWING SOURCE IS ACKNOWLEDGED: 

Klein Tank, A.M.G. and Coauthors, 2002. Daily dataset of 20th-century surface
air temperature and precipitation series for the European Climate Assessment.
Int. J. of Climatol., 22, 1441-1453.
Data and metadata available at http://www.ecad.eu

FILE FORMAT (MISSING VALUE CODE = -999999):

THIS FILE HOLDS DATA FOR STATION GERMANY                                  RHEINFELDEN                              (STAID:   4558)
LATITUDE: dd:mm:ss +47:33:48
LONGITUDE: ddd:mm:ss +007:47:39
ELEVATION: m  287

DATA IS FOR INDEX Mean of daily mean temperature (TG) with unit 0.01 Temperature (&#176;C)

01-06 SOUID: Source identifier
08-11 YEAR : YYYY
13-20 ANNUAL DATA VALUES
21-28 WINTER HALF YEAR DATA VALUES
29-36 SUMMER HALF YEAR DATA VALUES
37-44 WINTER (DJF) DATA VALUES
45-52 SPRING (MAM) DATA VALUES
53-60 SUMMER (JJA) DATA VALUES
61-68 AUTUMN (SON) DATA VALUES
69-76 JANUARY DATA VALUES
etc. 
157-164 DECEMBER DATA VALUES

4558   1953 -999999 -999999 -999999 -999999 -999999 -999999 1033    -999999 -999999 -999999 -999999 -999999 -999999 -999999 -999999 1554    1119    423     310     
4558   1954 945     401     1451    56      917     1690    1056    -106    -45     661     752     1331    1739    1655    1676    1542    1018    608     441     
4558   1955 961     465     1510    258     866     1786    908     128     201     374     960     1269    1697    1905    1754    1459    869     397     473     
4558   1956 851     303     1446    -7      923     1629    941     285     -832    555     789     1421    1490    1800    1592    1567    898     361     207     
4558   1957 984     474     1477    216     1009    1777    943     -61     534     907     982     1136    1752    1884    1694    1403    939     488     123     
4558   1958 1014    405     1576    234     865     1824    1049    157     441     287     730     1574    1652    1904    1911    1665    977     507     324     
4558   1959 1068    501     1638    222     1107    1913    990     114     228     833     1025    1462    1787    2116    1834    1591    990     388     382     
4558   1960 995     472     1501    241     1046    1749    1009    35      309     715     914     1504    1826    1657    1766    1327    969     731     168     
4558   1961 1082    557     1605    294     1071    1768    1153    125     620     740     1216    1261    1762    1778    1763    1848    1149    461     245     
4558   1962 909     430     1514    224     810     1808    929     264     158     280     971     1184    1682    1806    1932    1494    1014    276     -203    
4558   1963 895     135     1558    -333    948     1797    1135    -492    -300    479     1067    1302    1682    2009    1697    1583    991     835     -177    
4558   1964 1011    373     1648    3       1011    1896    1039    -131    338     395     1092    1548    1823    2078    1785    1549    930     641     69      
4558   1965 942     386     1450    59      892     1741    932     197     -106    544     821     1307    1764    1718    1741    1334    993     467     441     
4558   1966 1045    496     1575    327     1033    1746    1086    -100    675     515     1142    1445    1836    1713    1692    1615    1312    323     357     
4558   1967 1039    555     1558    315     990     1865    1100    178     421     717     878     1372    1632    2120    1834    1493    1268    532     -22     
4558   1968 995     461     1517    108     977     1778    1075    44      317     622     1060    1252    1753    1888    1691    1449    1242    528     80      
4558   1969 973     443     1556    110     963     1796    1101    208     35      529     860     1496    1552    2030    1798    1580    1118    605     -205    
4558   1970 981     368     1547    36      804     1878    1090    76      260     351     767     1294    1876    1855    1904    1569    1014    688     76      
4558   1971 1006    363     1642    67      1011    1880    974     -67     206     258     1198    1583    1581    2074    1976    1420    1085    412     289     
4558   1972 943     512     1434    265     988     1732    860     120     396     758     920     1285    1620    1849    1725    1185    834     562     50      
4558   1973 963     354     1563    81      883     1863    992     1       203     464     692     1487    1781    1837    1967    1590    901     487     97      
4558   1974 1042    537     1514    340     1020    1775    863     465     470     795     956     1307    1592    1817    1911    1482    573     542     547     
4558   1975 1016    491     1567    449     912     1819    1035    467     318     481     895     1358    1576    1934    1940    1680    876     555     65      
4558   1976 1022    415     1590    191     953     1921    1027    225     290     473     919     1465    1987    2055    1723    1376    1118    583     25      
4558   1977 1022    549     1440    238     974     1737    1036    143     579     847     757     1311    1644    1853    1711    1346    1150    609     278     
4558   1978 946     509     1441    202     933     1701    919     177     145     666     881     1252    1630    1802    1670    1397    967     392     315     
4558   1979 991     407     1489    137     935     1757    1055    -169    278     646     801     1353    1760    1851    1659    1499    1156    504     507     
4558   1980 927     541     1458    327     879     1704    952     26      456     588     784     1262    1551    1644    1912    1578    918     360     26      
4558   1981 1004    370     1564    13      1112    1790    1029    -38     55      867     1102    1365    1703    1805    1858    1541    1008    540     179     
4558   1982 1068    429     1628    166     941     1904    1163    96      229     508     882     1432    1833    2075    1803    1727    1077    686     419     
4558   1983 1078    559     1675    306     963     2085    1013    389     89      655     1030    1205    1901    2355    1993    1550    1056    432     203     
4558   1984 987     419     1481    211     791     1826    1080    250     177     381     871     1123    1674    1950    1850    1402    1115    721     299     
4558   1985 957     390     1595    -5      955     1850    976     -411    107     495     988     1384    1620    2054    1868    1637    1045    243     397     
4558   1986 1001    343     1573    107     918     1867    1121    247     -369    425     764     1560    1808    1932    1860    1496    1221    643     321     
4558   1987 997     418     1576    96      863     1813    1185    -284    268     335     1113    1148    1608    1965    1859    1752    1168    636     356     
4558   1988 1102    589     1627    402     1058    1855    1057    525     318     515     1096    1565    1740    1903    1919    1522    1197    447     434     
4558   1989 1107    613     1626    368     1133    1903    1026    268     405     904     862     1625    1733    2056    1916    1537    1140    396     375     
4558   1990 1124    621     1614    448     1120    1893    1095    239     760     821     874     1655    1699    1992    1981    1456    1238    585     153     
4558   1991 1045    525     1622    147     987     1964    1076    263     14      852     938     1168    1628    2142    2112    1726    973     533     109     
4558   1992 1100    450     1703    156     1116    2000    1068    64      307     707     998     1638    1775    2057    2160    1562    893     756     251     
4558   1993 1067    509     1634    271     1113    1868    885     432     116     575     1206    1560    1854    1859    1891    1421    945     289     576     
4558   1994 1200    602     1692    447     1120    2095    1147    402     355     1010    883     1458    1874    2325    2080    1503    1042    900     504     
4558   1995 1097    627     1613    431     1002    1953    1099    176     634     517     1048    1442    1662    2240    1950    1309    1445    533     172     
4558   1996 990     490     1562    153     976     1878    976     168     117     481     1116    1335    1888    1901    1846    1273    1063    591     69      
4558   1997 1108    515     1648    174     1117    1930    1083    -82     573     881     940     1524    1784    1864    2137    1621    1015    613     392     
4558   1998 1100    603     1657    423     1109    1938    974     402     481     705     988     1629    1880    1987    1944    1493    1097    326     223     
4558   1999 1105    476     1706    221     1152    1909    1079    315     116     737     1053    1661    1704    2065    1953    1784    1078    375     340     
4558   2000 1185    550     1704    358     1191    1914    1198    203     543     758     1158    1656    1960    1740    2043    1658    1180    756     547     
4558   2001 1120    685     1626    446     1122    1955    1076    325     469     812     882     1666    1693    2061    2102    1320    1450    447     148     
4558   2002 1173    622     1655    341     1091    1987    1129    208     701     780     1061    1433    2054    1993    1917    1457    1119    812     523     
4558   2003 1194    593     1904    241     1197    2368    1032    138     44      879     1119    1591    2452    2235    2418    1591    834     678     266     
4558   2004 1085    483     1658    253     1046    1923    1144    260     231     618     1121    1403    1791    1966    2007    1648    1232    549     168     
4558   2005 1072    485     1677    143     1083    1929    1139    178     76      666     1077    1504    2019    1981    1789    1680    1241    493     93      
4558   2006 1119    391     1723    42      974     2008    1330    -95     139     452     991     1478    1924    2431    1666    1837    1379    773     392     
4558   2007 1149    739     1696    526     1261    1877    974     572     624     684     1477    1629    1870    1904    1858    1428    1055    437     226     
4558   2008 1096    539     1640    369     1087    1933    1010    398     490     622     948     1685    1877    2016    1903    1388    1089    551     156     
4558   2009 1120    425     1761    95      1187    1978    1167    -46     184     594     1294    1677    1799    2007    2123    1652    1060    793     242     
4558   2010 1024    480     1636    139     1005    1977    1033    -47     231     586     1143    1291    1861    2213    1854    1437    1009    654     18      
4558   2011 1192    512     1768    209     1281    1911    1183    239     386     760     1379    1706    1857    1804    2070    1783    1119    650     501     
4558   2012 1117    571     1682    250     1164    1981    1116    396     -173    889     1012    1585    1889    1949    2102    1533    1092    724     341     
4558   2013 1073    480     1663    206     904     2020    1153    203     60      428     1047    1242    1801    2236    2017    1619    1277    558     315     
4558   2014 1220    671     1686    441     1176    1910    1306    459     559     844     1250    1437    1983    1965    1784    1692    1396    827     414     
4558   2015 -999999 -999999 -999999 -999999 -999999 -999999 -999999 -999999 -999999 -999999 -999999 -999999 -999999 -999999 -999999 -999999 -999999 -999999 -999999 
4558   2016 -999999 -999999 -999999 -999999 -999999 -999999 1097    -999999 -999999 -999999 -999999 -999999 -999999 2054    1990    1729    972     595     135     
4558   2017 1119    497     1687    146     1161    2057    1033    -188    529     944     969     1565    2079    2067    2027    1395    1151    549     296     
4558   2018 1216    537     1840    332     1174    2106    1161    625     46      509     1387    1634    1963    2200    2150    1692    1145    648     505     
4558   2019 -999999 629     1666    382     1002    2063    -999999 163     490     814     987     1205    2031    2156    2001    1603    1246    -999999 -999999 
