EUROPEAN CLIMATE ASSESSMENT & DATASET (ECA&D), file created on: 13-11-2019
THESE DATA CAN BE USED FOR NON-COMMERCIAL RESEARCH AND EDUCATION PROVIDED THAT THE FOLLOWING SOURCE IS ACKNOWLEDGED: 

Klein Tank, A.M.G. and Coauthors, 2002. Daily dataset of 20th-century surface
air temperature and precipitation series for the European Climate Assessment.
Int. J. of Climatol., 22, 1441-1453.
Data and metadata available at http://www.ecad.eu

FILE FORMAT (MISSING VALUE CODE = -999999):

THIS FILE HOLDS DATA FOR STATION KAZAKHSTAN                               UCH-ARAL                                 (STAID:   3287)
LATITUDE: dd:mm:ss +46:10:00
LONGITUDE: ddd:mm:ss +080:55:59
ELEVATION: m  388

DATA IS FOR INDEX Mean of daily mean temperature (TG) with unit 0.01 Temperature (&#176;C)

01-06 SOUID: Source identifier
08-11 YEAR : YYYY
13-20 ANNUAL DATA VALUES
21-28 WINTER HALF YEAR DATA VALUES
29-36 SUMMER HALF YEAR DATA VALUES
37-44 WINTER (DJF) DATA VALUES
45-52 SPRING (MAM) DATA VALUES
53-60 SUMMER (JJA) DATA VALUES
61-68 AUTUMN (SON) DATA VALUES
69-76 JANUARY DATA VALUES
etc. 
157-164 DECEMBER DATA VALUES

3287   1936 475     -999999 1678    -999999 469     2147    837     -2094   -1568   -726    644     1495    2158    2347    1936    1464    1103    -65     -1055   
3287   1937 482     -552    1695    -1254   545     2103    561     -1508   -1192   -639    654     1624    2049    2280    1978    1556    787     -668    -1249   
3287   1938 -999999 -634    -999999 -1312   1020    2228    726     -1486   -1190   -51     1317    1833    -999999 2486    2097    1433    595     153     -999999 
3287   1939 -999999 -999999 1908    -999999 -999999 2357    703     -999999 -999999 -999999 921     1746    2266    2536    2266    1684    678     -254    -556    
3287   1940 779     -370    1844    -926    920     2336    693     -1223   -1006   105     1078    1582    2325    2513    2170    1369    873     -167    -341    
3287   1941 835     -281    1920    -744    882     2359    831     -867    -1053   -198    1108    1743    2481    2342    2259    1571    966     -48     -405    
3287   1942 713     -334    1813    -1026   814     2291    852     -1039   -1700   97      859     1488    2254    2476    2143    1636    777     145     -751    
3287   1943 -999999 -999999 1925    -999999 -999999 2362    631     -1462   -999999 -999999 1019    1812    2118    2580    2381    1605    709     -424    -996    
3287   1944 611     -493    1889    -1163   974     2356    584     -1318   -1176   207     980     1734    2292    2574    2200    1526    675     -451    -1960   
3287   1945 -999999 -910    -999999 -1751   903     2393    -999999 -1384   -1926   -497    1244    1975    2384    2419    2376    -999999 1021    -251    -943    
3287   1946 638     -463    1771    -940    658     2118    793     -1126   -730    -771    1141    1618    1979    2361    2009    1498    1015    -143    -1261   
3287   1947 -999999 -512    -999999 -1371   -999999 2227    818     -1467   -1385   98      1130    -999999 2154    2315    2210    1576    733     149     -1337   
3287   1948 700     -477    1832    -1243   837     2296    706     -1016   -1384   -44     936     1623    2085    2600    2196    1522    835     -242    -791    
3287   1949 568     -443    1783    -928    682     2261    516     -1207   -770    -506    941     1619    2178    2243    2360    1326    683     -466    -1664   
3287   1950 567     -672    1846    -1334   748     2302    480     -1065   -1266   -305    711     1836    2214    2455    2235    1593    544     -700    -1578   
3287   1951 649     -979    1934    -1689   767     2274    780     -1696   -1805   -712    1067    1956    2257    2502    2063    1735    847     -244    -348    
3287   1952 518     -428    1804    -914    669     2260    397     -1067   -1355   -455    831     1638    2074    2361    2339    1553    561     -929    -1412   
3287   1953 710     -650    1892    -1212   924     2262    679     -1372   -815    42      880     1848    2253    2511    2023    1812    668     -443    -977    
3287   1954 505     -664    1738    -1204   540     2175    650     -1339   -1305   -642    931     1345    1924    2239    2354    1612    776     -442    -1501   
3287   1955 685     -736    1893    -1454   664     2438    768     -1666   -1169   -446    621     1816    2440    2447    2427    1575    702     30      -676    
3287   1956 645     -614    1880    -1351   749     2315    890     -2120   -1251   -389    995     1649    1994    2654    2286    1673    861     135     -799    
3287   1957 625     -559    1779    -1366   601     2266    846     -1680   -1648   -307    684     1429    2347    2326    2128    1741    857     -61     -459    
3287   1958 664     -241    1684    -782    754     2109    645     -1230   -644    58      820     1385    1793    2355    2171    1553    676     -293    -764    
3287   1959 601     -511    1836    -1049   702     2213    742     -1272   -1119   -345    1059    1403    2123    2277    2235    1905    871     -555    -1473   
3287   1960 492     -739    1657    -1317   314     2175    625     -1369   -1094   -827    553     1225    2076    2250    2195    1617    700     -446    -1012   
3287   1961 697     -586    1919    -1241   968     2253    733     -1499   -1209   -103    1230    1786    2109    2411    2233    1724    452     31      -913    
3287   1962 793     -419    1976    -1107   1043    2413    733     -1410   -984    273     936     1915    2270    2564    2402    1736    747     -286    -774    
3287   1963 795     -290    1761    -911    914     2288    829     -1198   -745    473     583     1677    2194    2459    2208    1411    884     189     -708    
3287   1964 607     -464    1773    -1210   709     2222    757     -1199   -1759   -253    824     1560    2159    2265    2240    1565    588     124     -906    
3287   1965 799     -423    1954    -1101   978     2381    882     -1207   -1200   6       1047    1883    2225    2673    2239    1628    865     153     -859    
3287   1966 677     -269    1856    -942    802     2315    709     -1117   -838    142     820     1445    2236    2356    2351    1910    697     -480    -1483   
3287   1967 612     -754    1807    -1530   917     2140    646     -1803   -1281   -216    1088    1883    2160    2290    1971    1429    854     -352    -798    
3287   1968 686     -360    1798    -1014   982     2289    580     -1061   -1195   340     764     1836    2244    2417    2204    1286    674     -222    -1135   
3287   1969 523     -911    1772    -1864   682     2231    775     -2238   -2256   -396    897     1553    2155    2494    2042    1465    805     56      -526    
3287   1970 673     -353    1824    -872    707     2243    759     -1267   -805    -418    1039    1511    2133    2388    2205    1645    816     -186    -1062   
3287   1971 769     -570    1851    -1225   722     2277    949     -1387   -1225   -428    994     1608    2208    2374    2247    1651    957     237     -134    
3287   1972 611     -384    1776    -1026   728     2172    787     -1282   -1706   -442    937     1697    2174    2129    2214    1484    750     128     -825    
3287   1973 790     -360    1865    -987    817     2318    884     -1064   -1085   -140    1080    1520    2205    2505    2242    1619    812     223     -619    
3287   1974 655     -523    2016    -1243   860     2466    757     -1405   -1753   -490    1172    1907    2351    2705    2336    1595    732     -56     -1390   
3287   1975 749     -421    1888    -1134   891     2372    692     -977    -1024   144     980     1550    2185    2606    2318    1664    830     -421    -999    
3287   1976 676     -497    1943    -985    776     2366    592     -973    -984    -465    907     1891    2277    2463    2355    1703    639     -417    -1198   
3287   1977 779     -693    2000    -1378   858     2437    969     -1730   -1187   -262    1036    1806    2612    2405    2299    1824    875     212     -655    
3287   1978 773     -402    1919    -1172   921     2305    889     -1606   -1263   -40     1230    1582    2271    2584    2058    1772    800     98      -331    
3287   1979 700     -286    1749    -720    550     2247    712     -1200   -620    -482    678     1459    2103    2405    2228    1590    887     -347    -395    
3287   1980 782     -431    1868    -958    812     2281    970     -1504   -977    -285    946     1781    2127    2441    2269    1612    866     437     -374    
3287   1981 738     -168    1902    -845    1010    2303    688     -1057   -1133   181     1106    1747    2260    2400    2248    1626    624     -182    -1078   
3287   1982 784     -495    1964    -1012   847     2380    845     -1002   -949    -414    1115    1848    2354    2487    2299    1656    941     -66     -969    
3287   1983 896     -187    1902    -788    992     2371    893     -833    -537    311     1095    1572    2191    2452    2464    1613    909     155     -728    
3287   1984 556     -480    1857    -1278   797     2334    761     -1526   -1601   -139    778     1752    2223    2403    2372    1582    813     -113    -1932   
3287   1985 648     -732    1835    -1430   587     2271    722     -1433   -873    -846    1076    1547    2106    2468    2233    1553    746     -133    -745    
3287   1986 700     -427    1848    -1024   804     2262    705     -1101   -1249   -150    856     1709    2072    2483    2226    1711    682     -276    -695    
3287   1987 753     -307    1862    -690    783     2301    550     -806    -556    -215    884     1684    1931    2565    2395    1677    356     -377    -596    
3287   1988 683     -623    1754    -1078   608     2161    881     -1035   -1639   -504    919     1420    2091    2305    2086    1686    740     221     -168    
3287   1989 818     -190    1817    -699    807     2261    820     -850    -1119   -42     789     1673    2098    2382    2299    1628    913     -85     -14     
3287   1990 803     -206    1898    -715    937     2301    838     -1133   -1028   38      995     1779    2375    2330    2201    1689    841     -17     -557    
3287   1991 759     -437    1910    -1003   774     2320    894     -1169   -1311   -480    1078    1734    2262    2459    2239    1669    1004    5       -515    
3287   1992 720     -243    1738    -740    820     2186    612     -880    -831    -271    1121    1548    2064    2453    2037    1177    733     -76     -548    
3287   1993 624     -311    1724    -842    729     2181    575     -1157   -819    -42     861     1372    2121    2306    2115    1551    699     -531    -1084   
3287   1994 711     -650    -999999 -1227   607     2357    927     -1338   -1262   -443    858     -999999 2346    2452    2272    1510    756     521     -425    
3287   1995 801     -251    1947    -872    873     2347    969     -1396   -787    -200    1190    1639    2252    2482    2305    1797    873     240     -867    
3287   1996 705     -461    1881    -1196   707     2367    810     -1688   -1021   -314    736     1701    2336    2516    2248    1721    849     -142    -539    
3287   1997 869     -259    2057    -853    1243    2332    880     -964    -1078   245     1562    1933    2283    2488    2222    1839    1181    -389    -1026   
3287   1998 757     -468    1905    -1076   673     2425    836     -1431   -738    -430    896     1562    2322    2462    2489    1675    902     -72     -645    
3287   1999 817     -366    1918    -842    735     2346    950     -1195   -669    -537    998     1754    2166    2492    2373    1696    1100    49      -516    
3287   2000 768     -290    2025    -944    1019    2398    632     -1297   -1025   -85     1309    1844    2376    2451    2366    1783    507     -389    -668    
3287   2001 750     -481    1916    -974    901     2342    899     -1368   -876    -125    927     1902    2347    2347    2332    1613    862     224     -1266   
3287   2002 873     -205    1871    -896    962     2315    977     -849    -536    319     944     1622    2162    2374    2405    1696    969     267     -984    
3287   2003 -999999 -999999 -999999 -999999 -999999 -999999 -999999 -999999 -999999 -999999 -999999 -999999 -999999 -999999 -999999 -999999 -999999 -999999 -999999 
3287   2004 835     -999999 1888    -999999 1005    2260    880     -1297   -514    122     1097    1800    2186    2399    2192    1629    832     183     -637    
3287   2005 817     -360    1980    -1160   1044    2371    1023    -1438   -1431   246     1118    1771    2306    2567    2239    1859    987     225     -792    
