EUROPEAN CLIMATE ASSESSMENT & DATASET (ECA&D), file created on: 13-11-2019
THESE DATA CAN BE USED FOR NON-COMMERCIAL RESEARCH AND EDUCATION PROVIDED THAT THE FOLLOWING SOURCE IS ACKNOWLEDGED: 

Klein Tank, A.M.G. and Coauthors, 2002. Daily dataset of 20th-century surface
air temperature and precipitation series for the European Climate Assessment.
Int. J. of Climatol., 22, 1441-1453.
Data and metadata available at http://www.ecad.eu

FILE FORMAT (MISSING VALUE CODE = -999999):

THIS FILE HOLDS DATA FOR STATION GERMANY                                  COTTBUS                                  (STAID:   4014)
LATITUDE: dd:mm:ss +51:46:39
LONGITUDE: ddd:mm:ss +014:19:06
ELEVATION: m   69

DATA IS FOR INDEX Mean of daily mean temperature (TG) with unit 0.01 Temperature (&#176;C)

01-06 SOUID: Source identifier
08-11 YEAR : YYYY
13-20 ANNUAL DATA VALUES
21-28 WINTER HALF YEAR DATA VALUES
29-36 SUMMER HALF YEAR DATA VALUES
37-44 WINTER (DJF) DATA VALUES
45-52 SPRING (MAM) DATA VALUES
53-60 SUMMER (JJA) DATA VALUES
61-68 AUTUMN (SON) DATA VALUES
69-76 JANUARY DATA VALUES
etc. 
157-164 DECEMBER DATA VALUES

4014   1888 -999999 -999999 -999999 -999999 -999999 -999999 -999999 -999999 -999999 -999999 -999999 -999999 -999999 -999999 -999999 -999999 -999999 301     138     
4014   1889 827     -999999 1546    -124    888     1827    787     -310    -209    63      806     1824    2037    1769    1690    1157    890     311     -101    
4014   1890 853     279     1513    -39     1002    1739    853     218     -255    570     842     1574    1542    1776    1895    1433    806     301     -590    
4014   1891 858     87      1432    -339    839     1665    965     -386    -18     388     614     1507    1584    1740    1671    1467    1109    314     265     
4014   1892 862     291     1569    62      752     1896    865     -204    129     124     794     1341    1746    1836    2101    1577    847     171     -140    
4014   1893 903     132     1539    -255    918     1864    953     -789    225     494     888     1372    1771    1970    1845    1379    1182    290     151     
4014   1894 933     389     1489    86      982     1766    889     -111    234     560     1078    1312    1567    2026    1699    1221    893     563     89      
4014   1895 897     169     1661    -239    906     1940    986     -326    -493    235     1007    1479    1859    2054    1904    1647    838     499     -5      
4014   1896 905     329     1496    -12     878     1849    914     -81     53      657     736     1236    1969    1916    1669    1456    1126    152     -22     
4014   1897 880     263     1502    -114    903     1844    816     -345    40      602     878     1228    1843    1769    1917    1384    779     287     189     
4014   1898 976     369     1489    218     900     1752    955     262     202     476     823     1397    1689    1563    2002    1442    859     569     380     
4014   1899 907     448     1463    308     823     1755    983     261     281     325     865     1281    1556    1899    1796    1367    858     728     -343    
4014   1900 937     251     1530    -67     704     1884    998     62      97      107     748     1259    1758    2031    1858    1508    966     520     275     
4014   1901 875     204     1575    -182    882     1883    942     -399    -446    256     895     1497    1750    2065    1831    1391    1111    318     135     
4014   1902 770     378     1336    143     717     1656    684     355     -81     383     763     1007    1705    1689    1574    1271    700     81      -267    
4014   1903 951     272     1467    54      895     1769    994     55      409     659     600     1415    1661    1887    1755    1461    1030    491     -47     
4014   1904 936     319     1520    14      883     1828    875     -67     167     338     969     1344    1670    2012    1798    1309    918     396     326     
4014   1905 905     378     1528    133     872     1885    758     -137    225     524     668     1410    1911    1944    1802    1383    525     374     184     
4014   1906 946     291     1533    165     961     1759    1024    122     192     342     1014    1529    1653    1875    1746    1361    982     731     -240    
4014   1907 873     286     1417    -118    845     1646    973     -48     -61     334     702     1493    1692    1579    1668    1349    1309    248     138     
4014   1908 840     359     1471    73      830     1801    742     -107    197     356     652     1477    1875    1934    1596    1269    845     108     -144    
4014   1909 841     114     1433    -178    758     1714    925     -138    -261    235     847     1196    1633    1695    1812    1401    1158    208     219     
4014   1910 947     431     1484    252     906     1770    826     209     335     438     864     1414    1904    1733    1678    1298    901     259     269     
4014   1911 1003    349     1614    142     948     1933    972     -3      162     483     877     1482    1681    2060    2051    1506    892     521     264     
4014   1912 860     366     1401    35      912     1782    645     -349    201     659     808     1267    1716    2025    1601    966     687     281     424     
4014   1913 963     375     1447    179     1028    1655    1016    -68     180     726     943     1411    1669    1667    1630    1349    982     718     302     
4014   1914 959     448     1539    137     972     1827    856     -248    379     554     1103    1268    1644    1968    1863    1358    822     389     380     
4014   1915 871     326     1473    204     791     1775    710     75      153     122     803     1448    1929    1782    1620    1243    660     229     338     
4014   1916 949     375     1435    278     969     1640    906     409     73      517     965     1425    1477    1741    1695    1290    904     526     320     
4014   1917 -999999 182     1598    -109    726     1934    -999999 -240    -440    -24     594     1600    2096    1881    1829    1535    -999999 -999999 -999999 
4014   1918 978     -999999 1527    -999999 1050    1664    921     162     209     462     1170    1504    1487    1802    1697    1485    935     343     385     
4014   1919 795     373     1390    180     760     1644    713     101     40      398     702     1178    1620    1635    1675    1528    674     -63     26      
4014   1920 908     315     1511    186     1116    1688    648     223     317     711     1106    1517    1536    1910    1621    1369    538     41      11      
4014   1921 963     316     1531    204     1035    1801    793     486     106     685     872     1545    1520    1985    1891    1358    1047    -35     36      
4014   1922 768     155     1384    -172    829     1676    639     -371    -182    395     664     1423    1680    1739    1608    1163    482     296     259     
4014   1923 851     297     1366    164     831     1601    966     203     18      498     699     1292    1222    1932    1636    1392    1116    386     -249    
4014   1924 810     156     1433    -282    808     1667    904     -288    -311    250     672     1462    1622    1770    1612    1451    991     266     135     
4014   1925 916     398     1467    309     874     1718    791     323     488     191     876     1555    1506    1886    1760    1206    874     290     32      
4014   1926 921     321     1487    109     919     1701    1002    -67     389     414     1087    1261    1508    1911    1679    1462    823     727     -156    
4014   1927 851     399     1406    43      852     1708    870     232     55      692     764     1097    1498    1873    1747    1442    913     254     -416    
4014   1928 874     229     1390    -16     713     1712    974     161     222     242     797     1102    1522    1940    1666    1293    925     706     -103    
4014   1929 785     26      1457    -577    711     1750    1067    -487    -1200   219     457     1449    1521    1895    1827    1568    1091    559     385     
4014   1930 936     448     1499    192     890     1793    970     161     10      435     942     1297    1964    1754    1666    1366    911     635     18      
4014   1931 822     248     1442    -36     764     1752    765     -21     -112    35      578     1674    1700    1883    1673    1112    751     432     88      
4014   1932 899     212     1548    9       770     1813    991     170     -246    57      854     1403    1529    1970    1931    1578    957     438     79      
4014   1933 775     273     1416    -104    826     1736    818     -375    1       510     682     1280    1541    1929    1731    1307    888     258     -501    
4014   1934 1055    244     1640    -88     1066    1871    1025    82      182     549     1144    1506    1856    2015    1742    1568    1040    466     456     
4014   1935 907     385     1501    202     714     1843    974     -77     231     185     829     1135    1915    1848    1770    1481    913     530     89      
4014   1936 912     390     1481    138     873     1802    784     359     -46     471     725     1418    1792    1912    1701    1318    633     406     206     
4014   1937 923     248     1593    24      975     1839    930     -335    219     363     870     1690    1863    1846    1808    1463    1002    324     -75     
4014   1938 949     387     1442    66      849     1825    1043    156     123     763     572     1203    1720    1828    1924    1384    965     782     -160    
4014   1939 909     396     1503    143     757     1841    884     305     277     158     970     1109    1753    1885    1882    1408    698     539     -169    
4014   1940 700     -57     1441    -622    801     1735    877     -1001   -729    252     853     1301    1901    1794    1516    1269    757     610     -264    
4014   1941 749     131     1353    -302    636     1772    716     -609    -3      301     598     1007    1705    1983    1626    1181    811     154     176     
4014   1942 785     -21     1492    -378    716     1733    1019    -799    -526    14      788     1350    1564    1744    1886    1603    1099    351     239     
4014   1943 -999999 -999999 -999999 157     -999999 -999999 -999999 -96     349     -999999 -999999 -999999 -999999 -999999 -999999 -999999 -999999 -999999 -999999 
4014   1944 -999999 -999999 -999999 -999999 -999999 -999999 -999999 -999999 -999999 -999999 -999999 -999999 -999999 -999999 -999999 -999999 -999999 -999999 -999999 
4014   1945 -999999 -999999 -999999 -999999 -999999 -999999 -999999 -999999 -999999 -999999 -999999 -999999 -999999 -999999 -999999 -999999 -999999 -999999 -999999 
4014   1946 -999999 -999999 -999999 -999999 -999999 -999999 -999999 -999999 -999999 -999999 -999999 -999999 -999999 -999999 -999999 -999999 -999999 -999999 -999999 
4014   1947 -999999 -999999 -999999 -999999 -999999 -999999 -999999 -999999 -999999 -999999 -999999 -999999 -999999 -999999 -999999 -999999 -999999 -999999 -999999 
4014   1948 -999999 -999999 -999999 -999999 -999999 -999999 -999999 -999999 -999999 -999999 -999999 -999999 -999999 -999999 -999999 -999999 -999999 -999999 -999999 
4014   1949 -999999 -999999 -999999 -999999 -999999 -999999 -999999 -999999 -999999 -999999 -999999 -999999 -999999 -999999 -999999 -999999 -999999 -999999 -999999 
4014   1950 -999999 -999999 -999999 -999999 -999999 -999999 -999999 -999999 -999999 -999999 -999999 -999999 -999999 -999999 -999999 -999999 -999999 -999999 -999999 
4014   1951 981     -999999 1554    -999999 800     1868    1015    110     225     246     910     1247    1745    1885    1970    1555    762     737     338     
4014   1952 870     352     1536    173     842     1860    717     96      77      95      1161    1281    1650    1952    1972    1181    743     226     -18     
4014   1953 1018    257     1605    7       1005    1885    1060    -14     56      525     1061    1430    1872    1980    1802    1468    1155    555     259     
4014   1954 844     236     1478    -248    828     1755    980     -447    -589    413     639     1425    1903    1599    1767    1520    1066    353     375     
4014   1955 825     244     1436    -10     631     1775    919     -200    -227    53      677     1164    1603    1890    1827    1433    874     452     276     
4014   1956 733     144     1378    -245    724     1636    838     25      -1092   257     546     1363    1502    1833    1569    1434    900     178     180     
4014   1957 932     378     1438    196     844     1808    923     39      389     578     836     1119    1884    1944    1599    1233    1012    522     0       
4014   1958 896     287     1464    58      680     1748    991     -26     217     -3      530     1510    1588    1883    1769    1479    1038    453     263     
4014   1959 958     409     1578    95      1027    1917    810     42      -32     649     1025    1407    1793    2080    1874    1266    830     335     145     
4014   1960 905     275     1449    18      843     1753    964     -22     -77     415     722     1387    1761    1718    1779    1309    955     628     245     
4014   1961 954     467     1512    174     982     1718    1075    -155    459     675     1147    1129    1808    1660    1688    1641    1148    434     -192    
4014   1962 804     291     1385    18      744     1623    867     202     47      87      1042    1112    1563    1621    1682    1283    911     405     -349    
4014   1963 802     -44     1567    -624    846     1875    1077    -887    -637    247     902     1392    1806    2024    1793    1468    927     841     -328    
4014   1964 879     189     1583    -209    797     1879    900     -243    -46     -11     952     1454    1978    2014    1650    1437    759     508     81      
4014   1965 819     264     1400    34      728     1658    766     164     -163    199     777     1210    1701    1645    1628    1428    799     69      300     
4014   1966 925     237     1520    44      938     1787    936     -346    193     396     987     1431    1874    1776    1713    1329    1177    293     236     
4014   1967 986     446     1505    179     921     1792    1077    19      294     637     714     1405    1627    2010    1733    1519    1234    474     108     
4014   1968 892     386     1498    25      897     1789    964     -96     66      511     987     1196    1797    1765    1805    1432    1038    419     -231    
4014   1969 801     145     1491    -188    706     1782    1014    -111    -228    -48     734     1432    1649    1982    1711    1419    996     627     -609    
4014   1970 815     79      1444    -424    659     1817    929     -454    -187    91      665     1222    1856    1797    1800    1307    899     582     135     
4014   1971 915     287     1515    30      845     1817    843     -219    189     133     856     1546    1514    1946    1982    1215    889     424     443     
4014   1972 862     352     1446    83      885     1805    777     -372    184     538     832     1283    1652    2037    1720    1126    679     529     112     
4014   1973 881     331     1455    98      796     1788    848     -18     212     470     580     1332    1707    1846    1808    1433    760     355     35      
4014   1974 954     404     1407    233     872     1658    873     335     338     591     820     1204    1492    1645    1831    1437    641     547     527     
4014   1975 979     451     1568    369     834     1876    927     501     49      407     753     1338    1641    1991    1989    1675    809     301     215     
4014   1976 883     238     1500    83      713     1844    965     58      -32     63      727     1350    1793    2056    1682    1373    963     559     -23     
4014   1977 941     416     1404    98      863     1754    960     55      279     656     627     1299    1771    1764    1728    1214    1051    611     185     
4014   1978 878     412     1395    77      857     1686    942     128     -100    551     731     1286    1655    1739    1663    1280    1005    540     -15     
4014   1979 856     215     1478    -231    860     1754    872     -400    -283    406     731     1437    1940    1556    1773    1422    768     431     421     
4014   1980 794     273     1352    51      673     1661    887     -398    137     277     623     1118    1637    1625    1719    1379    909     371     121     
4014   1981 889     350     1470    21      982     1716    951     -113    58      724     752     1463    1703    1751    1694    1443    909     504     -275    
4014   1982 974     239     1563    -183    852     1893    1131    -235    -23     536     660     1352    1744    1989    1942    1669    1076    648     262     
4014   1983 995     483     1590    200     966     1902    955     472     -170    554     996     1349    1721    2116    1863    1479    1000    385     84      
4014   1984 850     309     1380    75      756     1632    956     151     -17     230     763     1276    1457    1639    1794    1333    1098    433     3       
4014   1985 815     159     1470    -331    917     1686    819     -605    -397    378     858     1514    1456    1810    1786    1375    919     160     425     
4014   1986 869     196     1476    -95     897     1770    952     19      -798    356     762     1570    1678    1883    1745    1191    990     673     221     
4014   1987 798     182     1424    -197    686     1669    1013    -745    -54     2       938     1126    1558    1809    1637    1469    977     593     234     
4014   1988 977     465     1534    307     905     1786    878     396     290     290     876     1547    1638    1903    1813    1404    962     265     302     
4014   1989 1043    496     1564    331     1036    1803    998     283     417     732     902     1472    1668    1898    1837    1589    1152    248     263     
4014   1990 1064    588     1529    423     1076    1826    965     343     691     829     892     1500    1722    1789    1965    1283    1077    530     115     
4014   1991 922     397     1486    26      823     1849    966     185     -248    667     780     1022    1535    2116    1887    1558    881     461     133     
4014   1992 1021    410     1674    198     976     2070    851     112     359     510     899     1517    2032    2049    2127    1395    655     509     67      
4014   1993 911     304     1513    95      1058    1654    717     213     -6      365     1132    1679    1622    1681    1656    1295    875     -24     366     
4014   1994 1023    356     1591    212     955     1955    945     340     -100    622     905     1336    1677    2298    1882    1422    762     655     383     
4014   1995 961     460     1558    314     884     1898    946     61      518     392     909     1353    1550    2178    1955    1376    1204    249     -251    
4014   1996 780     96      1440    -327    761     1763    928     -435    -292    77      941     1269    1721    1699    1867    1124    1079    574     -289    
4014   1997 957     357     1545    -32     876     1922    860     -234    477     554     644     1421    1773    1881    2107    1416    774     392     248     
4014   1998 1005    458     1583    363     1049    1801    839     299     561     482     1090    1576    1859    1798    1749    1411    932     171     108     
4014   1999 1056    377     1657    182     1024    1882    1062    307     125     586     991     1494    1702    2061    1876    1805    992     391     273     
4014   2000 1087    452     1622    265     1124    1820    1116    92      443     517     1220    1637    1878    1683    1902    1400    1231    714     318     
4014   2001 968     489     1541    209     904     1854    1011    114     195     339     850     1520    1542    1995    2014    1292    1341    388     -39     
4014   2002 1008    496     1628    216     1030    1947    885     165     555     568     891     1627    1802    1974    2060    1388    836     434     -227    
4014   2003 972     207     1668    -160    971     2005    904     -71     -184    420     880     1610    1991    1997    2026    1483    617     619     195     
4014   2004 955     345     1524    105     932     1798    983     -138    269     509     1010    1281    1621    1809    1958    1449    1036    461     180     
4014   2005 969     377     1558    131     934     1771    1046    270     -75     352     1038    1417    1700    1910    1701    1572    1119    445     109     
4014   2006 1043    235     1704    -115    847     2007    1267    -411    -34     159     953     1431    1866    2415    1737    1807    1233    762     532     
4014   2007 1076    700     1638    488     1172    1885    851     549     370     726     1177    1614    1939    1884    1835    1364    829     362     210     
4014   2008 1040    457     1571    349     970     1888    952     380     464     496     883     1527    1880    1926    1857    1332    962     561     183     
4014   2009 982     349     1636    5       1090    1835    1036    -222    59      530     1302    1446    1577    1937    1982    1554    784     780     1       
4014   2010 846     253     1552    -183    873     1952    864     -519    -16     479     947     1197    1787    2233    1832    1295    766     535     -431    
4014   2011 1027    238     1644    -123    1066    1853    986     130     -62     468     1231    1504    1892    1775    1893    1563    969     427     460     
4014   2012 977     410     1599    118     1086    1841    978     157     -289    692     961     1599    1662    1914    1942    1495    894     549     89      
4014   2013 952     232     1575    17      746     1913    1007    -41     1       -111    938     1417    1762    2060    1913    1338    1140    540     402     
4014   2014 1108    576     1618    334     1089    1861    1168    106     510     749     1162    1358    1720    2136    1723    1598    1226    678     295     
4014   2015 1094    554     1614    264     958     1995    1000    312     177     606     902     1363    1664    2053    2257    1414    831     761     710     
4014   2016 1026    530     1655    372     968     1911    1003    10      397     468     883     1552    1922    1971    1841    1747    889     375     245     
4014   2017 1027    383     1572    93      1014    1916    1033    -179    226     728     811     1498    1897    1925    1926    1355    1166    573     333     
4014   2018 1123    417     1828    188     1108    2062    1081    359     -161    179     1383    1770    1923    2078    2180    1616    1090    535     425     
4014   2019 -999999 542     1712    298     1021    2139    -999999 97      379     713     1099    1254    2306    2020    2096    1488    1130    -999999 -999999 
