EUROPEAN CLIMATE ASSESSMENT & DATASET (ECA&D), file created on: 13-11-2019
THESE DATA CAN BE USED FOR NON-COMMERCIAL RESEARCH AND EDUCATION PROVIDED THAT THE FOLLOWING SOURCE IS ACKNOWLEDGED: 

Klein Tank, A.M.G. and Coauthors, 2002. Daily dataset of 20th-century surface
air temperature and precipitation series for the European Climate Assessment.
Int. J. of Climatol., 22, 1441-1453.
Data and metadata available at http://www.ecad.eu

FILE FORMAT (MISSING VALUE CODE = -999999):

THIS FILE HOLDS DATA FOR STATION UNITED KINGDOM                           SHEFFIELD                                (STAID:   1848)
LATITUDE: dd:mm:ss +53:22:50
LONGITUDE: ddd:mm:ss -001:29:22
ELEVATION: m  131

DATA IS FOR INDEX Mean of daily mean temperature (TG) with unit 0.01 Temperature (&#176;C)

01-06 SOUID: Source identifier
08-11 YEAR : YYYY
13-20 ANNUAL DATA VALUES
21-28 WINTER HALF YEAR DATA VALUES
29-36 SUMMER HALF YEAR DATA VALUES
37-44 WINTER (DJF) DATA VALUES
45-52 SPRING (MAM) DATA VALUES
53-60 SUMMER (JJA) DATA VALUES
61-68 AUTUMN (SON) DATA VALUES
69-76 JANUARY DATA VALUES
etc. 
157-164 DECEMBER DATA VALUES

1848   1883 -999999 -999999 -999999 -999999 -999999 1435    -999999 -999999 516     94      797     1061    1330    1475    1502    -999999 910     575     -999999 
1848   1884 -999999 -999999 1318    -999999 793     1563    1026    574     518     580     685     1102    1339    1628    1717    1436    938     671     370     
1848   1885 -999999 -999999 -999999 -999999 685     -999999 -999999 235     -999999 423     737     863     1336    1592    1320    1204    753     520     -999999 
1848   1886 -999999 -999999 -999999 -999999 -999999 1504    -999999 143     144     289     669     -999999 1277    1632    1609    1356    1096    671     183     
1848   1887 -999999 -999999 -999999 -999999 -999999 1643    816     222     364     344     805     860     1539    1810    1575    1184    745     506     327     
1848   1888 -999999 -999999 -999999 -999999 -999999 -999999 -999999 361     203     242     549     1066    1239    1287    1381    1238    757     735     526     
1848   1889 -999999 -999999 -999999 -999999 -999999 1493    -999999 334     -999999 417     676     1210    1525    1463    1495    1276    825     -999999 -999999 
1848   1890 -999999 -999999 1252    -999999 797     1408    -999999 516     -999999 604     644     1147    1357    1412    1453    1499    1056    644     -35     
1848   1891 -999999 -999999 -999999 -999999 -999999 1440    957     165     -999999 400     509     -999999 1385    1513    1418    1410    946     562     383     
1848   1892 -999999 -999999 -999999 -999999 680     1355    -999999 201     296     218     721     1087    1246    1308    1497    1228    729     -999999 -999999 
1848   1893 -999999 -999999 -999999 -999999 -999999 -999999 -999999 229     -999999 746     958     1196    1389    1550    1710    1253    1000    -999999 463     
1848   1894 -999999 -999999 -999999 -999999 -999999 1425    -999999 -999999 483     616     890     820     1324    1567    1390    1141    856     813     536     
1848   1895 -999999 -999999 -999999 -999999 -999999 1511    -999999 -23     -143    544     778     1139    1436    1497    1595    1549    735     721     -999999 
1848   1896 -999999 -999999 -999999 -999999 -999999 -999999 -999999 -999999 -999999 608     900     1080    1559    1580    1395    1271    679     -999999 376     
1848   1897 -999999 -999999 -999999 -999999 745     -999999 -999999 -999999 -999999 648     619     955     -999999 1569    1608    1193    969     -999999 -999999 
1848   1898 -999999 -999999 -999999 -999999 707     1473    -999999 647     -999999 371     799     925     1300    1491    1612    1496    1144    725     -999999 
1848   1899 -999999 -999999 -999999 -999999 -999999 -999999 -999999 440     -999999 545     765     877     1490    1679    1700    1276    951     870     -999999 
1848   1900 -999999 -999999 -999999 -999999 -999999 -999999 -999999 -999999 -999999 300     772     998     1411    1752    1486    1346    943     -999999 -999999 
1848   1901 -999999 -999999 -999999 -999999 -999999 -999999 -999999 -999999 243     368     836     1092    1343    1767    1587    1370    929     -999999 291     
1848   1902 -999999 -999999 -999999 -999999 745     -999999 -999999 -999999 87      689     717     825     1344    1434    1336    1279    943     -999999 -999999 
1848   1903 -999999 -999999 -999999 -999999 -999999 -999999 -999999 -999999 -999999 649     614     1029    -999999 1502    1397    1276    1003    -999999 -999999 
1848   1904 -999999 -999999 -999999 -999999 -999999 1490    -999999 354     -999999 392     844     1060    1300    1673    1491    1274    1017    590     -999999 
1848   1905 -999999 -999999 -999999 -999999 811     -999999 -999999 409     477     676     680     1067    1435    1733    1474    1266    731     -999999 -999999 
1848   1906 -999999 -999999 -999999 -999999 -999999 -999999 -999999 472     -999999 439     671     -999999 1402    1556    1663    1438    1078    746     328     
1848   1907 -999999 -999999 -999999 -999999 -999999 1332    998     -999999 287     687     720     912     1250    1327    1421    1352    979     701     -999999 
1848   1908 -999999 -999999 -999999 -999999 -999999 -999999 -999999 -999999 558     364     536     1226    1335    1551    1410    1245    1214    729     -999999 
1848   1909 -999999 -999999 -999999 -999999 754     -999999 -999999 -999999 -999999 326     892     1029    1135    1443    1579    -999999 1058    -999999 -999999 
1848   1910 -999999 -999999 -999999 -999999 787     1447    -999999 -999999 465     635     679     1041    1451    1373    1516    1238    1057    334     580     
1848   1911 -999999 -999999 -999999 -999999 -999999 -999999 -999999 -999999 -999999 450     752     1276    1412    1733    1775    -999999 914     610     578     
1848   1912 -999999 -999999 -999999 -999999 -999999 1382    -999999 -999999 -999999 688     856     1145    1352    1530    1268    1110    887     -999999 623     
1848   1913 -999999 -999999 -999999 -999999 813     -999999 -999999 -999999 -999999 538     775     1116    1352    1420    1473    1371    1060    -999999 -999999 
1848   1914 -999999 -999999 -999999 -999999 -999999 1558    -999999 -999999 678     604     940     1047    1431    1600    1637    1269    1068    639     438     
1848   1915 -999999 -999999 -999999 -999999 -999999 1472    -999999 374     399     474     755     1010    1416    1444    1553    1316    918     379     -999999 
1848   1916 -999999 -999999 -999999 -999999 -999999 1455    -999999 753     340     249     809     1084    1162    1511    1680    1274    1045    -999999 264     
1848   1917 -999999 -999999 -999999 -999999 -999999 1536    -999999 147     147     -999999 489     1201    1451    1604    1549    1445    729     -999999 -999999 
1848   1918 -999999 -999999 -999999 -999999 -999999 -999999 -999999 401     -999999 532     672     1269    1303    -999999 -999999 -999999 -999999 -999999 -999999 
1848   1919 -999999 -999999 -999999 -999999 -999999 -999999 -999999 -999999 -999999 -999999 -999999 -999999 -999999 -999999 -999999 -999999 -999999 -999999 -999999 
1848   1920 -999999 -999999 -999999 -999999 -999999 -999999 -999999 506     -999999 -999999 739     1152    1369    1392    1360    1286    1010    -999999 -999999 
1848   1921 -999999 -999999 -999999 -999999 -999999 1583    -999999 -999999 -999999 710     795     1138    1406    1798    1542    1384    1251    -999999 -999999 
1848   1922 -999999 -999999 -999999 -999999 733     1339    -999999 -999999 -999999 417     490     1273    1346    1337    1334    1188    804     -999999 561     
1848   1923 -999999 -999999 -999999 -999999 -999999 -999999 -999999 594     -999999 606     684     894     1176    -999999 -999999 -999999 -999999 -999999 -999999 
1848   1924 -999999 -999999 -999999 -999999 -999999 1444    -999999 -999999 -999999 308     632     1059    1400    1519    1412    1321    985     -999999 -999999 
1848   1925 -999999 -999999 -999999 -999999 802     -999999 -999999 -999999 469     481     728     1162    1425    1728    1561    1134    1033    403     -999999 
1848   1926 -999999 -999999 -999999 -999999 813     -999999 -999999 444     -999999 585     922     928     1321    1679    1612    -999999 736     592     -999999 
1848   1927 -999999 -999999 -999999 -999999 -999999 1427    -999999 477     -999999 692     773     982     1190    1520    1562    1259    1031    -999999 -999999 
1848   1928 -999999 -999999 -999999 -999999 -999999 1471    -999999 538     -999999 -999999 737     993     1233    1624    1542    1307    977     775     -999999 
1848   1929 -999999 -999999 -999999 -999999 -999999 1474    -999999 -999999 -999999 655     613     1122    1284    1612    1496    1549    947     633     520     
1848   1930 -999999 -999999 -999999 -999999 -999999 1510    -999999 -999999 235     487     -999999 1029    1493    1502    1535    1350    1023    -999999 -999999 
1848   1931 -999999 -999999 -999999 -999999 -999999 -999999 -999999 343     -999999 266     749     1120    1393    1574    1390    1195    877     723     -999999 
1848   1932 -999999 -999999 -999999 -999999 -999999 -999999 -999999 -999999 -999999 466     602     963     1372    1560    1674    -999999 853     -999999 564     
1848   1933 -999999 -999999 -999999 -999999 -999999 -999999 -999999 206     -999999 696     -999999 1185    1512    1802    1758    1550    -999999 -999999 237     
1848   1934 -999999 -999999 -999999 -999999 765     -999999 -999999 412     -999999 479     743     1106    1422    1830    1533    1427    -999999 -999999 745     
1848   1935 -999999 -999999 -999999 -999999 788     1652    -999999 -999999 -999999 660     765     942     1493    1745    1719    1355    893     -999999 270     
1848   1936 -999999 -999999 -999999 -999999 -999999 1527    -999999 286     -999999 -999999 611     1071    1437    1545    1605    1470    996     548     -999999 
1848   1937 -999999 -999999 -999999 -999999 -999999 -999999 -999999 -999999 -999999 -999999 810     1148    1375    1532    1682    1320    1088    -999999 -999999 
1848   1938 -999999 -999999 -999999 -999999 -999999 1503    -999999 549     -999999 989     780     1041    1425    1483    1599    1321    1031    853     -999999 
1848   1939 -999999 -999999 -999999 -999999 -999999 -999999 -999999 -999999 -999999 536     762     1076    1337    1534    1623    1406    812     789     -999999 
1848   1940 -999999 -999999 -999999 -999999 -999999 -999999 -999999 -999999 101     534     776     1255    1705    1510    1508    1247    936     -999999 430     
1848   1941 -999999 -999999 -999999 -999999 -999999 -999999 -999999 -27     -999999 412     591     878     1466    -999999 1474    1442    1020    -999999 -999999 
1848   1942 -999999 -999999 -999999 -999999 -999999 -999999 -999999 -999999 -26     -999999 860     1097    1414    1557    1583    1390    1034    -999999 -999999 
1848   1943 -999999 -999999 -999999 -999999 -999999 1534    -999999 -999999 -999999 673     1046    1170    1452    1586    1564    1316    1052    -999999 386     
1848   1944 -999999 -999999 -999999 -999999 -999999 -999999 -999999 550     -999999 493     963     1032    1284    1603    1653    -999999 940     -999999 -999999 
1848   1945 -999999 -999999 -999999 -999999 -999999 -999999 -999999 59      -999999 850     -999999 1157    1466    1649    1572    1413    1199    -999999 -999999 
1848   1946 -999999 -999999 -999999 -999999 -999999 1458    -999999 188     -999999 529     -999999 965     1302    1624    1453    1386    -999999 -999999 348     
1848   1947 -999999 -999999 -999999 -999999 -999999 -999999 -999999 -999999 -999999 -999999 837     1298    1519    1666    1864    1501    1124    -999999 496     
1848   1948 -999999 -999999 -999999 -999999 -999999 -999999 -999999 422     -999999 785     878     1093    1283    1507    1441    -999999 997     -999999 -999999 
1848   1949 -999999 -999999 -999999 -999999 -999999 -999999 -999999 498     588     406     928     1092    1448    -999999 1636    1629    1129    616     -999999 
1848   1950 -999999 -999999 -999999 -999999 -999999 -999999 -999999 -999999 -999999 754     667     996     1590    1575    1577    1276    902     556     -999999 
1848   1951 -999999 -999999 -999999 -999999 -999999 -999999 -999999 336     323     326     626     893     1343    1609    1465    1384    994     -999999 -999999 
1848   1952 -999999 -999999 -999999 -999999 -999999 -999999 -999999 228     345     610     878     1304    1394    1559    1588    1083    875     -999999 -999999 
1848   1953 -999999 -999999 -999999 -999999 -999999 1528    -999999 390     477     556     693     1232    1425    1575    1580    1393    981     862     662     
1848   1954 -999999 -999999 -999999 -999999 -999999 1375    -999999 -999999 -999999 510     780     -999999 1297    1401    1420    1236    -999999 654     -999999 
1848   1955 -999999 -999999 -999999 -999999 -999999 -999999 -999999 227     -999999 255     960     910     1294    1751    1756    1475    943     -999999 -999999 
1848   1956 -999999 -999999 -999999 -999999 -999999 -999999 -999999 -999999 -17     535     598     1220    1261    1558    1324    1387    986     -999999 -999999 
1848   1957 -999999 -999999 -999999 -999999 -999999 -999999 -999999 493     494     861     823     1030    1480    1572    1509    1246    1046    -999999 -999999 
1848   1958 -999999 -999999 -999999 -999999 -999999 1497    -999999 335     -999999 -999999 732     1124    1323    1571    1577    1512    1081    642     -999999 
1848   1959 -999999 -999999 -999999 -999999 -999999 -999999 -999999 -999999 520     710     -999999 1271    1514    1704    1783    1496    1246    -999999 555     
1848   1960 -999999 -999999 -999999 -999999 -999999 1553    -999999 -999999 348     -999999 933     1273    1634    1514    1518    1340    952     693     393     
1848   1961 -999999 -999999 -999999 -999999 -999999 1479    -999999 -999999 675     901     934     1024    1431    1445    1549    1485    1073    601     -999999 
1848   1962 -999999 -999999 -999999 -999999 649     -999999 -999999 390     -999999 251     731     993     1350    1394    1423    1239    1074    -999999 -999999 
1848   1963 -999999 -999999 -999999 -999999 -999999 1450    -999999 -999999 -999999 499     734     1031    1450    1510    1385    1273    1027    -999999 -999999 
1848   1964 -999999 -999999 -999999 -999999 -999999 -999999 -999999 326     -999999 293     867     1285    1341    1563    1523    1394    869     -999999 275     
1848   1965 -999999 -999999 -999999 -999999 -999999 -999999 -999999 -999999 -999999 401     799     1078    1436    1348    1505    -999999 1069    -999999 -999999 
1848   1966 -999999 -999999 -999999 -999999 -999999 1485    -999999 -999999 -999999 641     581     1087    1527    1483    1445    1371    976     542     -999999 
1848   1967 -999999 -999999 -999999 -999999 -999999 -999999 990     376     -999999 709     705     970     1455    1674    1606    1325    1108    472     -999999 
1848   1968 -999999 -999999 -999999 -999999 -999999 -999999 -999999 -999999 -999999 578     846     959     1484    1420    -999999 1377    1221    -999999 272     
1848   1969 -999999 -999999 -999999 -999999 -999999 -999999 -999999 510     -999999 207     721     1070    1363    1679    1601    1384    1240    -999999 -999999 
1848   1970 -999999 -999999 -999999 -999999 -999999 -999999 -999999 328     -999999 330     604     1246    1639    1471    1598    -999999 -999999 706     -999999 
1848   1971 -999999 -999999 -999999 -999999 -999999 -999999 -999999 399     -999999 500     728     1161    1213    1711    1542    1419    -999999 -999999 628     
1848   1972 -999999 -999999 -999999 -999999 835     -999999 -999999 -999999 346     621     810     1056    1196    1531    1521    1163    990     663     -999999 
1848   1973 -999999 -999999 -999999 -999999 -999999 -999999 -999999 -999999 -999999 661     677     1110    1472    1558    -999999 1393    902     -999999 -999999 
1848   1974 -999999 -999999 -999999 -999999 -999999 1463    -999999 552     -999999 508     740     1101    1337    1501    1541    1235    -999999 602     -999999 
1848   1975 -999999 -999999 -999999 -999999 -999999 -999999 -999999 618     -999999 415     830     936     1419    1744    1909    1346    963     590     569     
1848   1976 -999999 -999999 -999999 -999999 -999999 1766    -999999 -999999 373     459     776     1144    1683    1879    1731    1300    997     603     -999999 
1848   1977 -999999 -999999 -999999 -999999 -999999 -999999 -999999 226     -999999 598     692     995     1205    1528    1533    -999999 1099    576     -999999 
1848   1978 -999999 -999999 -999999 -999999 -999999 -999999 -999999 276     164     649     580     1136    1360    1434    1524    1362    1200    -999999 -999999 
1848   1979 -999999 -999999 -999999 -999999 -999999 -999999 -999999 -999999 -999999 -999999 743     956     -999999 1599    1489    1368    1083    608     -999999 
1848   1980 -999999 -999999 -999999 -999999 -999999 -999999 -999999 -999999 -999999 461     888     1066    1360    1456    1571    1502    -999999 623     -999999 
1848   1981 -999999 -999999 -999999 -999999 -999999 -999999 -999999 412     -999999 -999999 -999999 1131    1307    1577    1619    1483    770     724     -14     
1848   1982 -999999 -999999 -999999 -999999 -999999 -999999 -999999 202     -999999 590     867     1160    -999999 1666    1563    1382    987     -999999 -999999 
1848   1983 -999999 -999999 -999999 -999999 -999999 -999999 -999999 604     133     613     630     963     1343    1919    1680    -999999 956     -999999 521     
1848   1984 -999999 -999999 -999999 -999999 -999999 1647    -999999 -999999 -999999 419     804     988     1455    1717    1752    1328    1069    -999999 -999999 
1848   1985 -999999 -999999 -999999 -999999 -999999 -999999 -999999 -999999 -999999 484     780     1015    1236    1624    1471    1465    1157    351     -999999 
1848   1986 -999999 -999999 -999999 -999999 -999999 -999999 -999999 235     -109    456     557     1139    1417    1544    1336    1156    1078    740     -999999 
1848   1987 -999999 -999999 -999999 -999999 -999999 -999999 -999999 -999999 -999999 379     989     992     1204    1566    1573    1343    920     -999999 -999999 
1848   1988 -999999 -999999 -999999 -999999 -999999 1501    -999999 462     457     592     -999999 1136    1425    1504    1560    -999999 964     531     761     
1848   1989 -999999 -999999 -999999 -999999 -999999 -999999 -999999 -999999 -999999 682     577     1296    1482    1778    1633    1431    1173    -999999 -999999 
1848   1990 -999999 -999999 -999999 -999999 -999999 -999999 -999999 -999999 -999999 821     808     1264    1366    1677    1808    1324    1146    665     -999999 
1848   1991 -999999 -999999 -999999 -999999 -999999 1554    -999999 247     201     750     758     1094    1191    1747    1717    1484    996     -999999 509     
1848   1992 -999999 -999999 -999999 -999999 -999999 -999999 -999999 305     563     699     856     1329    1573    1613    1534    1288    730     644     -999999 
1848   1993 -999999 -999999 -999999 -999999 855     -999999 -999999 -999999 -999999 593     914     1092    1439    1502    1424    -999999 783     -999999 -999999 
1848   1994 -999999 -999999 -999999 -999999 -999999 1625    -999999 -999999 -999999 685     834     981     1450    1811    1584    1206    894     -999999 558     
1848   1995 -999999 -999999 -999999 -999999 -999999 -999999 -999999 370     595     485     -999999 1189    1369    1869    1852    1375    1224    -999999 -999999 
1848   1996 -999999 -999999 -999999 -999999 -999999 -999999 -999999 -999999 -999999 368     775     859     1417    1625    1680    1328    1088    -999999 268     
1848   1997 -999999 -999999 -999999 -999999 -999999 -999999 -999999 240     -999999 820     883     1107    1388    1707    1840    1350    887     -999999 577     
1848   1998 -999999 -999999 -999999 -999999 -999999 1516    -999999 -999999 -999999 767     766     1218    1385    1568    1580    1427    -999999 551     460     
1848   1999 -999999 -999999 -999999 -999999 -999999 -999999 -999999 -999999 -999999 686     944     1306    1394    1760    1601    1588    1060    731     -999999 
1848   2000 -999999 -999999 -999999 -999999 -999999 -999999 -999999 484     596     714     796     1160    -999999 1484    1689    1412    1002    617     -999999 
1848   2001 -999999 -999999 -999999 -999999 -999999 -999999 -999999 271     -999999 421     728     1243    1408    1708    1677    1285    1317    -999999 326     
1848   2002 -999999 -999999 -999999 -999999 965     -999999 -999999 516     -999999 743     929     1206    1483    1543    1701    1391    983     754     -999999 
1848   2003 -999999 -999999 -999999 -999999 977     -999999 -999999 -999999 -999999 735     948     1237    1639    1736    1779    1425    935     -999999 451     
1848   2004 -999999 -999999 -999999 -999999 -999999 -999999 -999999 -999999 -999999 633     959     1222    1554    1605    1719    1438    1018    -999999 -999999 
1848   2005 -999999 -999999 -999999 -999999 -999999 -999999 -999999 -999999 -999999 632     876     1140    -999999 1678    1618    1462    -999999 -999999 -999999 
1848   2006 -999999 -999999 -999999 -999999 -999999 -999999 -999999 -999999 -999999 379     823     1145    -999999 2007    1613    1609    1263    807     -999999 
1848   2007 -999999 -999999 -999999 -999999 -999999 -999999 -999999 685     607     697     1146    1152    1469    1543    1575    1409    1068    745     -999999 
1848   2008 -999999 -999999 -999999 -999999 -999999 1597    -999999 632     502     553     755     1285    1446    1683    1659    1376    975     -999999 -999999 
1848   2009 -999999 -999999 -999999 -999999 993     1612    -999999 311     448     738     1026    1209    1499    1630    1704    1423    1128    780     314     
1848   2010 -999999 -999999 -999999 -999999 888     -999999 -999999 -999999 -999999 646     933     1102    1574    1711    1549    1398    1022    -999999 5       
1848   2011 -999999 -999999 1440    -999999 1053    1542    -999999 363     -999999 705     1216    1250    1441    1585    1599    1542    1197    908     549     
1848   2012 -999999 -999999 -999999 -999999 -999999 -999999 -999999 528     430     912     711     1178    1379    1551    1680    1330    913     653     440     
1848   2013 -999999 -999999 -999999 -999999 -999999 1678    -999999 338     -999999 193     772     1108    1446    1876    1726    1369    1179    639     615     
1848   2014 -999999 -999999 -999999 -999999 1012    1641    -999999 527     593     775     1024    1247    1537    1828    1545    1440    1141    762     496     
1848   2015 -999999 -999999 -999999 -999999 -999999 1567    -999999 -999999 429     604     941     1106    1436    1609    1650    1277    1062    -999999 900     
1848   2016 -999999 -999999 -999999 -999999 854     1630    -999999 557     451     602     768     1208    1495    1714    1687    1602    1061    554     -999999 
1848   2017 -999999 -999999 -999999 -999999 -999999 1627    -999999 397     -999999 854     928     1329    1611    1684    1580    1368    1251    -999999 487     
