EUROPEAN CLIMATE ASSESSMENT & DATASET (ECA&D), file created on: 13-11-2019
THESE DATA CAN BE USED FOR NON-COMMERCIAL RESEARCH AND EDUCATION PROVIDED THAT THE FOLLOWING SOURCE IS ACKNOWLEDGED: 

Klein Tank, A.M.G. and Coauthors, 2002. Daily dataset of 20th-century surface
air temperature and precipitation series for the European Climate Assessment.
Int. J. of Climatol., 22, 1441-1453.
Data and metadata available at http://www.ecad.eu

FILE FORMAT (MISSING VALUE CODE = -999999):

THIS FILE HOLDS DATA FOR STATION SWEDEN                                   LURO                                     (STAID:   5416)
LATITUDE: dd:mm:ss +58:48:00
LONGITUDE: ddd:mm:ss +013:15:00
ELEVATION: m   55

DATA IS FOR INDEX Mean of daily mean temperature (TG) with unit 0.01 Temperature (&#176;C)

01-06 SOUID: Source identifier
08-11 YEAR : YYYY
13-20 ANNUAL DATA VALUES
21-28 WINTER HALF YEAR DATA VALUES
29-36 SUMMER HALF YEAR DATA VALUES
37-44 WINTER (DJF) DATA VALUES
45-52 SPRING (MAM) DATA VALUES
53-60 SUMMER (JJA) DATA VALUES
61-68 AUTUMN (SON) DATA VALUES
69-76 JANUARY DATA VALUES
etc. 
157-164 DECEMBER DATA VALUES

5416   1965 -999999 -999999 1144    -999999 371     1439    -999999 -37     -153    -152    402     863     1404    1465    1447    1269    908     -999999 -305    
5416   1966 534     -999999 1136    -613    307     1563    752     -552    -1023   -38     100     851     1591    1638    1463    1154    745     357     6       
5416   1967 686     155     1183    -158    509     1524    920     -375    -99     277     400     847     1369    1619    1581    1267    928     565     -196    
5416   1968 607     83      1235    -345    453     1593    671     -439    -404    30      528     805     1575    1573    1631    1285    651     77      -63     
5416   1969 578     -116    1246    -276    168     1692    771     -162    -637    -608    317     800     1622    1677    1774    1268    854     187     -235    
5416   1970 497     -178    1136    -625    239     1567    688     -566    -1122   -267    99      881     1657    1471    1576    1115    779     167     55      
5416   1971 675     125     1160    -7      357     1518    740     -52     -25     -186    283     972     1339    1665    1544    1130    839     247     282     
5416   1972 681     153     1179    -62     434     1573    728     -325    -147    9       388     904     1391    1831    1490    1045    740     400     403     
5416   1973 703     344     1235    194     556     1647    557     87      81      326     389     945     1555    1849    1534    1115    494     64      -52     
5416   1974 747     145     1232    58      565     1507    752     114     118     128     590     977     1449    1520    1549    1295    595     370     218     
5416   1975 817     253     1316    145     523     1691    872     234     -34     112     405     1048    1423    1745    1895    1352    842     423     283     
5416   1976 627     157     1218    -52     394     1637    690     -305    -138    -175    407     950     1452    1771    1680    1022    666     383     -220    
5416   1977 616     21      1114    -316    383     1484    786     -238    -509    5       192     946     1452    1493    1506    1072    887     396     100     
5416   1978 604     143     1131    -114    376     1512    806     10      -487    -100    312     914     1483    1534    1518    1007    811     600     -425    
5416   1979 -999999 -82     -999999 -617    333     -999999 696     -650    -794    -80     275     801     1472    -999999 1433    1172    592     327     -45     
5416   1980 -999999 -57     -999999 -332    351     -999999 640     -342    -627    -271    412     914     1532    -999999 1553    1240    579     102     46      
5416   1981 555     17      1153    -133    407     1418    735     -244    -208    -195    409     1008    1209    1561    1478    1232    728     246     -613    
5416   1982 681     -97     1222    -564    455     1603    911     -740    -317    101     394     868     1372    1740    1688    1252    877     604     268     
5416   1983 730     341     1184    142     438     1548    833     295     -167    127     368     830     1272    1712    1650    1241    865     393     104     
5416   1984 701     173     1154    -42     379     1524    878     -111    -123    -81     345     873     1310    1586    1668    1123    973     535     276     
5416   1985 465     41      1027    -371    190     1441    719     -546    -894    -171    48      690     1232    1588    1497    1081    911     160     -122    
5416   1986 571     -8      1047    -382    298     1447    830     -346    -711    -2      121     770     1369    1556    1414    1032    832     626     95      
5416   1987 470     -39     986     -380    101     1306    811     -808    -431    -561    227     640     1043    1492    1375    1123    890     418     172     
5416   1988 736     291     1251    160     411     1626    772     217     86      -44     298     974     1684    1655    1541    1340    732     246     86      
5416   1989 834     358     1233    260     602     1554    894     365     338     377     447     978     1452    1715    1492    1300    916     464     125     
5416   1990 850     439     1269    261     719     1581    792     274     398     455     603     1096    1481    1608    1652    1157    846     371     227     
5416   1991 740     270     1174    69      477     1500    868     134     -178    177     421     830     1079    1740    1667    1284    827     494     330     
5416   1992 784     384     1260    242     574     1618    715     229     162     250     339     1125    1692    1645    1518    1221    575     353     271     
5416   1993 670     238     1114    126     552     1361    687     111     -17     114     452     1087    1293    1428    1361    1046    738     274     94      
5416   1994 716     88      1267    -177    471     1656    819     -36     -632    24      464     925     1259    1943    1754    1228    744     489     323     
5416   1995 713     303     1194    132     451     1585    827     -67     143     178     354     817     1385    1586    1778    1224    1003    250     -133    
5416   1996 598     48      1117    -293    296     1502    856     -264    -495    -103    340     651     1257    1474    1767    1195    915     457     -65     
5416   1997 -999999 241     -999999 -50     452     -999999 -999999 -116    41      202     371     781     1529    1896    -999999 -999999 -999999 -999999 -999999 
