EUROPEAN CLIMATE ASSESSMENT & DATASET (ECA&D), file created on: 13-11-2019
THESE DATA CAN BE USED FOR NON-COMMERCIAL RESEARCH AND EDUCATION PROVIDED THAT THE FOLLOWING SOURCE IS ACKNOWLEDGED: 

Klein Tank, A.M.G. and Coauthors, 2002. Daily dataset of 20th-century surface
air temperature and precipitation series for the European Climate Assessment.
Int. J. of Climatol., 22, 1441-1453.
Data and metadata available at http://www.ecad.eu

FILE FORMAT (MISSING VALUE CODE = -999999):

THIS FILE HOLDS DATA FOR STATION GERMANY                                  MILTENBERG                               (STAID:   4416)
LATITUDE: dd:mm:ss +49:42:47
LONGITUDE: ddd:mm:ss +009:13:36
ELEVATION: m  128

DATA IS FOR INDEX Mean of daily mean temperature (TG) with unit 0.01 Temperature (&#176;C)

01-06 SOUID: Source identifier
08-11 YEAR : YYYY
13-20 ANNUAL DATA VALUES
21-28 WINTER HALF YEAR DATA VALUES
29-36 SUMMER HALF YEAR DATA VALUES
37-44 WINTER (DJF) DATA VALUES
45-52 SPRING (MAM) DATA VALUES
53-60 SUMMER (JJA) DATA VALUES
61-68 AUTUMN (SON) DATA VALUES
69-76 JANUARY DATA VALUES
etc. 
157-164 DECEMBER DATA VALUES

4416   1980 -999999 -999999 -999999 -999999 -999999 -999999 -999999 -999999 -999999 -999999 -999999 -999999 -999999 -999999 -999999 -999999 -999999 418     177     
4416   1981 921     -999999 1460    29      1015    1686    1004    -96     2       823     910     1309    1611    1727    1718    1473    934     608     -26     
4416   1982 969     318     1526    -57     838     1844    1102    -162    26      513     741     1257    1736    1998    1794    1617    1021    670     353     
4416   1983 993     519     1566    278     904     1932    921     506     -59     573     972     1169    1739    2135    1916    1445    963     354     119     
4416   1984 889     354     1346    164     705     1643    997     249     122     301     714     1100    1479    1719    1725    1323    1093    571     238     
4416   1985 820     264     1444    -164    892     1639    834     -429    -316    380     898     1397    1445    1795    1672    1441    876     184     407     
4416   1986 904     283     1443    59      893     1734    938     205     -487    434     751     1489    1703    1776    1724    1192    1021    598     325     
4416   1987 868     302     1439    -3      744     1656    1048    -403    75      181     1013    1046    1505    1799    1660    1605    992     550     352     
4416   1988 1014    524     1494    381     939     1719    961     452     337     449     887     1479    1567    1762    1823    1425    1090    364     495     
4416   1989 1022    579     1496    397     1011    1753    969     305     391     805     763     1455    1583    1893    1777    1484    1097    320     333     
4416   1990 1030    585     1474    431     1015    1765    957     342     637     775     815     1448    1578    1775    1937    1267    1043    558     149     
4416   1991 949     434     1513    80      860     1874    987     231     -163    735     771     1072    1511    2108    1991    1605    874     487     72      
4416   1992 1031    425     1609    192     1035    1918    932     191     322     602     920     1580    1764    1951    2034    1381    757     665     181     
4416   1993 997     415     1579    181     1079    1787    808     376     -34     511     1171    1557    1740    1830    1790    1374    866     182     522     
4416   1994 1119    509     1607    382     1046    1958    1074    437     164     837     910     1386    1782    2211    1877    1454    879     894     520     
4416   1995 1013    583     1532    427     932     1830    1003    162     616     437     1040    1321    1560    2087    1835    1327    1275    399     65      
4416   1996 855     330     1423    -12     830     1721    932     -92     -9      321     921     1250    1685    1705    1771    1188    1020    586     -106    
4416   1997 990     431     1510    55      976     1822    932     -225    544     785     761     1373    1638    1789    2034    1443    858     498     346     
4416   1998 1034    525     1552    365     1055    1804    928     341     411     683     980     1501    1812    1786    1814    1407    1051    324     249     
4416   1999 1062    478     1625    265     1061    1827    1048    361     175     673     1004    1503    1650    2009    1818    1752    956     441     331     
4416   2000 1098    537     1578    362     1120    1782    1097    255     509     723     1068    1567    1847    1636    1864    1473    1125    692     402     
4416   2001 1038    583     1552    335     1041    1847    1023    193     418     658     852     1608    1562    1985    1984    1293    1337    428     73      
4416   2002 1080    550     1568    270     1023    1892    1040    135     638     692     952     1424    1923    1857    1895    1343    1012    767     295     
4416   2003 1075    481     1731    124     1076    2142    948     87      -26     709     974     1541    2159    2024    2243    1428    733     689     262     
