EUROPEAN CLIMATE ASSESSMENT & DATASET (ECA&D), file created on: 13-11-2019
THESE DATA CAN BE USED FOR NON-COMMERCIAL RESEARCH AND EDUCATION PROVIDED THAT THE FOLLOWING SOURCE IS ACKNOWLEDGED: 

Klein Tank, A.M.G. and Coauthors, 2002. Daily dataset of 20th-century surface
air temperature and precipitation series for the European Climate Assessment.
Int. J. of Climatol., 22, 1441-1453.
Data and metadata available at http://www.ecad.eu

FILE FORMAT (MISSING VALUE CODE = -999999):

THIS FILE HOLDS DATA FOR STATION FINLAND                                  JOMALA MAARIANHAMINAN LENTOASEMA         (STAID:   6938)
LATITUDE: dd:mm:ss +60:07:28
LONGITUDE: ddd:mm:ss +019:54:24
ELEVATION: m    5

DATA IS FOR INDEX Mean of daily mean temperature (TG) with unit 0.01 Temperature (&#176;C)

01-06 SOUID: Source identifier
08-11 YEAR : YYYY
13-20 ANNUAL DATA VALUES
21-28 WINTER HALF YEAR DATA VALUES
29-36 SUMMER HALF YEAR DATA VALUES
37-44 WINTER (DJF) DATA VALUES
45-52 SPRING (MAM) DATA VALUES
53-60 SUMMER (JJA) DATA VALUES
61-68 AUTUMN (SON) DATA VALUES
69-76 JANUARY DATA VALUES
etc. 
157-164 DECEMBER DATA VALUES

6938   1959 632     -999999 1159    -999999 427     1568    676     -312    -119    58      427     797     1336    1666    1694    1009    663     357     -48     
6938   1960 540     -73     1144    -368    229     1544    679     -524    -543    -359    194     852     1471    1627    1532    1167    586     287     153     
6938   1961 670     190     1120    21      454     1466    867     -171    86      195     321     842     1522    1496    1381    1143    1061    390     -264    
6938   1962 455     15      971     -224    90      1285    652     -137    -277    -700    297     679     1146    1395    1310    986     730     237     -254    
6938   1963 453     -258    1151    -628    155     1510    707     -720    -940    -655    127     992     1323    1585    1615    1240    635     247     -118    
6938   1964 521     -46     1058    -257    232     1409    656     -119    -553    -392    237     850     1281    1537    1404    1020    717     228     -8      
6938   1965 475     9       1042    -197    211     1343    620     -162    -445    -313    342     607     1278    1395    1352    1267    717     -127    -275    
6938   1966 396     -342    1049    -799    142     1527    605     -901    -1266   -283    -59     761     1503    1665    1412    991     531     297     -21     
6938   1967 568     22      1095    -283    394     1435    862     -596    -225    130     313     736     1220    1581    1496    1209    882     494     -470    
6938   1968 500     -48     1126    -550    345     1504    562     -755    -418    -27     411     652     1477    1484    1550    1172    471     45      -87     
6938   1969 463     -206    1133    -364    116     1571    641     -331    -708    -668    294     727     1428    1610    1669    1052    693     176     -464    
6938   1970 428     -277    1077    -790    239     1490    596     -738    -1209   -196    108     802     1478    1487    1504    1068    606     115     -13     
6938   1971 531     -8      1053    -121    214     1446    545     -95     -270    -410    179     873     1238    1601    1491    912     620     100     65      
6938   1972 617     7       1150    -167    264     1626    641     -355    -214    -187    192     786     1439    1839    1594    1025    607     292     350     
6938   1973 596     228     1146    94      440     1609    434     92      -186    176     286     853     1474    1880    1469    886     406     11      -259    
6938   1974 660     34      1107    -59     340     1439    748     44      50      -45     356     709     1378    1484    1454    1247    619     382     202     
6938   1975 701     218     1188    93      426     1513    788     109     -44     17      303     953     1226    1637    1666    1319    654     396     121     
6938   1976 460     -1      1027    -208    219     1401    532     -478    -272    -429    196     890     1203    1480    1513    853     511     233     -212    
6938   1977 511     -40     971     -305    275     1328    651     -179    -546    -89     143     765     1272    1308    1402    916     694     340     16      
6938   1978 435     0       1011    -266    254     1366    621     -101    -761    -250    148     862     1285    1390    1421    940     545     379     -723    
6938   1979 456     -222    1055    -728    262     1459    618     -706    -756    -103    97      785     1402    1470    1503    1052    509     295     -162    
6938   1980 493     -173    1170    -461    198     1567    616     -472    -768    -462    361     699     1499    1674    1527    1246    625     -22     -37     
6938   1981 504     -51     1071    -196    284     1398    647     -241    -320    -333    223     960     1188    1562    1437    1034    685     221     -426    
6938   1982 567     -91     1082    -522    379     1441    767     -686    -445    79      251     801     1120    1582    1612    1100    701     504     114     
6938   1983 603     143     1154    -81     389     1472    670     39      -428    -113    344     935     1241    1627    1542    1215    697     97      -42     
6938   1984 624     -4      1152    -165    373     1459    776     -236    -221    -331    385     1064    1366    1480    1528    1069    853     405     98      
6938   1985 335     -187    1027    -731    188     1465    582     -1047   -1299   -223    65      719     1267    1565    1557    967     697     78      -453    
6938   1986 490     -175    1049    -608    361     1454    658     -436    -971    -36     151     962     1482    1550    1331    795     686     492     -232    
6938   1987 355     -246    930     -702    90      1256    695     -1371   -505    -582    224     632     1052    1476    1233    948     865     267     -79     
6938   1988 598     134     1187    -49     316     1583    592     25      -95     -190    195     939     1477    1828    1441    1217    588     -28     -245    
6938   1989 703     150     1175    43      529     1494    714     199     190     195     434     954     1390    1615    1474    1169    722     251     -194    
6938   1990 716     224     1166    20      590     1492    621     16      260     290     558     922     1350    1540    1581    1027    683     151     175     
6938   1991 640     144     1089    -30     379     1477    737     34      -328    100     357     680     1080    1643    1694    1055    746     408     125     
6938   1992 668     260     1171    83      465     1534    569     101     21      149     207     1029    1534    1557    1512    1165    319     230     164     
6938   1993 588     137     1056    62      524     1337    484     58      -46     80      359     1128    1077    1556    1370    814     581     55      -38     
6938   1994 576     -99     1160    -361    341     1533    677     -134    -971    -168    433     759     1165    1800    1621    1156    618     260     241     
6938   1995 618     207     1135    75      411     1510    712     -87     72      125     340     767     1432    1555    1539    1163    895     73      -489    
6938   1996 486     -154    1056    -538    246     1459    686     -355    -787    -292    304     726     1223    1390    1755    914     792     348     -237    
6938   1997 638     128     1197    -157    326     1696    591     -128    -101    77      206     692     1464    1785    1832    1177    419     182     -5      
6938   1998 549     82      1039    15      313     1346    526     30      21      -157    292     802     1176    1504    1352    1092    566     -80     -48     
6938   1999 653     -31     1212    -215    391     1552    855     -276    -331    -45     487     733     1476    1720    1457    1390    765     412     -9      
6938   2000 681     181     1085    -38     456     1381    866     -52     -56     19      482     868     1208    1488    1442    1007    995     591     151     
6938   2001 611     157     1186    -142    317     1559    802     -63     -554    -235    386     802     1308    1817    1545    1239    887     277     -159    
6938   2002 642     171     1304    -88     519     1743    449     -145    54      102     436     1015    1560    1785    1879    1123    230     2       -372    
6938   2003 593     -183    1187    -469    378     1603    672     -555    -483    54      222     854     1290    1905    1604    1223    421     380     117     
6938   2004 618     69      1160    -120    434     1475    680     -297    -186    -28     449     883     1176    1567    1672    1195    685     159     109     
6938   2005 637     61      1169    -22     268     1525    808     57      -254    -415    401     821     1219    1781    1564    1205    795     424     -15     
6938   2006 670     9       1242    -208    203     1627    899     -204    -425    -552    290     874     1332    1744    1797    1394    887     417     410     
6938   2007 680     245     1203    -24     530     1568    697     -17     -513    219     470     900     1448    1606    1645    1129    734     225     221     
6938   2008 716     260     1157    187     474     1514    716     166     173     36      467     918     1387    1664    1486    1003    816     326     124     
6938   2009 623     143     1186    -90     452     1489    723     -145    -265    -29     447     937     1210    1647    1602    1251    467     461     -160    
6938   2010 465     -127    1206    -497    334     1625    548     -667    -681    -214    282     933     1275    1949    1639    1130    577     -64     -664    
6938   2011 695     -197    1285    -553    434     1677    878     -238    -778    -69     478     894     1523    1864    1641    1295    786     554     285     
6938   2012 589     211     1131    -98     475     1461    732     -186    -413    214     335     872     1177    1635    1560    1183    613     402     -367    
6938   2013 654     -63     1219    -306    310     1555    809     -397    -139    -481    262     1148    1480    1568    1615    1216    744     469     307     
6938   2014 757     281     1244    68      530     1633    856     -248    152     259     454     875     1225    1933    1728    1223    848     498     95      
6938   2015 778     330     1207    127     546     1503    829     135     155     240     535     863     1275    1578    1647    1325    631     538     372     
6938   2016 691     213     1258    -15     550     1579    706     -438    23      148     427     1072    1426    1735    1572    1298    649     172     186     
6938   2017 666     179     1107    23      403     1454    775     -63     -64     169     271     766     1296    1521    1539    1231    692     406     180     
6938   2018 710     70      1353    -108    444     1695    828     -45     -498    -358    427     1261    1371    1955    1749    1326    716     444     79      
6938   2019 -999999 221     1249    18      518     1598    -999999 -129    111     103     536     916     1534    1598    1658    1238    647     -999999 -999999 
