EUROPEAN CLIMATE ASSESSMENT & DATASET (ECA&D), file created on: 13-11-2019
THESE DATA CAN BE USED FOR NON-COMMERCIAL RESEARCH AND EDUCATION PROVIDED THAT THE FOLLOWING SOURCE IS ACKNOWLEDGED: 

Klein Tank, A.M.G. and Coauthors, 2002. Daily dataset of 20th-century surface
air temperature and precipitation series for the European Climate Assessment.
Int. J. of Climatol., 22, 1441-1453.
Data and metadata available at http://www.ecad.eu

FILE FORMAT (MISSING VALUE CODE = -999999):

THIS FILE HOLDS DATA FOR STATION FRANCE                                   PLOUMANAC'H                              (STAID:  11245)
LATITUDE: dd:mm:ss +48:49:32
LONGITUDE: ddd:mm:ss -003:28:23
ELEVATION: m   55

DATA IS FOR INDEX Mean of daily mean temperature (TG) with unit 0.01 Temperature (&#176;C)

01-06 SOUID: Source identifier
08-11 YEAR : YYYY
13-20 ANNUAL DATA VALUES
21-28 WINTER HALF YEAR DATA VALUES
29-36 SUMMER HALF YEAR DATA VALUES
37-44 WINTER (DJF) DATA VALUES
45-52 SPRING (MAM) DATA VALUES
53-60 SUMMER (JJA) DATA VALUES
61-68 AUTUMN (SON) DATA VALUES
69-76 JANUARY DATA VALUES
etc. 
157-164 DECEMBER DATA VALUES

11245  1947 -999999 -999999 -999999 -999999 -999999 -999999 1374    -999999 -999999 -999999 -999999 -999999 -999999 -999999 1776    1681    1312    1131    824     
11245  1948 1155    963     1385    773     1052    1540    1276    830     659     1007    974     1173    1410    1586    1619    1539    1238    1054    755     
11245  1949 1220    901     1525    778     1040    1677    1359    778     803     775     1200    1149    1471    1774    1781    1772    1393    912     808     
11245  1950 -999999 924     1387    780     1011    1572    -999999 684     853     887     929     1214    1509    1613    1594    1453    -999999 1032    586     
11245  1951 1152    -999999 1388    687     931     1568    1314    795     678     777     914     1102    1449    1641    1611    1607    1265    1071    879     
11245  1952 1164    916     1478    728     1143    1670    1169    653     648     969     1086    1372    1555    1707    1744    1399    1243    865     720     
11245  1953 1167    793     1431    625     1014    1582    1318    563     590     761     974     1306    1397    1634    1709    1554    1342    1057    1070    
11245  1954 1211    969     1451    814     1101    1584    1391    671     687     960     1012    1329    1492    1590    1667    1606    1520    1043    915     
11245  1955 1155    876     1470    710     906     1664    1308    645     556     552     1012    1156    1488    1646    1851    1659    1240    1027    985     
11245  1956 1076    840     1352    658     973     1476    1236    759     201     790     893     1233    1327    1598    1497    1556    1230    922     860     
11245  1957 1188    965     1421    816     1118    1609    1257    750     842     1175    991     1183    1481    1683    1660    1520    1344    904     696     
11245  1958 1134    863     1393    747     916     1547    1285    687     870     676     828     1241    1393    1587    1657    1640    1257    959     801     
11245  1959 1219    887     1500    715     1069    1664    1400    637     705     945     1048    1212    1486    1719    1783    1743    1454    1001    856     
11245  1960 1168    952     1441    774     1094    1598    1258    766     696     923     1033    1325    1540    1587    1665    1487    1271    1017    695     
11245  1961 1208    917     1513    757     1127    1626    1323    683     909     930     1181    1270    1516    1657    1703    1755    1313    902     679     
11245  1962 1092    814     1374    703     854     1563    1268    770     654     554     863     1145    1401    1650    1632    1546    1343    912     606     
11245  1963 1037    698     1352    347     979     1521    1304    173     255     864     956     1116    1421    1578    1560    1476    1338    1096    562     
11245  1964 1151    831     1499    585     1053    1648    1247    467     737     786     1011    1361    1511    1707    1720    1675    1120    951     758     
11245  1965 1112    799     1380    634     1021    1547    1204    644     485     810     972     1279    1430    1565    1644    1380    1377    848     854     
11245  1966 1178    919     1450    805     1054    1594    1241    620     956     859     1086    1219    1530    1600    1649    1612    1275    835     886     
11245  1967 1129    886     1381    785     954     1584    1231    730     734     840     897     1123    1403    1694    1650    1510    1315    865     750     
11245  1968 1115    845     1363    683     948     1537    1311    742     548     829     938     1076    1419    1555    1632    1550    1440    937     692     
11245  1969 1135    867     1398    674     978     1551    1321    827     485     785     940     1208    1369    1614    1663    1582    1475    901     719     
11245  1970 1122    861     1396    707     912     1565    1320    741     658     653     884     1198    1486    1584    1624    1591    1268    1102    646     
11245  1971 1137    849     1393    691     903     1552    1338    741     686     644     912     1153    1300    1679    1669    1638    1413    960     818     
11245  1972 1079    897     1294    726     963     1428    1200    622     738     825     971     1092    1228    1480    1571    1414    1245    941     810     
11245  1973 1126    852     1394    710     954     1564    1276    641     675     784     854     1221    1420    1561    1706    1595    1233    1002    792     
11245  1974 1130    903     1357    806     958     1547    1141    823     803     758     958     1159    1436    1566    1635    1378    1046    1000    979     
11245  1975 1155    911     1408    898     895     1649    1254    880     827     726     889     1070    1430    1712    1797    1536    1242    983     745     
11245  1976 1156    875     1460    750     961     1703    1255    780     723     770     861     1250    1580    1779    1746    1534    1281    950     606     
11245  1977 1129    874     1317    680     986     1473    1284    627     820     959     892     1104    1258    1560    1595    1484    1411    952     859     
11245  1978 1118    905     1316    741     927     1463    1361    656     703     829     824     1126    1325    1477    1584    1554    1410    1118    786     
11245  1979 1082    839     1325    592     875     1507    1308    404     583     716     895     1015    1360    1599    1556    1516    1379    1027    900     
11245  1980 1117    908     1392    770     955     1543    1236    562     852     726     1015    1127    1374    1534    1709    1585    1204    911     808     
11245  1981 1135    883     1386    717     1048    1526    1272    753     577     1019    929     1191    1361    1568    1644    1615    1164    1040    714     
11245  1982 1163    877     1429    750     996     1598    1286    777     759     803     963     1222    1506    1632    1654    1591    1245    1024    756     
11245  1983 1146    875     1401    715     927     1636    1284    851     518     826     831     1121    1419    1778    1705    1540    1267    1046    800     
11245  1984 1120    852     1389    710     878     1612    1291    695     629     667     942     1025    1384    1674    1769    1527    1302    1043    761     
11245  1985 1114    810     1415    594     963     1558    1277    433     588     720     1004    1166    1384    1643    1642    1643    1349    837     927     
11245  1986 1068    808     1306    628     897     1516    1236    745     165     764     723     1198    1411    1618    1517    1354    1351    1001    894     
11245  1987 1122    822     1454    608     1004    1582    1300    271     664     745     1148    1124    1396    1617    1727    1706    1243    952     845     
11245  1988 1190    918     1416    808     1054    1564    1281    829     745     887     1030    1245    1449    1573    1666    1523    1370    947     998     
11245  1989 1242    988     1499    867     1062    1705    1382    782     815     997     855     1327    1511    1799    1799    1689    1479    975     839     
11245  1990 1219    1026    1459    896     1096    1622    1320    862     995     1004    935     1343    1415    1667    1783    1609    1405    943     669     
11245  1991 1105    843     1401    579     977     1585    1271    587     471     948     903     1079    1371    1639    1739    1666    1208    943     664     
11245  1992 1156    844     1442    668     1066    1621    1238    624     722     898     971     1324    1458    1704    1695    1490    1112    1117    748     
11245  1993 1136    908     1402    767     1072    1553    1100    902     640     912     1056    1246    1429    1612    1614    1446    1128    724     885     
11245  1994 1209    883     1406    821     1036    1609    1332    824     748     969     950     1185    1451    1681    1691    1466    1306    1225    977     
11245  1995 1214    1017    1453    914     1013    1661    1357    821     946     827     924     1283    1416    1751    1807    1520    1532    1013    702     
11245  1996 1140    908     1411    709     932     1631    1296    819     598     765     972     1060    1514    1653    1723    1536    1376    974     664     
11245  1997 1245    909     1517    684     1120    1692    1403    474     939     1032    1014    1310    1508    1640    1922    1700    1397    1112    880     
11245  1998 1221    1011    1473    851     1101    1628    1298    745     936     993     948     1357    1526    1630    1723    1649    1339    906     890     
11245  1999 1260    962     1536    859     1136    1679    1370    882     798     941     1085    1380    1479    1761    1790    1707    1332    1074    859     
11245  2000 1208    971     1462    849     1019    1640    1298    768     923     870     943     1242    1549    1605    1761    1670    1253    973     936     
11245  2001 1234    947     1495    829     1074    1699    1397    720     830     959     1014    1247    1538    1741    1815    1605    1535    1048    731     
11245  2002 1271    1028    1491    851     1140    1613    1409    876     956     1013    1086    1319    1484    1631    1720    1700    1379    1150    921     
11245  2003 1254    980     1574    778     1123    1791    1352    695     713     1000    1094    1275    1656    1825    1891    1704    1245    1112    828     
11245  2004 1226    942     1498    820     1037    1691    1361    836     794     833     1022    1255    1604    1655    1812    1634    1329    1121    805     
11245  2005 1248    958     1527    784     1107    1696    1417    903     630     935     1082    1304    1611    1739    1734    1685    1559    1003    747     
11245  2006 1251    894     1551    667     1039    1722    1513    634     613     785     1006    1324    1551    1878    1732    1807    1576    1154    909     
11245  2007 1251    1081    1491    945     1131    1629    1334    950     979     914     1166    1315    1533    1662    1689    1573    1357    1070    795     
11245  2008 1214    980     1481    856     1088    1652    1288    915     859     879     999     1382    1529    1706    1717    1538    1283    1044    702     
11245  2009 1214    874     1497    669     1069    1673    1421    625     680     896     1064    1248    1531    1726    1758    1647    1465    1150    749     
11245  2010 1144    903     1469    654     1010    1670    1302    556     656     826     1023    1181    1496    1761    1748    1596    1381    927     541     
11245  2011 1281    901     1524    736     1169    1592    1485    760     926     872     1257    1382    1493    1603    1678    1729    1462    1264    941     
11245  2012 1205    1035    1449    833     1075    1643    1282    871     676     991     956     1272    1513    1604    1808    1528    1347    970     889     
11245  2013 1188    884     1445    763     927     1644    1403    757     629     689     944     1148    1415    1720    1789    1643    1521    1041    913     
11245  2014 1300    1021    1557    872     1133    1702    1486    868     831     932     1174    1295    1602    1796    1705    1764    1545    1146    913     
11245  2015 1272    1004    1491    807     1105    1665    1393    817     678     900     1132    1285    1517    1765    1709    1528    1366    1286    1237    
11245  2016 1243    1068    1520    977     1045    1684    1368    875     808     825     982     1327    1519    1713    1815    1759    1314    1032    939     
11245  2017 1273    993     1532    842     1205    1704    1360    700     892     1075    1097    1439    1637    1758    1712    1542    1461    1075    877     
11245  2018 1266    958     1569    794     1107    1724    1390    900     584     818     1204    1301    1571    1828    1769    1732    1403    1035    995     
