EUROPEAN CLIMATE ASSESSMENT & DATASET (ECA&D), file created on: 13-11-2019
THESE DATA CAN BE USED FOR NON-COMMERCIAL RESEARCH AND EDUCATION PROVIDED THAT THE FOLLOWING SOURCE IS ACKNOWLEDGED: 

Klein Tank, A.M.G. and Coauthors, 2002. Daily dataset of 20th-century surface
air temperature and precipitation series for the European Climate Assessment.
Int. J. of Climatol., 22, 1441-1453.
Data and metadata available at http://www.ecad.eu

FILE FORMAT (MISSING VALUE CODE = -999999):

THIS FILE HOLDS DATA FOR STATION RUSSIAN FEDERATION                       MYS UELEN                                (STAID:   8140)
LATITUDE: dd:mm:ss +66:10:12
LONGITUDE: ddd:mm:ss -169:48:00
ELEVATION: m    5

DATA IS FOR INDEX Mean of daily mean temperature (TG) with unit 0.01 Temperature (&#176;C)

01-06 SOUID: Source identifier
08-11 YEAR : YYYY
13-20 ANNUAL DATA VALUES
21-28 WINTER HALF YEAR DATA VALUES
29-36 SUMMER HALF YEAR DATA VALUES
37-44 WINTER (DJF) DATA VALUES
45-52 SPRING (MAM) DATA VALUES
53-60 SUMMER (JJA) DATA VALUES
61-68 AUTUMN (SON) DATA VALUES
69-76 JANUARY DATA VALUES
etc. 
157-164 DECEMBER DATA VALUES

8140   1966 -784    -999999 -133    -999999 -1613   386     -177    -1584   -2108   -2570   -1655   -616    260     493     402     298     -257    -569    -1585   
8140   1967 -999999 -999999 -999999 -999999 -999999 621     -999999 -999999 -2224   -999999 -999999 -999999 -999999 740     674     426     -999999 -999999 -1884   
8140   1968 -999999 -999999 -999999 -999999 -999999 552     -999999 -999999 -2768   -999999 -1663   -999999 -999999 625     697     336     -999999 -999999 -2049   
8140   1969 -999999 -999999 -999999 -999999 -999999 479     -999999 -999999 -2441   -2553   -999999 -999999 -999999 622     465     433     -999999 -1800   -1939   
8140   1970 -999999 -999999 -999999 -2164   -999999 426     -999999 -2280   -2277   -2162   -999999 -999999 -999999 453     478     286     -999999 -999999 -999999 
8140   1971 -999999 -999999 -999999 -999999 -999999 460     -999999 -999999 -2893   -2474   -1759   -999999 -999999 601     437     336     -999999 -999999 -999999 
8140   1972 -999999 -999999 -999999 -999999 -999999 -999999 -999999 -999999 -999999 -999999 -999999 -999999 -999999 -999999 -999999 -999999 -999999 -999999 -999999 
8140   1973 -999999 -999999 -999999 -999999 -999999 -999999 -999999 -999999 -999999 -2562   -1664   -999999 -999999 556     468     283     -999999 -999999 -999999 
8140   1974 -999999 -999999 -999999 -999999 -999999 -999999 -999999 -999999 -999999 -999999 -999999 -999999 -999999 -999999 -999999 -999999 -999999 -999999 -999999 
8140   1975 -999999 -999999 -999999 -999999 -999999 -999999 -999999 -999999 -999999 -999999 -999999 -999999 -999999 -999999 -999999 -999999 -999999 -999999 -999999 
8140   1976 -999999 -999999 -999999 -999999 -999999 -999999 -999999 -999999 -999999 -999999 -999999 -999999 -999999 -999999 -999999 -999999 -999999 -999999 -999999 
8140   1977 -815    -999999 -18     -999999 -1734   551     -250    -1614   -2400   -2997   -1754   -453    218     682     742     422     -92     -1085   -1572   
8140   1978 -999999 -1308   74      -1614   -1151   523     -999999 -976    -2368   -1849   -1225   -381    157     754     647     466     -160    -999999 -1714   
8140   1979 -999999 -999999 -999999 -1535   -1193   -999999 -285    -999    -1929   -1807   -1350   -427    -999999 687     650     272     -218    -913    -2135   
8140   1980 -825    -1559   -58     -2068   -1388   476     -311    -2096   -1967   -2033   -1693   -449    208     680     531     341     -162    -1116   -2186   
8140   1981 -742    -1572   4       -2092   -1055   393     -408    -2007   -2082   -1914   -1056   -196    285     564     326     75      -280    -1024   -1680   
8140   1982 -603    -1255   -46     -1493   -1262   451     -243    -1515   -1262   -1763   -1328   -696    132     560     651     382     -329    -778    -1331   
8140   1983 -770    -1516   -27     -1966   -1244   433     -557    -2221   -2387   -2113   -1218   -400    112     618     560     138     -516    -1295   -649    
8140   1984 -869    -1606   -135    -1843   -1626   462     -136    -1862   -3098   -2302   -2052   -539    321     623     437     369     -58     -722    -1639   
8140   1985 -737    -1390   -118    -1756   -1640   528     -234    -1595   -2064   -2304   -2190   -444    66      688     815     311     -350    -657    -1235   
8140   1986 -698    -1421   26      -1821   -1277   536     -217    -2313   -1926   -2072   -1430   -334    312     766     522     289     -315    -621    -1336   
8140   1987 -873    -1469   -81     -1996   -1294   434     -357    -2083   -2630   -1911   -1639   -342    67      579     645     166     -200    -1044   -2221   
8140   1988 -810    -1607   16      -1985   -1335   502     -520    -1579   -2167   -2451   -1157   -390    163     765     567     118     -258    -1430   -1954   
8140   1989 -524    -1370   125     -1777   -858    524     -152    -2678   -583    -1241   -927    -407    167     658     735     504     -30     -933    -1529   
8140   1990 -748    -1620   192     -2272   -979    586     -230    -2419   -2932   -1980   -907    -47     330     597     822     331     -136    -887    -1896   
8140   1991 -626    -1515   139     -2002   -1172   604     -10     -1941   -2186   -2085   -1222   -210    316     719     768     437     68      -537    -1739   
8140   1992 -793    -1483   61      -1991   -1344   547     -362    -2124   -2120   -2459   -1040   -436    339     644     652     132     -312    -907    -1883   
8140   1993 -682    -1500   72      -1860   -1247   568     -210    -1966   -1716   -2216   -1242   -284    241     822     629     230     -37     -829    -1883   
8140   1994 -999999 -1528   -999999 -1924   -1551   -999999 -999999 -2213   -1649   -2548   -1638   -470    -999999 -999999 -999999 -999999 -999999 -1632   -2274   
8140   1995 -999999 -999999 -999999 -2209   -999999 -999999 -41     -2144   -2208   -2018   -1257   -999999 -999999 -999999 -999999 485     -31     -578    -1371   
8140   1996 -999999 -1047   -999999 -1543   -999999 -999999 -999999 -1406   -1874   -1059   -999999 -999999 -999999 747     622     -999999 -315    -999999 -999999 
8140   1997 -601    -999999 279     -999999 -924    649     -60     -2083   -2184   -1894   -846    -29     378     754     805     589     -124    -642    -2026   
8140   1998 -697    -1532   -11     -2267   -1089   445     -72     -2347   -2445   -1670   -1029   -565    181     666     480     183     -5      -398    -1523   
8140   1999 -921    -1545   -45     -2156   -1506   474     -258    -2448   -2534   -2419   -1694   -411    155     651     605     388     -166    -1000   -2289   
8140   2000 -682    -1575   -65     -2170   -1241   442     -218    -2380   -1818   -1795   -1470   -464    210     548     560     201     -226    -630    -962    
8140   2001 -735    -1137   -50     -1317   -1327   454     -351    -1802   -1173   -2015   -1342   -625    258     562     536     288     -366    -975    -2175   
8140   2002 -481    -1496   225     -2200   -691    621     24      -2326   -2090   -1086   -965    -32     407     708     740     463     112     -505    -1307   
8140   2003 -589    -1300   214     -1867   -921    586     -56     -1906   -2445   -1835   -748    -174    456     701     597     433     21      -625    -1667   
8140   2004 -488    -1337   302     -1848   -991    823     -34     -1505   -2407   -1885   -1037   -54     461     1130    867     408     101     -615    -1412   
8140   2005 -651    -1306   110     -1843   -1208   608     -25     -1746   -2425   -1823   -1502   -308    325     672     819     627     74      -778    -1875   
8140   2006 -635    -1408   -26     -1957   -1356   513     102     -2359   -1603   -1903   -1838   -342    264     650     616     458     167     -320    -1473   
8140   2007 -433    -1183   254     -1632   -1148   745     92      -2076   -1317   -2066   -1071   -303    394     962     867     648     31      -402    -903    
8140   2008 -745    -1353   44      -1850   -1213   439     -264    -2161   -2530   -2196   -1147   -293    234     565     510     375     -330    -834    -1191   
8140   2009 -621    -1436   129     -1828   -1072   529     -152    -2064   -2272   -1987   -1184   -48     212     640     724     401     68      -933    -1134   
8140   2010 -590    -1394   101     -1814   -1235   530     95      -2264   -2070   -2084   -1291   -331    306     542     736     622     88      -426    -1005   
8140   2011 -514    -976    91      -1362   -1001   532     -67     -1608   -1486   -1450   -1390   -175    390     595     606     496     24      -723    -1518   
8140   2012 -799    -1609   -1      -2122   -1481   561     -155    -2586   -2270   -2597   -1321   -519    300     710     664     131     -12     -590    -1539   
8140   2013 -999999 -1352   95      -1958   -1039   583     -999999 -1767   -2634   -1669   -1096   -355    370     762     609     256     -999999 -999999 -999999 
