EUROPEAN CLIMATE ASSESSMENT & DATASET (ECA&D), file created on: 13-11-2019
THESE DATA CAN BE USED FOR NON-COMMERCIAL RESEARCH AND EDUCATION PROVIDED THAT THE FOLLOWING SOURCE IS ACKNOWLEDGED: 

Klein Tank, A.M.G. and Coauthors, 2002. Daily dataset of 20th-century surface
air temperature and precipitation series for the European Climate Assessment.
Int. J. of Climatol., 22, 1441-1453.
Data and metadata available at http://www.ecad.eu

FILE FORMAT (MISSING VALUE CODE = -999999):

THIS FILE HOLDS DATA FOR STATION TURKEY                                   ESKISEHIR                                (STAID:   2248)
LATITUDE: dd:mm:ss +39:46:48
LONGITUDE: ddd:mm:ss +030:34:12
ELEVATION: m  785

DATA IS FOR INDEX Mean of daily mean temperature (TG) with unit 0.01 Temperature (&#176;C)

01-06 SOUID: Source identifier
08-11 YEAR : YYYY
13-20 ANNUAL DATA VALUES
21-28 WINTER HALF YEAR DATA VALUES
29-36 SUMMER HALF YEAR DATA VALUES
37-44 WINTER (DJF) DATA VALUES
45-52 SPRING (MAM) DATA VALUES
53-60 SUMMER (JJA) DATA VALUES
61-68 AUTUMN (SON) DATA VALUES
69-76 JANUARY DATA VALUES
etc. 
157-164 DECEMBER DATA VALUES

2248   1963 -999999 -999999 -999999 -999999 -999999 -999999 -999999 -999999 574     -999999 920     1508    -999999 2172    -999999 -999999 -999999 -999999 -999999 
2248   1964 -999999 -999999 -999999 -999999 -999999 -999999 -999999 -999999 -999999 -999999 -999999 1325    -999999 -999999 1953    -999999 -999999 -999999 -999999 
2248   1965 -999999 -999999 -999999 -999999 -999999 -999999 -999999 -999999 -999999 -999999 -999999 -999999 -999999 -999999 -999999 -999999 -999999 -999999 -999999 
2248   1966 -999999 -999999 -999999 -999999 -999999 -999999 -999999 230     -999999 -999999 1144    1408    1792    2268    2229    -999999 1549    1138    472     
2248   1967 -999999 -999999 1721    -999999 990     2017    -999999 -52     -999999 458     1032    1478    1748    2114    2178    1757    1260    -999999 -999999 
2248   1968 -999999 -999999 -999999 -999999 -999999 1973    -999999 -76     104     535     1285    1804    1793    2122    1989    1745    1140    793     405     
2248   1969 -999999 -999999 -999999 -999999 -999999 -999999 -999999 -999999 -999999 -999999 -999999 -999999 -999999 -999999 -999999 -999999 -999999 -999999 -999999 
2248   1970 -999999 -999999 -999999 -999999 -999999 -999999 -999999 -999999 -999999 -999999 -999999 -999999 -999999 -999999 -999999 -999999 -999999 -999999 -999999 
2248   1971 -999999 -999999 -999999 -999999 -999999 -999999 -999999 -999999 -999999 -999999 -999999 -999999 -999999 -999999 -999999 -999999 -999999 -999999 -999999 
2248   1972 -999999 -999999 -999999 -999999 -999999 -999999 -999999 -999999 -999999 -999999 -999999 -999999 -999999 -999999 -999999 -999999 -999999 -999999 -999999 
2248   1973 -999999 -999999 -999999 -999999 -999999 -999999 -999999 -999999 542     429     -999999 1514    1774    2113    2035    1810    -999999 375     -999999 
2248   1974 -999999 -999999 -999999 -999999 -999999 -999999 -999999 -379    -999999 735     -999999 1419    -999999 -999999 2078    -999999 -999999 -999999 -999999 
2248   1975 -999999 -999999 -999999 -999999 -999999 -999999 -999999 -999999 -999999 -999999 -999999 1432    -999999 2176    2156    1766    -999999 -999999 -999999 
2248   1976 -999999 -999999 -999999 -999999 -999999 -999999 -999999 -999999 -999999 586     -999999 1502    1775    2042    1888    1558    -999999 -999999 -999999 
2248   1977 -999999 -999999 -999999 -999999 -999999 -999999 -999999 -999999 640     -999999 1048    1518    1822    2121    2160    1694    927     894     -999999 
2248   1978 -999999 -999999 -999999 -999999 -999999 -999999 -999999 -999999 -999999 772     1012    1538    -999999 2116    1983    1616    1270    391     -999999 
2248   1979 -999999 -999999 -999999 -999999 -999999 -999999 -999999 -999999 -999999 758     1019    1536    1930    2027    -999999 -999999 -999999 746     -999999 
2248   1980 -999999 -999999 -999999 -999999 -999999 -999999 -999999 -999999 -999999 476     969     -999999 1856    2218    2143    -999999 1291    817     435     
2248   1981 -999999 -999999 -999999 -999999 -999999 -999999 -999999 272     -999999 738     948     1302    1993    2174    2054    1824    1502    600     -999999 
2248   1982 -999999 -999999 -999999 -999999 -999999 1950    -999999 -999999 -999999 -999999 -999999 1463    1861    1896    2092    1876    1250    453     391     
2248   1983 -999999 -999999 -999999 -999999 -999999 1942    1186    -381    46      612     1207    1527    1795    2093    1942    1742    1095    671     341     
2248   1984 -999999 -999999 -999999 333     1001    1896    1310    276     381     552     870     1572    1801    2019    1868    1889    1266    736     -164    
2248   1985 1096    -999999 1775    -999999 1010    2048    1196    231     -265    238     1138    1638    1897    1982    2267    1674    986     916     227     
2248   1986 1182    590     1837    327     1087    2159    1171    342     425     675     1307    1287    1889    2210    2377    1926    1203    381     -27     
2248   1987 -999999 -999999 -999999 193     818     2065    -999999 158     459     102     833     1475    1875    2270    2036    -999999 1106    625     267     
2248   1988 -999999 -999999 1803    245     1072    2132    -999999 185     284     486     1150    1516    1904    2268    2206    1707    1133    417     366     
2248   1989 1141    -999999 1834    103     1275    2090    1147    -220    171     848     1517    1473    1853    2145    2264    1754    1076    594     33      
2248   1990 1120    -999999 -999999 2       1082    -999999 1270    -220    218     711     1060    1450    1799    2241    2091    1638    1280    905     349     
2248   1991 1099    541     1745    88      1042    2121    -999999 -56     -48     758     1030    1329    1917    2248    2194    1723    1308    700     -102    
2248   1992 995     -999999 -999999 -263    953     2027    1221    -363    -322    394     1048    1443    1849    1966    2249    1604    1502    536     -48     
2248   1993 1073    352     1735    -181    1010    2054    1232    -429    -48     553     1003    1473    1865    2091    2195    1796    1425    461     364     
2248   1994 1237    591     1875    -999999 1155    2103    1408    348     -999999 635     1280    1553    1854    2244    2195    2107    1535    548     65      
2248   1995 1159    596     1797    270     1064    2128    1082    281     477     640     909     1638    2087    2112    2183    1832    1075    337     284     
2248   1996 1159    415     1769    235     974     2129    1189    44      389     358     840     1720    1869    2300    2209    1643    1132    795     573     
2248   1997 1065    525     1642    286     887     1999    1159    206     57      352     648     1654    1924    2127    1945    1529    1216    714     319     
2248   1998 1229    520     1867    274     1061    2183    1357    176     333     357     1323    1511    1907    2270    2364    1809    1402    842     388     
2248   1999 1260    659     1868    348     1141    2194    1300    320     332     665     1150    1609    1972    2314    2290    1853    1358    686     471     
2248   2000 1119    437     1856    29      1100    2157    1291    -363    -24     473     1299    1535    1920    2350    2194    1822    1209    845     144     
2248   2001 1280    675     1900    283     1246    2273    1284    339     374     1115    1131    1487    1995    2469    2345    1954    1273    626     187     
2248   2002 1140    473     1833    26      1133    2209    1281    -434    358     820     1034    1540    2005    2410    2205    1779    1320    742     -149    
2248   2003 1170    450     1830    124     979     2186    1277    552     -48     248     914     1773    2063    2198    2294    1711    1390    725     121     
2248   2004 1172    528     1792    118     1084    2110    1328    28      211     681     1100    1471    1923    2232    2170    1840    1424    717     236     
2248   2005 1197    597     1853    267     1099    2199    1168    312     251     610     1105    1583    1881    2309    2396    1822    1101    584     341     
2248   2006 -999999 -999999 -999999 -999999 -999999 -999999 -999999 -185    -999999 -999999 -999999 -999999 -999999 -999999 -999999 -999999 -999999 -999999 -999999 
