EUROPEAN CLIMATE ASSESSMENT & DATASET (ECA&D), file created on: 13-11-2019
THESE DATA CAN BE USED FOR NON-COMMERCIAL RESEARCH AND EDUCATION PROVIDED THAT THE FOLLOWING SOURCE IS ACKNOWLEDGED: 

Klein Tank, A.M.G. and Coauthors, 2002. Daily dataset of 20th-century surface
air temperature and precipitation series for the European Climate Assessment.
Int. J. of Climatol., 22, 1441-1453.
Data and metadata available at http://www.ecad.eu

FILE FORMAT (MISSING VALUE CODE = -999999):

THIS FILE HOLDS DATA FOR STATION FRANCE                                   CAEN-CARPIQUET                           (STAID:    738)
LATITUDE: dd:mm:ss +49:10:48
LONGITUDE: ddd:mm:ss -000:27:21
ELEVATION: m   67

DATA IS FOR INDEX Mean of daily mean temperature (TG) with unit 0.01 Temperature (&#176;C)

01-06 SOUID: Source identifier
08-11 YEAR : YYYY
13-20 ANNUAL DATA VALUES
21-28 WINTER HALF YEAR DATA VALUES
29-36 SUMMER HALF YEAR DATA VALUES
37-44 WINTER (DJF) DATA VALUES
45-52 SPRING (MAM) DATA VALUES
53-60 SUMMER (JJA) DATA VALUES
61-68 AUTUMN (SON) DATA VALUES
69-76 JANUARY DATA VALUES
etc. 
157-164 DECEMBER DATA VALUES

738    1945 -999999 -999999 -999999 -999999 -999999 -999999 -999999 -999999 -999999 -999999 -999999 -999999 -999999 -999999 -999999 -999999 1265    752     643     
738    1946 1026    708     1406    516     958     1563    1171    185     742     664     1004    1207    1364    1742    1576    1534    1118    863     264     
738    1947 1088    534     1586    143     1079    1772    1243    187     -31     744     1058    1435    1627    1745    1937    1699    1131    902     548     
738    1948 1072    776     1418    563     1045    1590    1113    673     462     925     958     1248    1456    1645    1664    1525    1073    744     468     
738    1949 1124    674     1530    548     933     1710    1259    584     596     575     1123    1108    1495    1832    1796    1819    1319    639     572     
738    1950 1060    736     1461    545     977     1723    1116    353     729     803     832     1292    1705    1762    1702    1459    1103    787     176     
738    1951 1038    614     1370    401     823     1585    1185    556     479     575     808     1086    1460    1696    1594    1565    1057    936     605     
738    1952 1030    708     1447    472     1076    1673    961     403     405     832     1016    1380    1534    1727    1751    1255    1095    529     398     
738    1953 1062    552     1437    333     973     1629    1157    224     381     671     903     1342    1454    1648    1778    1482    1204    785     815     
738    1954 1022    704     1318    482     897     1513    1213    294     321     769     746     1170    1403    1529    1605    1446    1336    854     737     
738    1955 1032    692     1443    523     808     1702    1095    430     389     384     933     1111    1527    1758    1814    1503    1036    749     711     
738    1956 966     592     1354    349     900     1504    1110    544     -247    712     734     1250    1339    1665    1503    1618    1085    630     693     
738    1957 1087    779     1409    634     1004    1675    1117    483     736     1038    889     1082    1612    1768    1643    1453    1205    690     419     
738    1958 1037    660     1394    530     825     1583    1147    489     698     463     751     1260    1394    1631    1718    1599    1158    685     575     
738    1959 1130    687     1507    474     1026    1713    1254    376     470     837     988     1250    1515    1822    1796    1658    1326    775     699     
738    1960 1056    753     1408    541     1017    1590    1153    413     508     779     930     1339    1568    1590    1611    1400    1154    904     464     
738    1961 1116    768     1494    566     1039    1640    1214    453     805     838     1130    1154    1492    1676    1748    1760    1177    707     448     
738    1962 941     616     1311    482     738     1541    1071    561     433     359     802     1057    1383    1618    1616    1379    1151    680     217     
738    1963 901     426     1337    -5      888     1545    1172    -197    -39     706     888     1070    1473    1622    1539    1423    1155    940     181     
738    1964 1019    587     1469    291     942     1634    1109    189     519     545     914     1367    1502    1671    1725    1624    957     752     454     
738    1965 991     595     1336    383     943     1520    1034    444     238     694     897     1237    1433    1518    1607    1310    1169    617     666     
738    1966 1068    714     1405    605     950     1570    1118    319     854     669     1025    1158    1554    1568    1586    1533    1191    629     727     
738    1967 1052    742     1383    625     916     1606    1127    520     629     744     804     1198    1427    1739    1647    1471    1255    651     505     
738    1968 1020    676     1375    472     895     1594    1171    535     368     722     911     1054    1506    1612    1661    1500    1353    654     334     
738    1969 1053    660     1432    428     917     1639    1214    644     292     646     876     1227    1458    1736    1717    1566    1321    751     339     
738    1970 1058    666     1436    455     880     1649    1234    543     486     540     819     1279    1662    1602    1683    1565    1191    947     352     
738    1971 1035    662     1415    444     884     1608    1133    484     500     489     928     1236    1362    1749    1707    1494    1185    717     523     
738    1972 1000    710     1297    505     945     1498    1030    409     587     832     900     1103    1272    1634    1580    1276    1050    765     571     
738    1973 1045    644     1436    483     877     1661    1148    426     449     588     780     1259    1528    1632    1819    1583    1089    775     569     
738    1974 1061    739     1362    629     905     1590    1018    692     628     672     896     1147    1486    1615    1665    1355    857     847     848     
738    1975 1052    757     1414    755     828     1696    1082    788     614     575     849     1061    1447    1740    1893    1478    1038    731     380     
738    1976 1090    640     1512    491     901     1815    1157    568     526     593     784     1323    1728    1919    1796    1504    1208    756     352     
738    1977 1062    719     1320    495     923     1529    1180    431     725     843     797     1125    1340    1649    1594    1402    1318    815     679     
738    1978 1028    747     1327    518     901     1517    1215    468     394     775     734     1188    1398    1593    1555    1481    1285    875     544     
738    1979 1014    624     1381    306     885     1587    1199    21      358     646     874     1133    1436    1705    1617    1513    1235    849     738     
738    1980 1031    737     1409    570     884     1608    1116    258     725     620     891     1142    1471    1586    1763    1592    1080    676     562     
738    1981 1085    715     1417    505     1032    1616    1187    588     350     1000    873     1219    1418    1664    1760    1558    1103    904     524     
738    1982 1135    723     1524    543     972     1746    1254    495     616     690     882     1341    1732    1776    1729    1675    1159    931     567     
738    1983 1116    735     1494    529     906     1784    1226    733     261     718     842     1158    1557    1990    1798    1605    1225    849     590     
738    1984 1113    743     1456    586     853     1745    1271    622     544     616     928     1018    1512    1838    1877    1548    1252    1013    570     
738    1985 1008    653     1429    352     909     1604    1100    113     374     582     951     1196    1426    1761    1619    1609    1138    550     730     
738    1986 1010    603     1327    429     833     1605    1167    570     -60     626     649     1218    1578    1679    1558    1266    1357    871     720     
738    1987 1028    656     1471    372     940     1634    1198    -55     460     570     1151    1106    1451    1700    1745    1668    1163    765     586     
738    1988 1116    766     1426    628     999     1596    1160    731     563     774     941     1279    1438    1625    1722    1543    1244    690     816     
738    1989 1171    834     1517    689     1060    1745    1269    575     672     985     765     1422    1546    1893    1789    1668    1412    723     554     
738    1990 1178    874     1486    725     1062    1720    1220    703     938     914     879     1385    1427    1795    1927    1480    1373    802     485     
738    1991 1064    726     1455    396     984     1678    1206    476     209     961     902     1086    1387    1783    1855    1707    1123    792     423     
738    1992 1104    687     1485    457     1049    1697    1163    364     592     825     906     1412    1527    1745    1812    1492    1001    1003    555     
738    1993 1078    759     1443    597     1048    1620    972     774     448     753     1056    1335    1579    1641    1638    1402    1012    500     740     
738    1994 1184    750     1485    681     1045    1754    1237    715     577     930     909     1291    1573    1911    1772    1437    1166    1109    772     
738    1995 1167    878     1508    762     971     1784    1275    638     887     703     916     1293    1451    1927    1965    1474    1496    848     383     
738    1996 1035    721     1417    440     883     1696    1140    565     369     646     949     1058    1585    1734    1765    1400    1272    743     309     
738    1997 1155    706     1521    413     1053    1781    1238    161     807     953     906     1296    1557    1695    2082    1575    1202    939     666     
738    1998 1142    828     1493    649     1071    1663    1172    575     713     863     932     1414    1568    1679    1737    1619    1231    663     677     
738    1999 1209    797     1593    671     1119    1771    1265    739     590     860     1058    1436    1535    1905    1865    1743    1235    818     681     
738    2000 1181    806     1533    660     1042    1736    1253    531     775     792     956     1375    1665    1672    1868    1654    1231    874     765     
738    2001 1163    820     1523    643     1049    1792    1271    536     627     868     936     1341    1588    1830    1952    1471    1520    812     430     
738    2002 1204    863     1500    648     1083    1693    1270    671     863     878     1039    1330    1592    1703    1782    1545    1266    999     757     
738    2003 1178    825     1620    570     1117    1920    1166    425     524     956     1073    1319    1819    1890    2052    1565    1024    915     560     
738    2004 1140    736     1510    598     956     1738    1269    630     606     678     981     1208    1622    1709    1879    1649    1264    895     540     
738    2005 1143    764     1518    548     1019    1720    1304    677     413     766     1018    1272    1663    1798    1697    1656    1503    748     452     
738    2006 1174    692     1594    412     979     1805    1422    392     389     639     951     1347    1650    2043    1716    1848    1483    932     648     
738    2007 1146    900     1493    736     1086    1658    1150    742     827     765     1166    1330    1582    1709    1681    1483    1133    834     490     
738    2008 1122    765     1480    620     1056    1693    1131    714     659     757     923     1482    1527    1758    1789    1383    1121    889     436     
738    2009 1121    663     1523    402     1031    1731    1303    286     494     744     1056    1295    1568    1778    1840    1587    1280    1042    448     
738    2010 1023    699     1466    374     933     1735    1138    217     465     729     955     1116    1556    1908    1735    1514    1192    705     155     
738    2011 1202    693     1525    478     1129    1630    1346    526     784     805     1246    1339    1539    1611    1736    1676    1349    1013    784     
738    2012 1112    829     1456    590     992     1698    1185    663     304     832     849     1290    1550    1681    1859    1491    1250    810     719     
738    2013 1083    691     1457    529     820     1715    1265    480     373     490     874     1097    1456    1863    1818    1620    1366    806     694     
738    2014 1217    870     1527    722     1076    1708    1360    729     745     868     1091    1270    1570    1884    1665    1673    1409    997     672     
738    2015 1186    820     1503    573     1048    1741    1246    569     468     779     1072    1295    1585    1825    1808    1421    1190    1129    1043    
738    2016 1138    881     1543    776     948     1754    1231    635     641     644     876     1322    1601    1795    1860    1794    1094    810     564     
738    2017 1195    759     1553    540     1133    1806    1251    353     723     1008    934     1449    1764    1853    1798    1504    1388    857     669     
738    2018 -999999 795     -999999 601     1085    -999999 1237    766     343     707     1185    1366    1650    -999999 -999999 1580    1294    837     785     
