EUROPEAN CLIMATE ASSESSMENT & DATASET (ECA&D), file created on: 13-11-2019
THESE DATA CAN BE USED FOR NON-COMMERCIAL RESEARCH AND EDUCATION PROVIDED THAT THE FOLLOWING SOURCE IS ACKNOWLEDGED: 

Klein Tank, A.M.G. and Coauthors, 2002. Daily dataset of 20th-century surface
air temperature and precipitation series for the European Climate Assessment.
Int. J. of Climatol., 22, 1441-1453.
Data and metadata available at http://www.ecad.eu

FILE FORMAT (MISSING VALUE CODE = -999999):

THIS FILE HOLDS DATA FOR STATION ITALY                                    VARESE (V.APPIANI)                       (STAID:  11614)
LATITUDE: dd:mm:ss +45:50:02
LONGITUDE: ddd:mm:ss +008:49:24
ELEVATION: m  416

DATA IS FOR INDEX Mean of daily mean temperature (TG) with unit 0.01 Temperature (&#176;C)

01-06 SOUID: Source identifier
08-11 YEAR : YYYY
13-20 ANNUAL DATA VALUES
21-28 WINTER HALF YEAR DATA VALUES
29-36 SUMMER HALF YEAR DATA VALUES
37-44 WINTER (DJF) DATA VALUES
45-52 SPRING (MAM) DATA VALUES
53-60 SUMMER (JJA) DATA VALUES
61-68 AUTUMN (SON) DATA VALUES
69-76 JANUARY DATA VALUES
etc. 
157-164 DECEMBER DATA VALUES

11614  1991 -999999 -999999 -999999 -999999 -999999 -999999 -999999 -999999 -999999 -999999 -999999 -999999 -999999 -999999 -999999 -999999 -999999 -999999 -999999 
11614  1992 -999999 -999999 -999999 -999999 1141    -999999 -999999 156     440     745     1033    1637    1647    2121    -999999 -999999 1001    727     226     
11614  1993 -999999 543     -999999 264     1103    -999999 -999999 246     319     675     1062    1570    -999999 1991    2190    1565    1117    496     326     
11614  1994 -999999 -999999 -999999 -999999 1200    -999999 -999999 -999999 -999999 1073    1026    1494    1927    -999999 -999999 -999999 1038    786     322     
11614  1995 -999999 -999999 -999999 -999999 -999999 -999999 -999999 59      -999999 -999999 1222    1589    1820    -999999 2154    -999999 1455    750     352     
11614  1996 -999999 607     -999999 274     1105    -999999 -999999 255     216     593     1238    1533    -999999 2048    2055    -999999 -999999 720     311     
11614  1997 1249    -999999 1789    385     1284    2025    1277    299     556     1114    1138    1628    1753    2110    2169    1895    1273    665     385     
11614  1998 1258    688     1893    439     1191    2293    1137    280     674     849     1040    1694    2122    2381    2376    1744    1166    502     307     
11614  1999 1313    638     1917    397     1390    2128    1314    438     453     973     1349    1845    1954    2279    2145    1910    1307    724     323     
11614  2000 1335    710     1938    411     1357    2218    1276    288     636     980     1270    1818    2214    2137    2304    1868    1267    694     518     
11614  2001 1289    809     1814    652     1271    2157    1192    648     805     918     1104    1786    1987    2207    2272    1501    1449    616     131     
11614  2002 1398    650     -999999 261     -999999 2393    1470    123     560     1011    1186    -999999 2483    2397    2301    1867    1474    1068    629     
11614  2003 1438    846     2192    467     1518    2634    1184    450     306     1106    1354    2087    2729    2540    2636    1779    1063    715     401     
11614  2004 1245    590     1837    347     1098    2190    1325    248     396     707     1143    1445    2128    2253    2188    1854    1357    764     428     
11614  2005 1227    651     1899    309     1250    2194    1225    254     237     828     1136    1770    2188    2324    2069    1813    1223    638     166     
11614  2006 1315    521     1962    188     1215    2272    1464    124     284     670     1275    1703    2214    2551    2050    1964    1490    937     454     
11614  2007 1364    865     1948    578     1480    2173    1237    603     689     1001    1645    1798    2062    2356    2099    1715    1301    692     360     
11614  2008 1280    710     1836    445     1235    2178    1256    451     529     911     1139    1651    2060    2225    2247    1672    1357    736     351     
11614  2009 1324    660     1996    314     1383    2269    1336    172     429     896     1295    1955    2107    2294    2400    1903    1298    807     271     
11614  2010 1206    598     1877    239     1177    2243    1184    98      358     737     1252    1544    2085    2503    2135    1724    1127    704     158     
11614  2011 1360    600     2014    302     1435    2173    1386    229     540     838     1588    1884    2004    2113    2396    2084    1332    743     523     
11614  2012 1324    731     1935    360     1329    2326    1349    369     176     1206    1099    1676    2194    2346    2433    1841    1326    881     294     
11614  2013 1275    639     1892    332     1087    2273    1332    417     282     606     1199    1458    2087    2441    2284    1867    1329    798     468     
11614  2014 1358    785     1853    491     1378    2066    1431    457     555     1081    1387    1666    2097    2085    2018    1857    1472    963     608     
11614  2015 1381    828     1997    524     1345    2376    1283    492     465     937     1356    1742    2185    2654    2285    1738    1242    871     537     
11614  2016 1319    749     1925    496     1262    2207    1318    354     603     881     1337    1569    2013    2360    2240    2020    1174    765     495     
11614  2017 -999999 720     1979    393     1421    2354    1271    129     594     1139    1358    1763    2288    2370    2402    1675    1412    721     -999999 
