EUROPEAN CLIMATE ASSESSMENT & DATASET (ECA&D), file created on: 13-11-2019
THESE DATA CAN BE USED FOR NON-COMMERCIAL RESEARCH AND EDUCATION PROVIDED THAT THE FOLLOWING SOURCE IS ACKNOWLEDGED: 

Klein Tank, A.M.G. and Coauthors, 2002. Daily dataset of 20th-century surface
air temperature and precipitation series for the European Climate Assessment.
Int. J. of Climatol., 22, 1441-1453.
Data and metadata available at http://www.ecad.eu

FILE FORMAT (MISSING VALUE CODE = -999999):

THIS FILE HOLDS DATA FOR STATION FRANCE                                   POITIERS - BIARD                         (STAID:    749)
LATITUDE: dd:mm:ss +46:35:38
LONGITUDE: ddd:mm:ss +000:18:51
ELEVATION: m  123

DATA IS FOR INDEX Mean of daily mean temperature (TG) with unit 0.01 Temperature (&#176;C)

01-06 SOUID: Source identifier
08-11 YEAR : YYYY
13-20 ANNUAL DATA VALUES
21-28 WINTER HALF YEAR DATA VALUES
29-36 SUMMER HALF YEAR DATA VALUES
37-44 WINTER (DJF) DATA VALUES
45-52 SPRING (MAM) DATA VALUES
53-60 SUMMER (JJA) DATA VALUES
61-68 AUTUMN (SON) DATA VALUES
69-76 JANUARY DATA VALUES
etc. 
157-164 DECEMBER DATA VALUES

749    1921 -999999 -999999 -999999 -999999 -999999 2015    1379    -999999 -999999 -999999 -999999 1444    1920    2230    1893    1861    1612    657     564     
749    1922 1119    801     1569    580     1115    1797    998     563     619     770     928     1641    1765    1791    1833    1435    982     578     488     
749    1923 1168    682     1604    553     1068    1878    1163    425     767     855     1034    1315    1488    2128    2005    1635    1304    545     477     
749    1924 1116    646     1556    404     1092    1752    1214    607     108     795     986     1490    1703    1877    1675    1590    1255    795     469     
749    1925 1070    673     1505    530     878     1805    1028    567     558     385     967     1285    1759    1835    1820    1349    1237    492     541     
749    1926 1159    749     1578    671     1016    1795    1281    542     957     735     1084    1232    1468    1916    1979    1773    1241    829     163     
749    1927 1105    680     1531    381     1127    1705    1127    489     505     840     1080    1458    1582    1772    1758    1526    1138    718     351     
749    1928 1201    733     1604    570     980     1948    1259    632     738     821     956     1162    1703    2136    1997    1656    1255    866     470     
749    1929 1137    614     1633    252     987     1873    1336    119     157     781     842     1333    1679    2043    1890    1999    1199    815     715     
749    1930 1183    767     1564    591     1042    1805    1325    723     309     799     1073    1255    1802    1748    1866    1636    1343    995     587     
749    1931 1076    756     1502    484     1030    1798    1096    451     407     728     968     1393    1845    1791    1760    1243    1146    898     242     
749    1932 1105    593     1560    273     933     1829    1254    532     28      685     847     1265    1638    1720    2123    1752    1192    820     608     
749    1933 1147    720     1702    460     1140    1973    1221    265     513     904     1098    1416    1674    2045    2190    1769    1307    585     -47     
749    1934 1179    538     1681    207     1076    1901    1217    398     276     687     1115    1426    1758    2149    1792    1837    1304    507     830     
749    1935 1103    691     1564    551     938     1840    1176    275     549     661     929     1224    1674    2000    1841    1701    1095    734     521     
749    1936 -999999 -999999 1604    635     -999999 1824    1115    784     598     -999999 906     1500    1778    1769    1925    1729    952     668     505     
749    1937 -999999 724     -999999 672     1114    -999999 -999999 699     825     703     1079    1559    -999999 -999999 -999999 -999999 -999999 -999999 -999999 
749    1938 -999999 -999999 -999999 -999999 -999999 -999999 -999999 -999999 -999999 -999999 -999999 -999999 -999999 -999999 -999999 -999999 -999999 -999999 -999999 
749    1939 -999999 -999999 -999999 -999999 -999999 -999999 -999999 -999999 -999999 -999999 -999999 -999999 -999999 -999999 -999999 -999999 -999999 -999999 -999999 
749    1940 -999999 -999999 -999999 -999999 -999999 -999999 -999999 -999999 -999999 -999999 -999999 -999999 -999999 -999999 -999999 -999999 -999999 -999999 -999999 
749    1941 -999999 -999999 -999999 -999999 -999999 -999999 -999999 -999999 -999999 -999999 -999999 -999999 -999999 -999999 -999999 -999999 -999999 -999999 -999999 
749    1942 -999999 -999999 -999999 -999999 -999999 -999999 -999999 -999999 -999999 -999999 -999999 -999999 -999999 -999999 -999999 -999999 -999999 -999999 -999999 
749    1943 -999999 -999999 -999999 -999999 -999999 -999999 -999999 -999999 -999999 -999999 -999999 -999999 -999999 -999999 -999999 -999999 -999999 -999999 -999999 
749    1944 -999999 -999999 -999999 -999999 -999999 -999999 -999999 -999999 -999999 -999999 -999999 -999999 -999999 -999999 -999999 -999999 -999999 -999999 -999999 
749    1945 1197    -999999 1714    -999999 1208    1921    1274    -133    763     838     1247    1539    1823    2051    1885    1727    1362    730     515     
749    1946 1080    694     1551    439     1066    1732    1184    129     699     729     1174    1298    1532    1950    1708    1636    1162    756     181     
749    1947 1241    580     1811    209     1234    2073    1332    183     268     906     1222    1574    1872    2146    2194    1843    1224    933     458     
749    1948 1158    815     1543    555     1187    1731    1135    704     499     1056    1090    1414    1593    1770    1826    1554    1105    747     504     
749    1949 1221    678     1720    508     1062    1952    1349    492     532     679     1277    1237    1710    2142    1997    1951    1415    679     499     
749    1950 1172    748     1665    512     1097    1995    1182    294     767     831     939     1517    2000    2095    1891    1530    1147    870     168     
749    1951 1115    656     1508    417     931     1738    1225    550     546     652     984     1159    1646    1851    1714    1685    1050    947     568     
749    1952 1138    699     1630    409     1203    1937    1041    343     309     962     1156    1489    1830    2015    1963    1307    1190    621     434     
749    1953 1128    565     1610    237     1161    1788    1163    16      264     837     1104    1542    1625    1801    1933    1640    1222    624     859     
749    1954 1101    702     1470    498     1013    1673    1262    303     315     849     885     1301    1611    1670    1736    1608    1333    842     695     
749    1955 1138    723     1611    568     930     1900    1118    540     458     448     1080    1266    1725    1999    1971    1613    1038    706     762     
749    1956 1012    573     1493    298     1028    1645    1112    476     -389    787     846     1446    1445    1824    1658    1725    1105    505     637     
749    1957 1137    743     1533    570     1090    1823    1143    288     806     1116    1009    1141    1789    1905    1773    1573    1236    616     375     
749    1958 1123    676     1545    520     967     1740    1193    468     738     624     868     1405    1585    1791    1840    1765    1159    657     549     
749    1959 1219    714     1658    502     1152    1881    1281    396     567     941     1068    1446    1687    2039    1910    1785    1275    783     682     
749    1960 1139    776     1554    555     1145    1768    1195    404     580     919     1020    1491    1816    1718    1773    1493    1182    910     350     
749    1961 1226    771     1659    554     1136    1798    1335    465     879     854     1268    1289    1708    1847    1837    2001    1317    688     546     
749    1962 1071    671     1545    515     889     1813    1166    552     440     458     995     1217    1624    1857    1952    1612    1254    629     216     
749    1963 1010    480     1496    37      1052    1709    1257    -168    65      845     1051    1259    1651    1842    1631    1534    1223    1014    115     
749    1964 1123    624     1665    268     1064    1887    1169    112     599     692     991     1509    1701    2010    1943    1819    999     694     395     
749    1965 1092    596     1473    351     1038    1715    1149    461     181     808     950     1353    1671    1742    1732    1376    1319    745     697     
749    1966 1177    799     1594    692     1060    1747    1207    425     982     641     1183    1360    1738    1740    1764    1776    1334    507     675     
749    1967 1148    744     1551    594     1013    1839    1253    450     666     817     923     1295    1625    2030    1855    1560    1431    763     324     
749    1968 1119    710     1515    431     995     1762    1254    468     506     757     1022    1205    1668    1826    1789    1571    1412    775     405     
749    1969 1144    726     1597    454     1074    1837    1257    619     327     781     1063    1377    1571    2012    1920    1625    1386    755     228     
749    1970 1136    672     1605    436     941     1877    1285    488     610     565     871     1385    1848    1843    1938    1731    1141    988     199     
749    1971 1110    617     1611    377     1022    1808    1133    499     439     431     1175    1463    1529    2050    1835    1595    1258    542     450     
749    1972 1096    710     1451    514     1037    1696    1092    414     690     897     987     1225    1425    1884    1771    1397    1138    740     563     
749    1973 1113    632     1640    420     972     1932    1177    324     369     639     830     1443    1785    1881    2124    1760    1052    722     381     
749    1974 1161    721     1554    582     1015    1856    1050    758     610     794     975     1275    1706    1894    1962    1498    819     840     761     
749    1975 1119    727     1586    705     928     1902    1130    679     673     589     970     1226    1663    1945    2090    1609    1084    700     172     
749    1976 1178    608     1697    392     1027    2083    1123    415     603     676     947     1454    2086    2107    2055    1519    1234    611     407     
749    1977 1132    731     1458    536     1029    1693    1192    419     809     912     881     1291    1549    1831    1696    1485    1366    719     596     
749    1978 1094    746     1451    524     970     1672    1171    386     596     800     808     1296    1548    1759    1704    1580    1221    710     676     
749    1979 1113    682     1519    467     973     1773    1228    188     544     743     932     1244    1679    1895    1742    1613    1332    736     670     
749    1980 1040    726     1475    542     909     1683    1131    254     714     652     882     1194    1528    1657    1859    1720    1110    564     347     
749    1981 1117    633     1521    356     1115    1723    1186    436     277     1027    1032    1284    1529    1750    1883    1635    1207    715     565     
749    1982 1202    755     1628    635     1006    1877    1274    693     649     688     920     1407    1836    2044    1751    1799    1131    896     575     
749    1983 1157    720     1620    512     956     1975    1218    581     365     743     939     1184    1777    2226    1916    1663    1175    817     443     
749    1984 1103    662     1493    463     884     1800    1248    536     407     582     988     1087    1634    1933    1828    1477    1252    1015    475     
749    1985 1051    639     1550    318     969     1732    1159    -43     545     596     1070    1244    1521    1965    1705    1789    1245    439     506     
749    1986 1086    574     1498    365     904     1809    1220    525     31      641     699     1366    1757    1891    1778    1480    1387    788     599     
749    1987 1082    603     1594    278     979     1792    1273    -197    450     583     1177    1183    1562    1924    1883    1827    1300    691     575     
749    1988 1172    774     1561    636     1092    1733    1204    759     571     731     1081    1465    1649    1714    1835    1611    1357    640     622     
749    1989 1226    780     1648    551     1164    1910    1272    401     637     1003    854     1623    1710    2062    1951    1662    1401    750     598     
749    1990 1240    859     1664    710     1139    1922    1278    595     961     857     980     1576    1598    2060    2097    1647    1397    786     299     
749    1991 1120    680     1609    301     1029    1889    1225    419     171     959     883     1241    1513    1985    2156    1856    1093    730     354     
749    1992 1130    622     1595    364     1091    1865    1133    248     499     805     915     1547    1676    1925    1988    1494    921     992     526     
749    1993 1106    707     1553    518     1079    1792    973     676     333     767     1056    1412    1755    1775    1845    1464    1024    428     672     
749    1994 1256    722     1619    644     1089    1959    1293    582     681     934     909     1417    1714    2136    2018    1494    1316    1069    754     
749    1995 1216    866     1619    699     1028    1960    1257    522     835     702     1008    1375    1641    2160    2069    1436    1547    777     483     
749    1996 1102    759     1535    511     990     1835    1115    673     368     684     1019    1268    1802    1915    1787    1408    1208    727     336     
749    1997 1235    695     1673    422     1159    1930    1305    213     749     944     1033    1495    1640    1892    2249    1707    1278    932     649     
749    1998 1167    818     1617    595     1125    1837    1143    556     577     896     949     1523    1671    1860    1974    1704    1201    521     522     
749    1999 1218    707     1684    547     1169    1889    1227    617     497     859     1066    1579    1677    2040    1943    1785    1298    597     598     
749    2000 1221    729     1636    570     1112    1847    1266    416     705     755     1051    1528    1824    1757    1959    1682    1214    904     839     
749    2001 1172    859     1582    672     1134    1889    1185    614     551     1003    912     1481    1720    1918    2023    1416    1571    555     232     
749    2002 1243    787     1571    556     1099    1824    1277    656     805     895     1052    1347    1806    1850    1815    1548    1311    971     825     
749    2003 1274    819     1824    533     1209    2206    1227    322     446     1007    1198    1421    2150    2039    2429    1691    1073    923     540     
749    2004 1178    718     1644    549     1010    1911    1291    577     528     661     1004    1364    1855    1888    1989    1754    1382    734     381     
749    2005 1206    699     1693    421     1102    1974    1328    523     354     788     1089    1427    1979    2015    1929    1707    1623    645     324     
749    2006 1249    691     1742    351     1087    2029    1472    377     353     788     1040    1430    1951    2366    1769    1885    1543    987     440     
749    2007 1200    881     1626    668     1221    1773    1122    713     870     734     1433    1503    1758    1776    1783    1496    1196    672     454     
749    2008 1171    755     1588    621     1107    1843    1125    665     753     786     973     1557    1743    1900    1881    1451    1154    769     397     
749    2009 1213    630     1703    354     1143    1953    1347    187     491     775     1136    1517    1808    1952    2093    1699    1307    1036    508     
749    2010 1109    697     1642    355     1064    1935    1187    139     425     752     1146    1298    1780    2086    1933    1597    1213    750     150     
749    2011 1319    689     1736    416     1314    1849    1458    438     687     900     1412    1631    1775    1812    1957    1821    1394    1161    804     
749    2012 1203    840     1644    489     1161    1908    1283    587     49      1006    934     1537    1763    1850    2105    1660    1345    842     692     
749    2013 1166    745     1602    527     949     1907    1315    479     398     680     1003    1168    1632    2171    1910    1712    1478    750     551     
749    2014 1300    873     1660    689     1150    1869    1487    768     755     923     1195    1335    1821    2011    1774    1819    1518    1124    531     
749    2015 1276    829     1708    493     1173    2020    1266    509     432     831     1236    1455    1894    2112    2049    1486    1191    1125    929     
749    2016 1229    891     1687    764     1037    1946    1304    687     670     735     961     1412    1751    1991    2090    1902    1179    836     516     
749    2017 1274    775     1730    525     1218    2055    1275    314     770     1034    1053    1562    2034    2097    2034    1583    1449    785     537     
749    2018 -999999 795     -999999 560     1246    -999999 1383    838     276     832     1336    1571    1959    -999999 -999999 1838    1402    908     729     
