EUROPEAN CLIMATE ASSESSMENT & DATASET (ECA&D), file created on: 13-11-2019
THESE DATA CAN BE USED FOR NON-COMMERCIAL RESEARCH AND EDUCATION PROVIDED THAT THE FOLLOWING SOURCE IS ACKNOWLEDGED: 

Klein Tank, A.M.G. and Coauthors, 2002. Daily dataset of 20th-century surface
air temperature and precipitation series for the European Climate Assessment.
Int. J. of Climatol., 22, 1441-1453.
Data and metadata available at http://www.ecad.eu

FILE FORMAT (MISSING VALUE CODE = -999999):

THIS FILE HOLDS DATA FOR STATION ROMANIA                                  CONSTANTA                                (STAID:   2062)
LATITUDE: dd:mm:ss +44:13:12
LONGITUDE: ddd:mm:ss +028:37:48
ELEVATION: m   13

DATA IS FOR INDEX Mean of daily mean temperature (TG) with unit 0.01 Temperature (&#176;C)

01-06 SOUID: Source identifier
08-11 YEAR : YYYY
13-20 ANNUAL DATA VALUES
21-28 WINTER HALF YEAR DATA VALUES
29-36 SUMMER HALF YEAR DATA VALUES
37-44 WINTER (DJF) DATA VALUES
45-52 SPRING (MAM) DATA VALUES
53-60 SUMMER (JJA) DATA VALUES
61-68 AUTUMN (SON) DATA VALUES
69-76 JANUARY DATA VALUES
etc. 
157-164 DECEMBER DATA VALUES

2062   1952 -999999 -999999 -999999 -999999 -999999 -999999 -999999 -999999 -999999 -999999 -999999 -999999 -999999 -999999 -999999 -999999 -999999 -999999 -999999 
2062   1953 -999999 -999999 -999999 -999999 -999999 -999999 -999999 -999999 -999999 -999999 -999999 -999999 -999999 -999999 -999999 -999999 -999999 -999999 -999999 
2062   1954 -999999 -999999 -999999 -999999 -999999 -999999 -999999 -999999 -999999 -999999 -999999 -999999 -999999 -999999 -999999 -999999 -999999 -999999 -999999 
2062   1955 -999999 -999999 -999999 -999999 -999999 -999999 -999999 -999999 -999999 -999999 -999999 -999999 -999999 -999999 -999999 -999999 1568    -999999 -999999 
2062   1956 -999999 -999999 -999999 -999999 -999999 -999999 -999999 -999999 -999999 -999999 -999999 -999999 -999999 -999999 2192    -999999 -999999 -999999 -999999 
2062   1957 -999999 -999999 -999999 -999999 -999999 -999999 -999999 17      -999999 -999999 -999999 -999999 -999999 -999999 -999999 -999999 -999999 -999999 -999999 
2062   1958 -999999 -999999 -999999 -999999 -999999 -999999 -999999 135     -999999 -999999 905     -999999 -999999 -999999 2241    -999999 -999999 -999999 -999999 
2062   1959 -999999 -999999 -999999 -999999 -999999 -999999 -999999 -999999 -999999 505     -999999 1443    1857    2374    -999999 -999999 1055    -999999 -999999 
2062   1960 -999999 -999999 -999999 -999999 -999999 -999999 -999999 356     256     237     811     -999999 1979    2172    2161    1745    1663    -999999 -999999 
2062   1961 1218    -999999 1833    -999999 1135    2177    1370    84      208     742     1184    1480    2118    2184    2227    1795    1318    1001    219     
2062   1962 1194    544     1820    180     1012    2151    1462    219     93      385     1012    1637    1933    2162    2350    1803    1397    1187    77      
2062   1963 1142    409     1883    -122    897     2266    1498    -552    132     214     860     1615    2070    2379    2343    2007    1352    1140    93      
2062   1964 1113    443     1745    -53     875     2138    1338    -310    64      318     949     1361    2136    2180    2097    1732    1444    834     518     
2062   1965 1095    573     1679    212     862     2024    1265    236     -154    495     692     1394    2026    2054    1992    1902    1180    716     513     
2062   1966 1287    621     1845    390     1143    2148    1513    65      614     642     1207    1582    1848    2296    2292    1825    1735    971     326     
2062   1967 1171    568     1846    58      1028    2172    1435    -177    20      492     1005    1587    1912    2312    2284    1954    1443    908     239     
2062   1968 1176    566     1844    179     1140    2085    1320    -48     359     491     1135    1792    2032    2150    2070    1865    1229    870     147     
2062   1969 1100    361     1763    -40     884     2067    1414    -290    29      166     835     1650    1968    2034    2197    1876    1273    1098    307     
2062   1970 1208    641     1806    283     1036    2182    1270    242     303     604     1081    1426    1998    2345    2198    1770    1140    905     424     
2062   1971 1165    588     1778    358     981     2135    1182    393     246     398     935     1608    2015    2110    2276    1705    1097    746     382     
2062   1972 1156    437     1868    115     1068    2234    1225    -59     15      424     1173    1610    2142    2307    2252    1705    1169    803     300     
2062   1973 1105    493     1750    216     917     2072    1224    -63     430     324     948     1479    1909    2216    2087    1846    1301    521     219     
2062   1974 1127    439     1704    130     888     2032    1368    -136    325     397     801     1461    1869    2009    2213    1852    1545    702     429     
2062   1975 1236    643     1910    290     1168    2216    1319    338     83      708     1135    1660    2112    2329    2204    2003    1350    604     224     
2062   1976 1077    406     1703    63      917     2011    1236    132     -181    278     1001    1476    1883    2222    1924    1696    1194    821     436     
2062   1977 1162    631     1732    397     1007    2088    1279    169     606     562     949     1508    1905    2214    2139    1658    1139    1045    26      
2062   1978 1121    518     1714    105     1005    2042    1214    79      221     583     967     1463    1983    2097    2043    1713    1292    633     320     
2062   1979 1221    545     1834    217     1113    2150    1305    115     215     667     963     1703    2149    2131    2170    1873    1174    872     554     
2062   1980 1088    480     1702    189     861     2054    1318    -46     50      262     894     1428    1927    2117    2113    1714    1454    780     329     
2062   1981 1204    584     1796    200     1025    2165    1333    55      216     642     955     1477    2148    2168    2178    1838    1549    605     539     
2062   1982 1180    526     1791    177     948     2104    1431    14      -43     438     873     1530    1994    2106    2210    2018    1472    802     656     
2062   1983 1195    692     1849    418     1139    2122    1210    345     233     602     1098    1717    1975    2293    2093    1902    1255    471     282     
2062   1984 1145    475     1738    247     921     2015    1426    343     109     364     852     1545    1895    2092    2053    1974    1520    781     173     
2062   1985 1045    312     1790    -192    953     2069    1230    -205    -582    115     1053    1696    1890    2093    2219    1769    1143    782     454     
2062   1986 1168    515     1889    270     1030    2231    1235    329     1       338     1086    1667    2141    2207    2340    1872    1215    618     117     
2062   1987 1039    275     1747    -38     688     2129    1320    -235    9       -90     814     1343    2009    2339    2035    1926    1165    875     220     
2062   1988 1166    583     1852    289     1040    2249    1069    376     268     584     920     1611    1982    2435    2322    1818    1158    229     243     
2062   1989 1223    506     1827    276     1192    2138    1216    149     453     788     1238    1551    1884    2237    2284    1746    1273    627     388     
2062   1990 1266    609     1814    285     1152    2178    1401    -37     527     866     1084    1502    2043    2261    2225    1749    1367    1089    467     
2062   1991 1133    594     1826    234     932     2226    1323    180     34      388     971     1439    2046    2385    2242    1854    1331    782     -123    
2062   1992 1195    470     1852    23      1045    2270    1354    70      130     617     1006    1512    2075    2251    2478    1770    1453    835     106     
2062   1993 1125    501     1748    112     928     2100    1206    154     73      355     896     1534    2029    2074    2196    1741    1454    415     499     
2062   1994 1296    635     1965    401     1187    2231    1420    458     229     711     1181    1668    1942    2386    2355    2241    1391    630     287     
2062   1995 1211    618     1886    327     1082    2310    1148    100     621     682     1060    1505    2210    2457    2259    1803    1216    422     160     
2062   1996 1119    284     1818    -22     918     2215    1318    -160    -68     116     867     1768    2113    2285    2245    1599    1277    1081    266     
2062   1997 1117    538     1756    118     996     2139    1182    -119    218     492     748     1740    2097    2218    2100    1609    1148    791     297     
2062   1998 1219    565     1924    312     1127    2272    1285    342     297     494     1330    1563    2160    2268    2384    1826    1448    576     -118    
2062   1999 1315    529     1974    136     1152    2374    1354    225     320     705     1190    1564    2262    2555    2301    1956    1365    742     533     
2062   2000 1270    571     1906    237     1163    2241    1415    -219    409     590     1185    1715    2055    2333    2330    1797    1319    1132    570     
2062   2001 1275    799     1927    468     1182    2323    1364    413     418     915     1036    1592    1916    2580    2460    1952    1488    648     -178    
2062   2002 1298    587     1947    180     1172    2358    1427    31      742     807     981     1722    2163    2578    2325    1886    1372    1024    -77     
2062   2003 1159    409     1886    -81     948     2323    1286    96      -282    277     769     1791    2237    2308    2420    1759    1232    870     320     
2062   2004 1243    554     1847    163     1133    2173    1423    -67     241     719     1139    1542    2068    2227    2221    1868    1505    894     523     
2062   2005 1228    636     1894    307     1042    2237    1348    371     -2      471     989     1665    2002    2345    2357    1983    1317    745     400     
2062   2006 1235    495     1918    102     1094    2284    1416    -165    68      572     1074    1635    2101    2330    2414    1935    1469    842     466     
2062   2007 1346    783     1982    532     1185    2422    1314    649     476     765     1097    1689    2296    2521    2446    1822    1404    714     205     
2062   2008 1323    619     1930    226     1242    2310    1381    111     370     899     1225    1601    2162    2315    2449    1812    1430    900     567     
2062   2009 1324    699     1949    402     1144    2312    1464    235     405     633     1116    1683    2152    2468    2311    1945    1473    973     432     
2062   2010 1316    614     2024    208     1168    2419    1481    -32     226     586     1180    1739    2115    2454    2679    1953    1174    1328    328     
2062   2011 1208    578     1932    163     1002    2306    1278    100     49      461     922     1619    2148    2407    2358    2119    1202    514     514     
2062   2012 1324    453     2087    128     1227    2456    1567    71      -223    597     1257    1827    2304    2613    2446    2052    1644    1003    235     
2062   2013 1323    690     2006    301     1234    2343    1394    207     479     559     1248    1896    2208    2355    2462    1842    1262    1081    227     
2062   2014 1316    666     1976    276     1226    2325    1357    302     301     801     1174    1703    2106    2390    2472    1990    1345    736     399     
2062   2015 1332    598     1996    288     1150    2338    1500    221     239     616     1102    1731    2150    2412    2446    2115    1334    1057    490     
2062   2016 1355    747     2064    430     1306    2394    1409    23      801     788     1441    1695    2244    2464    2463    2068    1287    874     142     
2062   2017 1315    553     1946    80      1127    2336    1488    -235    325     835     961     1629    2205    2334    2456    2069    1430    1011    674     
2062   2018 -999999 738     -999999 483     1248    -999999 -999999 362     408     504     1310    1936    2246    2433    -999999 2031    1542    745     272     
