EUROPEAN CLIMATE ASSESSMENT & DATASET (ECA&D), file created on: 13-11-2019
THESE DATA CAN BE USED FOR NON-COMMERCIAL RESEARCH AND EDUCATION PROVIDED THAT THE FOLLOWING SOURCE IS ACKNOWLEDGED: 

Klein Tank, A.M.G. and Coauthors, 2002. Daily dataset of 20th-century surface
air temperature and precipitation series for the European Climate Assessment.
Int. J. of Climatol., 22, 1441-1453.
Data and metadata available at http://www.ecad.eu

FILE FORMAT (MISSING VALUE CODE = -999999):

THIS FILE HOLDS DATA FOR STATION ESTONIA                                  KURESSAARE                               (STAID:  11353)
LATITUDE: dd:mm:ss +58:13:05
LONGITUDE: ddd:mm:ss +022:30:23
ELEVATION: m    1

DATA IS FOR INDEX Mean of daily mean temperature (TG) with unit 0.01 Temperature (&#176;C)

01-06 SOUID: Source identifier
08-11 YEAR : YYYY
13-20 ANNUAL DATA VALUES
21-28 WINTER HALF YEAR DATA VALUES
29-36 SUMMER HALF YEAR DATA VALUES
37-44 WINTER (DJF) DATA VALUES
45-52 SPRING (MAM) DATA VALUES
53-60 SUMMER (JJA) DATA VALUES
61-68 AUTUMN (SON) DATA VALUES
69-76 JANUARY DATA VALUES
etc. 
157-164 DECEMBER DATA VALUES

11353  1948 -999999 -999999 -999999 -999999 -999999 -999999 749     -999999 -999999 -999999 -999999 -999999 -999999 -999999 -999999 1251    699     299     220     
11353  1949 -999999 198     -999999 112     472     1513    -999999 76      32      -155    420     1148    1331    1690    1513    -999999 -999999 454     228     
11353  1950 -999999 -999999 1250    -999999 518     1541    -999999 -855    -999999 -39     509     1027    1370    1593    1655    1298    -999999 -999999 19      
11353  1951 -999999 -999999 1203    -999999 198     1573    853     -999999 -999999 -602    330     763     1336    1535    1849    1365    792     312     -999999 
11353  1952 -999999 -999999 1086    -999999 75      1458    567     -30     -999999 -824    326     753     1258    1580    1524    1015    549     120     -53     
11353  1953 -999999 -999999 1273    -999999 502     1644    -999999 -299    -999999 -24     510     964     1669    1692    1571    1210    937     -999999 -4      
11353  1954 -999999 -999999 1214    -999999 -999999 1533    -999999 -999999 -999999 -79     184     1202    1390    1615    1593    1288    740     214     -999999 
11353  1955 -999999 -999999 1165    -999999 76      1625    -999999 -271    -527    -410    -41     679     1202    1804    1841    1465    861     -999999 -327    
11353  1956 -999999 -999999 1081    -999999 91      1485    -999999 -459    -999999 -554    30      812     1535    1546    1375    1060    709     -999999 -6      
11353  1957 -999999 -999999 1145    -999999 -999999 1534    765     -101    -999999 -408    258     825     1254    1764    1584    1106    801     331     -10     
11353  1958 -999999 -999999 1100    -999999 -999999 1483    879     -999999 -644    -740    57      830     1338    1600    1503    1208    878     502     -138    
11353  1959 -999999 -999999 1289    -999999 527     1737    -999999 -203    -22     99      525     943     1480    1864    1857    1019    633     -999999 -302    
11353  1960 -999999 -999999 1223    -999999 263     1621    -999999 -999999 -756    -500    211     1000    1503    1720    1639    1240    551     -999999 265     
11353  1961 -999999 -999999 1228    -999999 569     1554    892     -110    -999999 228     469     997     1636    1556    1478    1207    1041    406     -999999 
11353  1962 -999999 -999999 1092    -999999 182     1382    -999999 -79     -299    -650    400     818     1203    1507    1431    1111    879     328     -227    
11353  1963 -999999 -999999 1262    -999999 201     1620    834     -967    -999999 -750    105     1215    1446    1693    1717    1384    821     239     -217    
11353  1964 -999999 -999999 1189    -999999 273     1566    781     -107    -776    -477    242     980     1512    1671    1515    1163    832     294     2       
11353  1965 -999999 -999999 1136    -999999 271     1456    688     -213    -628    -274    336     753     1421    1452    1491    1368    825     -87     -167    
11353  1966 -999999 -999999 1186    -999999 316     1645    702     -999999 -999999 -91     48      961     1657    1767    1510    1113    685     280     -999999 
11353  1967 -999999 -999999 1243    -999999 494     1555    990     -797    -999999 101     395     971     1353    1685    1616    1396    1064    476     -544    
11353  1968 -999999 -999999 1244    -999999 394     1623    -999999 -840    -434    -118    468     802     1586    1537    1742    1325    540     226     -20     
11353  1969 -999999 -999999 1216    -999999 83      1644    758     -682    -999999 -770    258     827     1532    1684    1712    1173    746     310     -441    
11353  1970 -999999 -999999 1189    -999999 302     1602    -999999 -999999 -1068   -226    166     966     1623    1550    1632    1152    649     185     -83     
11353  1971 -999999 -999999 1176    -999999 355     1542    -999999 -999999 -999999 -317    274     1036    1336    1655    1640    1105    680     119     72      
11353  1972 -999999 -999999 1288    -999999 355     1768    722     -597    -281    -128    264     926     1579    1957    1751    1153    630     353     353     
11353  1973 -999999 -999999 1276    -999999 515     1730    524     -999999 -118    125     398     1016    1622    1981    1590    1010    492     72      -211    
11353  1974 -999999 -999999 1193    -999999 402     1530    856     -999999 -999999 20      369     831     1467    1558    1564    1367    740     421     182     
11353  1975 -999999 -999999 1335    -999999 550     1655    880     83      -999999 100     381     1145    1373    1768    1817    1482    774     -999999 -999999 
11353  1976 -999999 -999999 1133    -999999 306     1468    -999999 -540    -540    -375    294     998     1208    1623    1567    1022    437     -999999 -187    
11353  1977 -999999 -999999 1099    -999999 313     1498    -999999 -999999 -999999 -133    164     890     1446    1509    1534    1014    771     431     -106    
11353  1978 -999999 -999999 1111    -999999 364     1482    743     -296    -999999 -112    230     976     1379    1515    1553    1027    636     548     -714    
11353  1979 -999999 -999999 1180    -999999 354     1551    -999999 -812    -999999 -94     164     980     1575    1449    1628    1191    607     293     -100    
11353  1980 -999999 -999999 1227    -999999 189     1633    756     -457    -999999 -542    415     694     1637    1700    1562    1284    783     89      -999999 
11353  1981 -999999 -999999 1197    -999999 -999999 1515    770     -216    -279    -999999 229     1184    1344    1653    1545    1183    827     266     -340    
11353  1982 -999999 -999999 1191    -999999 407     1547    855     -538    -382    -22     316     926     1222    1716    1688    1222    757     546     209     
11353  1983 -999999 -999999 -999999 -999999 -999999 -999999 -999999 152     -361    -107    -999999 -999999 -999999 -999999 -999999 -999999 -999999 -999999 -999999 
11353  1984 -999999 -999999 1263    -999999 -999999 1548    -999999 -999999 -999999 -999999 471     1205    1464    1509    1667    1161    975     368     14      
11353  1985 -999999 -999999 1165    -999999 369     1542    700     -931    -1360   -168    154     1055    1375    1612    1637    1112    851     79      -228    
11353  1986 -999999 -999999 1178    -999999 447     1565    -999999 -348    -999999 -76     340     1058    1553    1627    1514    957     764     -999999 -289    
11353  1987 -999999 -999999 1033    -999999 124     1367    769     -999999 -999999 -679    222     804     1192    1532    1371    1099    848     310     -60     
11353  1988 -999999 -999999 1298    -999999 362     1716    713     -68     -999999 -287    184     1122    1733    1901    1508    1328    727     16      -999999 
11353  1989 -999999 -999999 1320    -999999 640     1655    839     209     227     289     496     1103    1594    1759    1607    1336    814     313     -162    
11353  1990 -999999 -999999 1271    -999999 712     1590    756     75      318     336     723     1028    1474    1595    1698    1068    800     343     16      
11353  1991 -999999 -999999 1213    -999999 459     1581    873     83      -314    52      428     857     1211    1730    1794    1254    834     462     134     
11353  1992 -999999 -999999 1307    -999999 568     1657    -999999 120     -999999 190     329     1145    1621    1720    1628    1311    401     223     104     
11353  1993 -999999 -999999 1191    -999999 658     1456    473     21      -2      47      464     1365    1284    1600    1478    865     605     -117    -55     
11353  1994 -999999 -999999 1270    -999999 444     1610    -999999 -169    -1027   -168    553     907     1211    1911    1682    1321    630     -999999 150     
11353  1995 -999999 -999999 1256    -999999 497     1635    805     -152    67      127     448     917     1608    1636    1661    1279    960     114     -346    
11353  1996 -999999 -999999 1159    -999999 256     1563    793     -488    -999999 -414    219     960     1301    1509    1862    1009    849     481     -320    
11353  1997 -999999 -999999 1336    -999999 397     1833    677     -151    -58     33      305     881     1604    1910    1970    1298    518     152     -50     
11353  1998 -999999 -999999 1213    -999999 472     1492    626     48      -999999 -119    458     1056    1435    1565    1471    1288    723     -110    -126    
11353  1999 -999999 -999999 1360    -999999 474     1726    917     -249    -999999 -28     612     835     1665    1873    1644    1491    815     349     68      
11353  2000 -999999 -999999 -999999 -999999 615     -999999 -999999 -56     18      63      720     1030    1386    1654    -999999 -999999 -999999 -999999 -999999 
11353  2001 -999999 -999999 -999999 -999999 -999999 -999999 -999999 -999999 -999999 -999999 -999999 -999999 -999999 -999999 -999999 -999999 -999999 -999999 -999999 
11353  2002 -999999 -999999 -999999 -999999 -999999 -999999 -999999 -999999 -999999 -999999 -999999 -999999 -999999 -999999 -999999 -999999 -999999 -999999 -999999 
11353  2003 -999999 -999999 -999999 -999999 -999999 -999999 -999999 -999999 -999999 -999999 -999999 -999999 -999999 -999999 -999999 -999999 -999999 -999999 -999999 
11353  2004 -999999 -999999 -999999 -999999 -999999 -999999 -999999 -999999 -999999 -999999 -999999 -999999 -999999 -999999 -999999 -999999 -999999 -999999 -999999 
11353  2005 -999999 -999999 -999999 -999999 -999999 -999999 -999999 -999999 -999999 -999999 -999999 -999999 -999999 -999999 -999999 -999999 -999999 -999999 -999999 
11353  2006 -999999 -999999 -999999 -999999 -999999 -999999 -999999 -999999 -999999 -999999 -999999 -999999 -999999 -999999 -999999 -999999 -999999 -999999 -999999 
11353  2007 -999999 -999999 -999999 -999999 -999999 -999999 -999999 -999999 -999999 -999999 -999999 -999999 -999999 -999999 -999999 -999999 -999999 -999999 -999999 
11353  2008 -999999 -999999 -999999 -999999 -999999 1639    -999999 68      223     148     553     1087    1489    1752    1677    1134    1028    -999999 229     
11353  2009 -999999 -999999 1335    -999999 537     1632    -999999 -144    -999999 -58     556     1072    1381    1769    1733    1450    620     438     -29     
11353  2010 -999999 -999999 1369    -999999 440     1811    728     -887    -999999 -201    388     1110    1437    2112    1872    1263    682     201     -417    
11353  2011 -999999 -999999 1408    -999999 470     1812    -999999 -244    -882    -93     491     977     1649    2016    1771    1441    952     616     375     
11353  2012 -999999 -999999 -999999 -999999 -999999 1574    -999999 -103    -657    78      442     1024    1333    1724    1664    1349    846     496     -269    
11353  2013 -999999 -999999 1325    -999999 293     1718    946     -446    -262    -539    212     1268    1645    1757    1747    1327    876     624     347     
11353  2014 -999999 -999999 1372    -999999 621     1724    -999999 -356    -999999 198     624     984     1359    1987    1814    1404    820     420     121     
11353  2015 -999999 -999999 1256    -999999 575     1565    -999999 47      45      242     538     912     1343    1586    1760    1417    763     634     447     
