EUROPEAN CLIMATE ASSESSMENT & DATASET (ECA&D), file created on: 13-11-2019
THESE DATA CAN BE USED FOR NON-COMMERCIAL RESEARCH AND EDUCATION PROVIDED THAT THE FOLLOWING SOURCE IS ACKNOWLEDGED: 

Klein Tank, A.M.G. and Coauthors, 2002. Daily dataset of 20th-century surface
air temperature and precipitation series for the European Climate Assessment.
Int. J. of Climatol., 22, 1441-1453.
Data and metadata available at http://www.ecad.eu

FILE FORMAT (MISSING VALUE CODE = -999999):

THIS FILE HOLDS DATA FOR STATION RUSSIAN FEDERATION                       SREDNJAJA OLEKMA                         (STAID:   8321)
LATITUDE: dd:mm:ss +55:25:48
LONGITUDE: ddd:mm:ss +120:33:00
ELEVATION: m  526

DATA IS FOR INDEX Mean of daily mean temperature (TG) with unit 0.01 Temperature (&#176;C)

01-06 SOUID: Source identifier
08-11 YEAR : YYYY
13-20 ANNUAL DATA VALUES
21-28 WINTER HALF YEAR DATA VALUES
29-36 SUMMER HALF YEAR DATA VALUES
37-44 WINTER (DJF) DATA VALUES
45-52 SPRING (MAM) DATA VALUES
53-60 SUMMER (JJA) DATA VALUES
61-68 AUTUMN (SON) DATA VALUES
69-76 JANUARY DATA VALUES
etc. 
157-164 DECEMBER DATA VALUES

8321   1959 -999999 -999999 -999999 -999999 -999999 -999999 -625    -999999 -999999 -999999 -999999 -999999 -999999 1543    1668    884     -390    -2378   -3289   
8321   1960 -777    -2435   904     -3312   -680    1604    -782    -3878   -2751   -2019   -468    491     1566    1805    1441    539     -595    -2295   -3348   
8321   1961 -732    -2374   873     -3325   -435    1453    -748    -3810   -2764   -1499   -425    620     1274    1651    1428    644     -646    -2199   -3223   
8321   1962 -697    -2283   910     -3083   -499    1519    -810    -3309   -2670   -1728   -448    682     1444    1724    1385    637     -742    -2492   -3387   
8321   1963 -661    -999999 865     -2979   -562    1572    -799    -3068   -2444   -1507   -640    459     1241    1875    1578    637     -580    -2439   -3255   
8321   1964 -779    -2390   854     -3123   -565    1506    -869    -3223   -2874   -1749   -679    687     1379    1650    1484    507     -705    -2415   -3515   
8321   1965 -849    -2484   835     -3402   -488    1412    -893    -3561   -3108   -1667   -363    532     1316    1529    1388    578     -449    -2890   -3929   
8321   1966 -878    -2704   849     -3642   -742    1501    -805    -3638   -3339   -2095   -806    673     1359    1690    1451    688     -355    -2761   -3664   
8321   1967 -588    -2384   955     -3232   -356    1543    -602    -3204   -2800   -1613   -216    765     1579    1780    1272    517     -221    -2116   -2950   
8321   1968 -605    -1984   1006    -2856   -31     1524    -772    -3235   -2349   -1030   118     791     1316    1909    1340    527     -496    -2348   -3857   
8321   1969 -861    -2683   824     -3791   -641    1490    -752    -3968   -3522   -1905   -532    518     1204    1664    1591    454     -533    -2183   -3305   
8321   1970 -761    -2329   954     -3223   -438    1583    -987    -3505   -2820   -1673   -216    583     1500    1863    1383    579     -1068   -2474   -3426   
8321   1971 -626    -2568   954     -3380   -517    1593    -435    -3534   -3165   -1729   -554    730     1687    1675    1419    738     -204    -1846   -2986   
8321   1972 -834    -2229   862     -3264   -427    1358    -861    -3623   -3177   -1587   -297    607     1224    1652    1194    761     -721    -2627   -3487   
8321   1973 -667    -2411   983     -3216   -452    1595    -736    -3359   -2758   -1555   -527    723     1712    1751    1326    883     -759    -2331   -3232   
8321   1974 -795    -2444   932     -3311   -527    1551    -771    -3536   -3149   -1698   -422    505     1292    1820    1533    827     -766    -2374   -3751   
8321   1975 -595    -2446   1020    -3433   -146    1547    -660    -3513   -2991   -1331   -96     992     1563    1656    1422    553     -468    -2072   -3013   
8321   1976 -756    -2270   895     -3087   -513    1400    -684    -3316   -2920   -1867   -296    631     1147    1762    1282    810     -642    -2222   -3506   
8321   1977 -826    -2447   880     -3417   -448    1469    -926    -3688   -3018   -1652   -440    748     1448    1633    1325    531     -768    -2546   -3624   
8321   1978 -702    -2491   847     -3341   -443    1401    -627    -3580   -2763   -1692   -176    546     1337    1505    1360    482     -593    -1770   -3195   
8321   1979 -761    -2294   904     -3304   -323    1374    -870    -3752   -2930   -1567   -298    896     1410    1505    1210    673     -825    -2460   -3123   
8321   1980 -687    -2352   909     -3000   -648    1634    -740    -3400   -2442   -1872   -632    562     1453    1860    1583    588     -674    -2135   -3178   
8321   1981 -609    -2289   953     -3117   -252    1420    -689    -3330   -2814   -1652   44      861     1282    1743    1231    525     -424    -2177   -2739   
8321   1982 -619    -2076   933     -2775   -341    1494    -790    -3105   -2450   -1602   27      564     1479    1685    1317    502     -779    -2092   -3071   
8321   1983 -642    -2189   879     -3024   -349    1395    -625    -3224   -2750   -1265   -478    691     1084    1616    1473    851     -731    -1991   -3114   
8321   1984 -765    -2272   959     -3076   -359    1497    -1011   -3193   -2911   -1725   -246    897     1456    1697    1336    577     -1011   -2598   -3525   
8321   1985 -999999 -2655   963     -3513   -456    1545    -999999 -3894   -3078   -1866   -131    641     1555    1715    1366    604     -999999 -2265   -3410   
8321   1986 -635    -999999 992     -3163   -485    1694    -700    -3407   -2619   -1585   -489    618     1640    1924    1517    709     -518    -2296   -3235   
8321   1987 -841    -2381   825     -3227   -630    1455    -940    -3803   -2579   -1871   -523    509     1382    1478    1501    569     -622    -2776   -3460   
8321   1988 -583    -2421   999     -3156   -461    1593    -508    -3175   -2810   -1722   -264    610     1474    1732    1569    845     -295    -2082   -2943   
8321   1989 -589    -2023   921     -2895   -170    1410    -682    -3263   -2436   -1161   -95     748     1321    1606    1300    614     -480    -2186   -3144   
8321   1990 -575    -2217   1012    -3237   -90     1572    -622    -3786   -2732   -1023   -248    995     1437    1755    1519    574     -327    -2122   -3084   
8321   1991 -619    -2184   994     -2977   -376    1575    -607    -3046   -2784   -1795   -121    797     1564    1636    1525    533     -421    -1938   -3511   
8321   1992 -999999 -2207   952     -3103   -327    1478    -999999 -3163   -2603   -1621   -292    933     1467    1634    1334    603     -999999 -2284   -3107   
8321   1993 -999999 -999999 958     -2956   -231    1541    -999999 -3189   -2531   -1126   -323    752     1319    1757    1540    665     -999999 -2655   -3446   
8321   1994 -652    -999999 1008    -3394   -397    1595    -500    -3942   -2731   -1529   -248    590     1588    1789    1409    894     -198    -2206   -3351   
8321   1995 -999999 -2147   -999999 -2995   -999999 1599    -513    -3093   -2492   -1577   -999999 498     1692    1705    1402    577     -179    -1950   -2977   
8321   1996 -999999 -999999 -999999 -2971   -999999 1641    -901    -3464   -2436   -999999 -999999 869     1474    1932    1514    352     -764    -2296   -3381   
8321   1997 -589    -2315   1033    -3101   -202    1569    -637    -3303   -2568   -1599   217     790     1410    1753    1540    457     -440    -1935   -3504   
8321   1998 -514    -2084   1087    -3051   -134    1721    -737    -3370   -2197   -1065   -51     716     1458    1945    1751    664     -331    -2558   -3245   
8321   1999 -658    -2269   956     -2899   -523    1513    -787    -2989   -2417   -2096   -286    820     1408    1855    1273    629     -628    -2369   -3199   
8321   2000 -651    -2275   1073    -3094   -243    1667    -784    -3422   -2630   -1431   -127    831     1602    1744    1652    702     -602    -2458   -3722   
8321   2001 -570    -2450   1077    -3403   -295    1744    -545    -3523   -2916   -1521   -230    869     1652    1944    1633    553     -513    -1677   -3249   
8321   2002 -513    -1996   1173    -2917   -49     1775    -776    -3188   -2251   -1112   15      951     1669    2004    1649    716     -741    -2305   -3665   
8321   2003 -548    -2288   952     -3254   -172    1509    -649    -3480   -2550   -1015   -32     537     1442    1723    1358    661     -285    -2335   -2736   
8321   2004 -999999 -2034   978     -2755   -304    1530    -999999 -3019   -2494   -1372   -249    711     1509    1750    1329    788     -999999 -1635   -3435   
8321   2005 -999999 -999999 -999999 -2942   -209    1617    -999999 -2831   -2519   -1361   -84     822     1592    1836    1422    -999999 -356    -1964   -3423   
8321   2006 -682    -2239   947     -3226   -381    1538    -741    -3527   -2676   -1522   -374    753     1526    1718    1370    656     -670    -2211   -3339   
8321   2007 -494    -2244   1084    -2958   -332    1593    -424    -2955   -2539   -1777   -27     820     1489    1680    1605    907     -349    -1832   -3063   
8321   2008 -522    -1996   1069    -2984   -67     1702    -617    -3430   -2422   -903    -138    836     1823    1865    1421    577     -199    -2244   -3505   
8321   2009 -999999 -999999 1043    -999999 -316    1566    -777    -999999 -2948   -1773   96      743     1524    1718    1455    693     -364    -2675   -3262   
8321   2010 -580    -2312   1044    -3031   -450    1690    -578    -3068   -2735   -1822   -490    960     1713    1805    1552    684     -560    -1858   -3276   
8321   2011 -387    -2020   1114    -2848   -149    1796    -459    -2895   -2321   -1234   -14     805     1670    2025    1690    470     -11     -1852   -3107   
8321   2012 -602    -2117   1074    -3045   -354    1615    -556    -3464   -2532   -1753   -235    929     1612    1977    1256    874     -479    -2067   -3380   
8321   2013 -999999 -2300   1019    -3184   -417    1607    -999999 -3416   -2708   -1779   -353    884     1616    1692    1513    726     -999999 -999999 -999999 
