EUROPEAN CLIMATE ASSESSMENT & DATASET (ECA&D), file created on: 13-11-2019
THESE DATA CAN BE USED FOR NON-COMMERCIAL RESEARCH AND EDUCATION PROVIDED THAT THE FOLLOWING SOURCE IS ACKNOWLEDGED: 

Klein Tank, A.M.G. and Coauthors, 2002. Daily dataset of 20th-century surface
air temperature and precipitation series for the European Climate Assessment.
Int. J. of Climatol., 22, 1441-1453.
Data and metadata available at http://www.ecad.eu

FILE FORMAT (MISSING VALUE CODE = -999999):

THIS FILE HOLDS DATA FOR STATION FINLAND                                  TAMPERE SIILINKARI                       (STAID:   7281)
LATITUDE: dd:mm:ss +61:31:03
LONGITUDE: ddd:mm:ss +023:45:25
ELEVATION: m   96

DATA IS FOR INDEX Mean of daily mean temperature (TG) with unit 0.01 Temperature (&#176;C)

01-06 SOUID: Source identifier
08-11 YEAR : YYYY
13-20 ANNUAL DATA VALUES
21-28 WINTER HALF YEAR DATA VALUES
29-36 SUMMER HALF YEAR DATA VALUES
37-44 WINTER (DJF) DATA VALUES
45-52 SPRING (MAM) DATA VALUES
53-60 SUMMER (JJA) DATA VALUES
61-68 AUTUMN (SON) DATA VALUES
69-76 JANUARY DATA VALUES
etc. 
157-164 DECEMBER DATA VALUES

7281   1959 497     -999999 1179    -999999 427     1633    463     -672    -311    -20     386     914     1460    1814    1618    859     440     91      -661    
7281   1960 364     -443    1165    -906    243     1593    346     -1079   -984    -481    165     1042    1559    1748    1471    980     224     -163    -166    
7281   1961 519     -146    1097    -287    343     1506    648     -514    -168    -91     169     946     1635    1543    1343    929     853     155     -612    
7281   1962 312     -275    983     -582    90      1264    530     -518    -618    -930    388     821     1168    1396    1224    884     637     65      -820    
7281   1963 329     -559    1199    -1038   158     1508    544     -1077   -1236   -968    221     1224    1355    1611    1551    1204    507     -77     -471    
7281   1964 386     -347    1068    -631    180     1428    504     -328    -1126   -629    274     897     1340    1556    1385    937     664     -94     -311    
7281   1965 344     -233    1062    -503    155     1411    387     -405    -824    -480    311     639     1474    1383    1379    1179    518     -540    -589    
7281   1966 268     -665    1082    -1207   178     1573    471     -1483   -1587   -397    -14     938     1663    1683    1377    819     450     143     -503    
7281   1967 411     -284    1139    -795    394     1524    705     -1270   -593    54      237     885     1330    1654    1581    1123    715     275     -1116   
7281   1968 322     -424    1109    -1122   286     1548    270     -1605   -612    -189    354     695     1610    1507    1530    945     142     -273    -250    
7281   1969 290     -535    1138    -792    122     1594    439     -1083   -1070   -717    270     818     1514    1664    1602    935     484     -103    -913    
7281   1970 333     -535    1124    -1123   252     1590    381     -1087   -1395   -265    91      924     1692    1616    1465    934     379     -170    -319    
7281   1971 400     -279    1086    -428    169     1510    329     -305    -684    -612    137     982     1362    1673    1490    843     384     -242    -317    
7281   1972 498     -336    1213    -605    245     1727    460     -946    -549    -359    168     924     1665    1925    1588    980     417     -16     132     
7281   1973 419     -43     1142    -189    359     1666    155     -228    -500    -107    209     972     1606    1961    1431    645     193     -375    -850    
7281   1974 535     -286    1073    -440    218     1455    591     -345    -92     -232    198     687     1422    1512    1431    1173    464     141     32      
7281   1975 563     5       1184    -168    426     1506    583     -212    -341    -81     273     1081    1271    1705    1534    1218    449     87      -293    
7281   1976 259     -393    1031    -746    178     1422    258     -1208   -736    -662    127     1068    1271    1515    1474    698     88      -5      -549    
7281   1977 357     -397    1018    -752    247     1426    469     -736    -995    -232    94      874     1411    1461    1406    837     468     103     -507    
7281   1978 258     -375    1040    -837    257     1442    426     -685    -1370   -340    118     990     1438    1535    1353    784     347     150     -1340   
7281   1979 383     -493    1133    -1110   369     1533    442     -919    -1067   -163    169     1094    1576    1477    1548    912     347     69      -544    
7281   1980 360     -440    1192    -811    183     1627    394     -912    -987    -635    438     754     1717    1715    1453    1062    472     -354    -443    
7281   1981 369     -376    1101    -567    200     1444    490     -531    -744    -693    118     1173    1286    1678    1364    954     573     -61     -776    
7281   1982 443     -353    1103    -885    368     1503    543     -1209   -648    -19     238     880     1167    1746    1584    973     375     286     -132    
7281   1983 486     -158    1235    -421    425     1541    482     -235    -948    -354    498     1134    1398    1714    1505    1142    540     -237    -432    
7281   1984 497     -303    1192    -531    406     1472    565     -595    -568    -540    433     1325    1413    1556    1443    956     664     73      -241    
7281   1985 216     -522    1079    -1232   250     1516    472     -1736   -1770   -222    91      875     1375    1592    1576    940     665     -194    -752    
7281   1986 376     -407    1116    -973    429     1558    516     -989    -1201   -41     204     1116    1685    1682    1311    672     538     338     -915    
7281   1987 220     -571    988     -1231   140     1325    482     -1938   -798    -644    280     790     1288    1495    1191    865     670     -94     -521    
7281   1988 465     -184    1230    -462    307     1688    382     -379    -489    -309    120     1104    1703    1938    1423    1069    449     -374    -716    
7281   1989 622     -97     1252    -271    585     1579    535     -61     -11     130     538     1085    1603    1699    1435    1138    458     11      -593    
7281   1990 561     -89     1162    -357    529     1531    367     -514    79      45      581     964     1471    1575    1546    816     501     -219    -145    
7281   1991 515     -183    1122    -438    350     1548    585     -405    -801    -92     393     749     1281    1715    1640    926     552     279     -162    
7281   1992 530     39      1166    -230    450     1528    285     -257    -273    81      95      1162    1606    1572    1407    1132    -58     -207    51      
7281   1993 461     -150    1074    -176    457     1394    292     -236    -352    -113    227     1249    1173    1613    1388    759     408     -295    -367    
7281   1994 432     -420    1170    -773    255     1606    503     -555    -1462   -346    407     710     1245    1952    1611    1068    485     -45     -41     
7281   1995 506     -27     1133    -188    303     1575    589     -375    -144    -54     168     789     1609    1550    1567    1099    811     -151    -838    
7281   1996 378     -415    1072    -897    130     1527    639     -631    -1243   -484    210     667     1304    1460    1808    956     693     265     -529    
7281   1997 499     -126    1199    -530    186     1793    458     -560    -499    -152    -1      706     1639    1876    1861    1087    319     -27     -339    
7281   1998 428     -254    1102    -415    197     1428    487     -320    -603    -579    299     873     1309    1601    1371    1144    586     -273    -343    
7281   1999 511     -314    1239    -667    303     1663    715     -781    -899    -230    420     723     1730    1761    1499    1293    649     207     -322    
7281   2000 606     -61     1140    -325    353     1479    764     -309    -344    -267    368     959     1330    1616    1488    1058    844     387     73      
7281   2001 477     -46     1214    -338    205     1650    660     -222    -922    -509    342     785     1343    1965    1633    1190    780     6       -766    
7281   2002 523     -136    1365    -509    498     1813    295     -541    -189    -104    468     1130    1599    1864    1969    1132    105     -345    -854    
7281   2003 528     -489    1280    -883    412     1720    593     -1081   -696    -77     255     1053    1389    2133    1627    1191    382     214     -137    
7281   2004 502     -179    1177    -482    373     1502    587     -769    -542    -229    432     917     1248    1616    1633    1196    569     -2      -81     
7281   2005 560     -145    1221    -268    190     1629    775     -187    -564    -639    343     870     1387    1926    1565    1214    722     390     -375    
7281   2006 560     -265    1311    -613    125     1749    733     -506    -996    -873    304     951     1504    1841    1895    1345    696     159     279     
7281   2007 564     -36     1217    -423    506     1630    587     -332    -1300   166     400     948     1548    1643    1694    1057    676     25      124     
7281   2008 616     68      1137    -26     381     1489    649     -113    -94     -225    404     966     1389    1646    1429    969     755     221     20      
7281   2009 517     -37     1234    -320    387     1569    620     -473    -527    -255    343     1071    1394    1663    1644    1268    375     226     -585    
7281   2010 370     -423    1312    -956    380     1756    464     -1290   -998    -301    363     1076    1420    2128    1710    1139    488     -235    -1159   
7281   2011 600     -518    1333    -1054   382     1770    827     -709    -1321   -241    409     978     1660    1960    1687    1283    755     445     156     
7281   2012 451     -30     1150    -447    376     1531    649     -649    -875    -52     198     976     1309    1718    1559    1111    547     291     -777    
7281   2013 593     -276    1283    -568    192     1697    731     -602    -300    -799    175     1199    1697    1719    1675    1206    663     327     107     
7281   2014 639     57      1286    -262    527     1665    674     -841    -29     114     450     1015    1287    1993    1704    1237    594     195     -94     
7281   2015 642     66      1151    -172    467     1477    675     -313    -101    102     407     888     1228    1574    1622    1167    463     401     215     
7281   2016 552     -37     1271    -347    534     1567    549     -1099   -145    -52     384     1267    1489    1676    1535    1256    459     -65     -103    
7281   2017 548     -65     1073    -277    330     1457    623     -319    -424    27      152     806     1298    1541    1528    1093    513     266     17      
7281   2018 592     -201    1384    -436    336     1765    756     -336    -1049   -683    320     1370    1438    2078    1768    1292    671     308     -203    
7281   2019 -999999 -43     1251    -374    433     1648    -999999 -753    -145    -134    501     933     1608    1682    1654    1109    471     -999999 -999999 
