EUROPEAN CLIMATE ASSESSMENT & DATASET (ECA&D), file created on: 13-11-2019
THESE DATA CAN BE USED FOR NON-COMMERCIAL RESEARCH AND EDUCATION PROVIDED THAT THE FOLLOWING SOURCE IS ACKNOWLEDGED: 

Klein Tank, A.M.G. and Coauthors, 2002. Daily dataset of 20th-century surface
air temperature and precipitation series for the European Climate Assessment.
Int. J. of Climatol., 22, 1441-1453.
Data and metadata available at http://www.ecad.eu

FILE FORMAT (MISSING VALUE CODE = -999999):

THIS FILE HOLDS DATA FOR STATION UKRAINE                                  IZMAIL                                   (STAID:    389)
LATITUDE: dd:mm:ss +45:22:00
LONGITUDE: ddd:mm:ss +028:51:00
ELEVATION: m   28

DATA IS FOR INDEX Mean of daily mean temperature (TG) with unit 0.01 Temperature (&#176;C)

01-06 SOUID: Source identifier
08-11 YEAR : YYYY
13-20 ANNUAL DATA VALUES
21-28 WINTER HALF YEAR DATA VALUES
29-36 SUMMER HALF YEAR DATA VALUES
37-44 WINTER (DJF) DATA VALUES
45-52 SPRING (MAM) DATA VALUES
53-60 SUMMER (JJA) DATA VALUES
61-68 AUTUMN (SON) DATA VALUES
69-76 JANUARY DATA VALUES
etc. 
157-164 DECEMBER DATA VALUES

389    1886 -999999 -999999 -999999 -999999 -999999 -999999 -999999 -999999 -999999 -999999 -999999 -999999 -999999 -999999 -999999 -999999 1155    684     739     
389    1887 1189    489     1930    187     1153    2206    1359    79      -305    511     992     1950    1978    2395    2251    2019    1201    863     300     
389    1888 1026    326     1885    -231    1153    2208    1109    -646    -356    564     1207    1689    2050    2386    2182    1775    1290    255     -135    
389    1889 1097    202     1919    -221    1090    2333    1233    -602    106     291     1161    1820    2143    2522    2328    1512    1450    731     -356    
389    1890 -999999 339     -999999 -238    1218    -999999 1242    -23     -337    507     1338    1789    -999999 2506    2573    1741    1153    852     -471    
389    1891 -999999 254     -999999 -402    1144    -999999 1263    -373    -355    615     964     1848    2245    2447    -999999 1897    1300    590     55      
389    1892 -999999 390     -999999 -1      1187    -999999 -999999 -294    254     437     1200    1924    -999999 -999999 -999999 -999999 -999999 -999999 -999999 
389    1893 -999999 -999999 -999999 -999999 -999999 -999999 -999999 -999999 -999999 -999999 -999999 -999999 -999999 -999999 -999999 -999999 -999999 -999999 -999999 
389    1894 -999999 -999999 -999999 -999999 -999999 -999999 -999999 -999999 -999999 -999999 -999999 -999999 -999999 -999999 -999999 -999999 -999999 -999999 -999999 
389    1895 -999999 -999999 -999999 -999999 -999999 -999999 -999999 -999999 -999999 -999999 -999999 -999999 -999999 -999999 -999999 -999999 -999999 -999999 -999999 
389    1896 -999999 -999999 -999999 -999999 -999999 -999999 -999999 -999999 -999999 -999999 -999999 -999999 -999999 -999999 -999999 -999999 -999999 -999999 -999999 
389    1897 -999999 -999999 -999999 -999999 -999999 -999999 -999999 -999999 -999999 -999999 -999999 -999999 -999999 -999999 -999999 -999999 -999999 -999999 -999999 
389    1898 -999999 -999999 -999999 -999999 -999999 -999999 -999999 -999999 -999999 -999999 -999999 -999999 -999999 -999999 -999999 -999999 -999999 -999999 -999999 
389    1899 -999999 -999999 -999999 -999999 -999999 -999999 -999999 -999999 -999999 -999999 -999999 -999999 -999999 -999999 -999999 -999999 -999999 -999999 -999999 
389    1900 -999999 -999999 -999999 -999999 -999999 -999999 -999999 -999999 -999999 -999999 -999999 -999999 -999999 -999999 -999999 -999999 -999999 -999999 -999999 
389    1901 -999999 -999999 -999999 -999999 -999999 -999999 -999999 -999999 -999999 -999999 -999999 -999999 -999999 -999999 -999999 -999999 -999999 -999999 -999999 
389    1902 -999999 -999999 -999999 -999999 -999999 -999999 -999999 -999999 -999999 -999999 -999999 -999999 -999999 -999999 -999999 -999999 -999999 -999999 -999999 
389    1903 -999999 -999999 -999999 -999999 -999999 -999999 -999999 -999999 -999999 -999999 -999999 -999999 -999999 -999999 -999999 -999999 -999999 -999999 -999999 
389    1904 -999999 -999999 -999999 -999999 -999999 -999999 -999999 -999999 -999999 -999999 -999999 -999999 -999999 -999999 -999999 -999999 -999999 -999999 -999999 
389    1905 -999999 -999999 -999999 -999999 -999999 -999999 -999999 -999999 -999999 -999999 -999999 -999999 -999999 -999999 -999999 -999999 -999999 -999999 -999999 
389    1906 -999999 -999999 -999999 -999999 -999999 -999999 -999999 -999999 -999999 -999999 -999999 -999999 -999999 -999999 -999999 -999999 -999999 -999999 -999999 
389    1907 -999999 -999999 -999999 -999999 -999999 -999999 -999999 -999999 -999999 -999999 -999999 -999999 -999999 -999999 -999999 -999999 -999999 -999999 -999999 
389    1908 -999999 -999999 -999999 -999999 -999999 -999999 -999999 -999999 -999999 -999999 -999999 -999999 -999999 -999999 -999999 -999999 -999999 -999999 -999999 
389    1909 -999999 -999999 -999999 -999999 -999999 -999999 -999999 -999999 -999999 -999999 -999999 -999999 -999999 -999999 -999999 -999999 -999999 -999999 -999999 
389    1910 -999999 -999999 -999999 -999999 -999999 -999999 -999999 -999999 -999999 -999999 -999999 -999999 -999999 -999999 -999999 -999999 -999999 -999999 -999999 
389    1911 -999999 -999999 -999999 -999999 -999999 -999999 -999999 -999999 -999999 -999999 -999999 -999999 -999999 -999999 -999999 -999999 -999999 -999999 -999999 
389    1912 -999999 -999999 -999999 -999999 -999999 -999999 -999999 -999999 -999999 -999999 -999999 -999999 -999999 -999999 -999999 -999999 -999999 -999999 -999999 
389    1913 -999999 -999999 -999999 -999999 -999999 -999999 -999999 -999999 -999999 -999999 -999999 -999999 -999999 -999999 -999999 -999999 -999999 -999999 -999999 
389    1914 -999999 -999999 -999999 -999999 -999999 -999999 -999999 -999999 -999999 -999999 -999999 -999999 -999999 -999999 -999999 -999999 -999999 -999999 -999999 
389    1915 -999999 -999999 -999999 -999999 -999999 -999999 -999999 -999999 -999999 -999999 -999999 -999999 -999999 -999999 -999999 -999999 -999999 -999999 -999999 
389    1916 -999999 -999999 -999999 -999999 -999999 -999999 -999999 -999999 -999999 -999999 -999999 -999999 -999999 -999999 -999999 -999999 -999999 -999999 -999999 
389    1917 -999999 -999999 -999999 -999999 -999999 -999999 -999999 -999999 -999999 -999999 -999999 -999999 -999999 -999999 -999999 -999999 -999999 -999999 -999999 
389    1918 -999999 -999999 -999999 -999999 -999999 -999999 -999999 -999999 -999999 -999999 -999999 -999999 -999999 -999999 -999999 -999999 -999999 -999999 -999999 
389    1919 -999999 -999999 -999999 -999999 -999999 -999999 -999999 -999999 -999999 -999999 -999999 -999999 -999999 -999999 -999999 -999999 -999999 -999999 -999999 
389    1920 -999999 -999999 -999999 -999999 -999999 -999999 -999999 -999999 -999999 -999999 -999999 -999999 -999999 -999999 -999999 -999999 -999999 -999999 -999999 
389    1921 -999999 -999999 -999999 -999999 -999999 -999999 -999999 -999999 -999999 -999999 -999999 -999999 -999999 -999999 -999999 -999999 -999999 -999999 -999999 
389    1922 -999999 -999999 -999999 -999999 -999999 -999999 -999999 -999999 -999999 -999999 -999999 -999999 -999999 -999999 -999999 -999999 -999999 -999999 -999999 
389    1923 -999999 -999999 -999999 -999999 -999999 -999999 -999999 -999999 -999999 -999999 -999999 -999999 -999999 -999999 -999999 -999999 -999999 -999999 -999999 
389    1924 -999999 -999999 -999999 -999999 -999999 -999999 -999999 -999999 -999999 -999999 -999999 -999999 -999999 -999999 -999999 -999999 -999999 -999999 -999999 
389    1925 -999999 -999999 -999999 -999999 -999999 -999999 -999999 -999999 -999999 -999999 -999999 -999999 -999999 -999999 -999999 -999999 -999999 -999999 -999999 
389    1926 -999999 -999999 -999999 -999999 -999999 -999999 -999999 -999999 -999999 -999999 -999999 -999999 -999999 -999999 -999999 -999999 -999999 -999999 -999999 
389    1927 -999999 -999999 -999999 -999999 -999999 -999999 -999999 -999999 -999999 -999999 -999999 -999999 -999999 -999999 -999999 -999999 -999999 -999999 -999999 
389    1928 -999999 -999999 -999999 -999999 -999999 -999999 -999999 -999999 -999999 -999999 -999999 -999999 -999999 -999999 -999999 -999999 -999999 -999999 -999999 
389    1929 -999999 -999999 -999999 -999999 -999999 -999999 -999999 -999999 -999999 -999999 -999999 -999999 -999999 -999999 -999999 -999999 -999999 -999999 -999999 
389    1930 -999999 -999999 -999999 -999999 -999999 -999999 -999999 -999999 -999999 -999999 -999999 -999999 -999999 -999999 -999999 -999999 -999999 -999999 -999999 
389    1931 -999999 -999999 -999999 -999999 -999999 -999999 -999999 -999999 -999999 -999999 -999999 -999999 -999999 -999999 -999999 -999999 -999999 -999999 -999999 
389    1932 -999999 -999999 -999999 -999999 -999999 -999999 -999999 -999999 -999999 -999999 -999999 -999999 -999999 -999999 -999999 -999999 -999999 -999999 -999999 
389    1933 -999999 -999999 -999999 -999999 -999999 -999999 -999999 -999999 -999999 -999999 -999999 -999999 -999999 -999999 -999999 -999999 -999999 -999999 -999999 
389    1934 -999999 -999999 -999999 -999999 -999999 -999999 -999999 -999999 -999999 -999999 -999999 -999999 -999999 -999999 -999999 -999999 -999999 -999999 -999999 
389    1935 -999999 -999999 -999999 -999999 -999999 -999999 -999999 -999999 -999999 -999999 -999999 -999999 -999999 -999999 -999999 -999999 -999999 -999999 -999999 
389    1936 -999999 -999999 -999999 -999999 -999999 -999999 -999999 -999999 -999999 -999999 -999999 -999999 -999999 -999999 -999999 -999999 -999999 -999999 -999999 
389    1937 -999999 -999999 -999999 -999999 -999999 -999999 -999999 -999999 -999999 -999999 -999999 -999999 -999999 -999999 -999999 -999999 -999999 -999999 -999999 
389    1938 -999999 -999999 -999999 -999999 -999999 -999999 -999999 -999999 -999999 -999999 -999999 -999999 -999999 -999999 -999999 -999999 -999999 -999999 -999999 
389    1939 -999999 -999999 -999999 -999999 -999999 -999999 -999999 -999999 -999999 -999999 -999999 -999999 -999999 -999999 -999999 -999999 -999999 -999999 -999999 
389    1940 -999999 -999999 -999999 -999999 -999999 -999999 1226    -999999 -999999 -999999 -999999 -999999 -999999 -999999 -999999 1729    1127    826     -379    
389    1941 -999999 315     -999999 -168    1087    -999999 -999999 -335    252     412     1245    1609    -999999 -999999 -999999 -999999 -999999 -999999 -999999 
389    1942 -999999 -999999 -999999 -999999 -999999 -999999 -999999 -999999 -999999 -999999 -999999 -999999 -999999 -999999 -999999 -999999 -999999 -999999 -999999 
389    1943 -999999 -999999 -999999 -999999 -999999 -999999 -999999 -999999 -999999 -999999 -999999 -999999 -999999 -999999 -999999 -999999 -999999 -999999 -999999 
389    1944 -999999 -999999 -999999 -999999 -999999 -999999 -999999 -999999 -999999 -999999 -999999 -999999 -999999 -999999 -999999 -999999 -999999 -999999 -999999 
389    1945 -999999 -999999 -999999 -999999 -999999 -999999 -999999 -999999 -999999 -999999 -999999 -999999 -999999 -999999 -999999 -999999 -999999 -999999 -999999 
389    1946 1111    -999999 2010    -999999 1124    2394    1064    -336    58      434     1127    1811    2266    2456    2456    1919    760     522     -203    
389    1947 1061    139     1886    -404    1240    2191    1012    -826    -158    721     1295    1705    2136    2349    2086    1731    744     571     307     
389    1948 1022    372     1774    218     986     2104    1036    418     -89     256     1065    1639    1977    2148    2183    1611    1152    341     -472    
389    1949 1077    223     1732    -138    976     2017    1132    61      12      231     900     1794    1848    2179    2018    1626    941     837     399     
389    1950 1123    321     1917    -81     1164    2179    1170    -730    105     372     1307    1817    2065    2356    2114    1823    1029    661     506     
389    1951 1166    470     1936    185     1162    2292    1111    -13     48      555     1211    1720    2143    2355    2373    1793    733     819     189     
389    1952 1131    363     1839    171     879     2190    1272    214     106     118     1117    1409    1908    2257    2395    1933    1305    577     203     
389    1953 1004    363     1819    -4      900     2263    964     -121    -105    280     937     1485    2177    2377    2232    1685    1061    143     -180    
389    1954 974     -96     1886    -703    908     2297    1220    -893    -1073   276     805     1640    2268    2297    2324    1963    1130    570     240     
389    1955 1051    401     1695    143     837     2040    1171    55      132     256     684     1567    1877    2193    2045    1781    1353    373     225     
389    1956 939     226     1764    -125    840     2155    931     44      -679    -14     1020    1518    2010    2195    2255    1561    1131    93      61      
389    1957 1071    297     1827    73      927     2241    1127    -153    338     311     1000    1473    2132    2374    2214    1749    1029    608     -258    
389    1958 1101    315     1788    -4      1003    2133    1041    -94     376     244     828     1933    1919    2224    2249    1541    1017    565     350     
389    1959 1077    386     1809    97      1034    2222    961     30      -109    423     1080    1601    1964    2487    2205    1489    893     503     266     
389    1960 1179    340     1769    130     913     2184    1338    107     8       248     962     1533    2096    2267    2187    1547    1476    987     682     
389    1961 1118    634     1828    206     1143    2171    1177    -139    63      689     1271    1474    2149    2174    2190    1701    1065    770     -47     
389    1962 1104    334     1838    -47     1048    2178    1235    -18     -79     286     1107    1754    2008    2214    2305    1616    1161    930     -109    
389    1963 1017    192     1878    -361    921     2254    1269    -900    -44     115     899     1750    2081    2399    2275    1836    1100    876     -227    
389    1964 1033    228     1762    -272    881     2161    1155    -450    -131    198     1027    1424    2227    2206    2052    1626    1275    560     350     
389    1965 966     381     1666    12      853     2035    966     -1      -346    385     653     1515    2055    2122    1927    1705    903     292     276     
389    1966 1175    412     1820    221     1167    2117    1268    -93     506     591     1256    1656    1847    2274    2223    1644    1513    640     5       
389    1967 1054    310     1822    -264    1064    2124    1267    -568    -224    454     1084    1655    1924    2248    2193    1804    1278    718     0       
389    1968 1070    383     1835    -64     1193    2053    1131    -329    151     474     1241    1866    2056    2097    2005    1729    1013    655     -137    
389    1969 982     148     1746    -274    889     2047    1198    -480    -198    21      908     1738    1978    1988    2173    1671    1025    903     -5      
389    1970 1112    430     1789    31      1075    2126    1113    21      82      534     1218    1476    1955    2337    2079    1652    933     759     234     
389    1971 1094    432     1776    189     1021    2119    1011    204     122     320     1002    1740    1996    2125    2233    1533    944     560     285     
389    1972 1075    282     1874    -79     1147    2205    1071    -432    -91     412     1342    1694    2100    2325    2185    1578    962     677     119     
389    1973 1018    321     1770    10      975     2058    1054    -298    231     237     1079    1611    1944    2202    2024    1741    1105    315     -24     
389    1974 1071    280     1731    -56     927     2078    1212    -337    220     395     828     1554    1957    2070    2204    1754    1364    512     277     
389    1975 1160    498     1927    150     1200    2217    1142    210     -59     630     1215    1756    2181    2293    2175    1924    1142    358     15      
389    1976 981     215     1688    -161    970     1961    1071    -90     -423    252     1103    1558    1918    2144    1820    1571    946     700     224     
389    1977 1060    466     1693    197     1018    2026    1107    -111    508     538     961     1555    1887    2116    2071    1544    925     857     -149    
389    1978 997     341     1665    -111    1005    1974    1051    -159    -17     569     1000    1445    1926    2057    1937    1608    1119    424     -8      
389    1979 1115    350     1816    -36     1133    2103    1119    -100    3       629     984     1782    2151    2023    2136    1800    925     639     335     
389    1980 982     284     1671    -14     852     2014    1117    -290    -92     175     960     1425    1898    2131    2010    1582    1257    506     183     
389    1981 1104    421     1762    61      995     2137    1161    -94     96      549     930     1504    2152    2131    2129    1711    1374    391     305     
389    1982 1075    347     1783    -34     980     2079    1196    -202    -223    381     895     1662    2005    2069    2161    1886    1157    548     463     
389    1983 1112    507     1863    249     1215    2096    1009    201     64      570     1241    1835    2003    2253    2027    1802    1085    137     43      
389    1984 1043    291     1705    63      939     1959    1229    201     -63     315     882     1619    1875    2021    1978    1839    1358    484     -38     
389    1985 916     96      1782    -445    981     2055    977     -464    -872    30      1137    1779    1892    2079    2190    1591    922     420     162     
389    1986 1100    285     1861    21      1056    2178    1041    147     -274    283     1189    1701    2111    2137    2283    1728    994     402     -999999 
389    1987 935     -999999 1760    -999999 650     2133    1155    -537    -147    -186    813     1492    2068    2356    1972    1791    950     732     -23     
389    1988 1028    366     1795    8       1004    2180    888     4       45      477     937     1595    1980    2345    2210    1676    953     32      36      
389    1989 1160    385     1803    169     1205    2117    1068    115     377     785     1256    1574    1871    2170    2302    1624    1151    427     206     
389    1990 1200    516     1806    195     1178    2174    1224    -57     464     901     1065    1565    2040    2286    2191    1669    1136    870     228     
389    1991 1043    422     1775    47      934     2159    1158    54      -162    365     1010    1430    2007    2318    2148    1719    1190    566     -204    
389    1992 1098    338     1811    -96     1033    2215    1178    -63     -17     538     1057    1505    1967    2189    2481    1643    1239    650     -52     
389    1993 1052    341     1757    -24     935     2108    -999999 8       -27     202     937     1665    2037    2110    2176    1651    1284    -999999 317     
389    1994 1226    474     1998    224     1234    2260    1259    310     26      640     1294    1771    2047    2414    2313    2130    1203    447     36      
389    1995 -999999 442     -999999 131     1059    -999999 -999999 -101    493     578     1100    1499    2181    2396    2198    1747    1140    -999999 -134    
389    1996 1036    -999999 1828    -279    952     2204    1191    -417    -267    24      946     1886    2148    2318    2145    1496    1117    962     33      
389    1997 1009    380     1713    -89     994     2094    1005    -336    51      439     767     1768    2070    2196    2016    1433    992     588     62      
389    1998 1115    422     1883    176     1107    2226    1073    166     312     404     1334    1589    2136    2297    2243    1681    1238    294     -362    
389    1999 1187    334     1905    -56     1108    2295    1149    13      207     603     1204    1522    2208    2447    2229    1802    1154    489     303     
389    2000 1199    399     1909    66      1195    2253    1244    -332    237     534     1300    1755    2065    2375    2314    1622    1105    1008    382     
389    2001 1155    614     1885    256     1144    2288    1169    140     245     779     1092    1561    1882    2543    2425    1777    1265    463     -377    
389    2002 1199    449     1908    48      1172    2302    1281    -56     634     785     1027    1700    2139    2543    2219    1794    1180    871     -465    
389    2003 1083    205     1900    -353    1023    2293    1143    -137    -468    205     896     1963    2208    2277    2391    1636    1073    722     114     
389    2004 1149    418     1806    1       1120    2136    1250    -229    126     695     1131    1533    1977    2227    2199    1749    1323    675     346     
389    2005 1139    478     1863    161     1036    2178    1187    228     -119    363     1046    1699    1944    2305    2278    1884    1133    545     274     
