EUROPEAN CLIMATE ASSESSMENT & DATASET (ECA&D), file created on: 13-11-2019
THESE DATA CAN BE USED FOR NON-COMMERCIAL RESEARCH AND EDUCATION PROVIDED THAT THE FOLLOWING SOURCE IS ACKNOWLEDGED: 

Klein Tank, A.M.G. and Coauthors, 2002. Daily dataset of 20th-century surface
air temperature and precipitation series for the European Climate Assessment.
Int. J. of Climatol., 22, 1441-1453.
Data and metadata available at http://www.ecad.eu

FILE FORMAT (MISSING VALUE CODE = -999999):

THIS FILE HOLDS DATA FOR STATION RUSSIAN FEDERATION                       BOGORODITSKOYE-FENINO                    (STAID:   1280)
LATITUDE: dd:mm:ss +51:10:12
LONGITUDE: ddd:mm:ss +037:21:00
ELEVATION: m  223

DATA IS FOR INDEX Mean of daily mean temperature (TG) with unit 0.01 Temperature (&#176;C)

01-06 SOUID: Source identifier
08-11 YEAR : YYYY
13-20 ANNUAL DATA VALUES
21-28 WINTER HALF YEAR DATA VALUES
29-36 SUMMER HALF YEAR DATA VALUES
37-44 WINTER (DJF) DATA VALUES
45-52 SPRING (MAM) DATA VALUES
53-60 SUMMER (JJA) DATA VALUES
61-68 AUTUMN (SON) DATA VALUES
69-76 JANUARY DATA VALUES
etc. 
157-164 DECEMBER DATA VALUES

1280   1900 555     -999999 1476    -999999 436     1958    610     -1083   -928    -454    388     1371    1620    2092    2150    1196    911     -286    -437    
1280   1901 703     -244    1663    -659    683     2213    510     -893    -646    -153    816     1390    2326    2117    2201    1107    605     -185    -340    
1280   1902 517     -167    1419    -423    521     1867    309     -381    -561    -190    402     1348    1896    1852    1855    1136    358     -569    -1050   
1280   1903 700     -404    1642    -715    783     2001    627     -749    -308    -102    1030    1429    2007    2144    1853    1372    506     7       -831    
1280   1904 502     -360    1279    -697    338     1654    575     -919    -317    -591    418     1191    1485    1747    1724    1084    686     -49     -459    
1280   1905 652     -346    1611    -714    538     2012    787     -1073   -600    -598    488     1724    2094    1999    1945    1389    817     153     -582    
1280   1906 704     -179    1630    -679    911     1966    526     -646    -822    -44     818     1956    2023    2175    1702    1075    535     -33     -406    
1280   1907 467     -384    1450    -824    498     1856    492     -1048   -1038   -368    448     1412    1774    2004    1786    1261    765     -596    -904    
1280   1908 426     -517    1455    -853    306     1904    402     -1025   -617    -737    439     1224    1877    2016    1818    1297    398     -551    -1114   
1280   1909 553     -680    1501    -1164   367     1884    880     -1187   -1194   -469    375     1195    1742    1966    1940    1728    856     57      -489    
1280   1910 641     -190    1538    -591    691     1858    524     -600    -693    -315    834     1559    1808    2035    1728    1242    272     66      -323    
1280   1911 430     -513    1401    -979    558     1703    554     -1160   -1505   -504    644     1536    1581    1728    1796    1090    527     47      -750    
1280   1912 437     -442    1355    -1051   465     1800    357     -1225   -1187   -86     498     965     1925    1672    1806    1221    72      -233    -270    
1280   1913 655     -352    1485    -660    733     1798    702     -742    -1001   19      1046    1120    1530    1848    2007    1340    503     257     -233    
1280   1914 623     -19     1429    -356    748     1819    327     -698    -134    146     552     1541    1813    2112    1533    993     404     -419    -511    
1280   1915 571     -306    1406    -460    496     1762    501     -346    -530    -459    682     1270    1696    2041    1547    1172    364     -5      -627    
1280   1916 540     -277    1344    -572    504     1721    511     -564    -520    -333    690     1160    1677    1879    1605    1032    552     -53     -745    
1280   1917 492     -579    1480    -1125   373     1936    734     -1057   -1620   -634    740     1025    1977    1895    1938    1291    609     302     -689    
1280   1918 594     -199    1395    -567    408     1752    748     -444    -570    -398    720     914     1698    1885    1669    1471    1016    -253    -657    
1280   1919 487     -386    1456    -823    378     1809    555     -903    -920    -646    751     1042    1754    1998    1673    1507    707     -549    -645    
1280   1920 563     -373    1678    -798    915     2001    261     -717    -1047   -3      977     1773    1673    2199    2121    1288    21      -519    -1071   
1280   1921 580     -560    1602    -969    974     1859    364     -710    -1144   8       1014    1902    1825    1831    1919    1094    454     -460    -908    
1280   1922 628     -451    1535    -859    674     1954    521     -844    -822    -161    615     1567    1739    2225    1891    1134    276     160     -345    
1280   1923 635     -304    1485    -670    601     1752    898     -635    -1069   -272    363     1704    1833    1842    1583    1565    783     347     -528    
1280   1924 522     -439    1651    -1034   516     2047    660     -1279   -1311   -639    465     1720    2272    1929    1947    1553    571     -142    -877    
1280   1925 709     -166    1505    -494    788     1818    576     -416    -156    28      718     1616    1653    1973    1824    1213    444     75      -520    
1280   1926 569     -364    1431    -760    501     1808    687     -876    -898    -449    523     1461    1824    2054    1548    1153    543     369     -480    
1280   1927 521     -347    1540    -925    545     1954    681     -1296   -1008   -249    578     1308    1921    1902    2038    1474    710     -142    -1077   
1280   1928 -999999 -580    -999999 -1072   261     -999999 610     -862    -1299   -878    332     1294    1518    1924    -999999 1226    448     162     -513    
1280   1929 478     -581    1451    -1120   256     2026    771     -1028   -1895   -770    -51     1546    1600    2076    2390    1093    1093    118     -681    
1280   1930 625     -148    1499    -733    814     1820    662     -608    -928    54      868     1522    1492    1870    2086    1120    712     152     -955    
1280   1931 463     -504    1489    -1179   504     1947    472     -1056   -1562   -395    353     1547    1746    2249    1838    1162    563     -313    -738    
1280   1932 621     -489    1584    -826    492     1943    711     -341    -1439   -720    544     1655    1890    2005    1931    1450    717     -33     -295    
1280   1933 381     -388    1341    -858    392     1734    578     -1299   -1008   -488    443     1224    1505    2055    1634    1154    649     -71     -1366   
1280   1934 623     -429    1533    -1022   764     1803    775     -984    -683    -132    757     1666    1589    1947    1867    1345    833     144     -958    
1280   1935 576     -305    1418    -847    541     1748    665     -1060   -489    -301    695     1233    1792    1726    1727    1323    1052    -393    -459    
1280   1936 -999999 -999999 -999999 -999999 607     -999999 538     -999999 -1129   -200    535     1483    -999999 2450    2008    1176    361     82      -332    
1280   1937 662     -306    1581    -739    701     1878    770     -1194   -685    -95     740     1458    1757    1997    1875    1636    606     74      -305    
1280   1938 733     -182    1682    -558    615     2177    940     -724    -655    -128    579     1394    1901    2412    2208    1568    893     362     -1095   
1280   1939 614     -272    1560    -800    477     2070    494     -744    -536    -515    473     1474    1926    2186    2092    1175    308     5       -550    
1280   1940 444     -559    1425    -1047   391     1840    629     -1550   -1042   -541    379     1334    1728    1933    1855    1292    287     320     -698    
1280   1941 -999999 -405    1293    -833    294     1765    -999999 -1167   -614    -553    493     949     1476    2098    1712    999     -999999 -999999 -999999 
1280   1942 -999999 -999999 -999999 -999999 124     -999999 -999999 -1797   -1079   -1077   200     1250    -999999 -999999 -999999 -999999 -999999 -999999 -999999 
1280   1943 -999999 -999999 -999999 -999999 -999999 -999999 -999999 -999999 -999999 -999999 -999999 -999999 -999999 -999999 -999999 -999999 -999999 -999999 -999999 
1280   1944 -999999 -999999 -999999 -999999 -999999 -999999 688     -999999 -999999 -999999 -999999 -999999 -999999 1873    1687    1421    618     27      -803    
1280   1945 398     -452    1329    -963    313     1769    485     -968    -1136   -502    388     1055    1679    1839    1787    1205    424     -171    -922    
1280   1946 593     -375    1614    -744    595     2084    383     -800    -485    -298    605     1479    2189    1914    2153    1324    109     -275    -853    
1280   1947 574     -568    1506    -1028   583     1925    544     -1273   -949    -195    690     1257    1859    2086    1826    1297    302     39      -152    
1280   1948 602     -265    1541    -464    573     1946    533     -459    -804    -543    641     1624    2126    1869    1849    1115    610     -129    -717    
1280   1949 610     -313    1464    -688    626     1767    599     -469    -899    -327    497     1704    1707    1849    1742    1257    444     102     -390    
1280   1950 503     -418    1443    -935    737     1609    621     -1750   -635    -282    1064    1440    1580    1710    1536    1317    517     32      -534    
1280   1951 548     -439    1567    -984    662     1942    448     -1051   -1409   -265    1036    1228    1936    1986    1903    1298    260     -207    -265    
1280   1952 580     -335    1439    -370    255     1834    698     -335    -519    -952    488     1238    1735    1854    1911    1385    709     -2      -586    
1280   1953 508     -403    1523    -900    468     2017    430     -803    -1355   -460    573     1295    2038    2057    1955    1199    565     -480    -622    
1280   1954 516     -706    1594    -1309   478     2083    696     -1592   -1756   -448    377     1503    2101    2112    2038    1403    605     85      -397    
1280   1955 598     -135    1415    -434    467     1817    675     -488    -415    -217    338     1276    1615    2010    1820    1405    928     -316    -855    
1280   1956 367     -603    1376    -1210   376     1839    336     -943    -1876   -632    530     1234    2147    1670    1709    952     598     -551    -527    
1280   1957 666     -322    1576    -513    643     1876    590     -846    -130    -466    875     1526    1812    1940    1875    1405    423     -51     -436    
1280   1958 539     -284    1341    -557    510     1694    468     -688    -540    -436    469     1495    1536    1846    1695    973     573     -146    -391    
1280   1959 528     -236    1493    -485    552     1965    254     -395    -688    -411    672     1399    1784    2262    1844    965     263     -467    -976    
1280   1960 612     -533    1457    -786    407     1930    522     -620    -760    -649    526     1346    1973    2099    1718    1055    593     -85     87      
1280   1961 661     -40     1474    -277    622     1943    563     -618    -304    57      630     1180    1969    1998    1864    1184    580     -75     -596    
1280   1962 637     -269    1485    -651    734     1767    687     -511    -868    -194    933     1469    1736    1825    1740    1187    715     158     -646    
1280   1963 527     -489    1597    -1014   463     1924    810     -1617   -755    -796    414     1769    1626    2139    1997    1600    707     128     -963    
1280   1964 537     -485    1467    -1032   375     1888    634     -990    -1150   -666    548     1248    1997    1994    1677    1321    692     -112    -167    
1280   1965 501     -275    1354    -672    415     1759    441     -890    -990    -245    294     1190    1694    1841    1740    1339    371     -384    -58     
1280   1966 766     -136    1604    -334    937     1928    713     -452    -515    167     1063    1586    1638    2135    2003    1171    886     77      -698    
1280   1967 590     -389    1570    -1060   784     1840    786     -1307   -1187   -169    731     1788    1734    1896    1887    1356    921     78      -768    
1280   1968 544     -359    1499    -953    623     1820    538     -1259   -824    -320    758     1436    1863    1702    1897    1322    427     -130    -384    
1280   1969 443     -517    1397    -951    450     1758    660     -1335   -1154   -574    644     1285    1638    1846    1786    1156    528     301     -901    
1280   1970 614     -300    1503    -803    676     1830    611     -827    -668    -249    835     1447    1652    2139    1693    1224    577     33      -572    
1280   1971 -999999 -999999 1488    -999999 -999999 1865    -999999 -999999 -999999 -999999 477     1457    1749    1925    1916    1374    646     -999999 -398    
1280   1972 644     -999999 1708    -1012   678     2186    633     -1593   -1048   -345    898     1489    2070    2171    2314    1280    571     49      -232    
1280   1973 589     -163    1408    -479    750     1714    396     -1021   -154    -184    986     1455    1716    1808    1619    842     497     -154    -382    
1280   1974 630     -250    1358    -599    504     1710    855     -1068   -319    -75     435     1152    1626    1793    1709    1415    974     172     -305    
1280   1975 762     -17     1743    -432    1013    1969    534     -318    -700    15      1212    1817    2148    1981    1783    1504    448     -346    -489    
1280   1976 384     -544    1301    -971    497     1563    372     -1015   -1440   -474    812     1132    1486    1642    1558    1161    42      -75     -303    
1280   1977 560     -333    1446    -657    780     1741    568     -1195   -453    -17     860     1499    1690    1866    1667    1074    369     266     -950    
1280   1978 487     -318    1296    -900    647     1604    604     -916    -826    120     676     1145    1464    1685    1658    1127    470     219     -1061   
1280   1979 596     -407    1526    -1032   747     1836    545     -1064   -964    -78     484     1825    1932    1742    1838    1307    402     -71     -317    
1280   1980 442     -473    1336    -803    301     1703    537     -1167   -934    -766    578     1101    1721    1825    1563    1214    574     -177    -270    
1280   1981 719     -182    1550    -417    524     2048    674     -503    -484    -262    358     1471    2117    2126    1904    1293    793     -69     -211    
1280   1982 607     -194    1394    -565    549     1701    665     -577    -945    -226    581     1295    1522    1789    1785    1366    547     85      -58     
1280   1983 708     -72     1551    -307    837     1757    631     -426    -450    -158    1073    1606    1647    1882    1739    1340    661     -110    -381    
1280   1984 560     -288    1518    -691    782     1708    636     -498    -1229   -228    775     1797    1656    1806    1659    1390    698     -184    -994    
1280   1985 479     -566    1483    -1099   552     1807    475     -896    -1441   -649    676     1634    1613    1740    2062    1143    578     -298    -558    
1280   1986 583     -367    1533    -790    759     1872    485     -503    -1365   -153    1048    1390    1894    1819    1905    1124    522     -192    -627    
1280   1987 340     -602    1312    -1024   232     1731    411     -1685   -730    -897    172     1420    1806    1835    1555    1057    386     -208    -692    
1280   1988 578     -361    1530    -781    694     1930    445     -877    -773    -21     665     1438    1914    2112    1765    1261    541     -472    -672    
1280   1989 784     -113    1537    -361    838     1875    648     -289    -97     301     889     1325    1971    1827    1831    1369    693     -118    -351    
1280   1990 721     24      1370    -268    838     1646    663     -416    -12     340     947     1232    1474    1795    1663    1087    656     247     -403    
1280   1991 659     -179    1540    -570    627     1922    687     -473    -864    -288    833     1344    1961    1995    1810    1280    847     -73     -574    
1280   1992 636     -91     1445    -506    683     1860    522     -433    -512    171     580     1295    1782    1817    1980    1188    420     -40     -656    
1280   1993 517     -235    1335    -523    623     1658    190     -450    -456    -240    639     1471    1508    1769    1691    902     540     -885    -376    
1280   1994 566     -384    1469    -549    563     1693    738     -227    -1095   -346    875     1169    1511    1830    1732    1687    694     -165    -975    
1280   1995 717     -187    1589    -600    859     1895    631     -669    -107    110     951     1520    2059    1865    1766    1360    656     -123    -822    
1280   1996 542     -527    1514    -1026   582     1859    707     -1249   -1005   -635    631     1752    1774    1972    1828    1095    633     397     -730    
1280   1997 559     -198    1397    -714    598     1821    522     -835    -561    -105    473     1422    1850    1834    1781    994     516     56      -785    
1280   1998 606     -239    1545    -665    702     1933    430     -637    -564    -40     709     1438    2030    2051    1723    1301    670     -691    -808    
1280   1999 773     -240    1617    -505    729     2077    552     -339    -355    55      1065    1077    2089    2319    1824    1313    731     -395    -191    
1280   2000 703     -166    1498    -422    758     1824    600     -737    -331    -92     1205    1174    1642    1929    1895    1125    719     -48     -80     
1280   2001 702     -30     1592    -282    731     2013    638     -261    -529    -30     980     1250    1623    2404    1998    1269    549     98      -1014   
1280   2002 724     -105    1585    -548    842     1973    661     -614    42      331     815     1379    1742    2294    1876    1377    535     74      -1188   
1280   2003 596     -441    1461    -961    593     1773    655     -656    -1049   -403    488     1690    1538    1965    1810    1238    621     108     -320    
1280   2004 693     -49     1433    -406    696     1786    667     -414    -491    179     671     1237    1579    1849    1923    1315    707     -24     -272    
1280   2005 706     -191    1573    -433    647     1826    772     -215    -851    -547    859     1635    1649    1921    1901    1449    710     159     -309    
1280   2006 642     -335    1553    -880    610     1938    759     -1142   -1222   -276    741     1368    1924    1847    2041    1377    795     104     12      
1280   2007 795     88      1608    -255    881     2006    650     -74     -750    358     654     1623    1880    2012    2123    1328    779     -162    -361    
1280   2008 774     -84     1552    -501    883     1912    789     -823    -307    351     1043    1262    1697    2011    2022    1254    905     204     -363    
1280   2009 749     -44     1576    -454    692     1916    884     -580    -415    -45     729     1394    1971    2090    1688    1566    794     294     -556    
1280   2010 785     -273    1819    -858    789     2311    794     -1384   -610    -193    903     1661    2103    2435    2390    1388    422     585     -351    
1280   2011 677     -265    1630    -771    687     2001    647     -856    -1141   -305    716     1652    1939    2185    1877    1382    674     -117    -20     
1280   2012 728     -245    1721    -593    870     2003    849     -587    -1210   -270    1151    1737    1886    2159    1960    1407    915     222     -709    
1280   2013 785     -131    1626    -526    790     1956    747     -540    -308    -375    910     1838    2017    1937    1917    1112    697     434     -286    
1280   2014 752     0       1637    -498    946     1955    616     -862    -328    326     831     1729    1675    2115    2070    1370    552     -69     -375    
1280   2015 838     -81     1642    -404    821     1970    800     -431    -407    214     763     1485    1977    2009    1925    1676    483     241     -55     
1280   2016 740     -14     1639    -342    912     2027    545     -957    -11     215     1025    1476    1861    2135    2082    1243    548     -156    -627    
1280   2017 768     -196    1550    -646    804     1916    720     -724    -582    330     782     1299    1697    1968    2077    1466    642     54      149     
1280   2018 706     -170    1683    -373    664     1957    783     -515    -793    -610    908     1701    1793    2096    1979    1610    912     -174    -487    
