EUROPEAN CLIMATE ASSESSMENT & DATASET (ECA&D), file created on: 13-11-2019
THESE DATA CAN BE USED FOR NON-COMMERCIAL RESEARCH AND EDUCATION PROVIDED THAT THE FOLLOWING SOURCE IS ACKNOWLEDGED: 

Klein Tank, A.M.G. and Coauthors, 2002. Daily dataset of 20th-century surface
air temperature and precipitation series for the European Climate Assessment.
Int. J. of Climatol., 22, 1441-1453.
Data and metadata available at http://www.ecad.eu

FILE FORMAT (MISSING VALUE CODE = -999999):

THIS FILE HOLDS DATA FOR STATION SWEDEN                                   AGO                                      (STAID:   5598)
LATITUDE: dd:mm:ss +61:33:00
LONGITUDE: ddd:mm:ss +017:28:11
ELEVATION: m   20

DATA IS FOR INDEX Mean of daily mean temperature (TG) with unit 0.01 Temperature (&#176;C)

01-06 SOUID: Source identifier
08-11 YEAR : YYYY
13-20 ANNUAL DATA VALUES
21-28 WINTER HALF YEAR DATA VALUES
29-36 SUMMER HALF YEAR DATA VALUES
37-44 WINTER (DJF) DATA VALUES
45-52 SPRING (MAM) DATA VALUES
53-60 SUMMER (JJA) DATA VALUES
61-68 AUTUMN (SON) DATA VALUES
69-76 JANUARY DATA VALUES
etc. 
157-164 DECEMBER DATA VALUES

5598   1949 -999999 -999999 -999999 -999999 -999999 -999999 -999999 -19     44      -59     -999999 -999999 -999999 -999999 -999999 -999999 572     280     18      
5598   1950 -999999 52      -999999 -199    -999999 -999999 -999999 -429    -177    55      -999999 -999999 -999999 -999999 -999999 -999999 653     142     -193    
5598   1951 -999999 -84     -999999 -285    -999999 -999999 -999999 -427    -229    -400    -999999 -999999 -999999 -999999 -999999 -999999 750     237     90      
5598   1952 -999999 54      -999999 -134    -999999 -999999 430     -313    -181    -267    -999999 -999999 -999999 1400    1380    932     415     -57     -225    
5598   1953 629     -62     1119    -360    458     1498    786     -355    -514    318     329     723     1357    1619    1515    1153    878     322     112     
5598   1954 499     59      1000    -275    248     1362    641     -376    -592    -44     150     633     1146    1389    1544    1119    632     172     124     
5598   1955 457     -21     1022    -209    43      1469    699     -266    -514    -314    21      421     1006    1665    1721    1272    629     200     -432    
5598   1956 355     -203    910     -614    88      1271    548     -495    -937    -220    -168    645     972     1471    1362    1154    641     -155    -80     
5598   1957 482     -40     932     -125    93      1331    609     -29     -280    -365    120     525     1003    1498    1482    936     643     246     -63     
5598   1958 429     -155    977     -408    0       1312    857     -418    -779    -605    35      571     997     1466    1462    1313    834     425     -235    
5598   1959 641     129     1117    -245    410     1499    786     -516    44      221     289     717     1246    1619    1624    1187    775     397     51      
5598   1960 492     13      1053    -298    198     1448    623     -418    -543    -207    130     668     1390    1449    1502    1166    485     221     27      
5598   1961 606     125     1056    -81     412     1375    798     -292    34      268     316     649     1273    1437    1412    1237    835     321     -254    
5598   1962 446     17      928     -231    116     1258    630     -232    -207    -374    223     503     1100    1346    1321    1063    742     82      -258    
5598   1963 426     -183    1006    -516    123     1356    647     -535    -781    -397    110     656     1165    1400    1495    1193    599     149     -33     
5598   1964 495     24      945     -124    235     1220    662     6       -361    -237    205     735     1140    1264    1253    1062    752     169     -80     
5598   1965 470     60      982     -165    215     1308    651     -174    -249    -88     220     513     1127    1393    1397    1231    815     -99     -495    
5598   1966 314     -400    957     -918    -25     1475    563     -916    -1388   -404    -191    515     1450    1671    1302    976     548     164     -91     
5598   1967 480     0       960     -304    324     1267    749     -655    -151    179     252     540     1109    1440    1245    1161    715     372     -472    
5598   1968 460     -78     1061    -530    297     1455    483     -690    -421    19      385     488     1358    1469    1534    1123    470     -143    -100    
5598   1969 406     -221    1018    -423    24      1488    606     -320    -894    -405    145     336     1249    1509    1699    1152    717     -55     -360    
5598   1970 330     -288    892     -703    21      1318    553     -639    -1154   -314    -67     442     1240    1229    1484    1011    641     3       -35     
5598   1971 491     -16     983     -122    97      1384    560     -104    -240    -385    66      608     1116    1522    1506    1056    642     -22     64      
5598   1972 524     -38     1001    -255    184     1427    666     -532    -301    -97     171     477     1113    1755    1402    1066    670     263     259     
5598   1973 -999999 263     1068    124     388     1521    -999999 168     -74     257     241     660     1352    1795    1411    927     493     -999999 -999999 
5598   1974 -999999 -999999 -999999 -999999 -999999 -999999 -999999 -999999 -999999 -999999 -999999 -999999 -999999 -999999 -999999 -999999 -999999 -999999 -999999 
5598   1975 -999999 -999999 -999999 -999999 -999999 -999999 -999999 -999999 -999999 -999999 -999999 -999999 -999999 -999999 -999999 -999999 -999999 -999999 -999999 
5598   1976 -999999 -999999 -999999 -999999 -999999 -999999 -999999 -999999 -999999 -999999 -999999 -999999 -999999 -999999 -999999 -999999 -999999 -999999 -999999 
5598   1977 -999999 -999999 -999999 -999999 -999999 -999999 -999999 -999999 -999999 -999999 -999999 -999999 -999999 -999999 -999999 -999999 -999999 -999999 -999999 
5598   1978 -999999 -999999 -999999 -999999 -999999 -999999 -999999 -999999 -999999 -999999 -999999 -999999 -999999 -999999 -999999 -999999 -999999 -999999 -999999 
5598   1979 -999999 -999999 -999999 -999999 -999999 -999999 -999999 -999999 -999999 -999999 -999999 -999999 -999999 -999999 -999999 -999999 -999999 -999999 -999999 
5598   1980 -999999 -999999 -999999 -999999 -999999 -999999 -999999 -999999 -999999 -999999 -999999 -999999 -999999 -999999 -999999 -999999 -999999 -999999 -999999 
5598   1981 -999999 -999999 -999999 -999999 -999999 -999999 -999999 -999999 -999999 -999999 -999999 -999999 -999999 -999999 -999999 -999999 -999999 -999999 -999999 
5598   1982 -999999 -999999 -999999 -999999 -999999 -999999 -999999 -999999 -999999 -999999 -999999 -999999 -999999 -999999 -999999 -999999 -999999 -999999 -999999 
5598   1983 -999999 -999999 -999999 -999999 -999999 -999999 -999999 -999999 -999999 -999999 -999999 -999999 -999999 -999999 -999999 -999999 -999999 -999999 -999999 
5598   1984 -999999 -999999 -999999 -999999 -999999 -999999 -999999 -999999 -999999 -999999 -999999 -999999 -999999 -999999 -999999 -999999 -999999 -999999 -999999 
5598   1985 -999999 -999999 -999999 -999999 -999999 -999999 -999999 -999999 -999999 -999999 -999999 -999999 -999999 -999999 -999999 -999999 -999999 -999999 -999999 
5598   1986 -999999 -999999 -999999 -999999 -999999 -999999 -999999 -999999 -999999 -999999 -999999 -999999 -999999 -999999 -999999 -999999 -999999 -999999 -999999 
5598   1987 -999999 -999999 -999999 -999999 -999999 1230    614     -999999 -999999 -999999 -999999 -999999 942     1498    1240    983     689     167     -139    
5598   1988 517     14      1137    -152    197     1558    510     -60     -264    -323    113     797     1457    1783    1431    1220    429     -115    -289    
5598   1989 638     62      1132    -27     452     1461    677     107     114     127     281     942     1325    1606    1447    1168    642     222     -359    
5598   1990 650     109     1124    -157    525     1454    626     -236    153     243     409     919     1253    1503    1601    1038    714     124     42      
5598   1991 595     87      1094    -133    368     1488    639     -53     -417    67      329     706     1038    1725    1687    1049    582     288     47      
5598   1992 603     182     1095    25      407     1468    476     95      -74     143     116     952     1538    1471    1396    1081    265     90      128     
5598   1993 540     84      1007    26      416     1314    482     -10     -48     65      312     866     1093    1510    1332    904     488     54      -140    
5598   1994 522     -177    1149    -482    288     1580    603     -427    -923    -181    361     687     1211    1858    1658    1091    564     154     90      
5598   1995 -999999 91      1046    -79     296     1437    -999999 -294    -27     50      207     630     1280    1496    1530    1115    765     -999999 -999999 
