EUROPEAN CLIMATE ASSESSMENT & DATASET (ECA&D), file created on: 13-11-2019
THESE DATA CAN BE USED FOR NON-COMMERCIAL RESEARCH AND EDUCATION PROVIDED THAT THE FOLLOWING SOURCE IS ACKNOWLEDGED: 

Klein Tank, A.M.G. and Coauthors, 2002. Daily dataset of 20th-century surface
air temperature and precipitation series for the European Climate Assessment.
Int. J. of Climatol., 22, 1441-1453.
Data and metadata available at http://www.ecad.eu

FILE FORMAT (MISSING VALUE CODE = -999999):

THIS FILE HOLDS DATA FOR STATION RUSSIAN FEDERATION                       STAVROPOL (AMSG)                         (STAID:   1350)
LATITUDE: dd:mm:ss +45:03:00
LONGITUDE: ddd:mm:ss +042:01:12
ELEVATION: m  473

DATA IS FOR INDEX Mean of daily mean temperature (TG) with unit 0.01 Temperature (&#176;C)

01-06 SOUID: Source identifier
08-11 YEAR : YYYY
13-20 ANNUAL DATA VALUES
21-28 WINTER HALF YEAR DATA VALUES
29-36 SUMMER HALF YEAR DATA VALUES
37-44 WINTER (DJF) DATA VALUES
45-52 SPRING (MAM) DATA VALUES
53-60 SUMMER (JJA) DATA VALUES
61-68 AUTUMN (SON) DATA VALUES
69-76 JANUARY DATA VALUES
etc. 
157-164 DECEMBER DATA VALUES

1350   1966 -999999 -999999 1765    -999999 1017    2130    1179    -999999 -999999 446     1130    1493    1755    2423    2209    1562    1283    688     161     
1350   1967 925     242     1669    -183    880     1936    1073    -99     -644    -7      936     1743    1704    2020    2076    1484    1267    463     64      
1350   1968 989     285     1788    -99     1048    2002    1077    -271    -96     247     1020    1851    1903    2171    1926    1840    1015    379     -183    
1350   1969 856     -80     1738    -603    744     2152    1030    -803    -845    -104    838     1500    2159    2005    2292    1613    808     663     34      
1350   1970 992     295     1747    -30     1067    2042    960     -187    73      384     1316    1525    1742    2379    1994    1504    826     554     -208    
1350   1971 1051    225     1778    -146    893     2126    1201    88      -350    360     813     1504    1822    2375    2172    1961    918     707     39      
1350   1972 927     -50     1924    -587    935     2332    1087    -1232   -567    -115    1296    1636    2205    2369    2417    1597    1090    574     -221    
1350   1973 908     232     1595    -219    953     1913    883     -638    247     336     1014    1512    1741    2075    1916    1289    1036    318     9       
1350   1974 934     116     1641    -289    785     2002    1211    -618    -254    173     719     1462    1905    2064    2033    1642    1501    480     19      
1350   1975 1033    288     1945    -155    1108    2252    943     -135    -370    174     1483    1680    2280    2316    2159    1771    835     227     -30     
1350   1976 -999999 -999999 -999999 -999999 -999999 -999999 -999999 -999999 -999999 -999999 -999999 -999999 -999999 -999999 -999999 -999999 -999999 -999999 -999999 
1350   1977 873     -999999 1687    -999999 993     1997    877     -920    180     325     1131    1527    1868    2079    2040    1457    567     616     -410    
1350   1978 869     118     1569    -349    876     1896    932     -406    -217    541     783     1301    1695    2132    1854    1629    962     205     -125    
1350   1979 1016    190     1813    -166    1036    2139    991     -255    -112    437     853     1811    2043    2112    2259    1774    792     415     -11     
1350   1980 899     34      1661    -311    723     2080    967     -678    -240    -81     831     1422    1856    2314    2064    1451    872     581     356     
1350   1981 1020    315     1689    72      736     2158    1090    -130    -19     206     716     1286    2071    2297    2105    1640    1213    413     370     
1350   1982 836     162     1639    -190    828     1867    896     -323    -663    -111    1107    1497    1691    1935    1968    1617    860     211     135     
1350   1983 969     190     1743    -18     986     1997    951     -261    82      102     1224    1639    1782    2201    2000    1593    1026    232     -45     
1350   1984 860     149     1656    -177    842     1938    996     81      -596    152     781     1592    1844    2178    1789    1732    1007    248     -541    
1350   1985 832     -81     1678    -476    769     1982    856     -316    -581    -340    953     1699    1761    1880    2297    1450    727     394     -30     
1350   1986 918     89      1796    -203    848     2164    855     46      -671    5       1211    1341    1940    2232    2314    1721    834     10      -77     
1350   1987 791     2       1585    -209    637     1960    795     -400    -145    -226    615     1520    1867    2138    1871    1474    606     312     -198    
1350   1988 869     9       1703    -353    855     2083    846     -377    -491    182     1013    1375    1925    2231    2088    1566    892     80      -111    
1350   1989 981     170     1725    -170    1012    2077    950     -307    -83     520     1188    1333    1902    2092    2232    1588    955     306     -22     
1350   1990 1022    260     1707    -91     973     2060    1142    -254    15      538     1024    1357    1852    2298    2024    1671    993     768     -77     
1350   1991 921     174     1720    -303    828     2144    1044    -270    -591    168     952     1368    2028    2345    2057    1548    1223    355     -244    
1350   1992 812     145     1553    -306    738     1947    905     -329    -349    190     729     1294    1770    1960    2106    1434    942     337     -382    
1350   1993 751     53      1569    -417    792     1946    569     -367    -513    254     748     1371    1758    1978    2095    1441    969     -718    -125    
1350   1994 916     -54     1754    -239    882     1999    1086    51      -687    105     1106    1443    1752    2167    2071    1972    1155    128     -383    
1350   1995 1030    243     1780    -112    1015    2143    1013    -176    259     473     1017    1555    2050    2194    2181    1662    903     477     -270    
1350   1996 901     47      1686    -348    808     2034    995     -503    -265    -65     776     1713    1771    2317    2005    1503    914     569     29      
1350   1997 901     154     1672    -225    910     2032    900     -412    -299    95      891     1743    1974    2062    2059    1273    1048    374     -82     
1350   1998 -999999 148     -999999 -240    -999999 2313    1073    -326    -321    155     1236    -999999 2217    2343    2375    1709    1183    323     -15     
1350   1999 1058    348     1787    29      906     2267    901     -13     124     466     1035    1223    2077    2466    2252    1648    1006    45      297     
1350   2000 995     238     1782    28      955     2172    874     -251    40      273     1324    1280    1865    2389    2253    1564    826     233     112     
1350   2001 1036    282     1797    4       995     2216    1025    -54     -51     590     1028    1367    1811    2454    2370    1728    864     489     -237    
1350   2002 999     308     1714    -45     944     2075    1181    -287    437     599     807     1420    1814    2376    2026    1819    1096    630     -768    
1350   2003 938     71      1709    -436    837     2066    1009    -53     -492    -24     707     1824    1851    2109    2232    1499    1138    385     -35     
1350   2004 1020    340     1682    -1      942     2000    1109    16      18      496     910     1418    1785    2068    2141    1753    1075    502     19      
1350   2005 1041    220     1855    -91     881     2181    1097    67      -388    -2      988     1660    1847    2316    2368    1922    965     408     236     
1350   2006 1025    161     1881    -301    982     2332    1132    -825    -315    460     1042    1446    2154    2149    2687    1785    1207    401     22      
1350   2007 1103    339     1920    56      912     2380    1088    289     -165    234     768     1730    2143    2468    2520    1859    1213    190     -114    
1350   2008 1005    186     1796    -354    1097    2206    1086    -717    -223    742     1187    1364    1890    2298    2419    1595    1083    580     -192    
1350   2009 1036    292     1701    -93     811     2167    1140    -197    131     344     716     1370    2151    2382    1967    1597    1307    510     90      
1350   2010 1175    283     1976    -142    960     2440    1259    -369    -147    272     939     1667    2276    2469    2570    1908    862     1020    545     
1350   2011 883     293     1726    -91     760     2174    787     -289    -577    135     694     1449    1947    2446    2121    1671    880     -194    187     
1350   2012 1019    -88     1967    -394    1067    2223    1276    -496    -904    -59     1438    1835    2170    2265    2233    1846    1411    565     -139    
1350   2013 1068    424     1807    22      1126    2156    978     56      164     465     1102    1812    2045    2226    2194    1436    916     582     -236    
