EUROPEAN CLIMATE ASSESSMENT & DATASET (ECA&D), file created on: 13-11-2019
THESE DATA CAN BE USED FOR NON-COMMERCIAL RESEARCH AND EDUCATION PROVIDED THAT THE FOLLOWING SOURCE IS ACKNOWLEDGED: 

Klein Tank, A.M.G. and Coauthors, 2002. Daily dataset of 20th-century surface
air temperature and precipitation series for the European Climate Assessment.
Int. J. of Climatol., 22, 1441-1453.
Data and metadata available at http://www.ecad.eu

FILE FORMAT (MISSING VALUE CODE = -999999):

THIS FILE HOLDS DATA FOR STATION GREECE                                   RHODOS                                   (STAID:    845)
LATITUDE: dd:mm:ss +36:24:00
LONGITUDE: ddd:mm:ss +028:07:12
ELEVATION: m   11

DATA IS FOR INDEX Mean of daily mean temperature (TG) with unit 0.01 Temperature (&#176;C)

01-06 SOUID: Source identifier
08-11 YEAR : YYYY
13-20 ANNUAL DATA VALUES
21-28 WINTER HALF YEAR DATA VALUES
29-36 SUMMER HALF YEAR DATA VALUES
37-44 WINTER (DJF) DATA VALUES
45-52 SPRING (MAM) DATA VALUES
53-60 SUMMER (JJA) DATA VALUES
61-68 AUTUMN (SON) DATA VALUES
69-76 JANUARY DATA VALUES
etc. 
157-164 DECEMBER DATA VALUES

845    1958 1874    -999999 2273    -999999 1630    2580    2012    1119    1248    1332    1541    2015    2379    2600    2754    2333    2010    1693    1420    
845    1959 1824    1424    2266    1175    1630    2551    1939    1166    913     1300    1596    1994    2332    2625    2689    2345    1874    1601    1380    
845    1960 1921    1433    2294    1263    1666    2560    2142    1155    1254    1328    1572    2096    2360    2574    2738    2408    2197    1818    1527    
845    1961 1846    1506    2288    1244    1653    2563    1974    1126    1061    1273    1690    1997    2396    2646    2641    2343    1925    1656    1346    
845    1962 1903    1441    2307    1212    1659    2603    2121    1227    1048    1412    1548    2012    2395    2685    2720    2462    2035    1868    1363    
845    1963 1897    1499    2319    1300    1565    2624    2093    1222    1318    1183    1625    1889    2361    2695    2808    2520    2066    1692    1352    
845    1964 1816    1399    2228    1084    1592    2550    2028    876     1019    1374    1556    1845    2429    2561    2655    2306    2101    1675    1369    
845    1965 1814    1443    2244    1188    1554    2564    1951    1107    1078    1300    1510    1851    2434    2698    2557    2401    1843    1613    1325    
845    1966 1939    1443    2324    1290    1647    2628    2188    1227    1321    1324    1673    1944    2399    2670    2806    2437    2224    1901    1309    
845    1967 1846    1462    2301    1139    1583    2603    2023    1103    991     1213    1548    1985    2346    2641    2814    2453    2031    1584    1383    
845    1968 1880    1416    2361    1221    1738    2596    1973    1055    1224    1214    1754    2248    2466    2713    2606    2365    1971    1584    1344    
845    1969 1862    1430    2271    1218    1619    2539    2051    1070    1243    1354    1417    2079    2444    2556    2613    2503    2015    1636    1376    
845    1970 1890    1510    2319    1314    1687    2633    1967    1279    1283    1454    1709    1898    2482    2656    2757    2399    1919    1584    1217    
845    1971 1846    1430    2274    1251    1644    2546    1949    1395    1130    1313    1550    2067    2432    2508    2692    2382    1881    1586    1161    
845    1972 1829    1352    2309    1115    1650    2584    1943    1065    1120    1292    1698    1961    2462    2608    2679    2434    1861    1538    1216    
845    1973 1843    1356    2284    1175    1588    2571    1989    1090    1222    1203    1474    2082    2397    2702    2609    2420    2064    1480    1326    
845    1974 1837    1410    2263    1171    1604    2573    2051    966     1228    1381    1527    1902    2398    2694    2621    2422    2140    1588    1134    
845    1975 1837    1411    2280    1102    1689    2509    2021    1098    1073    1405    1703    1961    2309    2635    2578    2485    2008    1571    1163    
845    1976 1761    1346    2151    1074    1570    2401    1949    1064    989     1265    1517    1926    2277    2479    2444    2249    1998    1596    1294    
845    1977 1899    1437    2323    1230    1662    2617    2080    1087    1317    1320    1643    2023    2442    2691    2713    2410    2002    1829    1275    
845    1978 1922    1533    2297    1304    1734    2563    2020    1275    1368    1440    1657    2101    2459    2678    2549    2322    2081    1653    1440    
845    1979 1941    1552    2317    1347    1742    2580    2092    1251    1351    1519    1679    2025    2506    2625    2606    2451    2122    1702    1419    
845    1980 1899    1489    2270    1258    1606    2568    2158    1159    1193    1328    1563    1925    2388    2614    2695    2422    2184    1866    1429    
845    1981 1912    1564    2275    1265    1712    2559    2057    1136    1226    1519    1726    1891    2488    2533    2655    2351    2269    1544    1553    
845    1982 1890    1518    2286    1330    1634    2518    2139    1326    1088    1288    1656    1958    2387    2537    2625    2545    2202    1667    1346    
845    1983 1885    1453    2317    1164    1721    2544    2059    1074    1061    1334    1727    2101    2325    2651    2648    2435    2030    1713    1461    
845    1984 1940    1548    2313    1383    1708    2545    2147    1329    1357    1392    1601    2129    2386    2654    2592    2503    2244    1691    1381    
845    1985 1961    1521    2383    1266    1764    2619    2144    1353    1042    1374    1733    2185    2477    2637    2737    2518    2035    1883    1497    
845    1986 1959    1605    2373    1395    1821    2581    2074    1338    1347    1516    1875    2073    2451    2628    2660    2544    2097    1581    1359    
845    1987 1884    1471    2280    1354    1508    2572    2081    1340    1364    1078    1581    1868    2406    2668    2637    2508    2114    1619    1391    
845    1988 1924    1503    2380    1323    1680    2679    2021    1340    1232    1311    1663    2066    2465    2828    2737    2504    2062    1495    1353    
845    1989 1924    1470    2347    1243    1820    2536    2065    1130    1248    1514    1888    2059    2310    2610    2681    2524    1995    1680    1402    
845    1990 1950    1505    2321    1291    1747    2549    2173    1181    1291    1464    1738    2038    2360    2657    2624    2497    2208    1812    1492    
845    1991 1881    1594    2280    1337    1683    2562    2065    1249    1263    1516    1649    1883    2421    2552    2708    2460    2097    1635    1102    
845    1992 1854    1381    2263    1096    1587    2540    2155    1198    980     1259    1555    1945    2404    2555    2656    2453    2278    1729    1199    
845    1993 1918    1469    2324    1157    1629    2621    2158    1184    1080    1313    1606    1967    2462    2649    2747    2498    2282    1690    1475    
845    1994 1993    1601    2411    1376    1807    2612    2230    1365    1279    1485    1831    2105    2426    2589    2816    2690    2309    1687    1284    
845    1995 1926    1570    2338    1320    1684    2642    1987    1303    1378    1445    1588    2017    2543    2708    2674    2488    2012    1460    1451    
845    1996 1914    1453    2308    1317    1664    2576    2059    1216    1283    1287    1554    2146    2436    2620    2667    2409    1972    1798    1561    
845    1997 1898    1553    2264    1411    1582    2599    2055    1428    1228    1309    1396    2035    2451    2733    2609    2342    2033    1793    1362    
845    1998 1990    1531    2400    1358    1687    2688    2196    1309    1409    1279    1769    2015    2530    2724    2805    2547    2218    1823    1417    
845    1999 2029    1610    2411    1365    1812    2674    2200    1372    1299    1510    1752    2172    2557    2681    2780    2508    2277    1813    1570    
845    2000 1963    1552    2400    1289    1738    2672    2182    1072    1222    1346    1736    2132    2540    2733    2740    2517    2163    1867    1495    
845    2001 2025    1669    2425    1420    1875    2679    2174    1413    1343    1709    1742    2169    2435    2777    2817    2593    2231    1694    1322    
845    2002 2008    1575    2420    1314    1806    2715    2165    1175    1459    1563    1726    2125    2559    2796    2784    2512    2162    1822    1377    
845    2003 1991    1543    2428    1309    1715    2743    2166    1470    1055    1336    1620    2185    2546    2815    2861    2520    2205    1771    1437    
845    2004 1979    1564    2380    1293    1765    2650    2192    1171    1267    1521    1746    2026    2478    2726    2742    2553    2289    1731    1468    
