EUROPEAN CLIMATE ASSESSMENT & DATASET (ECA&D), file created on: 13-11-2019
THESE DATA CAN BE USED FOR NON-COMMERCIAL RESEARCH AND EDUCATION PROVIDED THAT THE FOLLOWING SOURCE IS ACKNOWLEDGED: 

Klein Tank, A.M.G. and Coauthors, 2002. Daily dataset of 20th-century surface
air temperature and precipitation series for the European Climate Assessment.
Int. J. of Climatol., 22, 1441-1453.
Data and metadata available at http://www.ecad.eu

FILE FORMAT (MISSING VALUE CODE = -999999):

THIS FILE HOLDS DATA FOR STATION NORWAY                                   VAGA - KLONES                            (STAID:   2622)
LATITUDE: dd:mm:ss +61:51:46
LONGITUDE: ddd:mm:ss +009:05:00
ELEVATION: m  371

DATA IS FOR INDEX Mean of daily mean temperature (TG) with unit 0.01 Temperature (&#176;C)

01-06 SOUID: Source identifier
08-11 YEAR : YYYY
13-20 ANNUAL DATA VALUES
21-28 WINTER HALF YEAR DATA VALUES
29-36 SUMMER HALF YEAR DATA VALUES
37-44 WINTER (DJF) DATA VALUES
45-52 SPRING (MAM) DATA VALUES
53-60 SUMMER (JJA) DATA VALUES
61-68 AUTUMN (SON) DATA VALUES
69-76 JANUARY DATA VALUES
etc. 
157-164 DECEMBER DATA VALUES

2622   1957 287     -999999 894     -999999 209     1224    290     -392    -877    -333    264     700     1036    1399    1232    715     390     -238    -547    
2622   1958 133     -673    915     -1032   -157    1259    568     -1243   -1334   -1114   57      593     1154    1320    1299    1053    582     67      -917    
2622   1959 368     -350    1071    -926    401     1409    421     -1077   -769    -15     358     860     1250    1551    1420    965     293     10      -508    
2622   1960 206     -447    1005    -899    283     1336    233     -1086   -1117   -303    245     905     1351    1331    1328    851     61      -206    -930    
2622   1961 339     -472    977     -949    391     1255    579     -1354   -522    121     233     812     1252    1360    1152    1036    705     -8      -761    
2622   1962 205     -332    845     -650    17      1149    324     -567    -619    -759    191     625     1028    1305    1111    795     497     -325    -877    
2622   1963 258     -606    1049    -1129   260     1399    347     -1029   -1518   -462    340     903     1430    1423    1346    837     406     -202    -501    
2622   1964 301     -275    925     -505    298     1169    306     -661    -341    -352    361     887     1087    1192    1226    778     292     -150    -720    
2622   1965 186     -379    944     -673    203     1222    254     -1031   -225    -419    331     702     1180    1266    1220    951     482     -679    -1556   
2622   1966 120     -850    931     -1579   138     1368    244     -1736   -1432   -230    -82     719     1455    1431    1222    820     306     -395    -743    
2622   1967 294     -425    910     -806    257     1238    451     -1143   -504    -75     162     683     1115    1310    1285    891     349     118     -698    
2622   1968 155     -433    974     -947    215     1340    92      -1057   -1094   -239    263     622     1258    1374    1386    924     248     -901    -970    
2622   1969 169     -799    1077    -1122   102     1494    223     -766    -1683   -812    303     821     1469    1409    1605    837     443     -618    -1121   
2622   1970 185     -741    967     -1266   101     1398    230     -1311   -1378   -522    -58     879     1591    1250    1360    757     375     -446    -392    
2622   1971 342     -303    947     -440    207     1258    275     -628    -285    -447    210     857     1116    1341    1311    824     334     -335    -239    
2622   1972 261     -492    981     -922    318     1347    297     -1387   -1154   -210    264     898     1164    1623    1250    659     404     -177    -270    
2622   1973 348     -106    935     -368    375     1317    147     -182    -683    212     119     787     1256    1517    1177    734     121     -412    -561    
2622   1974 338     -334    969     -436    298     1205    235     -274    -478    -420    436     883     1183    1199    1233    868     217     -378    -463    
2622   1975 406     -294    981     -440    188     1366    390     -283    -589    -296    67      791     1102    1494    1494    912     343     -83     -163    
2622   1976 188     -393    961     -666    164     1340    209     -993    -854    -627    169     950     1200    1445    1371    603     261     -237    -1067   
2622   1977 -999999 -999999 909     -999999 -999999 1290    365     -999999 -999999 -999999 29      812     1194    1395    1278    721     496     -127    -409    
2622   1978 175     -385    962     -811    242     1348    307     -800    -1270   -277    132     866     1329    1387    1329    708     385     -175    -1613   
2622   1979 42      -814    905     -1621   188     1263    129     -2011   -1198   -287    231     623     1324    1289    1178    772     163     -550    -1097   
2622   1980 146     -747    1053    -1212   242     1417    35      -1147   -1404   -482    340     871     1372    1514    1356    886     62      -844    -682    
2622   1981 139     -620    956     -823    207     1218    257     -865    -932    -495    184     930     1067    1368    1215    949     179     -356    -1639   
2622   1982 -999999 -999999 -999999 -999999 -999999 1354    -999999 -1239   -999999 9       315     -999999 1124    1549    1381    -999999 -999999 -228    -685    
2622   1983 365     -999999 974     -614    265     1300    402     -407    -766    -211    204     800     1134    1464    1297    926     414     -135    -431    
2622   1984 268     -487    1011    -870    231     1322    338     -1456   -713    -605    392     909     1200    1405    1355    784     392     -165    -308    
2622   1985 133     -427    924     -831    234     1283    184     -1077   -1138   -325    102     923     1222    1387    1239    648     650     -762    -1379   
2622   1986 172     -807    934     -1575   280     1337    365     -1656   -1704   -76     24      885     1498    1424    1096    658     382     55      -649    
2622   1987 171     -557    908     -994    97      1194    -999999 -1632   -669    -823    411     714     1042    1378    1157    732     -999999 -999999 -509    
2622   1988 369     -999999 1083    -554    -999999 1459    353     -544    -614    -622    13      954     1590    1486    1305    989     207     -134    -469    
2622   1989 447     -98     944     -234    350     1246    435     -73     -154    26      265     756     1204    1407    1124    893     369     45      -541    
2622   1990 447     -85     997     -343    445     1330    270     -545    100     87      338     907     1315    1382    1293    728     325     -245    -339    
2622   1991 352     -316    998     -684    375     1346    318     -658    -1095   39      354     731     961     1629    1436    849     313     -207    -246    
2622   1992 401     -74     992     -201    404     1292    148     -92     -269    43      177     985     1410    1334    1136    895     -63     -380    -396    
2622   1993 242     -285    894     -353    357     1141    87      -451    -195    -220    311     978     1064    1281    1074    634     252     -630    -1223   
2622   1994 231     -766    982     -1325   256     1348    328     -1047   -1745   -293    341     721     1033    1728    1274    772     244     -30     -375    
2622   1995 306     -226    964     -443    188     1351    343     -494    -461    -260    131     690     1235    1416    1398    895     586     -452    -1061   
2622   1996 174     -566    950     -1065   210     1339    -999999 -1149   -980    -325    340     623     1198    1294    1520    685     -999999 -702    -847    
2622   1997 427     -999999 1070    -624    242     1552    339     -571    -435    -75     145     652     1304    1646    1698    949     217     -146    -999999 
2622   1998 -999999 -999999 961     -999999 -999999 1227    197     -999999 -999999 -999999 188     833     1147    1326    1206    1048    181     -637    -654    
2622   1999 -999999 -432    -999999 -665    -999999 -999999 -999999 -789    -539    -171    394     -999999 -999999 1463    1316    -999999 -999999 167     -1010   
2622   2000 462     -999999 1011    -617    395     1252    596     -291    -547    -148    380     953     1050    1435    1265    960     654     174     -384    
2622   2001 276     -310    985     -698    149     1302    480     -712    -1031   -615    219     845     1148    1458    1296    920     504     16      -823    
2622   2002 350     -243    1190    -619    458     1525    129     -718    -283    -151    523     1004    1338    1509    1721    1024    29      -664    -1164   
2622   2003 383     -564    1085    -929    364     1496    313     -585    -1050   1       370     722     1358    1719    1405    913     120     -89     -399    
2622   2004 -999999 -309    1081    -607    436     1372    365     -1062   -341    -77     521     865     1206    1409    1495    975     322     -200    -999999 
