EUROPEAN CLIMATE ASSESSMENT & DATASET (ECA&D), file created on: 13-11-2019
THESE DATA CAN BE USED FOR NON-COMMERCIAL RESEARCH AND EDUCATION PROVIDED THAT THE FOLLOWING SOURCE IS ACKNOWLEDGED: 

Klein Tank, A.M.G. and Coauthors, 2002. Daily dataset of 20th-century surface
air temperature and precipitation series for the European Climate Assessment.
Int. J. of Climatol., 22, 1441-1453.
Data and metadata available at http://www.ecad.eu

FILE FORMAT (MISSING VALUE CODE = -999999):

THIS FILE HOLDS DATA FOR STATION UNITED KINGDOM                           BUDE                                     (STAID:   1817)
LATITUDE: dd:mm:ss +50:49:41
LONGITUDE: ddd:mm:ss -004:32:45
ELEVATION: m   15

DATA IS FOR INDEX Mean of daily mean temperature (TG) with unit 0.01 Temperature (&#176;C)

01-06 SOUID: Source identifier
08-11 YEAR : YYYY
13-20 ANNUAL DATA VALUES
21-28 WINTER HALF YEAR DATA VALUES
29-36 SUMMER HALF YEAR DATA VALUES
37-44 WINTER (DJF) DATA VALUES
45-52 SPRING (MAM) DATA VALUES
53-60 SUMMER (JJA) DATA VALUES
61-68 AUTUMN (SON) DATA VALUES
69-76 JANUARY DATA VALUES
etc. 
157-164 DECEMBER DATA VALUES

1817   1960 -999999 -999999 1369    -999999 998     1539    1150    607     520     819     899     1267    1543    1537    1538    1408    1130    910     511     
1817   1961 -999999 -999999 1376    -999999 1023    1499    -999999 579     -999999 837     1084    1145    1415    1487    1595    1543    1181    800     -999999 
1817   1962 -999999 -999999 -999999 -999999 -999999 1437    -999999 634     584     369     856     1031    1301    1511    1495    1308    1149    690     462     
1817   1963 -999999 -999999 1274    -999999 884     1458    1180    -161    181     711     863     1077    1446    1462    1465    1333    1222    963     332     
1817   1964 -999999 -999999 1333    -999999 890     1467    -999999 482     571     592     856     1244    1372    1514    1508    1478    1032    -999999 566     
1817   1965 -999999 -999999 1273    -999999 884     1448    -999999 -999999 395     673     861     1126    1334    1449    1555    1282    1230    665     729     
1817   1966 -999999 -999999 1346    -999999 949     1486    1119    529     820     782     940     1124    1472    1510    1476    1504    1142    682     826     
1817   1967 -999999 -999999 -999999 -999999 880     1504    1140    624     626     751     850     1035    1351    1611    1554    1426    1206    753     659     
1817   1968 -999999 -999999 1281    -999999 815     1492    -999999 648     386     678     788     963     1410    1457    1603    1467    1402    829     596     
1817   1969 -999999 -999999 -999999 -999999 854     1497    -999999 723     -999999 558     860     1124    1388    1565    1543    1426    1409    742     553     
1817   1970 -999999 -999999 -999999 -999999 797     1549    -999999 641     490     503     702     1150    1566    1524    1558    -999999 1165    1028    591     
1817   1971 -999999 -999999 1350    -999999 854     1538    -999999 648     584     612     808     1129    1303    1667    1638    1481    -999999 765     775     
1817   1972 -999999 -999999 1204    -999999 884     1380    1058    519     609     780     853     1019    1149    1521    1461    1221    1127    791     765     
1817   1973 -999999 -999999 1332    -999999 867     1518    -999999 628     -999999 652     769     1175    1380    1474    1685    1471    1051    -999999 677     
1817   1974 -999999 -999999 1255    -999999 848     1465    1017    784     656     590     877     1045    1354    1522    1510    1233    928     886     -999999 
1817   1975 -999999 -999999 1362    -999999 828     1621    -999999 826     694     605     825     1069    1443    1684    1736    1378    1117    844     665     
1817   1976 -999999 -999999 1371    -999999 848     1639    1092    745     576     618     775     1145    1543    1671    1702    1339    1109    818     421     
1817   1977 -999999 -999999 -999999 -999999 886     1453    1155    420     731     801     755     1084    1248    1591    1513    1314    1334    784     758     
1817   1978 -999999 -999999 -999999 -999999 -999999 1409    1229    583     477     729     703     1091    1334    1401    1485    1375    1308    999     655     
1817   1979 -999999 -999999 -999999 -999999 -999999 1473    -999999 258     -999999 578     796     905     1341    1577    1499    1355    1215    874     808     
1817   1980 -999999 -999999 1290    -999999 836     1460    -999999 378     777     630     822     1050    1359    1452    1559    1499    1021    749     714     
1817   1981 -999999 -999999 1310    -999999 958     1460    -999999 659     458     893     861     1108    1313    1533    1537    1492    1002    928     486     
1817   1982 -999999 -999999 -999999 -999999 875     1561    1197    571     -999999 689     852     1090    1470    1620    1592    1449    1167    976     683     
1817   1983 -999999 -999999 1360    -999999 826     1641    -999999 794     371     737     721     1016    1408    1798    1719    1482    1162    898     784     
1817   1984 -999999 -999999 1324    -999999 824     1532    -999999 -999999 566     555     912     1016    1309    1591    1674    1426    1219    866     722     
1817   1985 -999999 -999999 -999999 -999999 849     -999999 1112    283     502     602     873     1084    1298    1575    1511    1511    1168    620     -999999 
1817   1986 -999999 -999999 -999999 -999999 792     -999999 1062    633     47      651     613     1102    -999999 1542    1366    1149    1153    881     778     
1817   1987 -999999 -999999 1318    -999999 877     1459    1129    -999999 516     556     1018    1035    1246    1550    1565    1462    1073    818     760     
1817   1988 -999999 -999999 1314    -999999 940     1492    -999999 714     593     799     900     1124    1470    1494    1511    1375    1170    754     936     
1817   1989 -999999 -999999 -999999 -999999 968     1585    -999999 746     714     820     688     1371    1357    1744    1641    1474    1317    879     650     
1817   1990 -999999 -999999 1366    -999999 987     1567    1168    825     -999999 879     794     1269    1360    1653    1695    1387    1266    824     592     
1817   1991 -999999 -999999 1325    -999999 916     1493    1185    545     316     815     847     1071    1284    1608    1602    1562    1118    864     654     
1817   1992 -999999 -999999 1355    -999999 985     1516    -999999 437     634     782     880     1300    1423    1604    1520    1386    914     954     579     
1817   1993 -999999 -999999 1279    -999999 933     1437    942     761     -999999 705     977     1118    1344    1500    1463    1261    886     658     762     
1817   1994 -999999 -999999 -999999 -999999 920     1528    1230    739     -999999 841     799     1110    1324    1626    1613    1360    1162    1169    860     
1817   1995 -999999 -999999 1419    -999999 876     1700    -999999 704     827     624     862     1124    1447    1781    1873    1408    1406    881     408     
1817   1996 -999999 -999999 1288    -999999 796     1503    -999999 677     459     602     857     915     1346    1580    1576    1417    1277    760     -999999 
1817   1997 -999999 -999999 1395    -999999 1007    1580    1274    397     781     898     887     1241    1407    1553    1785    1533    1223    1052    787     
1817   1998 -999999 -999999 1369    -999999 1025    1510    -999999 683     835     893     855     1317    1447    1534    1549    1537    1225    -999999 771     
1817   1999 -999999 -999999 -999999 -999999 -999999 1544    1214    720     -999999 739     957     1321    1307    1656    1655    1507    1140    976     792     
1817   2000 -999999 -999999 -999999 -999999 937     1568    -999999 615     799     766     818     1238    1424    1566    1689    -999999 1145    906     -999999 
1817   2001 -999999 -999999 -999999 -999999 928     1539    -999999 586     -999999 715     833     1230    1334    1598    1663    1416    1412    855     527     
1817   2002 -999999 -999999 -999999 -999999 961     1462    -999999 780     -999999 862     911     1119    1353    1480    1555    1439    1141    1040    752     
1817   2003 -999999 -999999 -999999 -999999 1025    1631    1149    568     594     903     998     1173    1482    1692    1728    1448    1035    977     716     
1817   2004 -999999 -999999 1391    -999999 936     1570    -999999 707     569     723     936     1148    1475    1534    1694    1564    1170    994     744     
1817   2005 1129    -999999 1397    708     977     1587    1263    827     539     838     976     1117    1522    1676    1561    1526    1410    848     662     
1817   2006 1147    786     1458    587     919     1654    1347    590     500     678     908     1169    1474    1822    1661    1702    1382    955     870     
1817   2007 1156    953     1400    861     1043    1545    1207    885     824     788     1112    1232    1513    1525    1596    1419    1212    991     754     
1817   2008 1105    889     1371    787     998     1533    1151    862     741     770     838     1380    1396    1583    1616    1395    1135    924     604     
1817   2009 1075    754     1374    556     969     1573    1223    502     563     783     948     1175    1510    1600    1611    1422    1245    998     555     
1817   2010 -999999 -999999 -999999 -999999 875     1557    -999999 300     475     639     868     1126    1443    1645    1585    1422    1143    -999999 122     
1817   2011 -999999 -999999 1406    -999999 1075    1467    -999999 487     800     782     1169    1276    1362    1496    1528    1581    1321    1116    891     
1817   2012 -999999 -999999 -999999 -999999 946     1528    -999999 769     586     910     790     1144    1376    1495    1697    1395    1134    861     767     
1817   2013 -999999 -999999 -999999 -999999 -999999 1601    1254    713     544     444     753     948     1392    1736    1670    1514    1391    847     835     
1817   2014 -999999 -999999 1432    798     1019    1591    -999999 801     757     827     1013    1211    1498    1708    1569    1582    1346    968     740     
1817   2015 -999999 -999999 1341    -999999 958     1512    1238    698     536     710     1010    1141    1411    1582    1540    1368    1172    1171    1175    
1817   2016 -999999 -999999 -999999 -999999 912     1608    1160    808     627     676     820     1243    1521    1639    1670    1602    1130    793     776     
1817   2017 -999999 -999999 -999999 -999999 -999999 -999999 1244    650     -999999 922     892     1280    1529    1650    1573    1431    1380    896     781     
