EUROPEAN CLIMATE ASSESSMENT & DATASET (ECA&D), file created on: 13-11-2019
THESE DATA CAN BE USED FOR NON-COMMERCIAL RESEARCH AND EDUCATION PROVIDED THAT THE FOLLOWING SOURCE IS ACKNOWLEDGED: 

Klein Tank, A.M.G. and Coauthors, 2002. Daily dataset of 20th-century surface
air temperature and precipitation series for the European Climate Assessment.
Int. J. of Climatol., 22, 1441-1453.
Data and metadata available at http://www.ecad.eu

FILE FORMAT (MISSING VALUE CODE = -999999):

THIS FILE HOLDS DATA FOR STATION FINLAND                                  MOUHIJARVI SELKEE                        (STAID:   7244)
LATITUDE: dd:mm:ss +61:31:00
LONGITUDE: ddd:mm:ss +022:58:59
ELEVATION: m   92

DATA IS FOR INDEX Mean of daily mean temperature (TG) with unit 0.01 Temperature (&#176;C)

01-06 SOUID: Source identifier
08-11 YEAR : YYYY
13-20 ANNUAL DATA VALUES
21-28 WINTER HALF YEAR DATA VALUES
29-36 SUMMER HALF YEAR DATA VALUES
37-44 WINTER (DJF) DATA VALUES
45-52 SPRING (MAM) DATA VALUES
53-60 SUMMER (JJA) DATA VALUES
61-68 AUTUMN (SON) DATA VALUES
69-76 JANUARY DATA VALUES
etc. 
157-164 DECEMBER DATA VALUES

7244   1959 499     -999999 1154    -999999 432     1603    444     -665    -253    0       385     908     1450    1784    1569    803     427     90      -611    
7244   1960 385     -409    1173    -849    292     1582    346     -1005   -927    -411    209     1075    1549    1735    1460    986     220     -163    -157    
7244   1961 527     -127    1085    -262    369     1466    662     -478    -135    -54     221     935     1594    1511    1296    936     849     178     -606    
7244   1962 311     -259    969     -573    107     1238    523     -506    -610    -866    379     815     1135    1372    1205    890     598     64      -808    
7244   1963 339     -530    1182    -994    188     1485    540     -1038   -1150   -869    220     1215    1342    1569    1538    1183    509     -92     -473    
7244   1964 394     -323    1058    -603    206     1414    485     -326    -1039   -550    247     921     1318    1550    1370    919     627     -97     -305    
7244   1965 338     -226    1049    -502    185     1381    358     -418    -817    -422    335     645     1443    1366    1336    1161    477     -568    -636    
7244   1966 270     -667    1064    -1185   159     1559    448     -1415   -1519   -419    -35     925     1649    1670    1361    792     426     126     -471    
7244   1967 393     -276    1095    -760    372     1462    691     -1230   -549    45      223     843     1282    1585    1515    1098    699     275     -1124   
7244   1968 320     -415    1094    -1095   283     1522    257     -1528   -602    -202    366     688     1593    1482    1492    933     114     -270    -240    
7244   1969 319     -501    1139    -750    151     1608    424     -1040   -1003   -624    267     814     1528    1644    1649    912     473     -115    -843    
7244   1970 331     -516    1115    -1093   261     1575    363     -1076   -1381   -236    79      935     1696    1576    1457    929     366     -205    -296    
7244   1971 387     -274    1059    -410    170     1475    288     -299    -659    -585    125     969     1353    1635    1434    800     357     -278    -284    
7244   1972 485     -320    1177    -560    244     1683    427     -862    -531    -335    140     923     1627    1877    1542    927     387     -32     120     
7244   1973 406     -38     1109    -176    348     1627    133     -216    -459    -69     187     920     1579    1927    1372    640     161     -403    -839    
7244   1974 524     -286    1053    -433    245     1413    563     -329    -98     -192    186     739     1392    1469    1377    1140    424     129     13      
7244   1975 545     -7      1151    -178    421     1459    562     -221    -341    -71     270     1060    1232    1653    1483    1184    432     74      -284    
7244   1976 257     -367    1005    -697    194     1380    243     -1134   -672    -625    131     1073    1213    1478    1444    658     105     -31     -583    
7244   1977 345     -390    980     -730    222     1389    442     -670    -960    -243    63      839     1392    1418    1358    785     462     78      -474    
7244   1978 252     -366    1015    -796    240     1402    418     -664    -1299   -374    97      993     1424    1493    1289    771     326     160     -1295   
7244   1979 362     -482    1095    -1084   345     1486    424     -911    -1040   -166    160     1035    1523    1448    1489    892     318     65      -566    
7244   1980 338     -446    1161    -817    177     1591    350     -926    -970    -616    410     746     1689    1668    1420    1019    428     -399    -449    
7244   1981 346     -389    1067    -568    185     1406    464     -552    -719    -679    102     1130    1261    1641    1310    927     540     -77     -815    
7244   1982 420     -367    1061    -889    331     1457    531     -1179   -651    -38     200     828     1142    1672    1546    951     372     276     -156    
7244   1983 458     -155    1184    -409    408     1468    439     -245    -871    -360    477     1108    1342    1640    1418    1100    505     -289    -433    
7244   1984 464     -316    1136    -529    376     1404    532     -635    -520    -537    394     1273    1339    1483    1389    912     627     53      -249    
7244   1985 193     -513    1033    -1184   207     1472    436     -1692   -1657   -252    40      827     1363    1535    1514    893     625     -217    -799    
7244   1986 343     -430    1061    -989    392     1495    483     -1009   -1177   -68     172     1065    1633    1613    1245    614     521     315     -914    
7244   1987 188     -579    937     -1224   101     1266    459     -1883   -837    -675    252     732     1219    1444    1134    824     652     -107    -556    
7244   1988 431     -207    1182    -486    266     1621    361     -406    -496    -346    58      1081    1617    1875    1371    1062    430     -413    -707    
7244   1989 587     -112    1197    -271    542     1514    508     -59     -23     101     506     1016    1532    1626    1385    1103    433     -10     -603    
7244   1990 534     -100    1118    -356    481     1488    346     -493    69      21      531     894     1418    1541    1502    802     474     -242    -142    
7244   1991 491     -187    1078    -425    328     1496    558     -406    -760    -104    392     697     1217    1659    1604    875     541     258     -179    
7244   1992 501     28      1129    -234    427     1475    266     -239    -286    58      73      1139    1566    1500    1361    1112    -80     -223    3       
7244   1993 423     -152    1025    -180    508     1325    158     -227    -329    -75     310     1282    1136    1552    1281    555     282     -367    -399    
