EUROPEAN CLIMATE ASSESSMENT & DATASET (ECA&D), file created on: 13-11-2019
THESE DATA CAN BE USED FOR NON-COMMERCIAL RESEARCH AND EDUCATION PROVIDED THAT THE FOLLOWING SOURCE IS ACKNOWLEDGED: 

Klein Tank, A.M.G. and Coauthors, 2002. Daily dataset of 20th-century surface
air temperature and precipitation series for the European Climate Assessment.
Int. J. of Climatol., 22, 1441-1453.
Data and metadata available at http://www.ecad.eu

FILE FORMAT (MISSING VALUE CODE = -999999):

THIS FILE HOLDS DATA FOR STATION SWEDEN                                   DIKANAS                                  (STAID:   5761)
LATITUDE: dd:mm:ss +65:14:23
LONGITUDE: ddd:mm:ss +015:59:24
ELEVATION: m  525

DATA IS FOR INDEX Mean of daily mean temperature (TG) with unit 0.01 Temperature (&#176;C)

01-06 SOUID: Source identifier
08-11 YEAR : YYYY
13-20 ANNUAL DATA VALUES
21-28 WINTER HALF YEAR DATA VALUES
29-36 SUMMER HALF YEAR DATA VALUES
37-44 WINTER (DJF) DATA VALUES
45-52 SPRING (MAM) DATA VALUES
53-60 SUMMER (JJA) DATA VALUES
61-68 AUTUMN (SON) DATA VALUES
69-76 JANUARY DATA VALUES
etc. 
157-164 DECEMBER DATA VALUES

5761   1957 -999999 -999999 -999999 -999999 -999999 -999999 -999999 -999999 -999999 -999999 -999999 -999999 -999999 -999999 948     -999999 -56     -359    -760    
5761   1958 -99     -862    650     -1225   -334    1008    301     -1469   -1472   -1099   -204    306     913     998     1111    764     186     -44     -1249   
5761   1959 97      -497    701     -992    66      1086    70      -1391   -265    -184    -84     460     954     1183    1118    556     144     -491    -849    
5761   1960 -85     -794    790     -1269   -20     1183    -195    -1457   -1518   -629    -60     627     1146    1297    1105    605     -459    -724    -1007   
5761   1961 61      -734    675     -941    -96     1082    272     -1225   -554    -419    -287    413     1088    1180    978     658     453     -302    -1280   
5761   1962 -112    -756    570     -1150   -328    887     27      -1136   -1021   -1261   -75     362     734     1053    868     457     284     -670    -1000   
5761   1963 -5      -775    764     -1138   -44     1033    -5      -1125   -1304   -883    -11     762     965     1023    1109    719     199     -939    -678    
5761   1964 52      -571    600     -707    -25     877     73      -382    -1085   -585    -39     547     750     1013    863     445     306     -539    -735    
5761   1965 -999999 -590    654     -902    -119    964     -999999 -1259   -691    -631    12      267     982     999     912     744     -999999 -999999 -999999 
5761   1966 -187    -999999 642     -999999 -287    1152    -81     -1737   -2033   -859    -378    373     1340    1178    937     393     -22     -617    -917    
5761   1967 2       -677    718     -1051   5       1067    220     -1601   -591    -304    -121    435     923     1132    1143    776     68      -179    -1667   
5761   1968 -92     -813    656     -1429   -77     1041    -292    -1464   -1137   -497    39      232     1042    1116    964     533     -477    -926    -560    
5761   1969 -91     -943    783     -1164   -163    1292    -95     -1341   -1638   -783    -68     364     1236    1199    1440    503     168     -964    -1327   
5761   1970 -40     -961    739     -1494   -90     1208    -93     -1521   -1650   -537    -310    569     1372    1198    1059    523     7       -812    -504    
5761   1971 -20     -687    646     -750    -288    1041    -105    -866    -896    -1076   -237    452     967     1138    1016    521     39      -878    -489    
5761   1972 94      -692    771     -958    -19     1236    53      -1485   -897    -460    -81     483     1239    1417    1051    496     168     -510    -333    
5761   1973 33      -351    695     -538    11      1206    -243    -360    -960    -173    -248    445     1074    1575    965     330     -277    -780    -1280   
5761   1974 125     -677    814     -832    74      1117    11      -549    -651    -526    142     608     1149    1152    1051    769     -4      -731    -959    
5761   1975 150     -541    683     -735    7       1023    198     -900    -305    -331    -177    522     832     1168    1062    670     197     -273    -701    
5761   1976 -61     -642    696     -998    -85     1106    -120    -1552   -724    -795    -161    698     965     1207    1141    292     -102    -552    -1167   
5761   1977 -999999 -822    -999999 -1323   -121    -999999 30      -1354   -1460   -352    -345    326     872     -999999 -999999 514     157     -586    -622    
5761   1978 -131    -730    670     -1090   -177    1114    7       -1134   -1560   -711    -260    435     1088    1271    983     479     50      -508    -1800   
5761   1979 -86     -953    703     -1587   -88     1147    -88     -1733   -1191   -547    -149    430     1135    1242    1063    475     -166    -570    -1084   
5761   1980 -110    -936    849     -1331   -113    1274    -212    -1556   -1355   -897    90      475     1307    1395    1119    689     -209    -1115   -1292   
5761   1981 -999999 -999999 -999999 -999999 -999999 -999999 -999999 -999999 -999999 -999999 -999999 -999999 -999999 -999999 -999999 -999999 -999999 -999999 -999999 
5761   1982 -999999 -999999 -999999 -999999 -999999 -999999 -999999 -999999 -999999 -999999 -999999 -999999 -999999 -999999 -999999 -999999 -999999 -999999 -999999 
5761   1983 -999999 -999999 -999999 -999999 -999999 -999999 -999999 -999999 -999999 -999999 -999999 -999999 -999999 -999999 -999999 -999999 -999999 -999999 -999999 
5761   1984 -999999 -999999 -999999 -999999 -999999 -999999 -999999 -999999 -999999 -999999 -999999 -999999 -999999 -999999 -999999 -999999 -999999 -999999 -999999 
5761   1985 -999999 -999999 -999999 -999999 -999999 -999999 -999999 -999999 -999999 -999999 -999999 -999999 -999999 -999999 -999999 -999999 -999999 -999999 -999999 
5761   1986 -999999 -999999 -999999 -999999 -999999 -999999 -999999 -999999 -999999 -999999 -999999 -999999 -999999 -999999 -999999 -999999 -999999 -999999 -999999 
5761   1987 -999999 -999999 -999999 -999999 -999999 -999999 -999999 -999999 -999999 -999999 -999999 -999999 -999999 -999999 -999999 -999999 -999999 -999999 -999999 
5761   1988 -999999 -999999 -999999 -999999 -999999 -999999 -999999 -999999 -999999 -999999 -999999 -999999 -999999 -999999 -999999 -999999 -999999 -999999 -999999 
5761   1989 -999999 -999999 -999999 -999999 -999999 -999999 -999999 -999999 -999999 -999999 -999999 -999999 -999999 -999999 -999999 -999999 -999999 -999999 -999999 
5761   1990 -999999 -999999 -999999 -999999 -999999 -999999 -999999 -999999 -999999 -999999 -999999 -999999 -999999 -999999 -999999 -999999 -999999 -999999 -999999 
5761   1991 -999999 -999999 -999999 -999999 -999999 -999999 -999999 -999999 -999999 -999999 -999999 -999999 -999999 -999999 -999999 -999999 -999999 -999999 -999999 
5761   1992 -999999 -999999 -999999 -999999 -999999 -999999 -999999 -999999 -999999 -999999 -999999 -999999 -999999 -999999 -999999 -999999 -999999 -999999 -999999 
5761   1993 -999999 -999999 -999999 -999999 -999999 -999999 -999999 -999999 -999999 -999999 -999999 -999999 -999999 -999999 -999999 -999999 -999999 -999999 -999999 
5761   1994 -999999 -999999 -999999 -999999 -999999 -999999 -999999 -999999 -999999 -999999 -999999 -999999 -999999 -999999 -999999 -999999 -999999 -999999 -999999 
5761   1995 -999999 -999999 -999999 -999999 -999999 -999999 -999999 -999999 -999999 -999999 -999999 -999999 -999999 -999999 -999999 -999999 -999999 -999999 -999999 
5761   1996 -999999 -999999 -999999 -999999 -999999 -999999 -999999 -999999 -999999 -999999 -999999 -999999 -999999 -999999 -999999 -999999 -999999 -999999 -999999 
5761   1997 -999999 -999999 -999999 -999999 -999999 -999999 -999999 -999999 -999999 -999999 -999999 -999999 -999999 -999999 -999999 -999999 -999999 -999999 -999999 
5761   1998 -999999 -999999 -999999 -999999 -999999 -999999 -999999 -999999 -999999 -999999 -999999 -999999 -999999 -999999 -999999 -999999 -999999 -999999 -999999 
5761   1999 -999999 -999999 -999999 -999999 -999999 -999999 -999999 -999999 -999999 -999999 -999999 -999999 -999999 -999999 -999999 -999999 -999999 -999999 -999999 
5761   2000 -999999 -999999 -999999 -999999 -999999 -999999 307     -999999 -999999 -999999 -999999 -999999 -999999 -999999 1065    650     371     -101    -940    
5761   2001 7       -617    744     -949    -284    1144    140     -628    -1315   -1141   -153    446     1087    1252    1092    723     123     -426    -1065   
5761   2002 124     -585    992     -897    161     1418    -159    -945    -658    -544    230     797     1320    1442    1490    648     -219    -905    -1216   
5761   2003 77      -781    -999999 -1152   140     -999999 -33     -1483   -715    -144    -1      561     -999999 1626    1144    625     -135    -586    -787    
5761   2004 72      -695    793     -996    90      1113    -24     -1304   -891    -475    160     588     950     1207    1177    658     23      -754    -515    
5761   2005 117     -610    790     -721    -101    1179    213     -674    -1003   -782    119     368     986     1437    1108    704     282     -350    -874    
5761   2006 166     -631    907     -887    -153    1306    170     -829    -967    -1074   -40     659     1132    1351    1430    886     -53     -316    -268    
5761   2007 102     -550    800     -897    118     1219    38      -1185   -1275   -266    77      543     1198    1309    1150    501     221     -616    -544    
5761   2008 134     -463    762     -569    -44     1143    68      -608    -553    -691    13      547     1078    1364    984     564     87      -449    -745    
5761   2009 37      -670    858     -1038   77      1219    105     -948    -1463   -575    87      718     -999999 1304    1193    751     -164    -263    -1175   
5761   2010 -152    -873    743     -1375   -77     1115    -162    -1393   -1575   -717    6       482     889     1334    1113    612     114     -1220   -1580   
5761   2011 -999999 -914    -999999 -1287   108     -999999 -999999 -1022   -1255   -562    297     594     1263    1483    -999999 -999999 -999999 -999999 -999999 
