EUROPEAN CLIMATE ASSESSMENT & DATASET (ECA&D), file created on: 13-11-2019
THESE DATA CAN BE USED FOR NON-COMMERCIAL RESEARCH AND EDUCATION PROVIDED THAT THE FOLLOWING SOURCE IS ACKNOWLEDGED: 

Klein Tank, A.M.G. and Coauthors, 2002. Daily dataset of 20th-century surface
air temperature and precipitation series for the European Climate Assessment.
Int. J. of Climatol., 22, 1441-1453.
Data and metadata available at http://www.ecad.eu

FILE FORMAT (MISSING VALUE CODE = -999999):

THIS FILE HOLDS DATA FOR STATION ITALY                                    FOGGIA/AMEMDOLA                          (STAID:   1674)
LATITUDE: dd:mm:ss +41:31:48
LONGITUDE: ddd:mm:ss +015:43:12
ELEVATION: m   60

DATA IS FOR INDEX Mean of daily mean temperature (TG) with unit 0.01 Temperature (&#176;C)

01-06 SOUID: Source identifier
08-11 YEAR : YYYY
13-20 ANNUAL DATA VALUES
21-28 WINTER HALF YEAR DATA VALUES
29-36 SUMMER HALF YEAR DATA VALUES
37-44 WINTER (DJF) DATA VALUES
45-52 SPRING (MAM) DATA VALUES
53-60 SUMMER (JJA) DATA VALUES
61-68 AUTUMN (SON) DATA VALUES
69-76 JANUARY DATA VALUES
etc. 
157-164 DECEMBER DATA VALUES

1674   1959 -999999 -999999 -999999 -999999 -999999 -999999 1525    -999999 -999999 -999999 -999999 -999999 -999999 2404    2338    1978    1411    1191    1039    
1674   1960 1593    1074    2041    914     1369    2380    1729    746     959     1095    1290    1720    2238    2333    2563    2084    1781    1321    959     
1674   1961 1578    1115    2098    833     1426    2376    1724    715     825     1065    1528    1687    2237    2415    2471    2237    1708    1226    771     
1674   1962 1526    995     2079    740     1272    2412    1697    795     644     797     1281    1737    2064    2477    2682    2211    1695    1184    682     
1674   1963 1539    924     2078    587     1292    2420    1759    495     585     880     1318    1680    2188    2538    2527    2200    1616    1466    915     
1674   1964 1509    1069    2005    757     1363    2319    1612    591     765     1056    1255    1776    2277    2357    2322    2027    1623    1185    853     
1674   1965 1517    983     2013    686     1300    2369    1679    767     409     1013    1176    1707    2190    2570    2342    2072    1649    1317    909     
1674   1966 1595    1075    2130    850     1390    2441    1713    601     1060    922     1487    1765    2299    2435    2584    2197    1878    1058    822     
1674   1967 1558    1025    2041    703     1361    2363    1775    546     745     1076    1195    1806    1989    2522    2565    2147    1847    1329    867     
1674   1968 1569    1099    2083    798     1491    2301    1679    545     994     1009    1522    1943    2142    2454    2303    2117    1674    1246    863     
1674   1969 1571    1063    2066    809     1410    2314    1804    775     788     1012    1261    1954    2104    2377    2453    2229    1757    1428    665     
1674   1970 1586    1100    2097    806     1318    2458    1677    898     861     977     1334    1644    2300    2478    2592    2223    1531    1283    866     
1674   1971 1538    1006    2091    826     1323    2459    1532    862     743     734     1373    1864    2244    2421    2706    1912    1505    1178    861     
1674   1972 1514    1081    1978    885     1405    2313    1443    879     916     1140    1341    1731    2287    2375    2275    1844    1308    1181    872     
1674   1973 1510    947     2034    808     1213    2375    1668    805     740     765     1069    1799    2196    2518    2405    2199    1715    1089    765     
1674   1974 1504    1047    2020    814     1268    2373    1527    808     875     1013    1175    1615    2125    2442    2544    2202    1335    1052    820     
1674   1975 1534    940     2063    737     1362    2321    1689    712     675     1024    1269    1791    2112    2450    2394    2349    1631    1090    847     
1674   1976 1450    978     1895    779     1226    2187    1595    666     826     799     1205    1673    2094    2357    2108    1917    1704    1159    870     
1674   1977 1591    1147    2039    937     1449    2366    1616    852     1105    1186    1323    1832    2142    2545    2403    1965    1695    1185    812     
1674   1978 1487    1054    1945    800     1265    2292    1521    753     840     1019    1183    1591    2152    2354    2366    2007    1611    943     974     
1674   1979 1568    1036    2042    826     1400    2380    1655    615     896     1161    1157    1873    2268    2471    2399    2064    1726    1173    958     
1674   1980 1473    1058    1943    827     1149    2321    1687    697     826     957     1025    1460    2028    2388    2536    2201    1698    1161    671     
1674   1981 1538    986     2058    609     1418    2364    1667    513     646     1198    1333    1719    2261    2339    2489    2195    1840    961     894     
1674   1982 1614    1013    2169    793     1317    2518    1780    840     629     875     1214    1858    2416    2565    2569    2376    1733    1233    994     
1674   1983 1553    1068    2104    802     1438    2375    1633    780     614     1013    1402    1899    2072    2653    2391    2186    1627    1086    835     
1674   1984 1493    986     1935    763     1209    2269    1693    761     689     900     1151    1575    2050    2413    2336    2067    1685    1329    934     
1674   1985 1569    1022    2129    712     1377    2455    1710    499     704     960     1337    1833    2227    2560    2571    2229    1693    1208    952     
1674   1986 1585    1065    2135    812     1487    2396    1710    779     693     1033    1368    2055    2150    2384    2646    2183    1762    1182    716     
1674   1987 1571    971     2116    742     1176    2443    1845    749     764     640     1336    1563    2155    2641    2523    2443    1845    1247    889     
1674   1988 1594    1104    2131    875     1333    2531    1634    930     802     895     1269    1834    2173    2751    2647    2086    1835    975     836     
1674   1989 1532    1081    2031    796     1440    2332    1517    685     878     1229    1400    1689    2051    2456    2481    2094    1425    1037    916     
1674   1990 1601    1043    2063    864     1412    2394    1771    704     992     1174    1260    1795    2199    2514    2463    2129    1885    1296    715     
1674   1991 1524    1099    2024    730     1256    2438    1699    752     724     1195    1134    1435    2255    2514    2540    2252    1667    1179    587     
1674   1992 1600    989     2114    680     1419    2427    1781    708     750     1034    1410    1814    2159    2369    2745    2165    1872    1304    838     
1674   1993 1593    1031    2154    699     1402    2484    1711    652     596     888     1366    1952    2322    2473    2652    2137    1859    1133    1006    
1674   1994 1658    1129    2217    864     1468    2571    1769    880     689     1162    1322    1914    2239    2685    2778    2340    1713    1256    847     
1674   1995 1539    1068    2009    848     1273    2365    1583    705     1008    880     1176    1760    2108    2598    2381    2005    1694    1045    1067    
1674   1996 1530    1027    2044    865     1309    2430    1573    873     641     818     1277    1830    2247    2477    2559    1851    1585    1282    884     
1674   1997 1569    1087    2057    869     1302    2430    1660    862     860     1035    984     1877    2385    2468    2435    2172    1579    1231    888     
1674   1998 1589    1055    2158    882     1341    2554    1625    807     960     864     1394    1767    2360    2616    2679    2114    1708    1050    705     
1674   1999 1621    990     2180    716     1441    2513    1726    748     692     1008    1352    1958    2359    2484    2695    2241    1777    1158    900     
1674   2000 1677    1055    2225    772     1506    2556    1813    670     757     1034    1466    2003    2381    2573    2708    2202    1817    1406    1017    
