EUROPEAN CLIMATE ASSESSMENT & DATASET (ECA&D), file created on: 13-11-2019
THESE DATA CAN BE USED FOR NON-COMMERCIAL RESEARCH AND EDUCATION PROVIDED THAT THE FOLLOWING SOURCE IS ACKNOWLEDGED: 

Klein Tank, A.M.G. and Coauthors, 2002. Daily dataset of 20th-century surface
air temperature and precipitation series for the European Climate Assessment.
Int. J. of Climatol., 22, 1441-1453.
Data and metadata available at http://www.ecad.eu

FILE FORMAT (MISSING VALUE CODE = -999999):

THIS FILE HOLDS DATA FOR STATION SWEDEN                                   KOSTA_MO                                 (STAID:   5242)
LATITUDE: dd:mm:ss +56:50:24
LONGITUDE: ddd:mm:ss +015:28:12
ELEVATION: m  230

DATA IS FOR INDEX Mean of daily mean temperature (TG) with unit 0.01 Temperature (&#176;C)

01-06 SOUID: Source identifier
08-11 YEAR : YYYY
13-20 ANNUAL DATA VALUES
21-28 WINTER HALF YEAR DATA VALUES
29-36 SUMMER HALF YEAR DATA VALUES
37-44 WINTER (DJF) DATA VALUES
45-52 SPRING (MAM) DATA VALUES
53-60 SUMMER (JJA) DATA VALUES
61-68 AUTUMN (SON) DATA VALUES
69-76 JANUARY DATA VALUES
etc. 
157-164 DECEMBER DATA VALUES

5242   1996 -999999 -999999 -999999 -999999 -999999 -999999 -999999 -999999 -999999 -999999 -999999 774     -999999 -999999 -999999 -999999 -999999 245     -461    
5242   1997 -999999 -9      -999999 -326    -999999 -999999 554     -449    -40     89      305     -999999 -999999 -999999 1864    1136    394     139     -51     
5242   1998 -999999 -999999 -999999 -999999 462     -999999 544     -999999 -999999 -69     398     1054    -999999 1369    1289    1159    614     -144    -205    
5242   1999 -999999 -999999 1266    -999999 528     1539    764     -999999 -999999 107     642     913     1418    1711    1485    1347    654     294     -999999 
5242   2000 -999999 157     -999999 -999999 660     -999999 -999999 -65     32      95      752     1137    -999999 1399    1374    -999999 969     554     178     
5242   2001 -999999 -999999 -999999 -999999 -999999 1540    -999999 -104    -999999 -999999 -999999 1059    1303    1755    1554    1092    -999999 132     -383    
5242   2002 -999999 -999999 -999999 -999999 -999999 1659    532     -27     -999999 215     524     -999999 1466    1666    1838    1129    376     96      -445    
5242   2003 -999999 -100    -999999 -418    -999999 -999999 -999999 -372    -440    154     -999999 -999999 1435    -999999 1564    -999999 321     -999999 72      
5242   2004 611     -999999 1173    -198    562     1433    636     -505    -158    105     590     991     1260    1412    1623    1144    689     72      78      
5242   2005 -999999 -999999 1240    -999999 462     1519    796     -999999 -289    -205    584     1010    1358    1704    1491    1278    798     312     -106    
5242   2006 741     -25     1360    -303    382     1734    955     -454    -354    -369    482     1037    1602    1989    1605    1429    966     471     417     
5242   2007 745     375     1279    124     779     1546    616     121     -197    420     763     1154    1601    1477    1563    1103    594     151     114     
5242   2008 747     218     1253    163     616     1538    698     148     231     66      633     1148    1429    1679    1503    1106    729     258     16      
5242   2009 673     102     1293    -153    655     1533    717     -206    -283    66      853     1052    1328    1653    1611    1244    443     475     -217    
5242   2010 514     -64     1238    -439    482     1629    547     -678    -419    -5      554     901     1406    1869    1604    1071    499     73      -760    
5242   2011 730     -135    1327    -486    662     1582    824     -264    -430    47      877     1070    1539    1682    1525    1259    741     475     165     
5242   2012 632     212     1187    -119    667     1457    700     -138    -403    398     448     1149    1248    1588    1527    1139    574     392     -383    
5242   2013 660     -64     1238    -329    412     1581    743     -355    -242    -371    402     1204    1494    1685    1561    1056    820     350     245     
5242   2014 809     309     1307    79      763     1574    886     -161    162     427     729     1131    1380    1854    1480    1248    929     481     2       
5242   2015 753     289     1200    7       602     1493    783     35      -18     285     637     886     1280    1545    1647    1191    705     456     330     
5242   2016 716     219     1310    -31     684     1549    713     -400    -21     237     551     1260    1539    1639    1469    1386    619     138     153     
5242   2017 705     170     1198    -14     625     1463    744     -184    -10     284     449     1138    1410    1492    1487    1196    766     268     115     
5242   2018 804     -999999 1480    -999999 657     1793    779     -999999 -390    -257    717     1514    1634    2030    1711    1249    755     335     57      
5242   2019 -999999 228     -999999 -7      632     -999999 -999999 -219    157     282     666     949     -999999 1591    1595    1181    710     -999999 -999999 
