EUROPEAN CLIMATE ASSESSMENT & DATASET (ECA&D), file created on: 13-11-2019
THESE DATA CAN BE USED FOR NON-COMMERCIAL RESEARCH AND EDUCATION PROVIDED THAT THE FOLLOWING SOURCE IS ACKNOWLEDGED: 

Klein Tank, A.M.G. and Coauthors, 2002. Daily dataset of 20th-century surface
air temperature and precipitation series for the European Climate Assessment.
Int. J. of Climatol., 22, 1441-1453.
Data and metadata available at http://www.ecad.eu

FILE FORMAT (MISSING VALUE CODE = -999999):

THIS FILE HOLDS DATA FOR STATION SPAIN                                    PAMPLONA (OBSERVATORIO)                  (STAID:   3950)
LATITUDE: dd:mm:ss +42:49:03
LONGITUDE: ddd:mm:ss -001:38:11
ELEVATION: m  442

DATA IS FOR INDEX Mean of daily mean temperature (TG) with unit 0.01 Temperature (&#176;C)

01-06 SOUID: Source identifier
08-11 YEAR : YYYY
13-20 ANNUAL DATA VALUES
21-28 WINTER HALF YEAR DATA VALUES
29-36 SUMMER HALF YEAR DATA VALUES
37-44 WINTER (DJF) DATA VALUES
45-52 SPRING (MAM) DATA VALUES
53-60 SUMMER (JJA) DATA VALUES
61-68 AUTUMN (SON) DATA VALUES
69-76 JANUARY DATA VALUES
etc. 
157-164 DECEMBER DATA VALUES

3950   1880 -999999 -999999 1566    -999999 -999999 1805    1305    -999999 -999999 -999999 912     1246    1408    2033    1963    1816    1472    620     623     
3950   1881 1175    795     1625    543     1134    1912    1196    268     760     1020    1111    1270    1568    2165    1990    1626    997     972     330     
3950   1882 -999999 683     -999999 442     1076    1797    -999999 441     566     789     1014    1423    1648    1835    1903    -999999 1210    -999999 -999999 
3950   1883 1083    -999999 1555    -999999 847     1822    1203    533     653     322     880     1341    1532    1827    2098    1637    1163    838     186     
3950   1884 1115    709     1560    491     984     1849    1113    516     790     769     851     1329    1329    1994    2208    1620    1053    667     233     
3950   1885 1069    556     1545    304     913     1887    1084    -140    858     675     774     1285    1753    1988    1915    1536    945     775     423     
3950   1886 1092    619     1557    357     1058    1763    1181    245     409     904     943     1323    1488    1951    1842    1782    1183    579     400     
3950   1887 1056    589     1595    343     882     2016    1000    339     286     720     801     1121    1927    2021    2096    1588    824     593     302     
3950   1888 1016    426     1501    244     859     1720    1171    399     17      400     714     1458    1656    1663    1840    1661    1091    763     494     
3950   1889 966     542     1469    324     778     1727    1136    212     262     410     675     1245    1507    1821    1847    1702    1012    698     161     
3950   1890 1029    525     1513    318     796     1813    1173    462     331     473     773     1142    1743    1767    1928    1714    1223    581     171     
3950   1891 1087    512     1536    222     857     1813    1294    68      450     577     869     1126    1762    1874    1801    1777    1350    753     598     
3950   1892 1139    693     1650    483     960     1928    1262    385     465     598     909     1371    1806    1968    2005    1825    1108    858     357     
3950   1893 1212    708     1718    397     1292    1944    1166    191     671     1063    1354    1461    1772    1811    2245    1655    1308    529     449     
3950   1894 1124    638     1548    405     951     1858    1267    195     588     753     998     1104    1720    1933    1918    1605    1337    858     454     
3950   1895 1222    629     1718    313     1030    1905    1549    134     357     615     1136    1342    1637    1982    2086    2119    1330    1205    674     
3950   1896 1068    839     1502    540     995     1731    1059    388     561     870     899     1213    1624    1935    1632    1699    988     493     498     
3950   1897 1216    678     1620    527     1086    1953    1258    286     826     985     1063    1209    1832    2028    1994    1585    1174    1019    571     
3950   1898 1208    724     1676    549     902     1948    1433    539     535     499     998     1213    1589    2007    2235    2002    1382    915     536     
3950   1899 -999999 844     -999999 653     1096    -999999 1465    539     916     787     1080    1420    -999999 2047    2339    1783    1712    893     424     
3950   1900 1180    777     1650    543     888     1911    1339    518     704     409     1025    1234    1709    2141    1876    1904    1388    725     499     
3950   1901 1093    597     1697    307     1036    1919    1152    411     -23     523     1200    1407    1818    1932    2003    1763    1096    598     323     
3950   1902 1131    614     1561    357     1003    1868    1224    297     461     894     1132    986     1554    2113    1926    1643    1152    879     488     
3950   1903 1141    705     1560    476     954     1836    1337    394     555     752     832     1275    1513    1909    2076    1736    1425    847     332     
3950   1904 1249    682     1782    394     1103    2104    1278    366     491     624     1060    1622    1766    2321    2213    1679    1371    697     576     
3950   1905 -999999 -999999 -999999 -999999 -999999 -999999 -999999 296     -999999 941     1146    1118    1666    2113    -999999 -999999 956     588     367     
3950   1906 -999999 -999999 -999999 -999999 958     -999999 1394    -999999 -999999 595     858     1359    1817    -999999 2136    1852    1498    848     417     
3950   1907 1165    -999999 1613    355     997     1864    1313    347     299     800     879     1307    1668    1893    2026    1890    1146    910     755     
3950   1908 1187    712     1608    561     956     1861    1417    412     514     528     745     1589    1643    1900    2032    1718    1493    1037    601     
3950   1909 -999999 739     -999999 426     -999999 -999999 -999999 387     268     584     -999999 -999999 -999999 -999999 -999999 -999999 -999999 -999999 -999999 
3950   1910 -999999 -999999 -999999 -999999 -999999 -999999 -999999 -999999 -999999 -999999 -999999 -999999 -999999 -999999 -999999 -999999 -999999 -999999 -999999 
3950   1911 -999999 -999999 -999999 -999999 -999999 -999999 -999999 -999999 -999999 -999999 -999999 -999999 -999999 -999999 -999999 -999999 -999999 -999999 -999999 
3950   1912 -999999 -999999 -999999 -999999 -999999 -999999 -999999 -999999 -999999 -999999 -999999 -999999 -999999 -999999 -999999 -999999 -999999 -999999 -999999 
3950   1913 -999999 -999999 -999999 -999999 -999999 -999999 -999999 -999999 -999999 -999999 -999999 -999999 -999999 -999999 -999999 -999999 -999999 -999999 -999999 
3950   1914 -999999 -999999 -999999 -999999 -999999 -999999 -999999 -999999 -999999 -999999 -999999 -999999 -999999 -999999 -999999 -999999 -999999 -999999 -999999 
3950   1915 -999999 -999999 -999999 -999999 -999999 -999999 -999999 -999999 -999999 -999999 -999999 -999999 -999999 -999999 -999999 -999999 -999999 -999999 -999999 
3950   1916 -999999 -999999 -999999 -999999 -999999 -999999 -999999 -999999 -999999 -999999 -999999 -999999 -999999 -999999 -999999 -999999 -999999 -999999 -999999 
3950   1917 -999999 -999999 -999999 -999999 -999999 -999999 -999999 -999999 -999999 -999999 -999999 -999999 -999999 -999999 -999999 -999999 -999999 -999999 -999999 
3950   1918 -999999 -999999 -999999 -999999 -999999 -999999 -999999 -999999 -999999 -999999 -999999 -999999 -999999 -999999 -999999 -999999 -999999 -999999 -999999 
3950   1919 -999999 -999999 -999999 -999999 -999999 -999999 -999999 -999999 -999999 -999999 -999999 -999999 -999999 -999999 -999999 -999999 -999999 -999999 -999999 
3950   1920 -999999 -999999 -999999 -999999 -999999 -999999 -999999 -999999 -999999 -999999 -999999 -999999 -999999 -999999 -999999 -999999 -999999 -999999 -999999 
3950   1921 -999999 -999999 -999999 -999999 -999999 -999999 -999999 -999999 -999999 -999999 -999999 -999999 -999999 -999999 -999999 -999999 -999999 -999999 -999999 
3950   1922 1159    -999999 1619    -999999 1107    1867    1119    510     659     687     935     1693    1670    1925    2000    1468    1303    581     410     
3950   1923 1150    675     1585    444     1011    1884    1237    322     616     807     903     1319    1443    2061    2135    1623    1461    621     435     
3950   1924 1175    697     1660    387     1211    1830    1281    500     216     916     1081    1630    1723    1949    1815    1749    1290    802     387     
3950   1925 1051    578     1545    339     826     1866    1135    200     439     345     890     1246    1800    1770    2025    1529    1260    613     460     
3950   1926 1223    773     1646    627     1027    1902    1401    526     923     863     1031    1186    1556    1937    2201    1951    1445    804     239     
3950   1927 -999999 -999999 1620    -999999 1151    1831    1214    468     -999999 788     1168    1473    1606    1968    1913    1579    1321    739     -999999 
3950   1928 -999999 -999999 1741    -999999 -999999 2114    -999999 463     733     -999999 967     1322    1831    2271    2229    1811    -999999 759     428     
3950   1929 -999999 -999999 -999999 -999999 1025    -999999 -999999 -999999 500     859     948     1255    -999999 -999999 1951    -999999 -999999 -999999 601     
3950   1930 -999999 -999999 1588    472     986     1865    -999999 519     301     813     917     1226    1710    1802    2078    1782    -999999 885     551     
3950   1931 -999999 -999999 -999999 461     1117    -999999 1182    430     393     915     980     1451    -999999 1976    -999999 1410    1277    855     316     
3950   1932 -999999 -999999 -999999 -999999 -999999 -999999 -999999 444     -999999 832     809     1242    1525    -999999 2187    1782    1219    -999999 684     
3950   1933 1137    -999999 -999999 -999999 1199    -999999 1246    318     449     883     1233    1482    1461    2055    -999999 1804    1308    623     168     
3950   1934 -999999 576     -999999 290     1036    2004    1232    312     407     599     1035    1473    1888    2148    1972    1846    1385    440     691     
3950   1935 -999999 -999999 -999999 492     986     -999999 -999999 302     482     773     1031    1156    1965    2066    -999999 1874    1128    -999999 -999999 
3950   1936 -999999 -999999 -999999 -999999 -999999 -999999 -999999 -999999 -999999 -999999 -999999 -999999 -999999 -999999 2087    -999999 -999999 -999999 -999999 
3950   1937 -999999 -999999 -999999 -999999 -999999 -999999 -999999 615     809     638     -999999 -999999 1718    -999999 -999999 -999999 -999999 -999999 402     
3950   1938 1244    -999999 1642    -999999 1036    2007    1384    557     479     963     1004    1142    1960    2034    2027    1650    1440    1048    587     
3950   1939 -999999 -999999 1549    622     -999999 1809    1296    773     521     -999999 969     1124    1596    1852    1973    1770    1215    840     434     
3950   1940 1120    736     -999999 474     -999999 1776    1174    306     696     963     1140    1273    1545    1939    1817    1704    1056    765     338     
3950   1941 -999999 615     -999999 347     893     -999999 -999999 167     555     798     873     1006    1671    1932    -999999 -999999 -999999 -999999 229     
3950   1942 -999999 -999999 -999999 217     -999999 -999999 1189    184     240     -999999 -999999 1497    -999999 1872    1943    1578    1294    632     555     
3950   1943 -999999 -999999 -999999 -999999 -999999 -999999 -999999 -999999 -999999 -999999 -999999 -999999 -999999 -999999 -999999 1749    -999999 -999999 -999999 
3950   1944 -999999 -999999 -999999 -999999 -999999 1967    1201    472     193     757     -999999 1465    1693    2021    2192    1738    1036    793     435     
3950   1945 -999999 689     -999999 433     1369    2028    -999999 78      824     988     1444    1676    1961    2144    1977    -999999 -999999 894     596     
3950   1946 1233    -999999 1693    561     1102    1953    1404    384     720     876     1134    1296    1716    2086    2049    1872    1554    795     301     
3950   1947 1357    772     1881    386     1314    2173    1478    382     485     1087    1375    1481    1990    2298    2226    1903    1414    1119    466     
3950   1948 -999999 925     -999999 593     1259    -999999 -999999 648     669     1223    1134    1416    1766    1989    -999999 -999999 1421    -999999 -999999 
3950   1949 -999999 -999999 -999999 -999999 -999999 -999999 -999999 634     817     -999999 -999999 -999999 -999999 -999999 -999999 -999999 -999999 -999999 -999999 
3950   1950 -999999 -999999 -999999 -999999 -999999 -999999 -999999 -999999 -999999 -999999 -999999 -999999 -999999 -999999 -999999 -999999 -999999 -999999 -999999 
3950   1951 -999999 -999999 -999999 -999999 -999999 -999999 -999999 -999999 -999999 -999999 -999999 -999999 -999999 -999999 -999999 -999999 -999999 -999999 -999999 
3950   1952 -999999 -999999 -999999 -999999 -999999 -999999 -999999 -999999 -999999 -999999 -999999 -999999 -999999 -999999 -999999 -999999 -999999 -999999 -999999 
3950   1953 -999999 -999999 1702    -999999 1176    1851    1404    -999999 -999999 812     1115    1598    1477    1925    2149    1945    1365    904     1007    
3950   1954 1233    799     1672    539     1101    1883    1532    247     344     889     1009    1402    1815    1863    1967    1966    1506    1123    606     
3950   1955 1380    913     1904    675     1280    2170    1321    816     594     808     1379    1657    1933    2257    2312    1867    1284    812     783     
3950   1956 1175    701     1721    411     1135    1940    1328    578     -165    864     1008    1529    1654    2086    2070    1961    1341    683     428     
3950   1957 1274    794     1722    478     1238    2017    1307    174     869     1275    1097    1338    1819    2107    2118    1837    1375    708     546     
3950   1958 1322    758     1831    575     1099    2040    1477    468     726     723     890     1679    1823    2131    2160    2291    1350    794     791     
3950   1959 1340    866     1821    667     1225    2112    1392    553     655     1030    1167    1477    1917    2269    2144    1936    1403    836     644     
3950   1960 1265    846     1756    601     1266    2009    1261    503     659     1019    1088    1685    2018    1982    2027    1723    1177    886     401     
3950   1961 1368    825     1815    582     1328    1976    1461    435     946     1119    1248    1613    1788    2103    2030    2099    1447    838     724     
3950   1962 1272    828     1800    651     1082    2091    1387    678     541     714     1093    1438    1893    2095    2279    1986    1520    651     320     
3950   1963 1138    671     1574    315     1073    1845    1317    353     268     874     1054    1289    1704    2075    1751    1559    1395    994     282     
3950   1964 1224    725     1804    392     1179    1995    1303    269     640     774     1047    1711    1799    2181    1998    2072    1094    750     345     
3950   1965 1148    613     1575    345     1056    1847    1243    388     299     776     933     1455    1756    1883    1900    1505    1448    769     593     
3950   1966 1200    827     1642    679     1066    1817    1222    560     907     692     1120    1387    1753    1763    1935    1892    1225    550     601     
3950   1967 1191    718     1612    532     1052    1902    1352    409     590     913     924     1312    1607    2129    1961    1698    1506    848     335     
3950   1968 1227    764     1620    505     1009    1880    1427    533     658     699     1096    1235    1725    2008    1903    1741    1652    882     577     
3950   1969 1189    825     1623    530     1085    1902    1277    630     368     800     1016    1438    1562    2131    2001    1568    1470    786     424     
3950   1970 1236    747     1714    557     935     2013    1441    684     564     539     907     1356    1901    2067    2068    1974    1264    1091    377     
3950   1971 1211    710     1718    475     1007    1976    1321    420     645     469     1210    1359    1616    2183    2121    1804    1551    608     555     
3950   1972 1144    773     1500    533     1008    1799    1235    403     649     885     926     1210    1517    2000    1871    1454    1313    936     546     
3950   1973 1224    750     1720    506     1068    1993    1321    478     491     719     936     1544    1711    1987    2272    1851    1290    821     534     
3950   1974 1205    800     1635    616     1080    1920    1127    741     569     820     991     1426    1797    1938    2021    1619    881     890     717     
3950   1975 1246    778     1702    753     997     2026    1305    731     815     642     1042    1309    1732    2210    2127    1774    1355    783     402     
3950   1976 1252    793     1700    574     1112    2038    1192    590     740     885     954     1492    2008    2060    2043    1627    1198    752     648     
3950   1977 1228    840     1531    677     1093    1735    1362    555     844     1038    1040    1198    1577    1828    1795    1742    1507    831     756     
3950   1978 1218    860     1595    636     1015    1856    1325    384     781     894     880     1266    1564    1961    2034    1850    1317    808     839     
3950   1979 1196    837     1598    707     1011    1855    1277    617     659     766     889     1372    1719    1974    1867    1753    1399    675     617     
3950   1980 1179    803     1594    633     984     1815    1348    468     825     827     931     1191    1531    1810    2094    1997    1293    755     420     
3950   1981 1284    781     1673    513     1173    1911    1419    605     513     1072    1106    1339    1785    1885    2060    1854    1417    986     730     
3950   1982 1300    912     1753    764     1114    2016    1338    855     700     769     1126    1448    1930    2209    1905    1891    1258    868     601     
3950   1983 1289    760     1727    502     1081    2042    1502    499     395     905     1050    1287    1840    2309    1970    1893    1450    1164    647     
3950   1984 1171    826     1585    572     928     1910    1304    560     503     621     1204    969     1693    2130    1901    1603    1294    1016    539     
3950   1985 1256    756     1744    520     1020    2009    1415    176     881     652     1177    1238    1773    2221    2025    2023    1554    664     671     
3950   1986 1236    796     1656    569     1028    1933    1439    517     513     826     677     1570    1774    2010    2010    1871    1516    928     558     
3950   1987 1280    785     1772    465     1142    1978    1458    229     621     844     1303    1283    1704    1964    2257    2116    1388    872     747     
3950   1988 1271    876     1673    719     1133    1899    1403    792     611     826     1139    1433    1639    1936    2113    1760    1471    976     529     
3950   1989 1365    878     1740    567     1206    2047    1465    434     757     1094    842     1672    1847    2157    2131    1770    1492    1131    995     
3950   1990 1337    1042    1783    873     1189    2050    1446    581     1062    996     919     1642    1805    2150    2186    1976    1488    872     352     
3950   1991 1248    805     1705    468     1039    2048    1316    518     542     1032    859     1219    1700    2113    2320    1999    1124    831     660     
3950   1992 1241    739     1711    539     1196    1932    1275    324     639     855     1091    1637    1488    2103    2192    1729    1087    1016    702     
3950   1993 1232    803     1677    599     1147    1971    1200    547     541     908     1082    1450    1868    1906    2135    1607    1165    829     695     
3950   1994 1354    863     1779    675     1198    2185    1345    601     736     1138    900     1546    1849    2336    2357    1656    1325    1055    697     
3950   1995 1339    886     1754    696     1163    2092    1418    608     794     834     1125    1530    1781    2302    2182    1577    1653    1017    619     
3950   1996 1237    893     1670    603     1152    1960    1215    766     413     862     1138    1455    1901    2041    1936    1533    1252    859     652     
3950   1997 1373    900     1771    705     1331    1968    1476    609     871     1153    1231    1606    1712    1902    2281    1879    1586    960     649     
3950   1998 1264    952     1725    699     1176    2013    1227    697     757     1046    999     1478    1819    2042    2173    1819    1170    694     436     
3950   1999 1248    700     1790    468     1212    2040    1258    468     503     907     1096    1630    1766    2141    2203    1885    1295    594     431     
3950   2000 1330    745     1803    532     1247    2049    1339    326     861     967     1124    1646    1948    2035    2162    1887    1289    843     857     
3950   2001 1315    948     1750    770     1270    2085    1304    745     703     1223    1051    1529    1921    2059    2270    1648    1572    683     321     
3950   2002 1338    859     1701    587     1207    1973    1398    670     791     1106    1135    1378    1951    1976    1991    1768    1407    1019    826     
3950   2003 1405    905     1964    622     1305    2383    1354    538     489     1117    1274    1523    2317    2271    2560    1821    1270    973     643     
3950   2004 1299    805     1790    628     1038    2131    1395    699     534     697     1025    1390    2072    2121    2198    1921    1535    724     635     
3950   2005 1282    757     1849    457     1225    2165    1362    388     335     883     1150    1639    2165    2223    2108    1797    1494    790     348     
3950   2006 1383    787     1873    449     1318    2119    1589    447     564     1061    1230    1661    2067    2388    1899    1982    1635    1150    465     
3950   2007 1300    920     1757    617     1238    1977    1312    566     843     859     1347    1511    1866    2048    2014    1750    1368    816     591     
3950   2008 1281    859     1733    709     1172    1995    1270    669     880     833     1159    1525    1822    2073    2085    1718    1323    767     511     
3950   2009 1355    770     1856    520     1225    2184    1452    433     627     943     1076    1650    2031    2229    2288    1840    1490    1024    579     
3950   2010 1257    814     1773    508     1155    2054    1336    434     510     825     1294    1353    1800    2224    2129    1824    1382    799     456     
3950   2011 1423    817     1903    586     1391    2039    1579    545     776     936     1500    1741    1861    1962    2290    2053    1516    1171    695     
3950   2012 1335    887     1831    553     1169    2180    1429    575     377     961     950     1590    1997    2112    2426    1891    1440    955     697     
3950   2013 1310    863     1753    612     1073    2097    1483    610     519     928     1167    1125    1670    2430    2176    1937    1619    889     585     
3950   2014 1403    917     1819    664     1263    2016    1631    742     666     975     1399    1420    1968    2032    2047    2047    1712    1131    659     
3950   2015 1387    928     1871    577     1307    2189    1411    590     472     969     1347    1606    2056    2315    2192    1692    1437    1102    798     
3950   2016 1371    941     1848    769     1148    2132    1487    758     751     793     1118    1533    1904    2203    2282    2034    1491    937     626     
3950   2017 1414    929     1889    666     1377    2208    1408    489     906     1122    1269    1736    2183    2238    2204    1686    1637    893     573     
3950   2018 1400    855     1904    583     1199    2183    1538    688     479     824     1307    1469    1948    2325    2268    2098    1481    1038    818     
3950   2019 -999999 971     1875    755     1203    2235    -999999 580     879     1020    1201    1387    2063    2328    2308    1950    1586    -999999 -999999 
