EUROPEAN CLIMATE ASSESSMENT & DATASET (ECA&D), file created on: 13-11-2019
THESE DATA CAN BE USED FOR NON-COMMERCIAL RESEARCH AND EDUCATION PROVIDED THAT THE FOLLOWING SOURCE IS ACKNOWLEDGED: 

Klein Tank, A.M.G. and Coauthors, 2002. Daily dataset of 20th-century surface
air temperature and precipitation series for the European Climate Assessment.
Int. J. of Climatol., 22, 1441-1453.
Data and metadata available at http://www.ecad.eu

FILE FORMAT (MISSING VALUE CODE = -999999):

THIS FILE HOLDS DATA FOR STATION FRANCE                                   LE PUY - LOUDES                          (STAID:   2196)
LATITUDE: dd:mm:ss +45:04:27
LONGITUDE: ddd:mm:ss +003:45:50
ELEVATION: m  833

DATA IS FOR INDEX Mean of daily mean temperature (TG) with unit 0.01 Temperature (&#176;C)

01-06 SOUID: Source identifier
08-11 YEAR : YYYY
13-20 ANNUAL DATA VALUES
21-28 WINTER HALF YEAR DATA VALUES
29-36 SUMMER HALF YEAR DATA VALUES
37-44 WINTER (DJF) DATA VALUES
45-52 SPRING (MAM) DATA VALUES
53-60 SUMMER (JJA) DATA VALUES
61-68 AUTUMN (SON) DATA VALUES
69-76 JANUARY DATA VALUES
etc. 
157-164 DECEMBER DATA VALUES

2196   1984 766     -999999 1189    -999999 518     1527    937     140     -17     176     626     755     1360    1702    1512    1165    948     699     102     
2196   1985 754     277     1301    -60     583     1570    866     -543    295     178     712     865     1280    1783    1638    1517    1002    76      215     
2196   1986 822     251     1305    -2      686     1587    1011    17      -265    404     414     1230    1459    1697    1600    1410    1074    546     191     
2196   1987 821     295     1333    -49     639     1560    1060    -465    147     273     826     824     1294    1655    1724    1670    1060    449     363     
2196   1988 872     466     1315    312     740     1559    923     418     144     338     762     1121    1352    1645    1673    1321    1084    358     215     
2196   1989 905     486     1301    249     824     1584    901     196     345     698     566     1198    1307    1766    1670    1276    964     461     362     
2196   1990 894     534     1317    400     777     1611    947     196     668     565     533     1224    1364    1733    1727    1297    1100    439     -145    
2196   1991 821     367     1317    0       663     1670    886     92      57      632     526     827     1368    1783    1848    1536    764     362     -1      
2196   1992 858     288     1339    27      809     1604    896     -129    224     507     727     1189    1273    1698    1831    1294    706     694     262     
2196   1993 825     388     1300    191     750     1561    763     251     45      349     761     1140    1465    1518    1697    1206    818     262     325     
2196   1994 951     415     1377    220     785     1781    1011    122     213     728     510     1107    1498    1975    1861    1280    994     760     295     
2196   1995 875     498     1291    294     714     1617    899     111     494     343     742     1059    1315    1854    1673    1078    1227    381     191     
2196   1996 793     421     1223    195     680     1526    757     424     -45     317     705     1017    1466    1601    1508    1028    867     373     218     
2196   1997 954     448     1389    257     842     1659    1030    87      489     655     669     1195    1457    1608    1906    1482    984     627     253     
2196   1998 860     483     1350    262     756     1660    791     150     395     483     629     1152    1503    1774    1697    1328    881     161     125     
2196   1999 894     335     1410    133     871     1626    913     218     47      546     727     1336    1361    1772    1736    1508    1006    224     179     
2196   2000 911     376     1364    185     800     1603    950     -13     403     454     731     1214    1528    1457    1822    1417    915     520     464     
2196   2001 868     532     1313    318     883     1633    860     230     254     783     618     1239    1431    1701    1761    1105    1229    235     -226    
2196   2002 931     408     1323    117     789     1649    952     188     418     599     739     1025    1636    1681    1631    1211    978     665     363     
2196   2003 955     421     1566    97      878     2005    884     -61     -23     569     799     1262    2026    1875    2115    1299    768     590     175     
2196   2004 864     353     1342    138     678     1655    980     91      147     342     661     1029    1563    1733    1667    1386    1165    382     171     
2196   2005 831     324     1394    2       758     1684    974     30      -214    360     723     1191    1700    1787    1566    1383    1193    338     -163    
2196   2006 958     317     1448    -36     794     1715    1195    50      10      444     780     1159    1639    2043    1460    1599    1257    726     262     
2196   2007 901     573     1373    323     929     1572    803     265     453     466     1092    1234    1502    1640    1572    1190    888     328     155     
2196   2008 875     417     1331    300     786     1592    854     354     397     375     725     1256    1492    1670    1611    1213    925     421     40      
2196   2009 930     309     1485    13      903     1747    1007    -81     87      445     874     1389    1556    1798    1880    1395    948     679     129     
2196   2010 797     322     1349    -18     707     1676    870     -192    11      335     849     943     1462    1867    1691    1266    879     465     -56     
2196   2011 1000    377     1451    108     986     1579    1152    86      314     572     1030    1359    1449    1498    1786    1575    1075    809     411     
2196   2012 913     481     1409    97      873     1722    1010    219     -369    695     694     1223    1659    1659    1845    1359    1068    602     235     
2196   2013 861     393     1343    75      680     1669    991     71      -96     438     725     877     1429    1882    1688    1444    1189    333     278     
2196   2014 994     534     1371    353     849     1590    1186    377     410     597     895     1058    1622    1615    1534    1498    1268    789     233     
2196   2015 1001    515     1516    143     921     1887    919     168     17      575     901     1286    1722    2109    1823    1232    846     682     574     
2196   2016 950     541     1424    433     764     1704    995     371     349     413     789     1091    1532    1817    1758    1546    888     555     277     
2196   2017 955     461     1460    193     902     1847    900     -160    490     720     752     1229    1795    1844    1900    1222    1089    384     166     
2196   2018 -999999 433     -999999 203     926     -999999 1079    509     -94     489     1046    1247    1613    -999999 -999999 1536    1083    619     397     
