EUROPEAN CLIMATE ASSESSMENT & DATASET (ECA&D), file created on: 13-11-2019
THESE DATA CAN BE USED FOR NON-COMMERCIAL RESEARCH AND EDUCATION PROVIDED THAT THE FOLLOWING SOURCE IS ACKNOWLEDGED: 

Klein Tank, A.M.G. and Coauthors, 2002. Daily dataset of 20th-century surface
air temperature and precipitation series for the European Climate Assessment.
Int. J. of Climatol., 22, 1441-1453.
Data and metadata available at http://www.ecad.eu

FILE FORMAT (MISSING VALUE CODE = -999999):

THIS FILE HOLDS DATA FOR STATION SWEDEN                                   ULVOBERG                                 (STAID:   5741)
LATITUDE: dd:mm:ss +64:45:36
LONGITUDE: ddd:mm:ss +017:13:11
ELEVATION: m  520

DATA IS FOR INDEX Mean of daily mean temperature (TG) with unit 0.01 Temperature (&#176;C)

01-06 SOUID: Source identifier
08-11 YEAR : YYYY
13-20 ANNUAL DATA VALUES
21-28 WINTER HALF YEAR DATA VALUES
29-36 SUMMER HALF YEAR DATA VALUES
37-44 WINTER (DJF) DATA VALUES
45-52 SPRING (MAM) DATA VALUES
53-60 SUMMER (JJA) DATA VALUES
61-68 AUTUMN (SON) DATA VALUES
69-76 JANUARY DATA VALUES
etc. 
157-164 DECEMBER DATA VALUES

5741   1961 153     -999999 766     -999999 -17     1169    332     -1043   -497    -394    -145    483     1195    1279    1034    735     521     -267    -1105   
5741   1962 -48     -643    609     -1012   -230    914     65      -1009   -912    -1101   21      396     796     1063    880     483     229     -521    -953    
5741   1963 -999999 -999999 839     -999999 19      1109    84      -1140   -999999 -863    29      893     1018    1137    1171    762     194     -707    -759    
5741   1964 72      -560    653     -799    57      940     76      -576    -1080   -469    1       638     818     1075    923     441     273     -493    -746    
5741   1965 -29     -563    711     -858    -73     1023    18      -1053   -765    -611    64      335     1045    1056    968     792     195     -939    -1474   
5741   1966 -130    -1088   670     -1655   -270    1193    -48     -1592   -1924   -872    -360    418     1405    1212    970     358     -38     -465    -795    
5741   1967 43      -612    737     -963    14      1097    209     -1429   -633    -310    -110    458     950     1164    1171    769     64      -202    -1396   
5741   1968 -73     -751    680     -1287   -80     1079    -271    -1318   -1136   -525    40      248     1130    1131    979     544     -467    -883    -653    
5741   1969 -9      -866    796     -1053   -129    1320    -58     -1109   -1436   -707    -76     399     1281    1204    1475    469     153     -801    -1072   
5741   1970 -3      -851    775     -1317   -76     1264    -79     -1289   -1619   -554    -272    590     1461    1218    1119    514     -3      -752    -577    
5741   1971 -15     -678    658     -756    -268    1060    -109    -754    -956    -1055   -228    481     1005    1168    1005    493     -10     -815    -588    
5741   1972 131     -655    809     -880    -18     1298    24      -1247   -800    -482    -83     507     1305    1513    1075    516     103     -549    -326    
5741   1973 48      -373    717     -538    16      1234    -240    -395    -929    -203    -206    450     1132    1633    935     331     -278    -771    -1207   
5741   1974 153     -656    817     -821    110     1113    20      -586    -654    -443    143     631     1141    1149    1049    778     -45     -672    -714    
5741   1975 163     -498    729     -649    56      1049    206     -760    -455    -342    -91     598     860     1209    1072    702     150     -233    -797    
5741   1976 -11     -627    726     -979    -17     1109    -96     -1396   -727    -752    -130    826     997     1170    1155    302     -123    -468    -1004   
5741   1977 -19     -740    606     -1157   -128    1040    25      -1225   -1253   -409    -339    357     918     1176    1022    481     114     -522    -642    
5741   1978 -85     -677    685     -1008   -133    1117    -23     -1015   -1405   -658    -241    495     1116    1258    978     480     13      -563    -1575   
5741   1979 -34     -886    727     -1426   -48     1161    -69     -1519   -1157   -532    -135    521     1174    1235    1073    473     -147    -530    -935    
5741   1980 -23     -817    884     -1148   -52     1309    -176    -1340   -1172   -792    109     532     1344    1425    1159    720     -197    -1052   -1044   
5741   1981 -73     -912    763     -1045   -124    1055    -31     -1031   -1060   -1106   -77     814     874     1280    1005    653     -10     -737    -1546   
5741   1982 40      -797    675     -1231   -1      1038    53      -1364   -735    -384    -36     416     761     1237    1107    540     40      -421    -734    
5741   1983 52      -575    752     -821    28      1041    -16     -875    -857    -626    11      697     934     1244    940     663     33      -746    -859    
5741   1984 90      -717    810     -935    93      1087    6       -1299   -628    -798    134     944     1020    1200    1038    500     103     -589    -570    
5741   1985 -172    -840    681     -1324   -160    1146    -44     -1667   -1780   -617    -248    382     1098    1261    1078    492     225     -857    -1542   
5741   1986 4       -823    696     -1351   60      1122    62      -1436   -1044   -304    -248    722     1333    1251    789     308     153     -278    -1271   
5741   1987 -67     -855    634     -1404   -153    968     153     -1768   -1148   -830    -49     425     955     1134    814     510     364     -422    -848    
5741   1988 52      -573    811     -883    -138    1274    -34     -817    -990    -746    -307    632     1269    1490    1064    692     -58     -736    -915    
5741   1989 178     -488    770     -620    109     1119    116     -376    -563    -293    78      541     1105    1183    1069    629     25      -303    -1001   
5741   1990 187     -482    795     -772    114     1176    53      -1017   -246    -321    103     561     1084    1273    1167    561     197     -604    -542    
5741   1991 107     -539    732     -799    -18     1173    53      -717    -1176   -455    71      334     877     1379    1253    452     43      -336    -549    
5741   1992 103     -367    714     -550    33      1080    -181    -597    -499    -268    -382    736     1259    1057    929     666     -555    -643    -495    
5741   1993 49      -607    692     -674    122     986     -126    -809    -724    -429    24      767     740     1248    963     379     -160    -596    -880    
5741   1994 16      -822    767     -1187   -34     1168    -35     -1243   -1464   -644    128     420     835     1517    1143    535     -56     -582    -515    
5741   1995 60      -501    688     -667    -56     1105    32      -866    -615    -386    -202    414     1163    1101    1052    581     205     -694    -1075   
5741   1996 46      -667    767     -1013   -16     1175    7       -759    -1217   -495    3       446     974     1183    1360    611     193     -789    -1021   
5741   1997 126     -580    821     -826    -123    1404    17      -677    -774    -437    -320    382     -999999 1596    1344    743     -123    -564    -742    
5741   1998 48      -613    705     -776    -151    1086    6       -718    -878    -675    -253    472     992     1300    963     737     61      -781    -712    
5741   1999 -999999 -671    -999999 -929    -10     -999999 328     -1114   -963    -550    93      430     1167    1246    -999999 897     139     -46     -1092   
5741   2000 -999999 -517    -999999 -868    62      -999999 349     -757    -746    -601    79      707     -999999 1338    -999999 658     401     -15     -628    
5741   2001 -999999 -498    -999999 -811    -173    -999999 178     -560    -1292   -957    -40     484     1143    1285    -999999 739     222     -429    -931    
5741   2002 -999999 -502    -999999 -778    212     -999999 -113    -821    -560    -499    258     880     1363    1470    -999999 643     -222    -757    -1069   
5741   2003 -999999 -682    -999999 -993    156     -999999 46      -1214   -665    -165    12      616     1111    1706    -999999 644     -95     -408    -675    
5741   2004 -999999 -568    -999999 -835    150     -999999 8       -1022   -808    -412    242     624     962     1269    -999999 676     14      -665    -999999 
5741   2005 -999999 -999999 -999999 -999999 -999999 -999999 -999999 -999999 -999999 -999999 -999999 -999999 -999999 -999999 -999999 -999999 -999999 -999999 -999999 
