EUROPEAN CLIMATE ASSESSMENT & DATASET (ECA&D), file created on: 13-11-2019
THESE DATA CAN BE USED FOR NON-COMMERCIAL RESEARCH AND EDUCATION PROVIDED THAT THE FOLLOWING SOURCE IS ACKNOWLEDGED: 

Klein Tank, A.M.G. and Coauthors, 2002. Daily dataset of 20th-century surface
air temperature and precipitation series for the European Climate Assessment.
Int. J. of Climatol., 22, 1441-1453.
Data and metadata available at http://www.ecad.eu

FILE FORMAT (MISSING VALUE CODE = -999999):

THIS FILE HOLDS DATA FOR STATION CROATIA                                  DUBROVNIK                                (STAID:  10963)
LATITUDE: dd:mm:ss +42:33:36
LONGITUDE: ddd:mm:ss +018:16:12
ELEVATION: m   52

DATA IS FOR INDEX Mean of daily mean temperature (TG) with unit 0.01 Temperature (&#176;C)

01-06 SOUID: Source identifier
08-11 YEAR : YYYY
13-20 ANNUAL DATA VALUES
21-28 WINTER HALF YEAR DATA VALUES
29-36 SUMMER HALF YEAR DATA VALUES
37-44 WINTER (DJF) DATA VALUES
45-52 SPRING (MAM) DATA VALUES
53-60 SUMMER (JJA) DATA VALUES
61-68 AUTUMN (SON) DATA VALUES
69-76 JANUARY DATA VALUES
etc. 
157-164 DECEMBER DATA VALUES

10963  1961 1669    -999999 2090    -999999 1512    2340    1843    906     982     1241    1600    1697    2188    2380    2448    2216    1859    1452    1015    
10963  1962 1649    1189    2112    953     1403    2388    1866    1035    794     947     1429    1835    2142    2408    2605    2234    1925    1438    936     
10963  1963 1658    1124    2147    787     1450    2447    1853    608     822     998     1493    1859    2268    2573    2493    2181    1766    1615    1170    
10963  1964 1628    1229    2074    941     1459    2389    1735    767     881     1165    1426    1784    2348    2455    2364    2056    1727    1423    1111    
10963  1965 1589    1144    2011    856     1379    2312    1776    952     468     1129    1269    1736    2158    2434    2338    2113    1739    1477    1172    
10963  1966 1669    1204    2132    991     1447    2402    1862    664     1154    1022    1530    1793    2215    2401    2585    2254    1968    1361    1055    
10963  1967 1672    1205    2114    895     1482    2406    1898    761     866     1191    1422    1830    2086    2547    2574    2204    1969    1520    1040    
10963  1968 1681    1233    2160    924     1626    2353    1805    635     1110    1125    1638    2116    2248    2509    2297    2138    1803    1476    1068    
10963  1969 1639    1213    2066    972     1473    2283    1870    916     927     1067    1359    1988    2094    2372    2378    2185    1867    1559    911     
10963  1970 1639    1226    2076    949     1374    2386    1771    1033    898     1070    1356    1695    2224    2447    2483    2237    1673    1406    1102    
10963  1971 1619    1173    2089    1034    1413    2400    1622    1081    907     849     1459    1933    2176    2446    2570    1926    1568    1373    1081    
10963  1972 1611    1239    2039    1068    1511    2355    1542    1038    1088    1281    1486    1765    2291    2409    2363    1906    1433    1291    969     
10963  1973 1637    1092    2105    951     1349    2410    1811    979     900     971     1217    1855    2249    2502    2473    2318    1859    1255    1008    
10963  1974 1606    1231    2048    1026    1392    2355    1643    983     1095    1173    1338    1664    2090    2409    2557    2216    1464    1255    992     
10963  1975 1630    1114    2082    909     1477    2325    1769    886     844     1220    1407    1803    2151    2429    2391    2297    1771    1238    1065    
10963  1976 1563    1164    1961    979     1393    2233    1669    825     1051    1028    1323    1825    2175    2402    2119    1907    1790    1306    988     
10963  1977 1650    1244    2052    1023    1511    2328    1730    988     1099    1279    1363    1886    2113    2449    2416    2064    1718    1408    973     
10963  1978 -999999 -999999 -999999 940     -999999 2347    1741    896     953     -999999 -999999 1682    2226    2430    2380    2011    1767    -999999 -999999 
10963  1979 1653    -999999 2048    -999999 1496    2337    1744    790     1098    1280    1336    1866    2307    2395    2307    2063    1774    1394    1186    
10963  1980 1543    1193    1944    967     1270    2271    1772    758     957     1080    1163    1565    2035    2332    2438    2117    1817    1380    855     
10963  1981 1591    1133    2068    781     1474    2356    1697    643     850     1232    1439    1751    2271    2377    2415    2144    1851    1091    974     
10963  1982 1677    1116    2150    892     1439    2417    1883    905     786     1057    1363    1893    2350    2443    2457    2380    1833    1437    1159    
10963  1983 1614    1218    2086    960     1491    2345    1688    988     709     1143    1460    1869    2088    2554    2384    2145    1692    1228    1032    
10963  1984 1585    1130    1973    948     1356    2228    1789    946     862     1005    1377    1686    2037    2318    2323    2080    1845    1441    1067    
10963  1985 1630    1149    2121    825     1482    2388    1767    729     663     1110    1450    1884    2154    2490    2512    2215    1728    1359    1197    
10963  1986 1673    1205    2153    986     1561    2403    1819    903     843     1169    1473    2038    2246    2373    2586    2183    1834    1441    922     
10963  1987 1633    1127    2101    927     1222    2404    1900    844     1026    698     1405    1569    2126    2605    2471    2421    1853    1426    1117    
10963  1988 1637    1258    2127    1082    1431    2455    1628    1142    980     1015    1389    1887    2149    2668    2539    2105    1764    1010    953     
10963  1989 1615    1190    2023    1004    1520    2279    1622    976     1093    1331    1476    1752    2020    2410    2397    2065    1589    1214    1016    
10963  1990 1664    1190    2072    1019    1508    2377    1782    915     1138    1264    1394    1863    2159    2463    2502    2031    1858    1453    886     
10963  1991 1588    1213    2027    866     1384    2372    1781    876     831     1341    1283    1525    2166    2409    2533    2235    1730    1381    699     
10963  1992 1706    1140    2171    855     1515    2462    1879    957     912     1152    1425    1966    2145    2489    2741    2237    1903    1497    1014    
10963  1993 1665    1174    2153    905     1418    2480    1784    915     773     915     1377    1960    2347    2414    2674    2126    1945    1275    1192    
10963  1994 1785    1300    2255    1080    1573    2581    1926    1048    992     1321    1434    1959    2291    2731    2713    2378    1899    1502    1095    
10963  1995 1607    1234    2053    1002    1348    2415    1625    821     1100    986     1308    1750    2191    2635    2412    2001    1766    1103    1171    
10963  1996 1592    1130    2051    989     1403    2384    1641    982     803     934     1394    1882    2289    2404    2455    1862    1666    1393    1010    
10963  1997 1655    1233    2060    1034    1403    2380    1760    1065    1027    1225    1115    1859    2251    2432    2452    2230    1607    1448    1105    
10963  1998 1663    1228    2150    1116    1388    2513    1709    1070    1179    962     1412    1792    2304    2565    2664    2145    1775    1204    853     
10963  1999 1716    1142    2198    884     1553    2487    1840    972     820     1201    1447    2006    2339    2520    2598    2262    1876    1382    1100    
10963  2000 1720    1184    2201    933     1577    2451    1886    749     951     1038    1587    2108    2389    2426    2535    2146    1883    1628    1172    
10963  2001 1703    1382    2153    1120    1599    2502    1735    1109    1074    1405    1390    1996    2217    2586    2692    2007    1919    1273    705     
10963  2002 1743    1223    2179    913     1598    2515    1797    848     1216    1378    1493    1919    2451    2647    2445    2101    1765    1525    1100    
10963  2003 1745    1210    2292    937     1559    2695    1770    1041    640     1143    1387    2140    2658    2670    2755    2117    1687    1508    1109    
10963  2004 1687    1206    2127    967     1455    2451    1834    813     980     1135    1528    1704    2278    2585    2483    2170    1965    1364    1208    
10963  2005 1611    1179    2116    903     1453    2369    1768    812     668     1015    1368    1972    2240    2480    2383    2238    1749    1318    1018    
10963  2006 1669    1143    2161    911     1489    2412    1817    812     903     1040    1523    1905    2227    2570    2433    2292    1909    1248    1117    
10963  2007 1730    1289    2242    1102    1635    2580    1657    1083    1109    1252    1617    2036    2451    2660    2624    2042    1705    1222    909     
10963  2008 1730    1170    2197    952     1545    2550    1799    992     956     1227    1467    1938    2394    2618    2634    2112    1807    1477    1101    
10963  2009 1741    1224    2274    972     1614    2523    1820    1000    798     1127    1587    2126    2265    2615    2681    2352    1707    1406    1154    
10963  2010 1658    1204    2142    995     1503    2459    1728    889     936     1110    1569    1833    2304    2601    2468    2059    1638    1490    960     
10963  2011 1778    1196    2298    940     1585    2564    1943    857     1009    1215    1592    1947    2444    2540    2705    2552    1823    1460    1146    
10963  2012 1768    1229    2297    913     1556    2699    1960    834     748     1342    1451    1871    2504    2818    2770    2350    1913    1617    960     
10963  2013 1757    1264    2219    974     1543    2515    1891    1011    948     1119    1591    1921    2273    2621    2643    2248    1857    1570    1222    
10963  2014 1774    1409    2142    1230    1557    2454    1859    1186    1287    1325    1543    1803    2333    2463    2564    2135    1844    1598    1182    
10963  2015 1795    1303    2286    1056    1539    2642    1921    1002    978     1195    1445    1975    2383    2799    2735    2359    1862    1544    1205    
10963  2016 1769    1357    2253    1156    1600    2573    1798    990     1281    1262    1684    1858    2383    2700    2630    2246    1754    1394    1032    
10963  2017 1742    1238    2241    947     1613    2621    1779    638     1194    1414    1497    1926    2451    2667    2739    2144    1788    1404    1009    
10963  2018 1843    1228    2384    1005    1726    2631    1978    1098    897     1147    1838    2195    2441    2636    2809    2368    2013    1553    1059    
