EUROPEAN CLIMATE ASSESSMENT & DATASET (ECA&D), file created on: 13-11-2019
THESE DATA CAN BE USED FOR NON-COMMERCIAL RESEARCH AND EDUCATION PROVIDED THAT THE FOLLOWING SOURCE IS ACKNOWLEDGED: 

Klein Tank, A.M.G. and Coauthors, 2002. Daily dataset of 20th-century surface
air temperature and precipitation series for the European Climate Assessment.
Int. J. of Climatol., 22, 1441-1453.
Data and metadata available at http://www.ecad.eu

FILE FORMAT (MISSING VALUE CODE = -999999):

THIS FILE HOLDS DATA FOR STATION ITALY                                    TAVAZZANO CON VILLAVESCO (ENEL SUOLO)    (STAID:  11488)
LATITUDE: dd:mm:ss +45:20:08
LONGITUDE: ddd:mm:ss +009:25:35
ELEVATION: m   80

DATA IS FOR INDEX Mean of daily mean temperature (TG) with unit 0.01 Temperature (&#176;C)

01-06 SOUID: Source identifier
08-11 YEAR : YYYY
13-20 ANNUAL DATA VALUES
21-28 WINTER HALF YEAR DATA VALUES
29-36 SUMMER HALF YEAR DATA VALUES
37-44 WINTER (DJF) DATA VALUES
45-52 SPRING (MAM) DATA VALUES
53-60 SUMMER (JJA) DATA VALUES
61-68 AUTUMN (SON) DATA VALUES
69-76 JANUARY DATA VALUES
etc. 
157-164 DECEMBER DATA VALUES

11488  1993 -999999 -999999 1919    -999999 -999999 2255    1196    -999999 -999999 -999999 1205    1809    2225    2178    2357    1750    1255    583     279     
11488  1994 -999999 396     199     117     139     238     -999999 35      33      112     122     179     211     257     244     179     120     -999999 -999999 
11488  1995 -999999 -999999 -999999 -999999 -999999 219     -999999 10      49      75      129     -999999 192     251     212     -999999 -999999 65      29      
11488  1996 -999999 -999999 -999999 154     1244    -999999 1193    187     252     678     1288    1748    2231    -999999 2146    1544    1266    766     323     
11488  1997 -999999 -999999 -999999 -999999 -999999 2188    1346    -999999 -999999 -999999 -999999 -999999 2015    2243    2295    1954    1359    726     312     
11488  1998 -999999 693     -999999 395     1267    -999999 1202    297     604     851     1180    1785    2206    -999999 2438    1849    1273    482     87      
11488  1999 -999999 546     -999999 220     -999999 2303    1260    245     335     837     1276    -999999 2134    2453    2316    1939    1312    550     114     
11488  2000 1339    586     1992    238     1377    2249    1366    101     514     903     1308    1936    2246    2202    2299    1944    1405    748     458     
11488  2001 1294    732     1935    418     1333    2303    1268    282     523     954     1149    1890    2119    2363    2423    1652    1542    600     -1      
11488  2002 1326    610     1923    152     1344    2246    1357    -24     516     1016    1257    1755    2308    2268    2164    1774    1344    955     504     
11488  2003 1403    698     2163    305     1402    2604    1304    217     190     933     1244    2024    2605    2515    2693    1876    1191    848     413     
11488  2004 1330    650     1986    351     1296    2301    1387    234     411     793     1334    1763    2314    2315    2273    1907    1491    758     339     
11488  2005 1220    615     1925    210     1267    2216    1273    113     176     774     1164    1859    2264    2320    2070    1870    1286    662     55      
11488  2006 1298    481     1979    55      1289    2257    1422    -69     193     738     1312    1818    2192    2514    2062    1962    1436    868     427     
11488  2007 1342    793     1989    496     1467    2223    1240    511     552     909     1611    1885    2140    2345    2181    1757    1285    677     173     
11488  2008 1348    663     1968    355     1349    2286    1355    389     513     933     1253    1860    2177    2369    2310    1821    1455    785     281     
11488  2009 1387    645     2124    219     1473    2396    1459    -7      402     932     1427    2057    2257    2433    2494    2057    1361    961     210     
11488  2010 1319    658     2022    249     1339    2374    1311    140     413     851     1388    1778    2264    2579    2275    1826    1248    862     154     
11488  2011 1389    665     2087    299     1524    2258    1388    245     521     952     1636    1987    2119    2257    2393    2119    1342    704     340     
11488  2012 1363    638     2056    200     1430    2414    1455    186     64      1158    1296    1831    2292    2420    2525    1953    1437    976     161     
11488  2013 1347    642     2015    239     1229    2371    1459    296     262     695     1352    1645    2235    2536    2336    1970    1519    886     355     
11488  2014 1497    856     2017    528     1500    2238    1600    529     717     1116    1538    1848    2248    2234    2232    1995    1616    1159    578     
11488  2015 1468    -999999 2164    491     1505    2537    1338    431     467     1033    1479    1987    2353    2823    2426    1899    1307    809     475     
11488  2016 1412    746     2096    478     1392    2400    1431    321     650     929     1509    1741    2228    2569    2397    2118    1318    813     295     
11488  2017 -999999 698     2146    296     1513    2546    1339    51      590     1156    1460    1923    2506    2560    2570    1826    1438    767     -999999 
