EUROPEAN CLIMATE ASSESSMENT & DATASET (ECA&D), file created on: 13-11-2019
THESE DATA CAN BE USED FOR NON-COMMERCIAL RESEARCH AND EDUCATION PROVIDED THAT THE FOLLOWING SOURCE IS ACKNOWLEDGED: 

Klein Tank, A.M.G. and Coauthors, 2002. Daily dataset of 20th-century surface
air temperature and precipitation series for the European Climate Assessment.
Int. J. of Climatol., 22, 1441-1453.
Data and metadata available at http://www.ecad.eu

FILE FORMAT (MISSING VALUE CODE = -999999):

THIS FILE HOLDS DATA FOR STATION SWEDEN                                   KIRUNA_FLYGPLATS                         (STAID:   5855)
LATITUDE: dd:mm:ss +67:49:48
LONGITUDE: ddd:mm:ss +020:20:24
ELEVATION: m  459

DATA IS FOR INDEX Mean of daily mean temperature (TG) with unit 0.01 Temperature (&#176;C)

01-06 SOUID: Source identifier
08-11 YEAR : YYYY
13-20 ANNUAL DATA VALUES
21-28 WINTER HALF YEAR DATA VALUES
29-36 SUMMER HALF YEAR DATA VALUES
37-44 WINTER (DJF) DATA VALUES
45-52 SPRING (MAM) DATA VALUES
53-60 SUMMER (JJA) DATA VALUES
61-68 AUTUMN (SON) DATA VALUES
69-76 JANUARY DATA VALUES
etc. 
157-164 DECEMBER DATA VALUES

5855   1957 -999999 -999999 -999999 -999999 -999999 -999999 29      -999999 -999999 -999999 -999999 -999999 -999999 1410    930     461     -54     -318    -844    
5855   1958 -70     -742    607     -1071   -316    1028    203     -1371   -992    -885    -251    190     891     1024    1163    604     148     -141    -1267   
5855   1959 85      -456    634     -875    -7      1072    -11     -1137   -151    -146    -251    368     937     1172    1102    451     24      -508    -854    
5855   1960 2       -719    802     -1135   52      1198    -105    -1287   -1272   -449    10      595     1045    1454    1087    608     -317    -601    -891    
5855   1961 -78     -810    635     -1084   -323    1150    115     -1400   -942    -720    -536    281     1063    1346    1037    592     302     -556    -1455   
5855   1962 -225    -935    523     -1313   -471    878     -30     -1271   -1202   -1440   -203    240     745     1027    857     456     51      -601    -1413   
5855   1963 -81     -930    738     -1301   -147    993     -65     -1113   -1386   -1150   -159    866     803     1050    1119    721     -32     -887    -904    
5855   1964 -63     -748    538     -931    -247    935     -34     -481    -1441   -792    -354    401     791     1127    882     354     240     -703    -863    
5855   1965 -271    -790    504     -1096   -446    903     -181    -1437   -977    -1015   -253    -63     874     925     909     625     -49     -1123   -1697   
5855   1966 -361    -1346   487     -1859   -632    1084    -270    -1798   -2105   -1370   -666    138     1146    1245    863     169     -407    -567    -1095   
5855   1967 -146    -891    634     -1282   -200    1032    52      -1666   -1064   -551    -301    249     869     1114    1108    748     -241    -340    -1719   
5855   1968 -282    -1079   476     -1676   -398    926     -361    -1925   -1363   -878    -223    -86     898     1021    859     376     -716    -730    -637    
5855   1969 -240    -1061   621     -1322   -439    1217    -195    -1548   -1829   -969    -435    87      1088    1255    1304    401     -25     -966    -1361   
5855   1970 -161    -1044   645     -1507   -349    1225    -232    -1441   -1741   -797    -608    349     1269    1302    1104    426     -157    -968    -795    
5855   1971 -236    -971    547     -1132   -538    1036    -316    -1225   -1403   -1321   -509    217     989     1087    1031    440     -204    -1187   -842    
5855   1972 -33     -889    715     -1094   -246    1280    -168    -1211   -1238   -681    -311    251     1243    1487    1109    487     -80     -916    -594    
5855   1973 -190    -718    597     -897    -287    1175    -416    -846    -1287   -649    -429    214     1054    1565    902     249     -465    -1030   -1646   
5855   1974 -36     -942    699     -1175   -130    1091    -163    -938    -914    -658    -122    389     1067    1201    1004    638     -254    -871    -1031   
5855   1975 -58     -755    548     -974    -128    861     -3      -1256   -600    -505    -309    423     717     1010    852     571     -57     -520    -1053   
5855   1976 -219    -880    592     -1266   -213    1006    -334    -1800   -924    -918    -333    608     839     1117    1057    233     -367    -867    -1295   
5855   1977 -224    -1031   456     -1420   -405    957     -175    -1544   -1420   -727    -583    89      717     1132    1014    336     -204    -658    -931    
5855   1978 -231    -923    591     -1276   -300    1064    -176    -1535   -1372   -875    -403    375     1018    1282    890     355     -218    -664    -1699   
5855   1979 -177    -1094   649     -1641   -261    1134    -233    -1702   -1509   -801    -325    342     1054    1282    1063    456     -394    -757    -925    
5855   1980 -171    -998    780     -1306   -207    1263    -276    -1521   -1486   -933    -72     389     1340    1391    1060    555     -312    -1071   -1425   
5855   1981 -278    -1155   598     -1387   -364    928     -202    -1316   -1424   -1406   -254    571     620     1219    934     469     -189    -886    -1751   
5855   1982 -102    -940    536     -1308   -210    925     -115    -1363   -756    -673    -227    270     560     1225    978     384     -73     -656    -943    
5855   1983 -127    -767    655     -1017   -146    975     -213    -1108   -998    -844    -121    527     854     1209    858     583     -192    -1031   -1320   
5855   1984 -91     -948    673     -1181   -110    1006    -270    -1521   -668    -938    -135    742     998     1086    934     388     -179    -1021   -795    
5855   1985 -294    -1083   597     -1515   -350    1107    -121    -1730   -2074   -795    -503    242     966     1304    1047    498     43      -910    -1745   
5855   1986 -161    -983    608     -1521   -122    1089    -109    -1694   -1082   -515    -380    520     1237    1232    802     213     45      -589    -1776   
5855   1987 -246    -1112   512     -1685   -400    892     -3      -1845   -1406   -1112   -325    238     828     1098    748     468     360     -848    -1228   
5855   1988 -163    -927    681     -1345   -387    1173    -120    -1323   -1493   -1062   -505    402     1118    1418    982     646     -110    -897    -1185   
5855   1989 10      -723    699     -940    -35     1054    -60     -707    -927    -538    -5      438     1015    1061    1085    582     -299    -454    -1181   
5855   1990 24      -746    687     -1039   -123    1116    -99     -1398   -483    -626    -108    365     1001    1222    1123    498     71      -870    -538    
5855   1991 -76     -756    620     -951    -268    1097    -189    -912    -1453   -903    -159    263     920     1209    1156    308     -95     -784    -579    
5855   1992 -62     -553    609     -647    -152    995     -454    -687    -678    -510    -500    544     1187    990     814     602     -875    -1076   -584    
5855   1993 -131    -832    540     -756    -235    961     -240    -918    -766    -775    -338    405     666     1260    947     266     -336    -648    -1384   
5855   1994 -999999 -999999 -999999 -999999 -999999 -999999 -999999 -999999 -999999 -999999 -999999 -999999 -999999 -999999 -999999 -999999 -999999 -999999 -999999 
5855   1995 -999999 -999999 -999999 -999999 -999999 -999999 -999999 -999999 -999999 -999999 -999999 -999999 -999999 -999999 -999999 -999999 -999999 -999999 -999999 
5855   1996 -999999 -999999 -999999 -999999 -339    -999999 -190    -999999 -1395   -759    -334    77      876     1195    -999999 429     24      -1029   -1158   
5855   1997 -66     -820    670     -1057   -386    1248    -165    -927    -1090   -771    -631    235     1091    1438    1210    646     -165    -974    -937    
5855   1998 -999999 -956    -999999 -1194   -418    1035    -999999 -1079   -1605   -1039   -455    239     814     1333    951     -999999 -999999 -1153   -1069   
5855   1999 -999999 -999999 -999999 -1307   -999999 1072    201     -1501   -1355   -999999 -999999 255     1185    1218    817     828     32      -250    -1279   
5855   2000 33      -679    689     -1059   -154    1074    185     -919    -974    -687    -258    480     867     1300    1048    671     287     -406    -1055   
5855   2001 -75     -756    705     -1066   -428    1165    45      -733    -1446   -1238   -368    323     1173    1217    1105    762     -24     -601    -1156   
5855   2002 -48     -781    869     -1105   -16     1322    -351    -1153   -995    -772    60      668     1287    1340    1340    495     -462    -1083   -1361   
5855   2003 0       -971    773     -1295   -29     1240    -57     -1783   -682    -431    -189    527     971     1625    1117    554     -103    -620    -1024   
5855   2004 -15     -807    734     -1176   -53     1110    -70     -1419   -1079   -609    -12     463     822     1392    1105    608     -63     -755    -679    
5855   2005 26      -704    743     -852    -204    1198    99      -863    -1030   -870    -6      271     1049    1432    1108    585     130     -418    -1145   
5855   2006 24      -764    810     -1050   -237    1252    -77     -937    -1069   -1161   -92     547     1057    1300    1393    628     -302    -549    -606    
5855   2007 18      -771    715     -1151   -22     1173    11      -1311   -1579   -347    -73     352     1053    1319    1144    475     235     -683    -498    
5855   2008 -24     -579    646     -684    -278    1058    -94     -788    -772    -984    -215    366     952     1291    928     530     -62     -753    -804    
5855   2009 -18     -776    796     -1055   -32     1147    -5      -951    -1448   -703    -127    730     933     1237    1265    709     -262    -454    -1252   
5855   2010 -157    -954    706     -1384   -134    1043    -164    -1282   -1644   -881    -79     560     815     1298    1009    606     29      -1132   -1302   
5855   2011 108     -977    875     -1398   15      1262    282     -1244   -1675   -610    164     497     1277    1417    1094    791     186     -128    -591    
5855   2012 -111    -562    615     -1018   -109    1033    -42     -1207   -1273   -389    -288    344     829     1192    1072    512     -112    -525    -1532   
5855   2013 61      -860    865     -1147   -160    1245    30      -986    -897    -1101   -196    817     1220    1305    1210    812     -70     -649    -798    
5855   2014 72      -665    821     -956    -42     1308    -18     -1585   -434    -433    -63     371     964     1762    1188    675     -15     -714    -885    
5855   2015 111     -654    757     -969    20      1097    174     -1325   -668    -320    -15     395     840     1154    1289    860     105     -441    -593    
5855   2016 53      -644    816     -1029   73      1123    25      -1576   -910    -459    -72     745     951     1419    992     835     43      -804    -567    
5855   2017 -20     -600    629     -744    -254    1099    -43     -786    -894    -624    -336    193     1024    1242    1028    604     -26     -709    -1018   
5855   2018 18      -954    862     -1315   -106    1240    166     -1395   -1556   -1067   -41     794     819     1748    1138    675     -37     -135    -837    
5855   2019 -999999 -703    793     -1103   -64     1203    -999999 -1410   -1058   -758    115     457     1050    1341    1213    563     -397    -999999 -999999 
