EUROPEAN CLIMATE ASSESSMENT & DATASET (ECA&D), file created on: 13-11-2019
THESE DATA CAN BE USED FOR NON-COMMERCIAL RESEARCH AND EDUCATION PROVIDED THAT THE FOLLOWING SOURCE IS ACKNOWLEDGED: 

Klein Tank, A.M.G. and Coauthors, 2002. Daily dataset of 20th-century surface
air temperature and precipitation series for the European Climate Assessment.
Int. J. of Climatol., 22, 1441-1453.
Data and metadata available at http://www.ecad.eu

FILE FORMAT (MISSING VALUE CODE = -999999):

THIS FILE HOLDS DATA FOR STATION RUSSIAN FEDERATION                       TERIBERKA                                (STAID:   1068)
LATITUDE: dd:mm:ss +69:12:00
LONGITUDE: ddd:mm:ss +035:06:00
ELEVATION: m   33

DATA IS FOR INDEX Mean of daily mean temperature (TG) with unit 0.01 Temperature (&#176;C)

01-06 SOUID: Source identifier
08-11 YEAR : YYYY
13-20 ANNUAL DATA VALUES
21-28 WINTER HALF YEAR DATA VALUES
29-36 SUMMER HALF YEAR DATA VALUES
37-44 WINTER (DJF) DATA VALUES
45-52 SPRING (MAM) DATA VALUES
53-60 SUMMER (JJA) DATA VALUES
61-68 AUTUMN (SON) DATA VALUES
69-76 JANUARY DATA VALUES
etc. 
157-164 DECEMBER DATA VALUES

1068   1900 -63     -999999 450     -999999 -264    772     158     -857    -1145   -685    -294    185     419     810     1076    484     98      -85     -833    
1068   1901 44      -480    636     -769    -153    977     253     -379    -1130   -584    -80     206     895     1124    910     750     497     -497    -1272   
1068   1902 -223    -780    325     -1191   -599    723     -151    -1180   -1113   -1136   -542    -116    292     936     926     426     -389    -482    -363    
1068   1903 56      -493    547     -606    -75     892     0       -831    -626    -279    -159    210     755     885     1030    547     -246    -293    -364    
1068   1904 -999999 -507    -999999 -653    -84     951     -999999 -416    -1214   -546    67      233     891     942     1018    -999999 341     -696    -952    
1068   1905 -999999 -999999 -999999 -999999 -999999 -999999 29      -999999 -999999 -999999 -999999 -999999 -999999 1176    1053    679     -89     -499    -506    
1068   1906 32      -586    623     -643    -229    919     85      -595    -847    -999    -48     366     794     1188    772     651     185     -584    -562    
1068   1907 71      -537    657     -863    -49     1083    230     -1427   -572    -265    51      70      1175    1068    1007    565     267     -143    -966    
1068   1908 38      -518    583     -922    -140    946     67      -912    -886    -481    -119    180     820     1029    986     587     148     -536    -396    
1068   1909 7       -486    510     -562    -498    956     199     -476    -840    -849    -659    9       462     1217    1174    827     328     -561    -625    
1068   1910 40      -393    504     -592    -84     753     17      -826    -327    -401    -171    316     619     878     757     610     -82     -475    -555    
1068   1911 72      -544    610     -699    -197    962     163     -602    -968    -622    -316    342     585     1145    1144    736     -77     -162    -421    
1068   1912 -999999 -999999 -999999 -999999 -391    -999999 -24     -999999 -1390   -795    -396    17      524     940     -999999 570     -301    -341    -688    
1068   1913 62      -584    663     -737    -192    1085    62      -649    -886    -649    -51     128     530     1543    1165    637     -56     -391    -650    
1068   1914 74      -552    575     -729    -229    935     209     -859    -670    -689    -225    227     913     1024    867     631     195     -200    -372    
1068   1915 -72     -529    589     -706    -329    1004    -2      -949    -806    -1057   -86     163     563     1463    971     432     131     -574    -1165   
1068   1916 -39     -654    450     -918    -393    865     95      -827    -750    -741    -320    -114    547     1261    776     533     -167    -72     -605    
1068   1917 -91     -654    501     -903    -515    991     89      -917    -1219   -977    -439    -128    856     1009    1102    591     199     -525    -721    
1068   1918 -11     -632    508     -987    -184    784     300     -1363   -865    -538    20      -26     708     915     730     711     235     -43     -622    
1068   1919 -1      -537    650     -829    -387    1109    136     -770    -1123   -939    -444    219     1043    1133    1150    779     67      -435    -772    
1068   1920 -999999 -999999 855     -999999 -999999 1237    277     -1025   -999999 -999999 7       574     1032    1425    1246    823     60      -45     -281    
1068   1921 119     -372    782     -616    130     1061    41      -931    -639    -411    205     597     1114    924     1147    691     -66     -498    -748    
1068   1922 146     -564    774     -756    -140    1165    286     -779    -740    -568    -255    400     1078    1244    1171    988     184     -311    -717    
1068   1923 91      -415    552     -679    -239    979     241     -500    -835    -350    -420    46      858     1203    873     738     290     -306    -581    
1068   1924 116     -498    635     -794    -210    1000    376     -780    -1036   -605    -298    271     485     1115    1385    826     422     -122    -328    
1068   1925 43      -308    634     -409    -271    986     24      -332    -583    -925    -120    238     641     1245    1061    716     -99     -540    -834    
1068   1926 7       -551    482     -761    -219    790     154     -664    -789    -405    -315    61      682     780     904     771     -24     -279    -687    
1068   1927 24      -548    593     -795    -280    1064    17      -1134   -540    -616    -332    106     804     1255    1125    578     -91     -433    -471    
1068   1928 85      -430    610     -574    -107    962     50      -688    -561    -346    -147    172     592     1157    1124    743     -108    -481    -461    
1068   1929 33      -592    489     -730    -417    873     335     -874    -870    -784    -746    269     550     908     1149    772     285     -49     -286    
1068   1930 119     -287    628     -402    -219    1051    141     -295    -650    -757    -210    310     770     1204    1171    500     132     -208    -597    
1068   1931 141     -495    693     -745    -118    1100    207     -879    -760    -673    -126    445     544     1538    1199    520     162     -58     -301    
1068   1932 130     -339    612     -468    -247    976     213     -421    -696    -733    -100    98      562     1164    1190    742     74      -173    -189    
1068   1933 -999999 -462    -999999 -595    -999999 -999999 236     -618    -1020   -892    -999999 -999999 -999999 1575    1123    759     166     -215    -624    
1068   1934 215     -411    735     -585    -115    1055    358     -333    -821    -675    -249    574     734     1353    1067    904     266     -95     -228    
1068   1935 102     -300    536     -522    -220    948     260     -586    -776    -423    -319    80      771     1055    1012    601     197     -15     -437    
1068   1936 163     -512    811     -900    -74     1266    267     -968    -1323   -564    -81     424     1217    1219    1362    706     109     -8      -192    
1068   1937 233     -323    853     -444    -23     1242    307     -390    -782    -711    162     484     1142    1166    1416    731     355     -166    -683    
1068   1938 258     -317    776     -605    -18     1118    409     -783    -321    -302    -52     299     695     1461    1185    1046    271     -87     -354    
1068   1939 77      -338    545     -560    -232    992     168     -693    -641    -544    -279    126     766     1008    1196    429     96      -20     -567    
1068   1940 6       -577    629     -850    -302    966     228     -1057   -931    -987    -309    390     640     965     1281    781     207     -303    -641    
1068   1941 -105    -610    511     -854    -493    976     70      -940    -996    -1015   -474    8       493     1273    1148    587     -70     -301    -1035   
1068   1942 -28     -710    566     -986    -380    957     139     -937    -987    -942    -288    92      795     1016    1053    714     71      -365    -624    
1068   1943 204     -435    707     -662    -35     1088    278     -925    -414    -347    -126    365     853     1321    1084    725     128     -14     -241    
1068   1944 136     -308    538     -464    -232    839     438     -560    -601    -568    -308    176     675     829     1007    836     484     -8      -362    
1068   1945 5       -370    613     -648    -264    999     100     -766    -835    -765    -187    164     586     1088    1310    691     -71     -316    -893    
1068   1946 90      -599    620     -838    -251    992     203     -437    -1222   -705    -213    167     815     1143    1013    777     85      -250    -195    
1068   1947 37      -503    612     -646    -320    949     297     -647    -1144   -921    -177    143     850     928     1064    854     267     -228    -625    
1068   1948 119     -467    642     -763    -44     883     315     -1052   -602    -561    -49     478     796     925     926     762     282     -97     -397    
1068   1949 100     -286    553     -451    -122    785     251     -518    -437    -558    -58     251     454     886     1004    768     102     -113    -611    
1068   1950 179     -393    654     -665    15      916     324     -644    -749    -370    130     287     785     728     1230    755     481     -270    -285    
1068   1951 84      -400    628     -677    -143    976     249     -847    -924    -604    76      105     639     920     1359    654     467     -380    -538    
1068   1952 13      -442    596     -609    -334    995     80      -649    -644    -919    -228    148     920     1240    823     659     -36     -379    -795    
1068   1953 152     -604    672     -915    -72     1069    281     -809    -1164   -489    20      256     1019    998     1187    538     302     3       -139    
1068   1954 169     -269    725     -497    -10     1068    135     -538    -848    -440    -25     435     832     1379    986     719     111     -424    -250    
1068   1955 -98     -537    523     -628    -399    868     109     -522    -1163   -1030   -312    149     606     975     1015    686     145     -505    -1299   
1068   1956 -46     -699    475     -1166   -188    846     -8      -917    -1289   -361    -587    370     1033    740     772     506     34      -566    -349    
1068   1957 119     -491    664     -546    -232    1072    239     -682    -613    -787    -147    239     664     1387    1150    664     155     -97     -562    
1068   1958 -35     -511    475     -774    -443    914     296     -970    -791    -815    -463    -52     658     1016    1060    608     251     30      -991    
1068   1959 189     -316    673     -696    -12     1129    194     -779    -276    -117    -372    442     948     1226    1208    560     80      -56     -624    
1068   1960 165     -455    881     -782    85      1280    18      -774    -958    -418    100     572     787     1836    1202    759     -209    -488    -487    
1068   1961 169     -466    647     -563    -222    1128    399     -647    -554    -417    -375    120     1002    1322    1056    738     621     -170    -721    
1068   1962 46      -432    542     -706    -237    789     271     -730    -663    -942    -31     270     628     859     874     638     137     44      -570    
1068   1963 55      -527    681     -761    -143    844     285     -742    -995    -1064   -115    752     534     999     989     904     306     -354    -631    
1068   1964 101     -439    650     -703    -207    1126    158     -493    -1004   -491    -352    216     854     1446    1068    640     331     -502    -566    
1068   1965 -31     -532    542     -782    -262    874     86      -780    -1024   -698    -91     9       751     925     943     708     87      -536    -735    
1068   1966 -173    -847    486     -1092   -594    949     74      -1017   -1572   -1372   -541    133     730     1178    931     459     -142    -89     -867    
1068   1967 191     -472    774     -810    35      1139    381     -902    -643    -194    43      263     884     1220    1304    898     155     96      -873    
1068   1968 -96     -559    420     -1007   -300    794     -25     -1273   -868    -591    -377    64      710     672     997     439     -155    -356    -435    
1068   1969 -102    -651    423     -917    -350    768     151     -1043   -1309   -661    -328    -61     408     968     915     615     222     -384    -655    
1068   1970 97      -529    684     -831    -273    1187    207     -620    -1260   -544    -514    247     852     1427    1271    776     251     -408    -428    
1068   1971 -103    -557    476     -792    -366    839     -18     -791    -1197   -825    -391    117     462     993     1050    597     -6      -645    -692    
1068   1972 -999999 -505    787     -650    -163    1348    -999999 -627    -631    -445    -252    206     996     1622    1415    703     292     -999999 -999999 
1068   1973 -999999 -999999 -999999 -999999 -999999 1127    -999999 -999999 -999999 -999999 -999999 371     912     1381    1081    483     -999999 -999999 -955    
1068   1974 -999999 -999999 -999999 -793    -999999 1249    204     -667    -749    -999999 -999999 99      963     1626    1148    954     163     -504    -165    
1068   1975 152     -299    620     -432    34      854     265     -632    -506    -178    -105    380     694     1060    803     878     93      -170    -538    
1068   1976 26      -476    580     -741    -133    925     18      -1039   -649    -574    -105    280     513     1161    1087    515     -48     -412    -481    
1068   1977 -999999 -999999 -999999 -999999 -999999 945     161     -999999 -999999 -999999 -999999 278     772     1135    924     625     15      -154    -446    
1068   1978 -74     -502    459     -752    -239    745     97      -864    -965    -634    -379    289     577     766     886     596     55      -357    -924    
1068   1979 2       -665    590     -1003   -282    947     138     -1118   -961    -703    -502    351     682     1030    1121    834     -59     -355    -372    
1068   1980 -11     -517    558     -665    -226    865     94      -842    -788    -696    -164    183     828     831     935     725     136     -581    -726    
1068   1981 -999999 -616    -999999 -794    -356    -999999 233     -746    -923    -887    -360    180     617     -999999 1091    659     324     -288    -756    
1068   1982 79      -460    591     -745    -126    883     190     -972    -480    -582    -82     287     402     1300    931     684     51      -159    -468    
1068   1983 227     -376    891     -576    -49     1405    200     -593    -678    -430    14      270     835     1207    2154    833     210     -445    -728    
1068   1984 131     -474    681     -679    -53     995     110     -866    -425    -584    -189    611     893     1080    1009    663     99      -432    -305    
1068   1985 -999999 -614    -999999 -991    -218    -999999 -999999 -1322   -1384   -406    -328    77      743     1001    -999999 -999999 260     -197    -999999 
1068   1986 48      -999999 564     -999999 -78     975     213     -952    -834    -245    -199    205     938     990     997     438     274     -75     -1016   
1068   1987 -999999 -584    506     -1017   -260    810     -999999 -900    -1147   -678    -354    249     667     966     793     696     622     -999999 -999999 
1068   1988 -999999 -999999 -999999 -999999 -999999 -999999 200     -716    -835    -999999 -399    295     -999999 1329    -999999 816     227     -444    -743    
1068   1989 -999999 -999999 872     -999999 210     1205    255     -541    -999999 -151    216     566     1194    1228    1193    825     101     -157    -684    
1068   1990 -999999 -392    -999999 -667    19      -999999 142     -1074   -197    -314    130     243     796     -999999 1172    694     148     -418    -318    
1068   1991 -999999 -425    -999999 -521    -137    -999999 -999999 -753    -489    -726    56      267     829     -999999 1133    -999999 310     -999999 -999999 
1068   1992 141     -999999 638     -999999 -47     963     -7      -468    -374    -177    -510    530     924     1074    890     899     -227    -685    -220    
1068   1993 47      -432    518     -412    -129    877     6       -490    -539    -451    -257    316     547     1035    1038    398     6       -385    -713    
1068   1994 126     -513    679     -756    -50     1021    157     -827    -725    -449    113     192     729     1127    1197    698     128     -355    -382    
1068   1995 99      -328    616     -469    -36     900     102     -414    -627    -346    -85     323     777     990     927     752     135     -583    -714    
1068   1996 108     -431    509     -603    -200    898     265     -365    -737    -347    -322    64      564     966     1152    605     316     -129    -519    
1068   1997 55      -386    588     -686    -217    930     204     -757    -793    -464    -437    242     641     932     1207    923     68      -374    -596    
1068   1998 -107    -629    461     -946    -261    783     -10     -802    -1492   -650    -352    217     401     979     956     538     152     -724    -629    
1068   1999 58      -644    631     -924    -229    1040    319     -1162   -986    -549    -93     -41     971     1180    966     794     420     -260    -610    
1068   2000 206     -350    706     -636    -21     1043    439     -605    -696    -371    -67     373     789     1234    1098    787     558     -33     -636    
1068   2001 107     -396    738     -681    -272    1144    194     -372    -1074   -871    -145    205     957     1378    1090    930     92      -438    -556    
1068   2002 60      -478    642     -654    -74     979     16      -668    -745    -575    33      324     696     1332    899     545     29      -524    -686    
1068   2003 192     -477    689     -708    15      1012    364     -1007   -403    -265    -108    415     498     1377    1145    780     283     32      -489    
1068   2004 211     -343    816     -654    4       1214    232     -668    -816    -418    41      390     763     1604    1260    814     195     -313    -369    
1068   2005 235     -398    759     -523    -153    1139    502     -604    -605    -711    -116    367     922     1199    1290    873     514     118     -481    
1068   2006 164     -316    736     -621    -66     1071    149     -581    -822    -681    59      428     1007    1121    1085    702     138     -394    -163    
1068   2007 241     -356    701     -613    92      1015    415     -513    -1221   -69     34      310     730     986     1320    808     598     -167    -49     
1068   2008 155     -182    564     -305    -220    902     269     -355    -523    -619    -260    217     759     1055    886     710     330     -234    -135    
1068   2009 108     -328    642     -535    -66     887     300     -626    -875    -477    -74     353     693     933     1028    904     139     -139    -623    
1068   2010 92      -551    732     -896    -29     1017    275     -976    -1110   -638    116     440     796     1279    969     776     363     -317    -675    
1068   2011 250     -491    818     -902    102     1105    495     -903    -1152   -317    152     472     960     1305    1046    958     480     48      -154    
1068   2012 113     -279    699     -610    25      971     333     -793    -901    -382    -89     544     819     1156    932     817     302     -120    -957    
1068   2013 299     -438    969     -652    -81     1386    305     -461    -527    -866    -30     654     1301    1415    1439    1015    161     -258    -313    
1068   2014 -999999 -306    -999999 -513    20      1004    249     -780    -446    -229    -5      299     681     1113    1226    785     69      -81     -467    
1068   2015 246     -325    754     -618    191     968     393     -869    -511    -96     24      624     874     863     1168    954     369     -160    -352    
1068   2016 309     -332    932     -660    214     1263    350     -1203   -401    -241    86      790     961     1535    1283    879     418     -246    -233    
1068   2017 160     -229    624     -426    -133    1017    273     -523    -523    -276    -245    112     538     1351    1149    807     282     -253    -531    
1068   2018 277     -412    879     -622    -48     1281    -999999 -652    -688    -658    -59     553     880     1663    1287    929     265     110     -365    
