EUROPEAN CLIMATE ASSESSMENT & DATASET (ECA&D), file created on: 13-11-2019
THESE DATA CAN BE USED FOR NON-COMMERCIAL RESEARCH AND EDUCATION PROVIDED THAT THE FOLLOWING SOURCE IS ACKNOWLEDGED: 

Klein Tank, A.M.G. and Coauthors, 2002. Daily dataset of 20th-century surface
air temperature and precipitation series for the European Climate Assessment.
Int. J. of Climatol., 22, 1441-1453.
Data and metadata available at http://www.ecad.eu

FILE FORMAT (MISSING VALUE CODE = -999999):

THIS FILE HOLDS DATA FOR STATION RUSSIAN FEDERATION                       SHELIHOVO                                (STAID:   8157)
LATITUDE: dd:mm:ss +60:43:12
LONGITUDE: ddd:mm:ss +155:52:48
ELEVATION: m   34

DATA IS FOR INDEX Mean of daily mean temperature (TG) with unit 0.01 Temperature (&#176;C)

01-06 SOUID: Source identifier
08-11 YEAR : YYYY
13-20 ANNUAL DATA VALUES
21-28 WINTER HALF YEAR DATA VALUES
29-36 SUMMER HALF YEAR DATA VALUES
37-44 WINTER (DJF) DATA VALUES
45-52 SPRING (MAM) DATA VALUES
53-60 SUMMER (JJA) DATA VALUES
61-68 AUTUMN (SON) DATA VALUES
69-76 JANUARY DATA VALUES
etc. 
157-164 DECEMBER DATA VALUES

8157   1960 -999999 -999999 -999999 -999999 -999999 -999999 -999999 -999999 -999999 -999999 -999999 -999999 -999999 -999999 -999999 -999999 -999999 -999999 -1425   
8157   1961 -274    -999999 565     -1334   -717    1027    -240    -1415   -1142   -1717   -671    238     749     1173    1149    727     -184    -1232   -1089   
8157   1962 -250    -1117   612     -1423   -446    1121    -250    -1512   -1694   -1051   -481    193     816     1328    1210    578     -285    -1041   -1168   
8157   1963 -256    -1001   489     -1116   -730    991     -66     -967    -1223   -1345   -808    -21     750     1059    1156    673     -102    -768    -1575   
8157   1964 -443    -1307   455     -1845   -771    1026    -285    -2302   -1643   -1458   -852    -5      815     1213    1044    502     -344    -1037   -1261   
8157   1965 -386    -1159   518     -1450   -620    1026    -327    -1633   -1457   -1217   -768    102     718     1199    1151    677     -254    -1405   -1844   
8157   1966 -999999 -999999 -999999 -999999 -999999 -999999 -999999 -999999 -999999 -999999 -999999 -999999 -999999 -999999 -999999 -999999 -999999 -999999 -999999 
8157   1967 -999999 -999999 -999999 -999999 -999999 -999999 -999999 -999999 -999999 -999999 -999999 -999999 -999999 -999999 -999999 -999999 -999999 -999999 -999999 
8157   1968 -999999 -999999 -999999 -999999 -999999 -999999 -999999 -999999 -999999 -999999 -999999 -999999 -999999 -999999 -999999 -999999 -999999 -999999 -999999 
8157   1969 -999999 -999999 -999999 -999999 -999999 -999999 -999999 -999999 -999999 -999999 -999999 -999999 -999999 -999999 -999999 -999999 -999999 -999999 -999999 
8157   1970 -999999 -999999 -999999 -999999 -999999 -999999 -999999 -999999 -999999 -999999 -999999 -999999 -999999 -999999 -999999 -999999 -999999 -999999 -999999 
8157   1971 -999999 -999999 -999999 -999999 -999999 -999999 -999999 -999999 -999999 -999999 -999999 -999999 -999999 -999999 -999999 -999999 -999999 -999999 -999999 
8157   1972 -999999 -999999 -999999 -999999 -999999 -999999 -999999 -999999 -999999 -999999 -999999 -999999 -999999 -999999 -999999 -999999 -999999 -999999 -999999 
8157   1973 -999999 -999999 -999999 -999999 -999999 -999999 -999999 -999999 -999999 -999999 -999999 -999999 -999999 -999999 -999999 -999999 -999999 -999999 -999999 
8157   1974 -999999 -999999 -999999 -999999 -999999 -999999 -999999 -999999 -999999 -999999 -999999 -999999 -999999 -999999 -999999 -999999 -999999 -999999 -999999 
8157   1975 -999999 -999999 -999999 -999999 -999999 -999999 -999999 -999999 -999999 -999999 -999999 -999999 -999999 -999999 -999999 -999999 -999999 -999999 -999999 
8157   1976 -999999 -999999 -999999 -999999 -999999 -999999 -999999 -999999 -999999 -999999 -999999 -999999 -999999 -999999 -999999 -999999 -999999 -999999 -999999 
8157   1977 -404    -999999 503     -999999 -736    933     -325    -1446   -1926   -1687   -577    62      679     1003    1107    722     -605    -1083   -1199   
8157   1978 -307    -1130   531     -1417   -487    1028    -90     -1545   -1516   -866    -757    154     787     1057    1233    683     -111    -842    -2046   
8157   1979 -999999 -1132   544     -1576   -592    1097    -999999 -1615   -1012   -1144   -783    144     899     1266    1118    588     -320    -999999 -1489   
8157   1980 -265    -999999 483     -1291   -729    1009    -188    -1008   -1380   -1289   -889    -14     715     1071    1230    759     -248    -1071   -1109   
8157   1981 -261    -1116   593     -1397   -538    1048    -24     -1560   -1535   -1211   -543    139     890     1073    1177    804     -2      -873    -1574   
8157   1982 -381    -1141   477     -1532   -760    993     -164    -1853   -1131   -1402   -902    21      794     1076    1102    743     74      -1316   -1828   
8157   1983 -235    -1145   576     -1532   -583    1133    -235    -1243   -1526   -1077   -846    167     811     1236    1343    708     -239    -1174   -1091   
8157   1984 -300    -1113   518     -1393   -498    932     -34     -1363   -1748   -1105   -571    179     674     1072    1043    685     51      -840    -1735   
8157   1985 -326    -1207   453     -1472   -960    967     -20     -1508   -1141   -2053   -750    -70     684     1129    1080    618     -62     -616    -1261   
8157   1986 -217    -995    612     -1327   -558    1069    -1      -1514   -1192   -1332   -434    97      834     1191    1175    788     -165    -620    -1486   
8157   1987 -367    -1131   519     -1663   -582    1060    -127    -1738   -1775   -1046   -681    -22     835     1182    1155    619     -107    -893    -2028   
8157   1988 -280    -1309   549     -1796   -641    1006    11      -1836   -1504   -1484   -702    263     812     1095    1106    696     100     -765    -1183   
8157   1989 -265    -1075   571     -1566   -559    1046    -81     -1948   -1568   -1125   -673    117     833     1136    1162    831     -230    -839    -962    
8157   1990 -274    -1159   626     -1649   -407    1147    -121    -1761   -2287   -975    -388    143     950     1229    1256    544     -41     -869    -1236   
8157   1991 -999999 -1051   -999999 -1371   -999999 1199    117     -1341   -1553   -1311   -575    -999999 856     1408    1322    703     83      -434    -1635   
8157   1992 -353    -1106   531     -1567   -666    968     -209    -1759   -1289   -1590   -451    49      766     1108    1023    671     -119    -1181   -1481   
8157   1993 -394    -1210   521     -1550   -616    968     -259    -2034   -1090   -1344   -616    111     701     1163    1033    710     -314    -1172   -1906   
8157   1994 -234    -1197   601     -1433   -634    1078    -95     -1542   -791    -1416   -580    95      709     1290    1224    843     126     -1262   -1541   
8157   1995 -999999 -1122   -999999 -1545   -999999 -999999 -999999 -1831   -1233   -1008   -999999 -999999 -999999 -999999 -999999 -999999 -999999 -999999 -1113   
8157   1996 -185    -999999 593     -1231   -425    1001    -43     -905    -1707   -1008   -499    228     735     1114    1147    811     49      -992    -1262   
8157   1997 -160    -921    611     -1271   -360    1083    -108    -1271   -1280   -808    -410    137     716     1257    1265    676     234     -1246   -1285   
8157   1998 -415    -1214   505     -1500   -899    1078    -319    -1473   -1768   -1801   -805    -87     928     1229    1071    671     -438    -1186   -1411   
8157   1999 -383    -1327   -999999 -1623   -718    1076    -999999 -1458   -2041   -1490   -790    124     838     1237    1145    -999999 -33     -1053   -1485   
8157   2000 -253    -1121   605     -1460   -486    1030    -196    -1689   -1189   -1279   -294    121     677     1222    1181    701     -55     -1237   -1228   
8157   2001 -999999 -1305   568     -1733   -583    1140    -999999 -2171   -1806   -999999 -496    -38     805     1453    1152    501     -999999 -821    -1264   
8157   2002 -311    -999999 614     -1726   -416    1063    -100    -1706   -2258   -931    -455    137     1006    1095    1086    797     -109    -989    -1546   
8157   2003 -171    -1050   588     -1458   -460    1060    115     -1430   -1389   -870    -573    61      744     1187    1238    846     334     -843    -1444   
8157   2004 -276    -966    611     -1437   -446    1035    -240    -1277   -1600   -1005   -453    118     564     1287    1238    883     -472    -1123   -1526   
8157   2005 -999999 -1197   -999999 -1541   -422    -999999 82      -1617   -1473   -994    -483    210     751     1223    -999999 739     12      -501    -1211   
8157   2006 -307    -1072   494     -1565   -718    1017    151     -1579   -1943   -1276   -919    34      637     1243    1159    775     -43     -273    -1613   
8157   2007 -127    -924    654     -1500   -286    1068    36      -1447   -1432   -765    -316    220     811     1132    1254    802     18      -712    -1182   
8157   2008 -159    -975    638     -1330   -562    1136    39      -1401   -1412   -1179   -799    284     917     1215    1270    911     -81     -710    -973    
8157   2009 -243    -1061   653     -1454   -585    1222    -146    -1661   -1758   -1242   -629    114     977     1394    1287    748     -62     -1127   -1078   
8157   2010 -227    -1154   593     -1393   -765    1130    -37     -1472   -1655   -1578   -942    220     769     1388    1223    863     -202    -765    -679    
8157   2011 -217    -936    672     -1302   -335    1186    -155    -1305   -1989   -774    -412    178     811     1465    1270    690     -213    -941    -1527   
8157   2012 -999999 -1241   -999999 -1590   -632    -999999 -999999 -1443   -1816   -1536   -511    156     915     -999999 -999999 -999999 -999999 -999999 -999999 
8157   2013 -999999 -999999 -999999 -999999 -484    -999999 -999999 -1381   -1803   -1288   -405    243     949     -999999 -999999 -999999 -999999 -999999 -804    
