EUROPEAN CLIMATE ASSESSMENT & DATASET (ECA&D), file created on: 13-11-2019
THESE DATA CAN BE USED FOR NON-COMMERCIAL RESEARCH AND EDUCATION PROVIDED THAT THE FOLLOWING SOURCE IS ACKNOWLEDGED: 

Klein Tank, A.M.G. and Coauthors, 2002. Daily dataset of 20th-century surface
air temperature and precipitation series for the European Climate Assessment.
Int. J. of Climatol., 22, 1441-1453.
Data and metadata available at http://www.ecad.eu

FILE FORMAT (MISSING VALUE CODE = -999999):

THIS FILE HOLDS DATA FOR STATION RUSSIAN FEDERATION                       SVYATOY NOS;CAPE(CLOSED)                 (STAID:   1073)
LATITUDE: dd:mm:ss +68:09:00
LONGITUDE: ddd:mm:ss +039:49:12
ELEVATION: m   70

DATA IS FOR INDEX Mean of daily mean temperature (TG) with unit 0.01 Temperature (&#176;C)

01-06 SOUID: Source identifier
08-11 YEAR : YYYY
13-20 ANNUAL DATA VALUES
21-28 WINTER HALF YEAR DATA VALUES
29-36 SUMMER HALF YEAR DATA VALUES
37-44 WINTER (DJF) DATA VALUES
45-52 SPRING (MAM) DATA VALUES
53-60 SUMMER (JJA) DATA VALUES
61-68 AUTUMN (SON) DATA VALUES
69-76 JANUARY DATA VALUES
etc. 
157-164 DECEMBER DATA VALUES

1073   1900 -116    -999999 312     -999999 -400    627     179     -879    -1038   -732    -398    -70     216     723     929     449     188     -100    -754    
1073   1901 -999999 -486    -999999 -791    -271    -999999 188     -549    -1101   -647    -174    12      599     -999999 776     581     444     -470    -1211   
1073   1902 -999999 -811    -999999 -1182   -760    -999999 -170    -1196   -1135   -1321   -674    -281    106     -999999 -999999 373     -323    -554    -605    
1073   1903 -48     -618    390     -819    -203    682     36      -957    -904    -392    -206    -11     568     667     807     501     -151    -237    -316    
1073   1904 -18     -449    471     -588    -162    715     145     -433    -1044   -545    -51     113     618     660     864     614     346     -531    -870    
1073   1905 19      -499    488     -772    -118    723     77      -660    -789    -517    -180    341     547     835     782     589     10      -365    -428    
1073   1906 -999999 -999999 -999999 -999999 -999999 -999999 96      -999999 -999999 -999999 -999999 -999999 -999999 985     693     557     183     -456    -538    
1073   1907 -27     -530    494     -864    -182    871     177     -1382   -651    -345    -92     -106    884     951     778     546     245     -263    -913    
1073   1908 -51     -573    441     -945    -240    752     64      -1030   -887    -596    -168    47      674     832     746     502     135     -447    -446    
1073   1909 -59     -477    332     -588    -581    729     230     -485    -858    -798    -797    -154    282     927     964     747     355     -416    -548    
1073   1910 -34     -376    377     -585    -186    607     5       -785    -406    -462    -208    112     396     779     638     530     -100    -413    -513    
1073   1911 -54     -591    413     -738    -404    739     135     -575    -1168   -830    -507    123     417     853     936     632     -32     -191    -390    
1073   1912 -255    -686    281     -940    -650    669     0       -964    -1502   -1074   -712    -165    362     688     955     562     -256    -298    -665    
1073   1913 -47     -614    463     -819    -287    786     73      -750    -1068   -682    -150    -26     293     1054    994     589     -64     -303    -534    
1073   1914 -42     -613    432     -821    -433    808     186     -1095   -835    -858    -494    51      860     800     765     599     131     -170    -304    
1073   1915 -168    -552    430     -691    -441    768     -19     -919    -866    -1203   -182    72      473     1085    735     374     29      -461    -1190   
1073   1916 -999999 -999999 -999999 -999999 -999999 -999999 -999999 -999999 -999999 -999999 -999999 -999999 -999999 -999999 -999999 -999999 -999999 -999999 -999999 
1073   1917 -184    -999999 374     -999999 -642    804     107     -951    -1536   -1204   -485    -232    652     824     932     539     210     -431    -628    
1073   1918 -165    -675    272     -994    -424    472     241     -1264   -1100   -873    -117    -273    351     514     547     613     196     -85     -530    
1073   1919 -77     -583    517     -848    -525    944     158     -907    -1133   -1078   -459    -36     671     1049    1102    756     123     -405    -685    
1073   1920 175     -467    701     -761    15      1043    249     -933    -658    -255    -93     390     848     1166    1110    764     32      -42     -259    
1073   1921 73      -357    633     -555    21      883     70      -741    -676    -478    72      470     974     698     978     597     -6      -378    -675    
1073   1922 34      -537    558     -723    -279    908     242     -769    -723    -702    -388    223     811     938     977     847     138     -256    -626    
1073   1923 26      -417    400     -641    -366    781     284     -469    -848    -475    -509    -120    754     827     762     702     378     -228    -471    
1073   1924 14      -462    436     -747    -339    743     346     -836    -946    -666    -449    94      293     743     1179    732     369     -65     -330    
1073   1925 -48     -333    433     -431    -398    735     36      -377    -601    -1010   -251    72      333     964     896     560     -23     -428    -753    
1073   1926 -82     -545    317     -769    -349    592     148     -757    -799    -530    -433    -85     541     554     679     637     4       -192    -637    
1073   1927 -76     -564    420     -816    -402    796     76      -1189   -601    -762    -431    -15     554     848     980     566     21      -357    -557    
1073   1928 -20     -467    420     -636    -279    716     50      -689    -665    -561    -347    69      331     960     846     639     -39     -447    -371    
1073   1929 -73     -631    346     -780    -551    694     335     -952    -1043   -966    -785    93      376     689     1005    676     334     -4      -372    
1073   1930 4       -315    404     -469    -374    763     150     -279    -787    -815    -350    43      558     757     968     432     152     -132    -558    
1073   1931 86      -485    589     -741    -247    997     233     -865    -805    -719    -291    269     447     1300    1225    551     178     -29     -305    
1073   1932 72      -379    533     -548    -298    854     270     -489    -871    -775    -129    14      393     958     1197    746     206     -140    -291    
1073   1933 -72     -488    412     -676    -513    789     225     -781    -985    -973    -420    -144    476     1061    820     661     231     -216    -654    
1073   1934 102     -407    511     -596    -221    791     291     -372    -779    -684    -401    416     498     968     896     664     261     -53     -270    
1073   1935 -1      -318    357     -534    -345    703     210     -654    -693    -524    -490    -25     587     761     756     541     140     -48     -405    
1073   1936 87      -534    651     -881    -223    1092    266     -949    -1318   -659    -183    175     908     1116    1247    623     150     30      -158    
1073   1937 157     -302    673     -429    -164    1035    318     -434    -723    -708    19      205     917     963     1222    699     354     -98     -590    
1073   1938 194     -327    663     -615    -88     957     406     -751    -493    -391    -131    257     549     1258    1049    978     251     -6      -292    
1073   1939 9       -321    400     -527    -315    777     177     -644    -657    -603    -342    0       557     739     1026    403     108     23      -546    
1073   1940 -73     -637    547     -939    -465    933     208     -1250   -1027   -1133   -348    89      514     1009    1263    729     125     -226    -649    
1073   1941 -227    -692    330     -913    -704    751     75      -1013   -1096   -1315   -669    -126    295     983     960     512     3       -288    -1025   
1073   1942 -137    -715    349     -926    -570    632     137     -730    -1033   -1232   -495    21      433     589     867     664     98      -350    -533    
1073   1943 161     -437    627     -648    -95     977     296     -929    -464    -444    -131    287     682     1330    910     664     187     40      -246    
1073   1944 82      -282    420     -436    -295    666     425     -490    -580    -612    -338    64      406     685     897     797     452     27      -353    
1073   1945 -78     -376    451     -647    -370    810     65      -738    -871    -806    -317    16      466     802     1149    566     -40     -328    -888    
1073   1946 -34     -639    425     -906    -399    748     178     -529    -1342   -767    -403    -27     503     825     909     728     45      -236    -212    
1073   1947 -59     -555    455     -720    -392    713     278     -782    -1213   -986    -210    26      620     640     876     775     259     -198    -588    
1073   1948 59      -464    519     -729    -170    750     318     -913    -682    -669    -214    373     680     744     823     694     296     -35     -411    
1073   1949 43      -305    441     -509    -168    634     217     -457    -674    -574    -92     166     346     677     869     668     115     -130    -446    
1073   1950 93      -371    490     -596    -64     680     298     -677    -674    -437    44      203     543     528     964     651     435     -197    -321    
1073   1951 49      -391    533     -657    -206    865     219     -789    -882    -634    15      7       579     832     1174    578     364     -291    -430    
1073   1952 -37     -418    456     -524    -463    828     115     -475    -678    -1011   -335    -38     646     1087    746     616     35      -303    -756    
1073   1953 45      -622    523     -950    -208    888     227     -896    -1224   -635    -73     89      754     865     1041    445     245     -10     -148    
1073   1954 147     -273    616     -468    -134    974     213     -531    -752    -479    -136    214     788     1311    817     687     176     -224    -176    
1073   1955 -120    -478    420     -567    -475    736     129     -550    -1018   -1118   -342    38      515     843     843     604     181     -399    -1103   
1073   1956 -111    -654    338     -1090   -317    684     14      -916    -1261   -456    -743    235     841     530     686     462     69      -489    -347    
1073   1957 59      -497    566     -530    -388    971     252     -624    -628    -973    -339    150     583     1284    1032    658     226     -128    -583    
1073   1958 -128    -556    355     -795    -573    756     238     -887    -928    -1056   -487    -174    448     865     944     511     225     -21     -1027   
1073   1959 145     -367    586     -735    -114    1020    198     -756    -389    -224    -484    355     871     1034    1152    564     88      -55     -460    
1073   1960 59      -478    685     -762    -134    1087    16      -843    -998    -621    -83     305     614     1620    1011    613     -111    -448    -408    
1073   1961 104     -442    508     -539    -318    952     369     -625    -590    -482    -454    -21     841     1166    845     659     585     -143    -587    
1073   1962 14      -373    440     -589    -266    633     261     -601    -578    -925    -78     210     424     720     747     601     144     41      -566    
1073   1963 -25     -580    569     -801    -322    768     275     -820    -1039   -1264   -234    535     354     1002    935     798     316     -290    -674    
1073   1964 28      -485    530     -748    -366    988     166     -626    -958    -701    -445    46      749     1168    1038    601     302     -407    -485    
1073   1965 -44     -519    489     -794    -294    844     91      -833    -1093   -652    -160    -67     721     887     919     622     100     -451    -597    
1073   1966 -268    -875    339     -1133   -756    764     106     -1014   -1850   -1530   -734    -4      410     1032    840     461     -88     -48     -856    
1073   1967 143     -475    644     -841    -55     995     424     -953    -703    -227    -15     77      702     1075    1198    814     305     155     -791    
1073   1968 -138    -513    357     -976    -351    714     -41     -1360   -763    -622    -439    5       661     580     901     420     -82     -459    -519    
1073   1969 -170    -704    260     -970    -522    584     203     -1107   -1317   -788    -496    -282    173     819     746     583     236     -210    -493    
1073   1970 61      -442    -999999 -743    -330    999     -999999 -575    -1196   -479    -526    8       675     1234    1076    -999999 349     -217    -347    
1073   1971 -86     -424    353     -642    -396    621     110     -627    -984    -766    -429    20      239     762     849     650     60      -377    -497    
1073   1972 -999999 -400    600     -559    -206    1017    -999999 -608    -574    -413    -260    51      495     1227    1313    720     320     -999999 -999999 
1073   1973 -999999 -999999 -999999 -999999 -999999 893     -999999 -999999 -999999 -999999 -999999 310     732     917     1025    554     -999999 -999999 -999999 
1073   1974 -999999 -999999 -999999 -999999 -999999 981     300     -999999 -999999 -999999 -999999 -999999 636     1315    981     946     269     -316    -999999 
1073   1975 -999999 -999999 601     -999999 -999999 843     333     -497    -479    -999999 -90     284     629     1012    883     879     165     -51     -382    
1073   1976 10      -387    437     -639    -186    694     136     -910    -623    -517    -113    75      366     764     942     573     23      -185    -295    
1073   1977 -999999 -999999 -999999 -999999 -999999 747     193     -999999 -999999 -999999 -999999 212     661     865     711     597     52      -66     -364    
1073   1978 -156    -454    237     -658    -417    479     144     -681    -960    -740    -551    35      267     515     650     488     123     -179    -891    
1073   1979 -120    -650    327     -1026   -451    598     193     -987    -1219   -783    -755    176     329     689     767     735     50      -202    -330    
1073   1980 -52     -433    357     -597    -315    596     186     -769    -699    -661    -312    27      532     625     630     635     233     -310    -568    
1073   1981 -999999 -476    -999999 -630    -443    -999999 330     -542    -796    -898    -424    -5      440     -999999 962     647     427     -88     -535    
1073   1982 46      -390    474     -711    -183    706     276     -1062   -519    -566    -142    160     258     1025    820     705     134     -7      -289    
1073   1983 116     -270    549     -456    -110    827     268     -489    -605    -387    -74     133     653     948     873     753     299     -247    -512    
1073   1984 107     -326    533     -509    -119    796     172     -596    -412    -491    -249    378     613     888     881     666     162     -310    -267    
1073   1985 -999999 -999999 -999999 -967    -999999 -999999 -999999 -1279   -1395   -999999 -350    -97     516     543     -999999 -999999 310     -999999 -999999 
1073   1986 -999999 -999999 -999999 -999999 -116    690     -999999 -853    -858    -243    -168    63      657     666     745     -999999 314     56      -762    
1073   1987 -999999 -463    -999999 -890    -316    -999999 -999999 -852    -1051   -570    -545    160     483     807     -999999 640     -999999 -999999 -999999 
1073   1988 -999999 -999999 -999999 -999999 -999999 -999999 225     -627    -700    -581    -999999 226     -999999 1034    -999999 780     292     -397    -528    
1073   1989 -999999 -999999 -999999 -999999 -999999 1085    351     -532    -999999 -999999 -999999 544     1114    1135    1007    840     254     -37     -544    
1073   1990 -999999 -306    -999999 -587    -999999 865     167     -995    -184    -306    83      -999999 610     998     978     595     195     -288    -291    
1073   1991 -999999 -364    -999999 -474    -999999 -999999 -999999 -726    -397    -679    -36     -999999 -999999 -999999 -999999 -999999 -999999 -999999 -999999 
1073   1992 120     -999999 547     -999999 -124    858     86      -499    -374    -235    -542    391     735     1016    818     841     -109    -466    -160    
1073   1993 -999999 -344    -999999 -365    -160    -999999 62      -452    -494    -401    -282    199     584     -999999 796     436     96      -347    -599    
1073   1994 -999999 -441    -999999 -653    -999999 -999999 229     -608    -763    -455    -9      -999999 -999999 -999999 1012    710     251     -275    -316    
1073   1995 146     -245    568     -372    -20     775     248     -338    -472    -342    -6      289     585     872     863     796     267     -318    -484    
1073   1996 107     -323    442     -508    -178    744     332     -332    -722    -373    -262    97      497     753     973     579     366     54      -358    
1073   1997 4       -329    418     -607    -289    680     274     -691    -789    -522    -422    73      455     636     940     812     165     -150    -513    
1073   1998 -142    -518    290     -814    -379    559     79      -650    -1328   -696    -509    62      258     707     702     498     189     -454    -583    
1073   1999 19      -578    467     -883    -357    843     388     -1107   -967    -577    -226    -262    745     978     801     763     521     -125    -376    
1073   2000 178     -265    584     -542    -43     843     482     -710    -540    -371    -37     278     670     952     902     727     604     110     -468    
1073   2001 79      -327    616     -601    -268    921     243     -348    -1028   -886    -59     149     647     1137    969     840     177     -286    -447    
1073   2002 58      -405    529     -602    -145    820     158     -656    -712    -533    -78     177     461     1128    859     610     155     -291    -482    
1073   2003 159     -384    566     -619    -82     833     427     -892    -469    -332    -204    287     330     1108    1045    808     372     101     -297    
1073   2004 158     -244    633     -491    -81     886     320     -487    -700    -471    -90     317     578     1072    999     909     280     -227    -325    
1073   2005 174     -388    615     -526    -255    941     520     -612    -654    -813    -188    237     565     1047    1199    810     515     234     -303    
1073   2006 139     -266    629     -572    -148    963     238     -638    -796    -646    -97     299     957     994     939     672     202     -159    -125    
1073   2007 233     -244    597     -474    21      868     453     -387    -958    -102    -32     197     569     832     1193    811     605     -61     25      
1073   2008 158     -112    466     -222    -236    757     360     -283    -421    -557    -249    96      578     839     847     671     429     -24     -59     
1073   2009 98      -229    526     -467    -122    742     385     -576    -798    -396    -143    173     607     782     832     899     260     2       -519    
1073   2010 70      -457    608     -810    -95     862     324     -844    -1096   -590    29      280     656     1035    888     748     387     -165    -570    
1073   2011 202     -401    652     -776    23      895     470     -790    -986    -328    51      348     784     1029    868     822     505     82      -45     
1073   2012 133     -216    629     -480    -32     873     389     -550    -870    -449    -86     435     720     1035    861     796     388     -17     -704    
1073   2013 242     -353    788     -517    -188    1135    358     -444    -393    -944    -35     419     896     1247    1255    926     235     -84     -209    
