EUROPEAN CLIMATE ASSESSMENT & DATASET (ECA&D), file created on: 13-11-2019
THESE DATA CAN BE USED FOR NON-COMMERCIAL RESEARCH AND EDUCATION PROVIDED THAT THE FOLLOWING SOURCE IS ACKNOWLEDGED: 

Klein Tank, A.M.G. and Coauthors, 2002. Daily dataset of 20th-century surface
air temperature and precipitation series for the European Climate Assessment.
Int. J. of Climatol., 22, 1441-1453.
Data and metadata available at http://www.ecad.eu

FILE FORMAT (MISSING VALUE CODE = -999999):

THIS FILE HOLDS DATA FOR STATION UZBEKISTAN                               TAMDY                                    (STAID:   3155)
LATITUDE: dd:mm:ss +41:43:59
LONGITUDE: ddd:mm:ss +064:37:00
ELEVATION: m  237

DATA IS FOR INDEX Mean of daily mean temperature (TG) with unit 0.01 Temperature (&#176;C)

01-06 SOUID: Source identifier
08-11 YEAR : YYYY
13-20 ANNUAL DATA VALUES
21-28 WINTER HALF YEAR DATA VALUES
29-36 SUMMER HALF YEAR DATA VALUES
37-44 WINTER (DJF) DATA VALUES
45-52 SPRING (MAM) DATA VALUES
53-60 SUMMER (JJA) DATA VALUES
61-68 AUTUMN (SON) DATA VALUES
69-76 JANUARY DATA VALUES
etc. 
157-164 DECEMBER DATA VALUES

3155   1932 -999999 -999999 -999999 -999999 -999999 -999999 1183    -999999 -999999 -999999 -999999 -999999 2778    -999999 2583    2113    1155    282     -488    
3155   1933 -999999 -999999 2465    -362    -999999 2892    -999999 -520    -49     -999999 1636    2373    2632    3154    2883    2079    1230    -999999 -103    
3155   1934 1225    -999999 2233    -335    1279    2824    1093    -1035   184     746     1247    1841    2801    2846    2824    1810    1150    317     -96     
3155   1935 1326    239     2400    -205    1458    2818    1227    -811    345     539     1632    2233    2452    3044    2945    2055    1563    51      -169    
3155   1936 1377    307     2364    -57     1340    2815    1399    -166    177     369     1385    2267    2888    2915    2643    2060    1535    596     -176    
3155   1937 1284    328     2365    -194    1219    2894    1218    -352    -40     380     1163    2113    2738    3121    2817    2209    1313    128     -275    
3155   1938 1358    343     2406    42      1547    2733    1193    88      341     458     1743    2447    2708    2770    2721    2024    1186    370     -613    
3155   1939 1410    241     2396    -271    1378    2945    1232    -314    154     661     1185    2282    3084    3096    2658    2043    1045    613     329     
3155   1940 1441    380     2447    24      1422    2939    1343    -284    27      535     1757    1985    2876    3070    2868    2107    1328    596     383     
3155   1941 1517    586     2472    207     1624    2904    1375    -220    486     933     1576    2363    3050    2893    2773    2159    1491    472     166     
3155   1942 1398    448     2391    15      1427    2908    1256    131     -280    640     1316    2322    2927    3133    2665    1952    1243    573     27      
3155   1943 -999999 -999999 2409    -999999 1363    2896    1087    -381    -999999 270     1447    2374    2689    3193    2799    1916    1035    311     -85     
3155   1944 1421    517     2457    142     1765    2916    1105    -11     549     1296    1565    2429    2782    3296    2666    1970    1090    255     -860    
3155   1945 1271    -30     2386    -650    1341    2869    1215    -484    -601    374     1545    2111    2672    2916    3012    2032    1493    110     -71     
3155   1946 1345    424     2383    62      1536    2716    1256    -261    566     706     1433    2465    2606    2857    2682    2227    1313    226     -726    
3155   1947 1417    338     2301    -256    1599    2713    1398    -105    97      1197    1601    2000    2456    2849    2824    2049    1258    891     -195    
3155   1948 1371    484     2376    51      1383    2915    1219    136     225     584     1261    2301    2810    3159    2772    1919    1245    491     -488    
3155   1949 1196    158     2288    -377    1273    2801    941     -523    -94     304     1444    2076    2731    3027    2642    1781    853     193     -161    
3155   1950 1174    117     2350    -384    1515    2769    980     -588    -405    762     1443    2340    2727    2897    2681    1985    1197    -248    -811    
3155   1951 1290    -96     2385    -707    1547    2714    1188    -453    -875    536     1763    2349    2486    2973    2676    2037    1168    359     300     
3155   1952 1289    450     2362    229     1334    2855    1022    -7      406     466     1418    2120    2628    3099    2831    2042    1236    -218    -593    
3155   1953 1381    282     2378    39      1397    2850    1043    103     667     520     1415    2255    2708    3075    2763    2023    977     132     -106    
3155   1954 1217    66      2291    -246    1171    2716    1242    -264    -381    -1      1452    2071    2500    2953    2686    2054    1381    286     -244    
3155   1955 1450    399     2412    28      1388    2928    1296    -85     454     601     1303    2256    2825    3055    2900    2102    1094    697     141     
3155   1956 1314    242     2415    -257    1426    2885    1330    -664    -250    413     1677    2195    2615    3216    2815    1938    1283    773     -283    
3155   1957 1275    251     2301    -414    1372    2711    1241    -690    -253    644     1279    2190    2693    2787    2653    2179    1118    429     166     
3155   1958 1434    568     2334    312     1392    2904    1127    272     518     897     1261    2015    2854    3139    2719    1986    1198    196     82      
3155   1959 1316    303     2458    -23     1449    2821    1205    -146    -4      458     1740    2156    2774    2833    2855    2373    1207    34      -557    
3155   1960 1358    238     2327    23      1120    2866    1267    134     524     101     1369    1899    2928    2878    2793    2074    1382    342     -136    
3155   1961 1509    394     2554    -58     1702    2958    1271    -75     47      767     1619    2716    2879    3096    2897    2082    1013    728     234     
3155   1962 1424    536     2395    127     1571    2890    1162    -175    342     1062    1438    2209    2703    3209    2751    2024    1255    203     -17     
3155   1963 1517    505     2416    252     1537    2848    1417    174     635     785     1553    2273    2841    3031    2672    2100    1505    642     -54     
3155   1964 1360    430     2391    -120    1453    2877    1287    -381    88      766     1362    2228    2762    3037    2829    2100    995     777     -277    
3155   1965 1479    327     2482    -215    1583    2929    1385    -272    -85     796     1518    2434    2863    3130    2791    2127    1260    773     302     
3155   1966 1491    648     2507    345     1484    3055    1247    267     480     795     1547    2113    3026    3137    3001    2195    1200    347     -272    
3155   1967 1435    272     2411    -202    1488    2852    1369    -199    -128    647     1615    2207    2773    2982    2797    2066    1287    758     306     
3155   1968 1391    584     2376    170     1507    2843    1284    149     47      927     1329    2259    2758    2939    2828    2111    1217    526     -451    
3155   1969 1208    -151    2377    -1018   1312    2832    1353    -1337   -1294   345     1457    2139    2848    2950    2698    2145    1315    599     463     
3155   1970 1428    476     2491    69      1617    2866    1380    -564    334     697     1736    2422    2771    2990    2835    2170    1402    568     -284    
3155   1971 1510    394     2414    -176    1490    2858    1587    -284    61      873     1346    2246    2775    3075    2721    2293    1496    976     440     
3155   1972 1222    245     2348    -445    1336    2750    1461    -925    -878    311     1520    2183    2788    2871    2591    2117    1428    840     -239    
3155   1973 1440    399     2453    -187    1494    2989    1325    -546    269     643     1634    2210    2979    3112    2876    1880    1318    776     68      
3155   1974 1332    266     2438    -395    1493    2879    1454    -657    -617    640     1399    2436    2870    3147    2621    2122    1524    714     -343    
3155   1975 1494    442     2589    -152    1635    3036    1260    9       -118    819     1797    2294    2921    3272    2911    2319    1223    241     127     
3155   1976 1342    304     2532    -6      1438    3024    1073    319     -496    356     1615    2350    2846    3142    3079    2125    959     140     -410    
3155   1977 1425    81      2604    -557    1789    3000    1372    -1097   -120    995     1910    2466    3172    3069    2788    2277    1124    723     -50     
3155   1978 1373    277     2418    -240    1376    2808    1388    -183    -514    499     1602    2034    2687    3095    2640    2433    1314    418     317     
3155   1979 1481    442     2415    56      1407    2898    1486    -311    173     715     1517    1991    2642    3178    2866    2269    1636    549     451     
3155   1980 1442    407     2508    -71     1513    2932    1417    -310    -374    446     1744    2357    2864    3200    2729    2129    1219    910     336     
3155   1981 1478    645     2377    251     1455    2869    1363    253     154     957     1402    2004    2669    3083    2849    2226    1181    687     176     
3155   1982 1378    377     2459    -56     1564    2812    1221    -276    -69     530     1815    2356    2738    2910    2785    2127    1283    252     -9      
3155   1983 1576    461     2585    187     1577    3083    1406    89      513     638     1814    2287    2899    3373    2969    2136    1288    799     50      
3155   1984 1310    311     2511    -275    1410    3095    1349    -203    -700    580     1436    2214    2868    3315    3094    2103    1375    569     -1004   
3155   1985 1426    233     2512    -350    1501    2933    1224    -361    386     458     1751    2301    2988    3127    2686    2199    1105    372     50      
3155   1986 1446    359     2480    118     1379    2867    1382    133     178     298     1511    2330    2767    3070    2762    2414    1281    455     71      
3155   1987 1453    498     2420    181     1423    2924    1162    206     276     677     1290    2297    2775    2985    3008    2133    915     445     338     
3155   1988 1496    336     2509    -14     1507    3002    1440    -99     -300    677     1781    2071    3073    3179    2756    2175    1303    848     435     
3155   1989 1455    525     2397    41      1420    2950    1422    -265    -59     839     1249    2165    2820    3175    2852    2088    1573    600     306     
3155   1990 1495    536     2542    18      1584    3011    1473    -397    159     939     1507    2304    3108    3052    2877    2384    1297    743     -101    
3155   1991 1430    351     2457    -180    1458    2901    1448    -372    -56     568     1706    2108    2818    3081    2802    2205    1594    541     68      
3155   1992 1431    507     2326    125     1322    2809    1375    -4      323     510     1562    1902    2771    3037    2617    2044    1239    848     295     
3155   1993 1328    496     2418    84      1408    2918    1087    -79     32      605     1574    2051    2922    3108    2725    2107    1201    -50     -352    
3155   1994 1420    172     2423    -302    1468    2963    1428    -202    -358    734     1342    2324    2968    2948    2972    1954    1447    881     -91     
3155   1995 1556    541     2549    55      1572    3008    1530    -51     335     714     1761    2248    2850    3203    2965    2242    1315    1038    -17     
3155   1996 1402    388     2445    -154    1348    2918    1350    -283    -163    424     1316    2303    2866    3087    2799    2271    1312    468     369     
3155   1997 1531    511     2572    124     1643    3038    1511    16      -26     873     1798    2264    3027    3199    2886    2285    1962    270     -148    
3155   1998 -999999 349     -999999 -244    1462    2974    -999999 -435    -137    530     1699    2165    2876    -999999 2962    -999999 1352    715     199     
3155   1999 1552    609     2495    335     1475    2959    1393    53      799     556     1541    2330    2782    2954    3135    2196    1614    362     254     
3155   2000 1540    559     2601    191     1725    2980    1240    72      251     777     2047    2362    2833    3076    3026    2238    1041    446     274     
3155   2001 1540    447     2551    52      1924    2904    1334    -307    205     1102    1838    2693    2988    2921    2805    2012    1193    801     89      
3155   2002 1499    671     2395    293     1520    -999999 1595    332     477     1116    1370    2068    2655    3083    -999999 2353    1612    818     -542    
3155   2003 1442    444     2357    -123    1292    2856    1500    67      130     558     1339    1979    2573    3015    2970    2235    1608    652     79      
3155   2004 1591    703     2489    303     1625    2926    1502    228     622     1019    1437    2412    2980    2986    2815    2278    1320    915     60      
3155   2005 1521    425     2608    -268    1707    3034    1538    -243    -660    1071    1669    2381    3067    3200    2837    2472    1480    662     161     
