EUROPEAN CLIMATE ASSESSMENT & DATASET (ECA&D), file created on: 13-11-2019
THESE DATA CAN BE USED FOR NON-COMMERCIAL RESEARCH AND EDUCATION PROVIDED THAT THE FOLLOWING SOURCE IS ACKNOWLEDGED: 

Klein Tank, A.M.G. and Coauthors, 2002. Daily dataset of 20th-century surface
air temperature and precipitation series for the European Climate Assessment.
Int. J. of Climatol., 22, 1441-1453.
Data and metadata available at http://www.ecad.eu

FILE FORMAT (MISSING VALUE CODE = -999999):

THIS FILE HOLDS DATA FOR STATION ITALY                                    PADULI DIGA                              (STAID:   2858)
LATITUDE: dd:mm:ss +44:20:44
LONGITUDE: ddd:mm:ss +010:08:17
ELEVATION: m 1151

DATA IS FOR INDEX Mean of daily mean temperature (TG) with unit 0.01 Temperature (&#176;C)

01-06 SOUID: Source identifier
08-11 YEAR : YYYY
13-20 ANNUAL DATA VALUES
21-28 WINTER HALF YEAR DATA VALUES
29-36 SUMMER HALF YEAR DATA VALUES
37-44 WINTER (DJF) DATA VALUES
45-52 SPRING (MAM) DATA VALUES
53-60 SUMMER (JJA) DATA VALUES
61-68 AUTUMN (SON) DATA VALUES
69-76 JANUARY DATA VALUES
etc. 
157-164 DECEMBER DATA VALUES

2858   1961 -999999 -999999 -999999 -999999 -999999 -999999 -999999 -674    -389    454     886     923     -999999 1468    1568    -999999 -999999 350     -32     
2858   1962 711     -999999 1305    -999999 507     1617    850     27      -196    -48     593     977     1370    1610    1863    1397    950     217     -248    
2858   1963 672     -999999 1230    -401    571     1497    935     -596    -389    123     603     987     1270    1715    1500    1288    890     622     -189    
2858   1964 729     -999999 1267    -139    564     1567    832     -173    -999999 119     577     1010    1495    1642    1573    1347    687     467     55      
2858   1965 640     177     1070    -102    493     1373    743     -94     -284    195     452     831     1197    1474    1442    1005    806     415     171     
2858   1966 719     301     1175    107     611     1388    824     -176    350     247     585     1002    1392    1392    1381    1290    1032    143     -24     
2858   1967 -999999 263     -999999 -41     605     -999999 1033    -94     0       492     497     823     1110    -999999 1715    1325    1129    642     34      
2858   1968 756     390     1210    48      750     1411    849     -84     205     411     843     998     1222    1615    1390    1182    894     477     -71     
2858   1969 807     -999999 1300    -999999 693     1516    1030    22      -125    235     587     1255    1278    1700    1569    1403    1140    542     -121    
2858   1970 811     338     1297    70      542     1591    990     237     96      118     588     923     1467    1645    1658    1492    838     618     18      
2858   1971 711     173     1262    -63     499     1576    749     -153    -54     -132    648     987     1248    1640    1827    1197    845     203     211     
2858   1972 696     256     1130    52      588     1454    764     -131    76      318     518     924     1322    1552    1485    960     792     540     -23     
2858   1973 702     174     1246    -99     481     1566    849     -144    -134    -5      335     1108    1445    1573    1676    1320    840     388     -32     
2858   1974 757     313     1239    100     641     1525    648     197     141     328     577     977     1295    1555    1718    1292    410     250     227     
2858   1975 749     194     1246    120     576     1493    841     224     -114    137     542     1048    1213    1685    1571    1398    818     307     87      
2858   1976 697     201     1190    23      545     1493    755     76      -103    8       565     1061    1413    1732    1331    1018    890     353     -13     
2858   1977 757     332     1113    66      660     1381    874     42      179     548     492     924     1272    1495    1373    1107    1034    475     77      
2858   1978 680     304     1117    -6      501     1404    809     -35     -64     305     333     860     1222    1471    1515    1283    775     365     87      
2858   1979 741     182     1240    -66     574     1569    814     -289    11      229     430     1060    1540    1624    1542    1227    913     300     247     
2858   1980 635     235     1123    16      422     1418    828     -258    62      135     377     753     1168    1381    1697    1345    811     312     -187    
2858   1981 717     139     1243    -220    660     1509    833     -265    -207    347     723     911     1455    1487    1584    1290    890     317     10      
2858   1982 790     207     1320    -7      534     1642    933     73      -114    40      538     1024    1468    1845    1608    1420    840     542     132     
2858   1983 771     276     1307    7       574     1661    873     181     -323    234     565     923     1423    1929    1623    1360    897     362     -6      
2858   1984 671     156     1114    -114    363     1500    836     -53     -295    11      488     592     1250    1695    1547    1093    871     543     273     
2858   1985 749     214     1298    -72     522     1600    897     -481    0       68      575     924     1308    1823    1660    1480    963     245     366     
2858   1986 -999999 -999999 1287    -999999 655     1535    899     -999999 -327    127     495     1337    1307    1597    1694    1268    971     457     79      
2858   1987 -999999 -999999 -999999 -999999 -999999 -999999 -999999 -170    -999999 -999999 609     804     1246    1706    1702    -999999 -999999 -999999 -999999 
2858   1988 -999999 -999999 -999999 -999999 -999999 -999999 -999999 208     12      202     -999999 -999999 1262    1688    1730    1266    1062    167     109     
2858   1989 -999999 -999999 -999999 -999999 -999999 -999999 -999999 159     -999999 484     570     -999999 1252    1641    -999999 -999999 -999999 370     137     
2858   1990 -999999 -999999 -999999 -999999 -999999 -999999 -999999 35      -999999 545     -999999 1278    1436    1669    1648    1235    985     367     -221    
2858   1991 -999999 -999999 -999999 -999999 -999999 -999999 -999999 -30     -250    502     479     724     1396    1814    1784    -999999 698     239     -22     
2858   1992 -999999 -999999 -999999 47      -999999 -999999 -999999 16      147     420     617     -999999 1282    -999999 1839    -999999 785     642     -999999 
2858   1993 -999999 -999999 -999999 -999999 714     -999999 -999999 35      -4      238     606     1239    1502    -999999 -999999 1137    873     233     176     
2858   1994 -999999 -999999 -999999 116     -999999 -999999 -999999 181     -17     671     428     1064    1367    1883    -999999 1243    930     713     -999999 
2858   1995 -999999 -999999 -999999 -999999 -999999 -999999 -999999 -999999 427     259     702     1033    1178    -999999 1524    1046    1046    412     -14     
2858   1996 -999999 -999999 -999999 -999999 -999999 -999999 -999999 23      -260    43      633     1007    1466    1498    1579    -999999 -999999 -999999 -999999 
2858   1997 -999999 -999999 -999999 -999999 -999999 -999999 -999999 38      -999999 -999999 507     1058    1343    1548    -999999 -999999 850     329     129     
2858   1998 -999999 -999999 -999999 -999999 -999999 -999999 -999999 54      -999999 324     -999999 -999999 -999999 -999999 -999999 1208    810     -999999 -185    
2858   1999 -999999 -999999 -999999 -999999 695     -999999 -999999 -999999 -146    345     559     1166    1508    1770    1779    1467    972     383     -999999 
2858   2000 -999999 -999999 -999999 -999999 -999999 -999999 878     -999999 358     548     -999999 1370    -999999 1438    1737    1289    885     459     285     
2858   2001 757     370     1221    122     692     1594    802     -11     94      479     430     1158    1362    1629    1800    982     1116    297     -187    
2858   2002 791     331     1190    6       665     1524    869     6       237     497     513     979     1544    1537    1487    1109    880     617     101     
2858   2003 835     282     1449    -72     724     1884    766     -57     -288    376     502     1288    1833    1822    1996    1228    613     462     101     
2858   2004 746     209     1227    24      477     1566    901     -86     61      99      511     823     1414    1628    1650    1321    989     391     133     
2858   2005 708     226     1280    -88     640     1571    799     -94     -327    218     506     1193    1542    1693    1478    1249    845     302     -181    
2858   2006 826     141     1342    -148    626     1626    1030    -203    -50     116     677     1085    1507    1962    1415    1415    1062    613     293     
2858   2007 852     494     1348    306     836     1566    779     335     287     357     966     1194    1408    1698    1586    1208    825     301     18      
2858   2008 805     288     1285    124     616     1636    823     215     141     218     535     1091    1491    1673    1738    1163    953     349     62      
2858   2009 853     261     1427    -27     792     1701    931     -92     -57     304     688     1365    1437    1770    1888    1398    844     553     16      
2858   2010 713     203     1283    -104    551     1643    768     -243    -90     106     635     915     1475    1861    1588    1210    707     388     -98     
2858   2011 877     218     1426    -4      773     1613    981     -8      106     195     891     1239    1506    1520    1810    1582    845     519     248     
2858   2012 840     322     1377    -19     725     1793    918     43      -371    613     536     1021    1597    1785    1990    1313    921     521     56      
2858   2013 764     238     1275    -49     542     1624    914     28      -252    117     680     832     1386    -999999 1761    1339    1019    380     282     
2858   2014 868     441     1247    261     710     1490    1036    250     250     444     752     951     1474    1486    1509    1313    1061    734     248     
2858   2015 894     417     1396    131     713     1774    877     156     -26     295     705     1139    1547    2008    1760    1189    814     630     436     
