EUROPEAN CLIMATE ASSESSMENT & DATASET (ECA&D), file created on: 13-11-2019
THESE DATA CAN BE USED FOR NON-COMMERCIAL RESEARCH AND EDUCATION PROVIDED THAT THE FOLLOWING SOURCE IS ACKNOWLEDGED: 

Klein Tank, A.M.G. and Coauthors, 2002. Daily dataset of 20th-century surface
air temperature and precipitation series for the European Climate Assessment.
Int. J. of Climatol., 22, 1441-1453.
Data and metadata available at http://www.ecad.eu

FILE FORMAT (MISSING VALUE CODE = -999999):

THIS FILE HOLDS DATA FOR STATION SPAIN                                    IBIZA/ESCODOLA                           (STAID:   3916)
LATITUDE: dd:mm:ss +38:52:35
LONGITUDE: ddd:mm:ss +001:23:03
ELEVATION: m    6

DATA IS FOR INDEX Mean of daily mean temperature (TG) with unit 0.01 Temperature (&#176;C)

01-06 SOUID: Source identifier
08-11 YEAR : YYYY
13-20 ANNUAL DATA VALUES
21-28 WINTER HALF YEAR DATA VALUES
29-36 SUMMER HALF YEAR DATA VALUES
37-44 WINTER (DJF) DATA VALUES
45-52 SPRING (MAM) DATA VALUES
53-60 SUMMER (JJA) DATA VALUES
61-68 AUTUMN (SON) DATA VALUES
69-76 JANUARY DATA VALUES
etc. 
157-164 DECEMBER DATA VALUES

3916   1965 -999999 -999999 -999999 -999999 1503    2410    -999999 1147    912     1253    1447    1824    2216    2520    2493    2191    2026    -999999 1389    
3916   1966 -999999 -999999 2157    -999999 1549    2381    -999999 1374    -999999 1210    1621    1819    2177    2386    2575    2344    2001    1280    1188    
3916   1967 -999999 -999999 -999999 -999999 -999999 -999999 -999999 -999999 -999999 -999999 -999999 -999999 -999999 -999999 -999999 -999999 -999999 -999999 -999999 
3916   1968 -999999 -999999 -999999 -999999 -999999 -999999 -999999 -999999 -999999 -999999 -999999 -999999 -999999 -999999 -999999 -999999 -999999 -999999 -999999 
3916   1969 1744    -999999 2090    -999999 1560    2325    1910    1249    1091    1327    1497    1853    2049    2428    2489    2205    1974    1548    1170    
3916   1970 1780    1400    2160    1220    1449    2449    2007    1288    1201    1204    1401    1740    2244    2484    2614    2467    1897    1661    1126    
3916   1971 -999999 -999999 -999999 -999999 -999999 -999999 -999999 -999999 -999999 -999999 -999999 -999999 -999999 -999999 -999999 -999999 -999999 -999999 -999999 
3916   1972 1690    -999999 1992    -999999 1407    2285    1857    1101    1248    1252    1353    1616    2045    2401    2402    2121    1810    1641    1249    
3916   1973 -999999 -999999 -999999 -999999 -999999 -999999 -999999 -999999 -999999 -999999 -999999 -999999 -999999 -999999 -999999 -999999 -999999 -999999 -999999 
3916   1974 -999999 -999999 -999999 -999999 -999999 -999999 1809    -999999 -999999 -999999 -999999 -999999 -999999 2412    2482    2342    1661    1430    1298    
3916   1975 1733    1342    2092    1248    1432    2407    1856    1250    1190    1209    1420    1665    2076    2538    2595    2239    1889    1439    1186    
3916   1976 1714    1337    2105    1134    1459    2422    1792    1071    1152    1260    1378    1737    2204    2527    2528    2240    1830    1304    1308    
3916   1977 1744    1394    2015    1280    1513    2222    1919    1166    1360    1362    1483    1707    2046    2309    2307    2220    2002    1535    1355    
3916   1978 1740    1440    2063    1248    1510    2285    1885    1099    1294    1364    1442    1721    2051    2308    2487    2354    1817    1485    1426    
3916   1979 1769    1441    2115    1345    1495    2420    1845    1318    1285    1302    1403    1777    2262    2453    2541    2238    1907    1389    1311    
3916   1980 1735    1391    2085    1233    1460    2348    1941    1148    1241    1341    1322    1712    2138    2300    2597    2428    1888    1509    1101    
3916   1981 1801    1364    2112    -999999 1598    2338    2026    1052    1070    1489    1541    1763    2218    2335    2457    2352    2029    1698    1509    
3916   1982 1838    1533    2212    1370    1534    2552    1970    1339    1252    1349    1487    1764    2345    2715    2590    2357    2001    1551    1266    
3916   1983 1819    1380    2201    1131    1570    2459    2080    1093    1025    1317    1546    1847    2227    2600    2544    2430    2060    1750    1334    
3916   1984 1733    1439    2080    1224    1432    2344    1964    1195    1136    1147    1521    1631    2054    2515    2454    2292    1905    1696    1229    
3916   1985 1790    1389    2173    1164    1491    2452    2019    964     1314    1226    1551    1699    2260    2584    2505    2430    2096    1527    1299    
3916   1986 1815    1432    2194    1219    1533    2472    2044    1199    1153    1293    1365    1937    2173    2511    2703    2453    2054    1623    1281    
3916   1987 1841    1440    2223    1196    1575    2477    2053    1143    1161    1357    1580    1789    2211    2565    2646    2536    2074    1549    1430    
3916   1988 1870    1509    2222    1337    1644    2483    2076    1377    1195    1412    1601    1917    2205    2554    2683    2354    2196    1675    1234    
3916   1989 1899    1508    2245    1237    1618    2575    2039    1177    1307    1445    1543    1864    2253    2658    2804    2331    2032    1753    1576    
3916   1990 1871    1584    2250    1436    1592    2510    2077    1245    1493    1403    1465    1902    2303    2570    2649    2599    2072    1560    1167    
3916   1991 1788    1414    2173    1145    1480    2495    2003    1167    1097    1395    1428    1615    2166    2586    2691    2541    1927    1545    1286    
3916   1992 1815    1406    2179    1201    1602    2400    2017    1108    1210    1349    1534    1921    2054    2454    2680    2416    1959    1677    1387    
3916   1993 1810    1445    2216    1236    1599    2486    1923    1161    1151    1314    1570    1911    2314    2500    2638    2350    1894    1513    1348    
3916   1994 1864    1446    2225    1280    1634    2516    2008    1226    1265    1416    1535    1948    2196    2596    2747    2306    1964    1755    1370    
3916   1995 1867    1527    2183    1354    1608    2461    2004    1263    1437    1369    1541    1910    2199    2556    2619    2257    2054    1699    1467    
3916   1996 1795    1518    2135    1347    1569    2423    1869    1410    1153    1306    1566    1835    2241    2463    2558    2134    1833    1641    1365    
3916   1997 1882    1472    2228    1310    1679    2446    2084    1249    1317    1416    1638    1982    2340    2410    2585    2403    2138    1709    1361    
3916   1998 1847    1535    2243    1311    1644    2497    1963    1292    1277    1411    1659    1863    2284    2569    2632    2437    1931    1522    1247    
3916   1999 1864    1425    2291    1209    1710    2521    1992    1220    1156    1451    1639    2038    2302    2544    2710    2498    2076    1399    1283    
3916   2000 1854    1432    2251    1225    1713    2478    1946    1038    1363    1425    1691    2022    2314    2524    2592    2349    1965    1523    1419    
3916   2001 1878    1532    2241    1339    1734    2519    2000    1324    1267    1669    1623    1908    2331    2533    2686    2351    2208    1433    1156    
3916   2002 1851    1463    2176    1224    1608    2435    2016    1235    1289    1440    1562    1819    2293    2502    2506    2365    2023    1660    1477    
3916   2003 1889    1481    2343    1267    1624    2715    2010    1217    1089    1385    1573    1914    2522    2766    2852    2412    1989    1630    1265    
3916   2004 1832    1447    2213    1242    1514    2527    2029    1277    1179    1330    1484    1727    2322    2519    2733    2483    2145    1454    1297    
3916   2005 1770    1362    2212    1106    1576    2502    1918    1040    967     1228    1570    1920    2383    2588    2530    2267    2015    1469    1165    
3916   2006 1866    1379    2254    1107    1694    2503    2105    1064    1091    1438    1686    1958    2280    2673    2549    2364    2165    1785    1289    
3916   2007 1805    1527    2191    1283    1628    2430    1883    1206    1359    1338    1598    1946    2273    2498    2514    2306    1892    1450    1234    
3916   2008 1792    1409    2192    1249    1613    2447    1905    1226    1290    1389    1612    1839    2178    2570    2584    2356    1987    1370    1084    
3916   2009 1809    1316    2215    1099    1531    2534    1985    1088    1127    1222    1470    1899    2331    2601    2664    2311    2018    1635    1313    
3916   2010 1763    1417    2174    1198    1508    2468    1920    1098    1181    1239    1501    1784    2167    2608    2619    2351    1908    1500    1157    
3916   2011 1857    1370    2249    1155    1638    2478    2091    1110    1203    1331    1647    1936    2214    2537    2674    2473    2084    1718    1318    
3916   2012 1824    1402    2279    1112    1613    2570    2009    1139    864     1267    1611    1960    2417    2560    2728    2385    2033    1609    1275    
3916   2013 1819    1445    2177    1188    1584    2441    2056    1157    1126    1445    1549    1758    2126    2565    2621    2430    2236    1496    1262    
3916   2014 1908    1509    2307    1298    1693    2534    2131    1331    1300    1405    1773    1902    2396    2571    2629    2563    2155    1676    1158    
3916   2015 1842    1414    2281    1120    1611    2610    1935    1098    1101    1275    1585    1973    2328    2769    2725    2283    1976    1544    1394    
3916   2016 1849    1490    2191    1368    1577    2438    2018    1370    1340    1307    1616    1810    2247    2536    2523    2401    2084    1567    1365    
3916   2017 1795    1454    2208    1227    1595    2528    1891    1046    1274    1373    1509    1900    2371    2568    2641    2242    1991    1436    1153    
3916   2018 1815    1368    2240    1139    1567    2536    1973    1269    979     1343    1570    1787    2276    2608    2715    2470    1939    1512    1245    
3916   2019 -999999 1364    2181    1144    1514    2496    -999999 1052    1133    1286    1465    1790    2235    2642    2603    2336    1991    -999999 -999999 
