EUROPEAN CLIMATE ASSESSMENT & DATASET (ECA&D), file created on: 13-11-2019
THESE DATA CAN BE USED FOR NON-COMMERCIAL RESEARCH AND EDUCATION PROVIDED THAT THE FOLLOWING SOURCE IS ACKNOWLEDGED: 

Klein Tank, A.M.G. and Coauthors, 2002. Daily dataset of 20th-century surface
air temperature and precipitation series for the European Climate Assessment.
Int. J. of Climatol., 22, 1441-1453.
Data and metadata available at http://www.ecad.eu

FILE FORMAT (MISSING VALUE CODE = -999999):

THIS FILE HOLDS DATA FOR STATION RUSSIAN FEDERATION                       ULAN-UDE                                 (STAID:   3248)
LATITUDE: dd:mm:ss +51:49:59
LONGITUDE: ddd:mm:ss +107:36:00
ELEVATION: m  514

DATA IS FOR INDEX Mean of daily mean temperature (TG) with unit 0.01 Temperature (&#176;C)

01-06 SOUID: Source identifier
08-11 YEAR : YYYY
13-20 ANNUAL DATA VALUES
21-28 WINTER HALF YEAR DATA VALUES
29-36 SUMMER HALF YEAR DATA VALUES
37-44 WINTER (DJF) DATA VALUES
45-52 SPRING (MAM) DATA VALUES
53-60 SUMMER (JJA) DATA VALUES
61-68 AUTUMN (SON) DATA VALUES
69-76 JANUARY DATA VALUES
etc. 
157-164 DECEMBER DATA VALUES

3248   1886 -999999 -999999 1291    -999999 -999999 1721    -73     -999999 -999999 -999999 394     1005    1506    1913    1737    1164    -166    -1212   -1383   
3248   1887 -154    -1507   1240    -2274   78      1797    -67     -3272   -2154   -906    138     1005    1565    2312    1508    874     -12     -1100   -1958   
3248   1888 -184    -1603   1306    -2447   11      1909    -198    -2781   -2612   -1187   -198    1411    1809    2017    1897    851     -177    -1268   -2064   
3248   1889 -156    -1546   1251    -2288   6       1864    -268    -2821   -1947   -1029   99      950     1862    2040    1691    831     -432    -1198   -2017   
3248   1890 -999999 -999999 -999999 -999999 -999999 -999999 -999999 -2587   -999999 -999999 -999999 -999999 -999999 1696    -999999 -999999 -999999 -999999 -2337   
3248   1891 -149    -999999 1167    -2247   -28     1739    -243    -2251   -2149   -1007   -34     956     1519    1954    1738    830     -178    -1382   -2198   
3248   1892 -169    -999999 1187    -999999 -163    1786    -273    -2410   -999999 -1440   28      930     1902    1802    1658    758     58      -1611   -1905   
3248   1893 -999999 -1572   -999999 -2431   231     -999999 -101    -3180   -2184   -673    446     927     1824    2050    -999999 799     65      -1172   -2024   
3248   1894 -999999 -999999 -999999 -999999 -999999 -999999 -999999 -999999 -999999 -999999 -999999 -999999 -999999 -999999 -999999 -999999 -999999 -999999 -999999 
3248   1895 -154    -999999 1253    -999999 5       1763    18      -2801   -2702   -1149   242     931     1720    1984    1583    1035    34      -1015   -1870   
3248   1896 -999999 -999999 1303    -999999 -65     1979    -70     -999999 -999999 -1141   161     791     2060    2129    1753    900     -77     -1033   -1946   
3248   1897 -185    -1529   1246    -2263   -121    1862    -153    -2478   -2377   -1325   166     806     1782    2038    1762    893     60      -1419   -2271   
3248   1898 -145    -1658   1236    -2284   -240    1819    -43     -2353   -2221   -1794   235     854     1773    1881    1800    846     77      -1054   -1904   
3248   1899 -51     -1361   1256    -2069   80      1773    50      -2292   -2004   -1044   323     970     1672    1993    1652    900     134     -888    -2290   
3248   1900 -149    -1493   1289    -2417   -49     1904    -91     -3120   -1770   -1085   -89     1025    1731    2159    1815    1056    16      -1349   -2267   
3248   1901 -209    -1511   1224    -2317   53      1777    -216    -2566   -2097   -852    69      944     1740    1909    1680    975     -282    -1340   -2801   
3248   1902 -230    -1606   1025    -2381   -175    1590    -228    -2523   -1760   -939    -154    569     1489    1795    1482    944     -45     -1589   -2125   
3248   1903 -236    -1602   1171    -2289   -81     1754    -304    -2553   -2180   -1177   94      846     1534    2096    1624    798     -303    -1407   -2329   
3248   1904 -271    -1789   1108    -2611   -135    1702    -124    -3104   -2385   -1235   -59     892     1697    1727    1680    678     -29     -1025   -2151   
3248   1905 -217    -1487   1128    -2229   -187    1762    -215    -2296   -2241   -1237   -165    841     1572    2018    1691    771     -99     -1322   -2275   
3248   1906 -165    -1582   1246    -2423   149     1746    -365    -2658   -2328   -876    515     821     1693    1786    1758    885     -144    -1844   -1731   
3248   1907 -200    -1625   1207    -2213   8       1675    -149    -2295   -2656   -1185   184     1030    1735    1661    1631    978     -134    -1292   -2212   
3248   1908 -241    -1720   1216    -2491   -139    1808    -219    -2953   -2294   -1461   -12     1059    1707    2095    1617    790     -66     -1386   -2056   
3248   1909 -242    -1636   1165    -2307   -277    1827    -196    -2864   -1968   -1502   -105    782     1598    1955    1921    801     -288    -1098   -2234   
3248   1910 -344    -1636   1034    -2325   -191    1518    -284    -2927   -1759   -1505   0       937     1462    1354    1731    699     -98     -1459   -2575   
3248   1911 -140    -1596   1192    -2289   -59     1729    -63     -2234   -2034   -1215   254     793     1571    1957    1655    892     126     -1215   -2353   
3248   1912 -312    -1524   1111    -2187   -170    1663    -524    -2468   -1709   -1526   79      945     1622    2039    1327    620     -565    -1627   -2505   
3248   1913 -179    -1783   1128    -2526   -47     1697    -66     -2805   -2241   -997    -29     885     1787    1850    1456    790     -12     -977    -1984   
3248   1914 -104    -1360   1204    -1971   -61     1735    -120    -1955   -1976   -1305   216     915     1533    1940    1724    864     85      -1316   -2095   
3248   1915 -262    -1614   1117    -2434   -144    1728    -329    -2910   -2284   -1216   -95     880     1564    2039    1574    701     -411    -1274   -1841   
3248   1916 -243    -1511   1123    -2027   -177    1670    -168    -2266   -1978   -1342   -139    951     1393    1950    1657    887     -66     -1329   -2758   
3248   1917 -164    -1609   1163    -2498   116     1671    -171    -2588   -2111   -843    193     999     1756    1764    1495    743     -169    -1089   -2238   
3248   1918 -999999 -999999 -999999 -2157   -999999 -999999 -999999 -2388   -1811   -999999 -999999 949     -999999 -999999 -999999 -999999 -999999 -999999 -2354   
3248   1919 -236    -999999 1176    -2534   -144    1789    -167    -3185   -2013   -1188   -38     798     1680    2053    1620    941     -26     -1421   -2038   
3248   1920 -999999 -1470   -999999 -2194   200     1700    -999999 -2258   -2292   -835    376     1063    1430    1984    1677    -999999 -999999 -1484   -2578   
3248   1921 -145    -999999 1178    -2251   -109    1821    -182    -1921   -2253   -1003   -147    821     1412    2217    1822    897     -54     -1392   -2304   
3248   1922 -249    -1691   1198    -2570   -25     1843    -357    -2998   -2389   -1066   264     736     1620    2267    1636    628     -27     -1683   -2126   
3248   1923 -227    -1694   1144    -2462   -83     1679    -224    -2651   -2626   -1141   37      858     1407    2003    1619    903     -112    -1466   -1726   
3248   1924 -157    -1474   1207    -2029   -39     1768    -183    -2293   -2069   -1214   9       1087    1545    2067    1685    810     -224    -1132   -2222   
3248   1925 -131    -1635   1214    -2360   -124    1738    72      -2351   -2523   -1430   208     860     1729    1820    1664    981     243     -1013   -1915   
3248   1926 -69     -1283   1323    -2122   217     1872    -71     -2283   -2171   -635    373     918     1741    2055    1816    1009    -96     -1125   -2565   
3248   1927 -155    -1544   1153    -2305   -110    1662    -10     -2545   -1751   -1187   -9      869     1545    1934    1503    1049    -104    -972    -2273   
3248   1928 -207    -1542   1255    -2327   -37     1857    -322    -2400   -2307   -1229   311     819     1792    1937    1840    807     -241    -1534   -2340   
3248   1929 -246    -1701   1152    -2566   106     1623    -68     -2861   -2490   -808    214     916     1552    1730    1584    892     -53     -1044   -2721   
3248   1930 -229    -1622   1129    -2491   -143    1733    -198    -2636   -2077   -1224   -52     850     1503    1943    1747    745     -25     -1321   -2323   
3248   1931 -247    -1660   1125    -2469   -214    1725    -128    -2582   -2504   -1274   -14     654     1659    1864    1652    908     38      -1335   -2179   
3248   1932 -86     -1493   1211    -2173   -67     1706    150     -2000   -2351   -1182   206     782     1451    2128    1529    1142    177     -870    -2122   
3248   1933 -270    -1538   1135    -2413   -148    1708    -317    -2861   -2241   -1358   65      856     1638    1820    1662    735     -134    -1557   -1993   
3248   1934 -191    -1601   1142    -2263   -44     1691    -126    -2807   -1959   -1190   58      1002    1570    1988    1511    686     22      -1092   -2186   
3248   1935 -147    -1326   1163    -2077   3       1757    -195    -2471   -1520   -719    -87     812     1619    1897    1751    954     83      -1631   -2541   
3248   1936 -235    -1707   1063    -2472   -256    1665    -53     -2693   -2163   -1325   -200    758     1432    1965    1590    794     199     -1161   -2080   
3248   1937 -213    -1547   1166    -2242   -175    1699    -69     -2531   -2101   -1649   79      1054    1700    1825    1573    734     71      -1016   -2403   
3248   1938 -53     -1374   1219    -2252   237     1732    -49     -2503   -1808   -614    449     883     1576    1978    1636    762     39      -952    -2181   
3248   1939 -11     -1384   1330    -2193   138     1924    -156    -2368   -2013   -876    382     915     1750    2181    1836    886     -137    -1217   -1608   
3248   1940 -185    -1431   1160    -2208   147     1663    -141    -2838   -2177   -651    199     894     1656    1771    1562    856     -133    -1147   -2261   
3248   1941 -140    -1491   1184    -2242   -38     1782    -131    -2324   -2132   -998    21      865     1730    1933    1681    841     -29     -1209   -2194   
3248   1942 -157    -1463   1118    -2261   -9      1677    -172    -2259   -2336   -829    140     665     1636    1874    1520    852     -186    -1180   -1927   
3248   1943 -182    -1575   1233    -2283   6       1734    -150    -2794   -2110   -1289   199     1116    1586    1954    1656    854     -121    -1185   -2166   
3248   1944 -198    -1553   1211    -2304   -2      1712    -220    -2632   -2101   -1136   325     815     1709    1890    1538    966     -13     -1619   -2166   
3248   1945 -205    -1748   1204    -2503   -51     1646    10      -2685   -2674   -1418   275     999     1612    1831    1492    989     195     -1158   -2078   
3248   1946 -184    -1497   1197    -2171   -157    1815    -116    -2547   -1858   -1557   238     860     1633    2117    1688    610     75      -1039   -2515   
3248   1947 -317    -1720   1170    -2684   -23     1623    -234    -3138   -2370   -1373   263     1049    1569    1795    1504    809     145     -1668   -2517   
3248   1948 -55     -1461   1243    -2243   197     1814    -172    -2180   -2018   -569    405     762     1699    2079    1659    826     -53     -1294   -2039   
3248   1949 -66     -1346   1206    -1958   110     1681    -50     -2115   -1694   -916    305     947     1490    1953    1595    914     203     -1274   -2299   
3248   1950 -26     -1460   1305    -2279   89      1899    -127    -2514   -1998   -927    48      1145    1890    2164    1643    905     62      -1355   -1516   
3248   1951 -155    -1475   1168    -2192   6       1674    -45     -2796   -2270   -1046   -3      1068    1724    1837    1462    892     28      -1056   -1833   
3248   1952 -135    -1305   1225    -1941   -5      1806    -223    -1931   -2069   -1011   27      971     1715    2040    1660    903     -44     -1534   -2413   
3248   1953 -44     -1533   1287    -2347   168     1840    -84     -2476   -2130   -655    196     965     1839    2024    1657    1015    57      -1327   -1831   
3248   1954 -128    -1439   1239    -2122   -107    1874    -23     -2319   -2228   -1061   22      722     1735    1961    1923    1043    -37     -1073   -2356   
3248   1955 -85     -1542   1231    -2256   -161    1874    9       -2286   -2113   -1428   17      933     1592    2063    1958    781     59      -815    -1911   
3248   1956 -176    -1396   1197    -2141   -105    1785    -147    -2245   -2277   -1223   7       903     1628    2014    1709    888     6       -1339   -2262   
3248   1957 -216    -1649   1105    -2512   -33     1618    -125    -2748   -2527   -1099   169     837     1689    1716    1450    745     101     -1228   -1854   
3248   1958 -61     -1371   1208    -2033   -47     1829    -82     -2207   -2039   -1060   -41     962     1694    2015    1774    806     66      -1123   -1723   
3248   1959 -67     -1266   1230    -2003   203     1699    -65     -2251   -2039   -597    261     946     1577    1816    1701    1056    48      -1303   -2149   
3248   1960 -120    -1424   1186    -2108   -6      1724    -166    -2539   -1605   -1003   173     816     1680    1885    1605    933     -8      -1429   -1990   
3248   1961 -127    -1303   1165    -1919   173     1610    -248    -1958   -1797   -686    314     895     1375    1887    1558    930     -356    -1315   -2480   
3248   1962 -83     -1500   1206    -2147   39      1755    -282    -2213   -1707   -941    131     928     1582    1945    1732    887     -85     -1655   -1721   
3248   1963 -7      -1311   1153    -1889   109     1734    -12     -2258   -1666   -525    -64     909     1438    1907    1848    837     12      -885    -1756   
3248   1964 -136    -1413   1234    -2161   -32     1820    -162    -2316   -2427   -1152   14      1044    1633    1930    1890    853     -313    -1022   -1847   
3248   1965 -66     -1348   1210    -2031   158     1736    -111    -2199   -2050   -715    117     1070    1775    1820    1615    837     136     -1315   -2025   
3248   1966 -170    -1477   1161    -2207   -119    1677    1       -2591   -1982   -1131   -163    937     1642    1714    1672    1134    182     -1318   -2247   
3248   1967 -59     -1369   1214    -2205   308     1668    -146    -2325   -2026   -545    289     1180    1589    1938    1476    778     197     -1426   -1980   
3248   1968 -114    -1361   1207    -2161   264     1741    -239    -2287   -2219   -509    231     1069    1566    2066    1585    690     -28     -1386   -2231   
3248   1969 -163    -1708   1202    -2603   -65     1813    4       -2936   -2648   -1102   129     783     1768    2091    1577    837     55      -881    -1790   
3248   1970 -172    -1402   1209    -2103   -89     1798    -182    -2437   -2081   -1327   159     908     1673    2100    1617    761     -169    -1138   -2249   
3248   1971 -107    -1550   1205    -2284   21      1714    37      -2369   -2230   -1196   201     1065    1688    1778    1676    788     93      -772    -2135   
3248   1972 -163    -1383   1167    -2269   99      1661    -221    -2509   -2156   -846    274     876     1707    1787    1490    848     -157    -1356   -1977   
3248   1973 -71     -1499   1173    -2226   17      1647    70      -2576   -2114   -870    20      902     1764    1708    1473    1151    -36     -900    -1497   
3248   1974 -182    -1374   1260    -2057   -66     1866    -289    -2536   -2147   -1189   215     787     1553    1990    2045    938     -297    -1508   -2163   
3248   1975 -51     -1510   1256    -2208   238     1716    34      -2414   -2031   -698    272     1140    1671    1836    1638    947     -11     -833    -2254   
3248   1976 -138    -1350   1164    -2072   -80     1698    -168    -2062   -1887   -1070   73      763     1588    2043    1462    1033    -263    -1271   -2108   
3248   1977 -133    -1587   1180    -2422   18      1753    49      -2865   -2280   -793    91      759     1693    1909    1657    947     -35     -763    -2037   
3248   1978 -82     -1302   1218    -2069   104     1704    -26     -2163   -2001   -863    257     922     1714    1830    1569    995     -49     -1024   -2280   
3248   1979 -51     -1430   1238    -2252   83      1826    -20     -2589   -1846   -816    -21     1084    1975    1986    1522    851     208     -1127   -1953   
3248   1980 -116    -1384   1242    -2129   -119    1922    -148    -2547   -1870   -1034   -153    830     1793    2023    1946    973     -268    -1146   -1991   
3248   1981 -30     -1426   1285    -2199   342     1701    -119    -2578   -2011   -609    529     1111    1644    1954    1504    942     -229    -1067   -1674   
3248   1982 -67     -1410   1192    -2066   74      1674    -24     -2590   -1921   -1015   382     864     1610    1860    1551    862     -35     -898    -1576   
3248   1983 -30     -1185   1082    -1837   43      1588    36      -2080   -1856   -720    -123    968     1393    1666    1699    851     135     -882    -1549   
3248   1984 -173    -1290   1163    -1967   -57     1672    -136    -2384   -1969   -1125   -122    1073    1691    1769    1556    981     -20     -1373   -2213   
3248   1985 -120    -1526   1189    -2305   81      1719    -60     -2599   -2083   -918    190     974     1606    1961    1586    783     115     -1085   -2101   
3248   1986 -3      -1332   1298    -2127   158     1846    54      -2341   -1919   -709    145     1036    1741    2005    1788    1042    56      -938    -2060   
3248   1987 -90     -1360   1189    -2098   11      1703    -181    -2231   -1994   -1041   144     933     1408    1870    1823    921     -129    -1337   -1582   
3248   1988 -29     -1345   1207    -1918   102     1652    148     -2218   -1955   -886    218     978     1576    1660    1718    1071    167     -794    -1932   
3248   1989 -36     -1182   1203    -2006   287     1664    -71     -2226   -1844   -513    321     1054    1502    1884    1600    825     176     -1222   -2110   
3248   1990 68      -1284   1267    -2177   389     1764    116     -2626   -1753   -210    148     1222    1591    2036    1661    905     381     -947    -1721   
3248   1991 -72     -1284   1279    -2062   41      1826    44      -2589   -1855   -1016   236     908     1742    1915    1817    1028    119     -1016   -2256   
3248   1992 20      -1239   1234    -1938   261     1695    -30     -2075   -1452   -758    148     1390    1443    1935    1697    746     64      -904    -2045   
3248   1993 57      -1223   1288    -2062   257     1853    -21     -2466   -1634   -384    211     941     1690    2102    1763    990     106     -1163   -1593   
3248   1994 46      -1178   1313    -1777   219     1848    50      -2022   -1709   -739    337     1062    1881    2026    1639    905     169     -927    -2175   
3248   1995 75      -1155   1229    -1812   79      1791    160     -1667   -1572   -790    175     854     1582    1989    1795    945     184     -651    -2043   
3248   1996 -12     -1207   1244    -2002   182     1770    -156    -2069   -1886   -803    230     1119    1478    2106    1716    774     -111    -1132   -1648   
3248   1997 62      -1229   1346    -1960   471     1805    -10     -2500   -1709   -316    633     1099    1792    1911    1711    905     150     -1092   -1945   
3248   1998 31      -1241   1283    -2005   299     1739    -47     -2501   -1521   -560    448     1015    1447    1962    1797    1000    112     -1258   -1674   
3248   1999 16      -1328   1324    -1824   68      1798    10      -2288   -1476   -1396   252     1355    1629    2110    1648    909     13      -893    -1759   
3248   2000 -25     -1283   1423    -2138   389     1940    -190    -2824   -1809   -448    332     1280    2120    1902    1803    1075    -199    -1448   -2132   
3248   2001 3       -1576   1396    -2356   188     1974    125     -2868   -2036   -815    252     1131    2121    1978    1827    1042    53      -716    -2046   
3248   2002 102     -1018   1431    -1703   353     2027    -164    -1674   -1357   -393    154     1292    1908    2168    1999    1026    -208    -1309   -2480   
3248   2003 61      -1388   1312    -2071   250     1821    -28     -2138   -1545   -663    346     1068    1825    2053    1586    969     126     -1183   -1817   
3248   2004 86      -1203   1317    -1768   121     1862    145     -2054   -1409   -895    299     966     1956    1987    1646    1024    250     -844    -1927   
3248   2005 13      -1315   1324    -2220   176     1889    211     -2361   -2389   -706    209     1026    1709    2111    1841    1014    344     -729    -2077   
3248   2006 -49     -1269   1211    -2199   35      1812    64      -2486   -2016   -705    -57     863     1700    2093    1640    996     51      -855    -1943   
3248   2007 172     -1169   1457    -1825   309     1915    144     -2097   -1393   -789    517     1207    1669    2214    1855    1252    26      -842    -1644   
3248   2008 79      -1167   1320    -1972   296     1880    130     -2422   -1840   -314    301     902     1911    2104    1625    1054    143     -808    -1759   
3248   2009 -62     -1247   1313    -2029   291     1778    -96     -2402   -1914   -793    547     1127    1642    2009    1679    844     47      -1186   -2456   
3248   2010 -74     -1571   1282    -2395   -53     1873    90      -2561   -2142   -1172   -81     1092    1818    2154    1645    1030    131     -891    -2045   
3248   2011 55      -1299   1386    -2165   317     1937    24      -2642   -1769   -608    542     1024    2034    1927    1852    914     323     -1174   -1869   
3248   2012 -54     -1279   1317    -2008   168     1782    18      -2306   -1838   -839    280     1068    1801    1955    1592    1181    65      -1193   -2456   
3248   2013 -999999 -1507   1295    -2346   110     1853    -999999 -2506   -2046   -947    194     1086    1686    1978    1890    900     -999999 -999999 -999999 
