EUROPEAN CLIMATE ASSESSMENT & DATASET (ECA&D), file created on: 13-11-2019
THESE DATA CAN BE USED FOR NON-COMMERCIAL RESEARCH AND EDUCATION PROVIDED THAT THE FOLLOWING SOURCE IS ACKNOWLEDGED: 

Klein Tank, A.M.G. and Coauthors, 2002. Daily dataset of 20th-century surface
air temperature and precipitation series for the European Climate Assessment.
Int. J. of Climatol., 22, 1441-1453.
Data and metadata available at http://www.ecad.eu

FILE FORMAT (MISSING VALUE CODE = -999999):

THIS FILE HOLDS DATA FOR STATION RUSSIAN FEDERATION                       VANZIL-KYNAK                             (STAID:   8088)
LATITUDE: dd:mm:ss +60:21:00
LONGITUDE: ddd:mm:ss +084:04:48
ELEVATION: m   98

DATA IS FOR INDEX Mean of daily mean temperature (TG) with unit 0.01 Temperature (&#176;C)

01-06 SOUID: Source identifier
08-11 YEAR : YYYY
13-20 ANNUAL DATA VALUES
21-28 WINTER HALF YEAR DATA VALUES
29-36 SUMMER HALF YEAR DATA VALUES
37-44 WINTER (DJF) DATA VALUES
45-52 SPRING (MAM) DATA VALUES
53-60 SUMMER (JJA) DATA VALUES
61-68 AUTUMN (SON) DATA VALUES
69-76 JANUARY DATA VALUES
etc. 
157-164 DECEMBER DATA VALUES

8088   1955 -275    -999999 963     -999999 -327    1553    -84     -1626   -2510   -1569   -185    778     1569    1709    1381    491     139     -891    -2742   
8088   1956 -300    -1532   940     -2380   -326    1577    -298    -2127   -2262   -1333   -470    819     1279    1986    1456    517     -194    -1221   -2140   
8088   1957 -311    -1572   948     -2175   -524    1593    -355    -2112   -2283   -1541   -439    410     1609    1808    1362    916     -250    -1736   -1613   
8088   1958 -352    -1550   832     -1917   -601    1559    -235    -2225   -1913   -1607   -657    457     1450    1853    1369    480     -193    -991    -2343   
8088   1959 -350    -1401   903     -2147   -279    1490    -413    -2054   -2035   -840    -371    372     1472    1655    1343    925     -476    -1685   -2615   
8088   1960 -473    -1883   855     -2427   -595    1396    -506    -2800   -1828   -1884   -349    455     1361    1598    1228    814     -332    -2008   -1964   
8088   1961 -266    -1453   930     -1927   -44     1415    -524    -2162   -1626   -660    -11     539     1202    1736    1300    789     -835    -1514   -2037   
8088   1962 -113    -1394   1019    -1693   -107    1573    -362    -1574   -1443   -971    -185    832     1483    1897    1337    719     -414    -1388   -1748   
8088   1963 -246    -1380   813     -1771   -455    1445    -164    -2131   -1399   -1201   -509    345     1346    1721    1265    680     -3      -1174   -1957   
8088   1964 -335    -1505   924     -2009   -646    1580    -314    -1563   -2541   -1849   -729    638     1331    1898    1504    860     -447    -1349   -1863   
8088   1965 -318    -1469   934     -2099   -137    1519    -443    -2266   -2176   -776    -373    730     1387    1828    1338    658     -33     -1967   -2317   
8088   1966 -562    -1865   845     -2543   -652    1438    -392    -2480   -2862   -1627   -700    403     1327    1638    1345    1014    -487    -1699   -2732   
8088   1967 -131    -1658   960     -2379   -37     1534    -105    -2148   -2236   -686    26      550     1384    2011    1190    562     276     -1329   -1514   
8088   1968 -501    -1246   778     -1975   -73     1333    -822    -2647   -1774   -579    -266    619     995     1825    1164    303     -229    -2560   -3109   
8088   1969 -516    -2276   811     -3222   -539    1507    -240    -3261   -3298   -1359   -509    253     1305    2109    1100    576     -452    -843    -2102   
8088   1970 -438    -1550   756     -2227   -474    1283    -353    -2532   -2018   -1378   -242    206     1159    1598    1074    759     -396    -1420   -2106   
8088   1971 -306    -1666   896     -2280   -373    1435    -19     -1817   -2974   -1427   -190    504     1416    1497    1390    751     -39     -770    -2131   
8088   1972 -999999 -1609   -999999 -2471   -999999 -999999 -444    -3135   -2124   -1463   -191    197     -999999 1567    1219    303     -189    -1489   -2280   
8088   1973 -999999 -1559   -999999 -2229   -305    -999999 -999999 -2440   -1939   -1051   -213    379     1283    1629    1572    -999999 -159    -816    -1325   
8088   1974 -595    -1624   835     -2401   -459    1397    -676    -3152   -2721   -1521   -160    313     1158    1640    1384    704     -706    -2023   -2003   
8088   1975 -224    -1463   860     -1734   -274    1434    -325    -1515   -1680   -887    -241    306     1212    1864    1219    773     -209    -1544   -2092   
8088   1976 -379    -1568   979     -2051   -335    1570    -553    -1720   -2360   -1532   -99     556     1676    1654    1371    703     -970    -1335   -2486   
8088   1977 -361    -1959   995     -2742   -207    1528    -178    -2969   -2773   -1183   -81     661     1639    1714    1234    673     -500    -696    -2165   
8088   1978 -212    -1376   843     -2004   -361    1450    -15     -1867   -1977   -1087   -307    314     1422    1830    1097    679     -6      -717    -2037   
8088   1979 -364    -1521   889     -2439   -423    1521    -220    -3059   -2198   -1147   -491    367     1494    1855    1212    870     -317    -1209   -1859   
8088   1980 -338    -1607   831     -2200   -577    1460    -152    -2463   -2284   -1541   -535    346     1392    1642    1344    770     -70     -1158   -1611   
8088   1981 -176    -1237   959     -1741   -208    1572    -419    -1774   -1844   -1033   -38     451     1563    1575    1577    601     -489    -1366   -1452   
8088   1982 -215    -1531   1030    -1941   -229    1580    -380    -2470   -1897   -1539   193     672     1659    1686    1398    552     -743    -938    -1241   
8088   1983 -86     -1124   794     -1454   -451    1603    -39     -1623   -1502   -727    -638    5       1738    1743    1332    561     110     -792    -1340   
8088   1984 -469    -1155   774     -1746   -585    1508    -597    -1858   -2060   -1035   -1136   398     1380    1650    1489    822     -367    -2254   -2743   
8088   1985 -341    -1877   916     -2490   -329    1486    -252    -2099   -2642   -1242   -143    403     1476    1655    1328    754     -32     -1487   -2225   
8088   1986 -235    -1402   849     -1985   -302    1452    -81     -2014   -1690   -999    -290    382     1185    1845    1317    620     -124    -738    -2402   
8088   1987 -999999 -1566   -999999 -2419   -999999 1397    -524    -2749   -2074   -1333   -999999 696     913     1803    1460    689     -279    -1991   -1986   
8088   1988 -206    -1593   840     -2123   -264    1352    -32     -2082   -2311   -970    -213    391     1068    1654    1324    787     -75     -809    -1325   
8088   1989 -157    -1037   855     -1621   -123    1485    -234    -2053   -1469   -527    -642    783     1204    1828    1414    495     -143    -1056   -1824   
8088   1990 -999999 -1380   1002    -2220   52      1588    -999999 -2866   -1943   -494    -96     740     1470    1910    1382    575     -50     -999999 -1913   
8088   1991 -256    -999999 1044    -1955   -333    1514    -107    -1749   -2230   -1729   63      680     1416    1837    1285    959     -96     -1184   -2438   
8088   1992 -270    -1295   728     -1778   -459    1387    -424    -1439   -1434   -1186   -857    654     948     1692    1507    372     -26     -1630   -1915   
8088   1993 -154    -1266   961     -1725   -238    1674    -396    -1667   -1579   -818    -210    316     1570    1962    1485    614     -183    -1628   -1819   
8088   1994 -291    -1550   979     -2211   -237    1667    -218    -2350   -2490   -923    -311    523     1752    1873    1380    631     165     -1464   -2430   
8088   1995 10      -1197   1002    -1723   92      1428    -78     -1628   -1046   -776    286     772     955     1783    1530    653     -32     -855    -1590   
8088   1996 -383    -1357   755     -2065   -449    1474    -367    -2711   -1881   -1093   -517    260     1379    2074    965     333     -295    -1141   -2014   
8088   1997 -234    -1346   979     -2069   263     1265    -220    -2383   -1784   -498    496     798     1180    1396    1217    772     65      -1507   -2651   
8088   1998 -343    -1517   852     -2274   -342    1597    -803    -2296   -1833   -910    -553    432     1225    1934    1619    410     -467    -2363   -1451   
8088   1999 -292    -1714   906     -1867   -373    1384    -368    -2721   -1383   -1886   -351    1119    1024    1908    1207    478     -54     -1539   -1385   
8088   2000 -358    -1313   988     -1861   -30     1523    -561    -2605   -1573   -743    -63     714     1586    1543    1440    681     -412    -1958   -2925   
8088   2001 -277    -1917   1018    -2734   -99     1534    -165    -3113   -2101   -1012   -195    906     1546    1475    1580    764     -220    -1038   -2027   
8088   2002 -187    -1140   904     -1614   -172    1507    -329    -1599   -1174   -785    -550    808     1585    1664    1275    607     -224    -1373   -2535   
8088   2003 -131    -1434   1057    -2033   -159    1677    -381    -1808   -1726   -965    -351    833     1847    1607    1584    793     -77     -1868   -1561   
8088   2004 -272    -1452   890     -1797   -378    1479    -64     -2076   -1753   -1408   -550    819     1695    1559    1190    598     -181    -604    -2578   
8088   2005 -101    -1336   1033    -2177   -85     1616    42      -1705   -2257   -757    -196    696     1490    1926    1429    818     225     -924    -2116   
8088   2006 -369    -1597   916     -2687   -364    1594    -332    -3794   -2094   -908    -703    509     1849    1837    1103    878     -408    -1463   -1341   
8088   2007 -44     -1272   1042    -1637   -13     1529    -44     -1242   -2401   -893    464     405     1265    1956    1357    788     9       -932    -1477   
8088   2008 -116    -1121   913     -1782   -83     1470    65      -2467   -1377   -492    -449    678     1373    1733    1301    810     216     -836    -1919   
8088   2009 -399    -1405   983     -2278   -208    1534    -365    -2285   -2669   -1043   60      366     1243    1855    1495    856     -196    -1762   -2864   
8088   2010 -436    -1923   837     -2854   -293    1389    -75     -2850   -2848   -1101   -150    378     1327    1500    1338    604     191     -1029   -2748   
8088   2011 -90     -1421   1057    -2369   130     1464    -29     -2432   -1879   -663    282     775     1846    1328    1231    877     277     -1252   -1572   
8088   2012 -206    -1229   1208    -1864   6       1764    -363    -2273   -1740   -845    114     755     1998    1978    1323    1065    -336    -1818   -2724   
8088   2013 -999999 -1766   -999999 -2370   -339    1624    -999999 -2462   -1876   -1389   7       375     1344    1939    1581    -999999 -999999 -999999 -999999 
