EUROPEAN CLIMATE ASSESSMENT & DATASET (ECA&D), file created on: 13-11-2019
THESE DATA CAN BE USED FOR NON-COMMERCIAL RESEARCH AND EDUCATION PROVIDED THAT THE FOLLOWING SOURCE IS ACKNOWLEDGED: 

Klein Tank, A.M.G. and Coauthors, 2002. Daily dataset of 20th-century surface
air temperature and precipitation series for the European Climate Assessment.
Int. J. of Climatol., 22, 1441-1453.
Data and metadata available at http://www.ecad.eu

FILE FORMAT (MISSING VALUE CODE = -999999):

THIS FILE HOLDS DATA FOR STATION SWEDEN                                   HOLMA                                    (STAID:   5361)
LATITUDE: dd:mm:ss +58:19:48
LONGITUDE: ddd:mm:ss +016:49:12
ELEVATION: m    5

DATA IS FOR INDEX Mean of daily mean temperature (TG) with unit 0.01 Temperature (&#176;C)

01-06 SOUID: Source identifier
08-11 YEAR : YYYY
13-20 ANNUAL DATA VALUES
21-28 WINTER HALF YEAR DATA VALUES
29-36 SUMMER HALF YEAR DATA VALUES
37-44 WINTER (DJF) DATA VALUES
45-52 SPRING (MAM) DATA VALUES
53-60 SUMMER (JJA) DATA VALUES
61-68 AUTUMN (SON) DATA VALUES
69-76 JANUARY DATA VALUES
etc. 
157-164 DECEMBER DATA VALUES

5361   1962 -999999 -999999 -999999 -999999 -999999 1420    716     -999999 -999999 -999999 -999999 829     1384    1488    1388    1073    840     231     -263    
5361   1963 550     -154    1227    -578    347     1569    807     -801    -679    -290    316     1015    1455    1650    1599    1309    755     360     -171    
5361   1964 650     58      1239    -211    511     1520    732     -121    -352    -141    514     1160    1483    1585    1490    1186    724     285     -49     
5361   1965 562     69      1138    -171    345     1459    707     -114    -369    -98     364     771     1476    1418    1483    1308    859     -50     -367    
5361   1966 558     -153    1177    -598    361     1615    705     -608    -843    28      108     940     1636    1723    1487    1145    698     273     0       
5361   1967 706     151     1239    -158    578     1592    911     -403    -63     381     465     885     1414    1702    1655    1295    977     460     -348    
5361   1968 672     71      1307    -412    561     1673    751     -545    -339    207     650     829     1656    1609    1753    1337    680     237     -38     
5361   1969 615     -23     1298    -235    288     1742    780     -197    -495    -365    393     838     1619    1802    1802    1315    839     185     -431    
5361   1970 524     -190    1181    -691    328     1599    684     -696    -974    -124    216     890     1646    1530    1623    1167    733     151     14      
5361   1971 684     99      1209    -43     411     1568    720     -72     -72     -172    371     1031    1384    1708    1606    1126    826     204     210     
5361   1972 729     171     1247    -49     487     1675    741     -298    -61     131     427     901     1501    1900    1620    1110    726     389     365     
5361   1973 729     341     1299    177     602     1741    553     88      67      384     406     1010    1643    1925    1652    1137    525     0       -145    
5361   1974 741     119     1233    17      544     1528    747     92      113     123     584     926     1450    1559    1572    1292    566     390     185     
5361   1975 831     255     1362    150     527     1756    865     252     -3      118     416     1043    1457    1825    1977    1428    831     337     217     
5361   1976 630     101     1252    -122    397     1663    715     -452    -132    -204    424     973     1504    1746    1734    1110    693     341     -196    
5361   1977 644     68      1137    -249    448     1503    768     -156    -409    96      300     944     1486    1479    1545    1052    853     397     63      
5361   1978 620     128     1170    -158    405     1569    807     -67     -505    -23     335     899     1504    1592    1610    1060    776     585     -406    
5361   1979 573     -45     1204    -537    427     1555    711     -639    -568    -48     311     1014    1616    1499    1552    1218    572     348     -71     
5361   1980 583     -59     1244    -339    353     1608    672     -363    -598    -265    497     832     1524    1730    1567    1303    641     75      9       
5361   1981 596     38      1222    -144    483     1513    705     -299    -141    -74     464     1059    1328    1648    1557    1255    682     180     -551    
5361   1982 689     -82     1275    -534    584     1624    852     -655    -382    215     497     1036    1338    1808    1717    1231    833     493     60      
5361   1983 -999999 253     -999999 15      -999999 1720    749     240     -285    131     -999999 1008    1500    1856    1797    1265    786     196     -29     
5361   1984 729     95      1253    -120    493     1610    856     -186    -146    -62     534     1009    1439    1646    1740    1129    954     481     176     
5361   1985 462     -26     1122    -519    340     1537    643     -709    -1078   -65     200     881     1416    1659    1533    1022    816     85      -339    
5361   1986 602     -93     1172    -514    481     1545    761     -449    -780    51      249     1135    1508    1699    1427    989     756     537     -3      
5361   1987 491     -85     1101    -465    304     1390    742     -1030   -351    -424    448     893     1227    1573    1366    1083    844     296     -75     
5361   1988 685     181     1293    22      452     1640    642     104     38      -127    374     1106    1625    1734    1560    1338    618     -31     -143    
5361   1989 844     257     1331    187     703     1641    812     355     365     379     501     1224    1538    1810    1573    1322    837     275     -85     
5361   1990 871     383     1332    194     838     1638    727     210     485     581     705     1225    1543    1648    1720    1129    803     245     124     
5361   1991 744     220     1248    -10     559     1606    797     18      -189    281     523     871     1210    1854    1742    1262    755     376     143     
5361   1992 792     306     1341    141     653     1713    664     166     112     275     401     1275    1727    1788    1624    1210    483     305     105     
5361   1993 704     197     1205    47      677     1479    614     17      16      239     518     1269    1406    1592    1436    983     668     188     54      
5361   1994 751     95      1355    -157    573     1756    773     -62     -494    164     630     927     1423    2047    1786    1291    669     362     174     
5361   1995 707     232     1270    42      505     1689    773     -182    143     222     400     890     1501    1716    1844    1245    1001    65      -405    
5361   1996 -999999 -31     1209    -418    421     1620    784     -295    -562    -24     523     768     1460    1521    1873    1088    869     392     -999999 
