EUROPEAN CLIMATE ASSESSMENT & DATASET (ECA&D), file created on: 13-11-2019
THESE DATA CAN BE USED FOR NON-COMMERCIAL RESEARCH AND EDUCATION PROVIDED THAT THE FOLLOWING SOURCE IS ACKNOWLEDGED: 

Klein Tank, A.M.G. and Coauthors, 2002. Daily dataset of 20th-century surface
air temperature and precipitation series for the European Climate Assessment.
Int. J. of Climatol., 22, 1441-1453.
Data and metadata available at http://www.ecad.eu

FILE FORMAT (MISSING VALUE CODE = -999999):

THIS FILE HOLDS DATA FOR STATION UNITED KINGDOM                           ARBROATH                                 (STAID:  17472)
LATITUDE: dd:mm:ss +56:33:38
LONGITUDE: ddd:mm:ss -002:34:15
ELEVATION: m   29

DATA IS FOR INDEX Mean of daily mean temperature (TG) with unit 0.01 Temperature (&#176;C)

01-06 SOUID: Source identifier
08-11 YEAR : YYYY
13-20 ANNUAL DATA VALUES
21-28 WINTER HALF YEAR DATA VALUES
29-36 SUMMER HALF YEAR DATA VALUES
37-44 WINTER (DJF) DATA VALUES
45-52 SPRING (MAM) DATA VALUES
53-60 SUMMER (JJA) DATA VALUES
61-68 AUTUMN (SON) DATA VALUES
69-76 JANUARY DATA VALUES
etc. 
157-164 DECEMBER DATA VALUES

17472  1914 -999999 -999999 -999999 -999999 -999999 -999999 -999999 -999999 532     496     856     949     1284    1476    1418    1228    1004    637     338     
17472  1915 -999999 -999999 -999999 -999999 655     1348    -999999 325     334     441     716     780     1210    1390    1440    1234    906     355     313     
17472  1916 -999999 -999999 -999999 -999999 -999999 -999999 -999999 609     355     269     705     884     1071    1336    1380    1221    905     700     348     
17472  1917 -999999 -999999 -999999 -999999 578     1362    -999999 211     252     304     511     912     1239    1375    1475    1281    612     695     -999999 
17472  1918 -999999 -999999 -999999 -999999 739     -999999 788     178     544     538     588     1047    1194    1374    1455    980     891     477     463     
17472  1919 -999999 -999999 -999999 -999999 -999999 1349    -999999 266     183     257     657     928     1271    1326    1455    1148    791     -999999 339     
17472  1920 -999999 -999999 1115    -999999 764     1290    -999999 341     -999999 618     679     983     1229    1355    1281    1159    954     -999999 407     
17472  1921 -999999 -999999 -999999 -999999 -999999 -999999 -999999 -999999 -999999 603     730     975     1212    1508    1297    1266    -999999 452     517     
17472  1922 -999999 -999999 1000    -999999 603     1190    775     -999999 -999999 402     451     967     1158    1204    1205    1011    770     561     439     
17472  1923 -999999 -999999 -999999 -999999 628     1287    741     538     -999999 515     600     760     1091    1470    1300    1079    805     310     -999999 
17472  1924 -999999 -999999 -999999 -999999 549     1239    905     361     -999999 255     591     835     1123    1307    1279    1169    860     678     644     
17472  1925 -999999 -999999 -999999 -999999 -999999 1382    -999999 429     396     465     587     962     1243    1493    1413    1059    910     349     86      
17472  1926 -999999 -999999 1131    -999999 -999999 1333    780     369     460     603     754     819     1152    1422    1418    1196    619     538     443     
17472  1927 -999999 -999999 -999999 -999999 682     1263    -999999 -999999 -999999 618     669     770     1026    1387    1385    1063    895     516     222     
17472  1928 -999999 -999999 -999999 -999999 -999999 1261    886     393     392     469     680     874     1033    1401    1355    1126    860     666     370     
17472  1929 -999999 -999999 -999999 -999999 715     1284    -999999 201     -999999 607     590     935     1126    1373    1338    1278    819     574     464     
17472  1930 -999999 -999999 -999999 -999999 -999999 1363    -999999 384     216     414     693     835     1260    1413    1418    1259    922     436     424     
17472  1931 -999999 -999999 -999999 -999999 -999999 -999999 913     256     -999999 218     626     944     1173    1397    1229    1131    848     748     -999999 
17472  1932 -999999 -999999 -999999 -999999 675     1322    -999999 557     481     519     602     896     1133    1439    1400    1115    751     513     524     
17472  1933 -999999 -999999 -999999 -999999 804     1496    -999999 -999999 -999999 613     860     950     1333    1612    1549    1334    939     587     371     
17472  1934 -999999 -999999 1167    -999999 678     1393    -999999 455     573     465     613     972     1208    1593    1364    1237    904     572     673     
17472  1935 -999999 -999999 1142    -999999 692     1406    870     -999999 -999999 635     635     799     1209    1457    1543    1181    824     575     262     
17472  1936 -999999 -999999 1196    238     681     1420    903     184     267     493     584     969     1260    1474    1522    1309    853     520     419     
17472  1937 -999999 -999999 -999999 -999999 655     -999999 -999999 448     360     266     718     959     1223    1360    1465    1189    943     570     230     
17472  1938 -999999 -999999 -999999 -999999 867     1332    -999999 450     471     909     794     892     1244    1336    1415    1222    934     702     406     
17472  1939 -999999 -999999 1187    -999999 762     1374    -999999 227     597     602     718     972     1246    1372    1493    1335    822     650     -999999 
17472  1940 -999999 -999999 1175    -999999 -999999 1390    881     -19     223     459     666     1033    1407    1379    1384    1110    896     646     487     
17472  1941 -999999 -999999 -999999 -999999 572     1318    -999999 29      198     353     572     815     1210    1438    1308    1320    924     -999999 447     
17472  1942 -999999 -999999 -999999 -999999 -999999 1325    865     96      109     355     705     871     1178    1363    1437    1180    926     432     482     
17472  1943 -999999 -999999 1158    -999999 852     1299    890     328     569     597     932     999     1273    1342    1281    1127    969     540     354     
17472  1944 -999999 -999999 1118    -999999 -999999 1298    752     455     366     529     862     886     1125    1393    1370    1038    804     414     313     
17472  1945 -999999 468     1181    267     821     1366    1013    -53     553     757     792     909     1222    1484    1392    1281    991     729     467     
17472  1946 -999999 -999999 -999999 -999999 -999999 -999999 901     -999999 464     525     926     -999999 -999999 -999999 -999999 1269    844     568     238     
17472  1947 -999999 -999999 -999999 -999999 -999999 -999999 -999999 -999999 -42     -999999 -999999 -999999 -999999 -999999 -999999 -999999 -999999 -999999 -999999 
17472  1948 -999999 -999999 -999999 -999999 -999999 -999999 -999999 -999999 -999999 -999999 -999999 -999999 -999999 -999999 -999999 -999999 -999999 -999999 -999999 
17472  1949 -999999 -999999 -999999 -999999 -999999 -999999 -999999 -999999 -999999 -999999 -999999 -999999 -999999 -999999 -999999 -999999 -999999 -999999 -999999 
17472  1950 -999999 -999999 -999999 -999999 -999999 -999999 -999999 -999999 -999999 -999999 -999999 -999999 -999999 -999999 -999999 -999999 -999999 -999999 -999999 
17472  1951 -999999 -999999 -999999 -999999 -999999 1279    -999999 -999999 -999999 -999999 -999999 789     1110    1437    1285    1232    989     766     -999999 
17472  1952 -999999 -999999 -999999 -999999 762     1334    -999999 105     350     521     728     1034    1197    1410    1397    1006    856     426     256     
17472  1953 -999999 -999999 -999999 -999999 774     -999999 -999999 412     -999999 606     611     1078    -999999 1368    1383    1282    949     -999999 543     
17472  1954 -999999 -999999 1087    -999999 696     1252    -999999 363     -999999 403     695     961     1131    1323    1305    1084    947     589     -999999 
17472  1955 -999999 -999999 -999999 -999999 627     -999999 -999999 193     90      322     792     780     1124    1413    1480    1253    758     708     381     
17472  1956 -999999 -999999 -999999 -999999 673     1251    -999999 -999999 124     464     527     1012    1114    1404    1221    1217    856     624     583     
17472  1957 -999999 -999999 1135    -999999 791     1357    -999999 414     356     684     774     908     1251    1435    1381    1067    978     634     -999999 
17472  1958 -999999 -999999 -999999 -999999 584     -999999 1013    256     -999999 243     624     865     1120    1380    1362    1374    1038    628     363     
17472  1959 -999999 -999999 -999999 -999999 -999999 -999999 -999999 -999999 -999999 -999999 -999999 -999999 -999999 -999999 -999999 -999999 -999999 -999999 -999999 
17472  1960 -999999 -999999 -999999 -999999 -999999 -999999 -999999 -999999 -999999 -999999 -999999 -999999 -999999 -999999 -999999 -999999 -999999 -999999 -999999 
17472  1961 -999999 -999999 1171    -999999 -999999 1334    -999999 288     569     802     771     959     1270    1349    1380    1293    971     -999999 228     
17472  1962 -999999 -999999 1068    -999999 614     1252    -999999 352     466     301     614     917     1213    1253    1292    1133    1026    476     272     
17472  1963 -999999 -999999 -999999 -999999 -999999 -999999 -999999 58      23      451     -999999 862     1232    1288    -999999 1180    978     611     391     
17472  1964 -999999 -999999 -999999 -999999 -999999 1317    -999999 398     -999999 434     773     1049    1220    1410    1326    1176    851     -999999 -999999 
17472  1965 -999999 -999999 -999999 -999999 640     1239    -999999 242     -999999 318     665     936     1255    1164    1289    1157    977     365     268     
17472  1966 -999999 -999999 -999999 -999999 678     1312    -999999 251     258     633     485     899     1292    1387    1252    1300    877     463     337     
17472  1967 -999999 -999999 1133    -999999 722     1332    -999999 421     511     610     685     855     1205    1400    1392    1223    928     505     -999999 
17472  1968 -999999 -999999 -999999 -999999 634     1293    -999999 -999999 162     544     610     737     1220    1302    1351    1230    1051    578     404     
17472  1969 -999999 -999999 -999999 -999999 -999999 1384    -999999 440     -999999 295     597     803     1165    1478    1477    1260    1122    306     360     
17472  1970 -999999 -999999 -999999 -999999 646     -999999 -999999 285     236     404     563     986     1295    1296    1367    1269    936     573     435     
17472  1971 -999999 -999999 -999999 -999999 733     -999999 -999999 416     -999999 497     687     1004    1096    1416    1348    1346    1010    -999999 655     
17472  1972 -999999 -999999 -999999 -999999 750     1243    -999999 396     367     514     800     923     1105    1309    1309    1093    1007    477     474     
17472  1973 -999999 -999999 -999999 -999999 711     1359    -999999 416     -999999 630     645     867     1284    1424    1363    1192    784     -999999 374     
17472  1974 -999999 -999999 -999999 -999999 -999999 1307    -999999 491     -999999 442     588     935     1170    1364    1382    1088    797     567     581     
17472  1975 -999999 -999999 -999999 -999999 -999999 -999999 -999999 472     -999999 416     677     832     1205    1463    1528    1154    974     607     510     
17472  1976 -999999 -999999 -999999 -999999 -999999 1463    -999999 420     -999999 420     699     914     1383    1547    1452    1190    978     -999999 210     
17472  1977 -999999 -999999 -999999 -999999 -999999 -999999 -999999 -999999 315     533     626     842     1087    1415    1348    1174    1083    -999999 -999999 
17472  1978 -999999 -999999 -999999 -999999 -999999 -999999 -999999 -999999 106     550     539     976     1209    1255    1372    1267    1093    -999999 -999999 
17472  1979 -999999 -999999 -999999 -999999 -999999 1324    -999999 12      121     338     628     794     1220    1451    1305    1188    -999999 506     -999999 
17472  1980 -999999 -999999 -999999 -999999 -999999 1320    -999999 259     414     384     745     902     1273    1331    1356    1313    795     -999999 -999999 
17472  1981 -999999 -999999 -999999 -999999 -999999 -999999 -999999 338     -999999 512     -999999 994     1204    1399    1474    1294    665     -999999 -999999 
17472  1982 -999999 -999999 -999999 -999999 772     1397    -999999 131     -999999 568     793     939     1261    1452    1472    1208    982     605     322     
17472  1983 -999999 -999999 -999999 -999999 -999999 -999999 -999999 -999999 212     588     548     797     1182    1516    1503    1158    913     -999999 -999999 
17472  1984 -999999 -999999 -999999 -999999 -999999 -999999 -999999 157     -999999 459     641     861     1351    1475    1493    1174    960     -999999 -999999 
17472  1985 -999999 -999999 -999999 -999999 680     1275    -999999 165     -999999 420     692     912     1118    1386    1315    1197    1022    348     -999999 
17472  1986 -999999 -999999 -999999 -999999 643     -999999 -999999 275     92      433     516     970     1193    1417    1220    1078    977     656     416     
17472  1987 -999999 -999999 -999999 -999999 -999999 -999999 -999999 -999999 321     378     784     908     1068    1397    1377    1186    841     -999999 548     
17472  1988 -999999 -999999 -999999 -999999 -999999 1367    -999999 -999999 -999999 463     -999999 964     1297    1404    1395    1233    904     -999999 655     
17472  1989 -999999 -999999 -999999 -999999 -999999 1400    -999999 -999999 -999999 560     591     1050    1231    1528    1425    -999999 1007    -999999 329     
17472  1990 -999999 -999999 -999999 -999999 -999999 1389    -999999 478     -999999 718     726     1017    1229    1411    1524    1148    1032    621     390     
17472  1991 -999999 -999999 -999999 -999999 785     1377    -999999 235     -999999 587     714     1045    1096    1520    1531    1229    948     -999999 -999999 
17472  1992 -999999 -999999 -999999 -999999 -999999 1387    -999999 -999999 -999999 607     739     1026    1414    1412    1338    1147    651     526     -999999 
17472  1993 -999999 -999999 -999999 -999999 -999999 1318    -999999 438     -999999 540     738     -999999 1267    1380    1309    1093    786     452     301     
17472  1994 -999999 -999999 -999999 -999999 -999999 -999999 -999999 342     -999999 525     656     839     -999999 -999999 -999999 -999999 -999999 -999999 -999999 
