EUROPEAN CLIMATE ASSESSMENT & DATASET (ECA&D), file created on: 13-11-2019
THESE DATA CAN BE USED FOR NON-COMMERCIAL RESEARCH AND EDUCATION PROVIDED THAT THE FOLLOWING SOURCE IS ACKNOWLEDGED: 

Klein Tank, A.M.G. and Coauthors, 2002. Daily dataset of 20th-century surface
air temperature and precipitation series for the European Climate Assessment.
Int. J. of Climatol., 22, 1441-1453.
Data and metadata available at http://www.ecad.eu

FILE FORMAT (MISSING VALUE CODE = -999999):

THIS FILE HOLDS DATA FOR STATION FINLAND                                  INARI SAARISELKA KAUNISPAA               (STAID:   7862)
LATITUDE: dd:mm:ss +68:25:55
LONGITUDE: ddd:mm:ss +027:26:56
ELEVATION: m  430

DATA IS FOR INDEX Mean of daily mean temperature (TG) with unit 0.01 Temperature (&#176;C)

01-06 SOUID: Source identifier
08-11 YEAR : YYYY
13-20 ANNUAL DATA VALUES
21-28 WINTER HALF YEAR DATA VALUES
29-36 SUMMER HALF YEAR DATA VALUES
37-44 WINTER (DJF) DATA VALUES
45-52 SPRING (MAM) DATA VALUES
53-60 SUMMER (JJA) DATA VALUES
61-68 AUTUMN (SON) DATA VALUES
69-76 JANUARY DATA VALUES
etc. 
157-164 DECEMBER DATA VALUES

7862   1995 -999999 -999999 -999999 -999999 -999999 -999999 -999999 -999999 -999999 -999999 -999999 -999999 -999999 -999999 -999999 -999999 -999999 -999999 -1395   
7862   1996 -999999 -999999 -999999 -1216   -999999 -999999 -101    -894    -1379   -544    -999999 -999999 -999999 -999999 1237    357     -21     -642    -1111   
7862   1997 -999999 -820    -999999 -1182   -440    -999999 -168    -1267   -1166   -740    -689    101     932     -999999 -999999 589     -257    -836    -1007   
7862   1998 -249    -999999 516     -1321   -999999 951     -258    -1188   -1815   -999999 -430    134     640     1318    885     366     -185    -959    -992    
7862   1999 -133    -950    610     -1272   -330    1062    64      -1500   -1331   -775    -220    8       1179    1230    781     679     3       -487    -1230   
7862   2000 -59     -749    -999999 -1092   -261    -999999 152     -1033   -1004   -759    -301    275     824     -999999 1034    536     252     -334    -987    
7862   2001 -123    -716    644     -1018   -447    1109    -129    -767    -1329   -1175   -308    146     1096    1235    997     681     -218    -850    -1066   
7862   2002 -68     -848    722     -1108   -98     1176    -296    -1164   -999999 -742    1       451     1073    1344    1108    333     -372    -888    -1243   
7862   2003 -48     -904    663     -1204   -143    1108    -44     -1610   -715    -596    -261    425     786     1573    954     472     -142    -462    -1049   
7862   2004 -33     -768    694     -1105   -158    1134    -140    -1095   -1175   -680    -103    311     779     1549    1062    531     -126    -801    -685    
7862   2005 -999999 -729    -999999 -831    -331    -999999 -999999 -840    -984    -927    -219    157     1057    -999999 -999999 -999999 -999999 -324    -979    
7862   2006 -999999 -999999 -999999 -1059   -208    -999999 -144    -970    -1245   -1011   -34     425     -999999 -999999 -999999 435     -289    -573    -598    
7862   2007 -19     -734    595     -1074   -117    1041    4       -1097   -1577   -344    -235    223     882     1121    1114    445     190     -630    -454    
7862   2008 -999999 -589    -999999 -748    -999999 -999999 -999999 -860    -943    -862    -402    -999999 -999999 -999999 -999999 -999999 -999999 -687    -596    
7862   2009 -71     -999999 648     -946    -211    1031    -37     -1073   -1194   -745    -355    486     784     1108    1193    637     -327    -411    -1012   
7862   2010 -157    -919    659     -1265   -215    997     -110    -1346   -1458   -998    -108    465     764     1314    905     590     15      -939    -1185   
7862   2011 40      -927    766     -1327   -96     1149    183     -1213   -1610   -694    37      372     1102    1316    1027    727     119     -295    -517    
7862   2012 -188    -636    -999999 -1022   -189    -999999 -41     -1185   -1387   -585    -313    326     -999999 -999999 1016    504     -143    -481    -1323   
7862   2013 29      -814    811     -1027   -249    1226    -30     -946    -789    -1191   -246    690     1244    1231    1202    749     -142    -693    -735    
7862   2014 -999999 -663    630     -884    -188    1099    -999999 -1296   -594    -512    -258    205     753     1511    1009    582     -999999 -691    -756    
7862   2015 8       -999999 635     -967    -62     938     104     -1295   -837    -408    -124    344     753     874     1183    765     -45     -405    -763    
7862   2016 42      -666    765     -1002   23      1092    30      -1483   -742    -553    -69     689     881     1410    976     677     12      -598    -722    
7862   2017 -95     -631    496     -854    -371    963     -57     -891    -960    -656    -427    -31     648     1282    949     534     -104    -598    -955    
7862   2018 40      -804    809     -1041   -177    1240    87      -1056   -1121   -1016   -185    670     794     1799    1112    626     -128    -229    -876    
7862   2019 -999999 -721    612     -1063   -195    963     -999999 -1165   -1156   -796    -14     232     851     1075    958     554     -381    -999999 -999999 
