EUROPEAN CLIMATE ASSESSMENT & DATASET (ECA&D), file created on: 13-11-2019
THESE DATA CAN BE USED FOR NON-COMMERCIAL RESEARCH AND EDUCATION PROVIDED THAT THE FOLLOWING SOURCE IS ACKNOWLEDGED: 

Klein Tank, A.M.G. and Coauthors, 2002. Daily dataset of 20th-century surface
air temperature and precipitation series for the European Climate Assessment.
Int. J. of Climatol., 22, 1441-1453.
Data and metadata available at http://www.ecad.eu

FILE FORMAT (MISSING VALUE CODE = -999999):

THIS FILE HOLDS DATA FOR STATION SWEDEN                                   PITEA                                    (STAID:   5764)
LATITUDE: dd:mm:ss +65:19:11
LONGITUDE: ddd:mm:ss +021:29:24
ELEVATION: m    9

DATA IS FOR INDEX Mean of daily mean temperature (TG) with unit 0.01 Temperature (&#176;C)

01-06 SOUID: Source identifier
08-11 YEAR : YYYY
13-20 ANNUAL DATA VALUES
21-28 WINTER HALF YEAR DATA VALUES
29-36 SUMMER HALF YEAR DATA VALUES
37-44 WINTER (DJF) DATA VALUES
45-52 SPRING (MAM) DATA VALUES
53-60 SUMMER (JJA) DATA VALUES
61-68 AUTUMN (SON) DATA VALUES
69-76 JANUARY DATA VALUES
etc. 
157-164 DECEMBER DATA VALUES

5764   1961 285     -999999 974     -999999 78      1483    542     -1286   -445    -244    -122    594     1489    1632    1327    905     747     -32     -1176   
5764   1962 92      -645    868     -1076   -219    1225    364     -1003   -1044   -1378   157     576     1153    1387    1134    785     535     -234    -1030   
5764   1963 180     -667    1053    -1127   41      1371    335     -1140   -1221   -949    97      976     1217    1485    1406    1110    425     -534    -815    
5764   1964 254     -520    901     -790    14      1298    408     -390    -1189   -657    27      673     1133    1448    1307    791     614     -188    -586    
5764   1965 113     -440    916     -812    -52     1306    258     -1048   -801    -655    57      447     1284    1370    1263    1061    425     -719    -1383   
5764   1966 10      -1113   935     -1767   -233    1498    215     -1845   -2106   -1136   -216    654     1548    1606    1340    652     178     -183    -522    
5764   1967 199     -509    1013    -987    203     1416    509     -1693   -721    -126    132     600     1273    1539    1430    1086    349     96      -1606   
5764   1968 54      -794    939     -1620   101     1410    -94     -1782   -1462   -376    186     497     1419    1486    1326    700     -198    -782    -425    
5764   1969 87      -835    990     -1103   -100    1545    207     -1236   -1706   -745    -31     480     1417    1605    1608    838     430     -654    -1100   
5764   1970 138     -780    970     -1358   -5      1529    164     -1187   -1834   -434    -192    605     1576    1561    1451    795     240     -546    -533    
5764   1971 167     -590    948     -762    -121    1412    116     -820    -950    -961    -36     638     1267    1538    1425    830     292     -779    -529    
5764   1972 310     -550    1037    -823    71      1590    269     -1075   -869    -366    77      503     1401    1929    1435    849     366     -411    -177    
5764   1973 271     -235    1031    -426    217     1598    1       -293    -849    -112    63      696     1476    1954    1358    610     -9      -599    -1140   
5764   1974 375     -524    1095    -752    241     1481    303     -519    -580    -307    324     710     1470    1554    1418    1082    233     -406    -545    
5764   1975 407     -297    1030    -527    305     1388    460     -768    -241    -52     81      880     1252    1548    1358    1039    410     -67     -595    
5764   1976 167     -529    1004    -933    101     1454    120     -1453   -738    -728    109     922     1295    1526    1535    604     76      -319    -847    
5764   1977 183     -607    868     -1042   63      1308    253     -1006   -1297   -308    -122    611     1193    1401    1328    772     291     -304    -483    
5764   1978 107     -562    975     -953    83      1415    237     -1044   -1373   -531    -30     805     1342    1591    1311    803     221     -312    -1603   
5764   1979 204     -785    1046    -1438   118     1558    248     -1583   -1096   -351    -27     728     1522    1639    1511    876     132     -259    -722    
5764   1980 109     -756    1140    -1173   30      1597    96      -1313   -1507   -902    260     739     1670    1726    1397    1035    113     -858    -1106   
5764   1981 111     -821    999     -1053   -1      1347    258     -846    -1223   -1044   162     885     1139    1587    1307    886     292     -406    -1495   
5764   1982 290     -630    1016    -1177   251     1422    345     -1441   -533    -182    233     701     1101    1695    1460    880     317     -162    -640    
5764   1983 274     -402    1070    -707    212     1455    210     -696    -793    -469    184     919     1321    1667    1372    934     325     -632    -923    
5764   1984 289     -620    1081    -902    221     1437    222     -1270   -487    -725    285     1105    1388    1532    1390    761     313     -411    -441    
5764   1985 4       -808    980     -1414   9       1456    316     -1774   -2093   -554    8       571     1340    1575    1448    914     489     -459    -1562   
5764   1986 199     -715    969     -1419   215     1464    386     -1570   -1093   -124    34      728     1658    1595    1145    635     491     27      -1212   
5764   1987 107     -737    906     -1380   -17     1284    406     -1781   -1123   -838    124     667     1204    1488    1157    776     671     -237    -895    
5764   1988 292     -430    1104    -832    95      1589    274     -696    -910    -536    7       811     1511    1863    1389    1020    298     -498    -804    
5764   1989 426     -296    1100    -495    352     1465    386     -336    -328    -117    249     919     1410    1566    1417    1020    221     -77     -878    
5764   1990 405     -326    1071    -666    350     1471    246     -1050   -7      -127    261     912     1366    1556    1487    818     475     -564    -295    
5764   1991 302     -439    1005    -713    107     1496    299     -613    -1287   -440    177     584     1161    1715    1601    762     274     -137    -298    
5764   1992 363     -153    1037    -346    301     1433    30      -451    -284    -28     -98     1015    1615    1448    1241    983     -351    -529    -237    
5764   1993 278     -395    959     -451    307     1345    109     -731    -379    -146    127     935     1108    1595    1325    633     90      -394    -874    
5764   1994 254     -725    1078    -1185   144     1544    256     -1221   -1490   -525    303     660     1306    1784    1534    859     282     -373    -206    
5764   1995 302     -263    1015    -445    208     1469    272     -648    -485    -173    195     602     1467    1487    1454    871     463     -524    -1136   
5764   1996 273     -563    1050    -966    126     1519    294     -635    -1138   -443    193     629     1291    1542    1718    904     471     -498    -823    
5764   1997 367     -378    1125    -690    139     1683    275     -587    -655    -205    -32     649     1533    1880    1633    1059    182     -413    -717    
5764   1998 -999999 -543    -999999 -816    20      -999999 -999999 -735    -1014   -601    -64     722     1284    -999999 -999999 -999999 -999999 -999999 -999999 
5764   1999 -999999 -999999 -999999 -999999 -999999 1424    547     -1285   -990    -999999 -999999 -999999 1478    1591    1203    1036    395     214     -1021   
5764   2000 412     -330    1026    -755    233     1413    580     -619    -617    -334    191     841     1292    1563    1379    868     657     211     -522    
5764   2001 235     -341    1011    -700    -2      1436    -999999 -434    -1193   -832    110     721     1359    -999999 1376    1005    -999999 -293    -836    
5764   2002 285     -424    1181    -725    278     1661    7       -852    -463    -395    293     937     1548    1748    1683    851     -91     -735    -1155   
5764   2003 343     -634    1092    -1017   332     1549    287     -1383   -457    33      120     835     1311    1883    1446    930     218     -286    -588    
5764   2004 255     -494    1014    -828    166     1395    224     -1006   -893    -428    159     766     1191    1543    1445    954     208     -490    -434    
5764   2005 342     -436    -999999 -567    -999999 1497    507     -503    -786    -646    223     -999999 1289    1726    1468    993     497     30      -734    
5764   2006 354     -434    1116    -761    -4      1574    377     -620    -947    -868    83      775     1416    1650    1652    1097    171     -130    -122    
5764   2007 342     -376    1044    -748    347     1443    303     -858    -1319   -80     390     733     1368    1512    1445    796     453     -344    -126    
5764   2008 328     -213    943     -310    128     1335    251     -468    -338    -464    102     745     1227    1548    1227    784     338     -372    -420    
5764   2009 292     -450    1088    -766    253     1429    378     -669    -1256   -394    189     961     1316    1500    1467    1074    50      22      -863    
5764   2010 99      -676    1042    -1182   169     1406    138     -1179   -1538   -606    217     898     1200    1687    1325    897     376     -868    -1342   
5764   2011 406     -754    1171    -1286   321     1573    588     -1008   -1533   -231    430     766     1522    1759    1435    1098    477     191     -171    
5764   2012 251     -222    966     -674    282     1363    349     -771    -1109   4       52      783     1152    1562    1369    852     212     -13     -1135   
5764   2013 366     -550    1135    -896    105     1511    427     -906    -621    -824    162     980     1469    1555    1506    1114    369     -201    -267    
5764   2014 439     -204    1135    -482    399     1536    343     -1050   -91     30      357     807     1160    1909    1528    1018    289     -277    -447    
5764   2015 464     -232    1062    -498    386     1388    514     -798    -220    64      352     741     1166    1451    1539    1106    375     65      -309    
5764   2016 334     -327    1081    -770    361     1419    342     -1338   -656    -110    204     983     1286    1632    1335    1024    325     -323    -395    
5764   2017 303     -281    929     -485    142     1331    308     -480    -589    -254    78      599     1212    1435    1341    889     335     -302    -692    
5764   2018 308     -591    1156    -972    180     1568    436     -991    -1263   -687    131     1096    1260    1915    1518    978     352     -19     -708    
5764   2019 -999999 -456    1060    -931    260     1471    -999999 -1324   -744    -310    380     715     1415    1528    1468    834     44      -999999 -999999 
