EUROPEAN CLIMATE ASSESSMENT & DATASET (ECA&D), file created on: 13-11-2019
THESE DATA CAN BE USED FOR NON-COMMERCIAL RESEARCH AND EDUCATION PROVIDED THAT THE FOLLOWING SOURCE IS ACKNOWLEDGED: 

Klein Tank, A.M.G. and Coauthors, 2002. Daily dataset of 20th-century surface
air temperature and precipitation series for the European Climate Assessment.
Int. J. of Climatol., 22, 1441-1453.
Data and metadata available at http://www.ecad.eu

FILE FORMAT (MISSING VALUE CODE = -999999):

THIS FILE HOLDS DATA FOR STATION SWEDEN                                   HEMLING_A                                (STAID:   5690)
LATITUDE: dd:mm:ss +63:39:00
LONGITUDE: ddd:mm:ss +018:33:00
ELEVATION: m  182

DATA IS FOR INDEX Mean of daily mean temperature (TG) with unit 0.01 Temperature (&#176;C)

01-06 SOUID: Source identifier
08-11 YEAR : YYYY
13-20 ANNUAL DATA VALUES
21-28 WINTER HALF YEAR DATA VALUES
29-36 SUMMER HALF YEAR DATA VALUES
37-44 WINTER (DJF) DATA VALUES
45-52 SPRING (MAM) DATA VALUES
53-60 SUMMER (JJA) DATA VALUES
61-68 AUTUMN (SON) DATA VALUES
69-76 JANUARY DATA VALUES
etc. 
157-164 DECEMBER DATA VALUES

5690   1970 -999999 -999999 -999999 -999999 -999999 -999999 117     -999999 -999999 -999999 -999999 -999999 -999999 1377    1276    719     174     -542    -514    
5690   1971 144     -530    841     -648    -97     1249    52      -641    -804    -878    -55     643     1153    1359    1232    693     199     -740    -511    
5690   1972 253     -553    944     -818    107     1416    204     -1215   -723    -346    64      601     1347    1654    1245    733     258     -381    -237    
5690   1973 223     -224    900     -392    181     1428    -70     -182    -795    -68     -58     662     1337    1742    1202    487     -65     -632    -1041   
5690   1974 314     -485    963     -641    210     1293    243     -436    -425    -308    276     665     1306    1317    1255    947     166     -381    -660    
5690   1975 330     -338    934     -541    199     1301    318     -600    -343    -210    62      742     1154    1455    1289    880     280     -204    -595    
5690   1976 120     -524    871     -845    57      1285    72      -1277   -650    -695    5       859     1177    1323    1350    479     84      -347    -889    
5690   1977 173     -571    788     -977    54      1194    234     -967    -1084   -267    -143    565     1153    1260    1168    702     309     -313    -410    
5690   1978 60      -523    852     -874    47      1241    162     -889    -1373   -540    -57     734     1262    1322    1141    687     178     -381    -1459   
5690   1979 131     -751    923     -1339   142     1356    137     -1449   -1086   -328    13      735     1401    1368    1302    697     64      -346    -875    
5690   1980 92      -740    1023    -1121   47      1413    15      -1259   -1237   -808    254     700     1465    1502    1274    927     57      -940    -875    
5690   1981 111     -727    929     -869    49      1247    159     -826    -908    -894    143     899     1104    1474    1156    769     229     -523    -1359   
5690   1982 198     -641    887     -1128   188     1252    247     -1282   -703    -210    161     611     989     1459    1298    778     187     -222    -747    
5690   1983 222     -455    953     -752    170     1290    184     -691    -825    -461    127     844     1197    1472    1199    860     286     -597    -826    
5690   1984 257     -602    1008    -874    222     1317    212     -1221   -553    -696    299     1064    1209    1434    1306    708     338     -414    -418    
5690   1985 -40     -730    858     -1296   12      1304    170     -1730   -1787   -464    -99     596     1231    1391    1288    715     450     -665    -1529   
5690   1986 149     -731    864     -1338   184     1298    255     -1375   -1088   -210    -88     843     1506    1398    997     505     331     -73     -1040   
5690   1987 82      -708    804     -1278   -8      1147    342     -1780   -986    -707    109     579     1088    1374    976     682     519     -180    -754    
5690   1988 -999999 -392    1007    -714    73      1450    -999999 -617    -775    -560    -53     829     1449    1683    1218    895     -999999 -577    -838    
5690   1989 -999999 -999999 -999999 -999999 -999999 1325    -999999 -999999 -298    -186    -999999 826     1300    1448    1225    -999999 -999999 -999999 -999999 
5690   1990 -999999 -999999 -999999 -999999 -999999 1316    201     -999999 -999999 -999999 -999999 797     1182    1438    1324    693     320     -415    -443    
5690   1991 263     -414    900     -719    138     1356    250     -613    -1142   -261    143     533     1028    1584    1446    637     251     -139    -429    
5690   1992 302     -178    936     -388    280     1291    27      -419    -311    -31     -149    1004    1369    1317    1190    859     -324    -441    -467    
5690   1993 236     -434    879     -554    315     1195    88      -755    -429    -186    154     972     993     1421    1165    540     128     -406    -822    
5690   1994 166     -702    944     -1154   109     1361    161     -1141   -1536   -507    250     589     1066    1719    1287    727     114     -357    -350    
5690   1995 254     -331    915     -513    147     1348    241     -766    -414    -222    38      622     1426    1333    1288    767     488     -539    -999999 
5690   1996 156     -999999 900     -999999 97      1301    163     -660    -1272   -465    165     593     1134    1308    1455    723     358     -598    -935    
5690   1997 300     -455    1004    -760    74      1538    220     -694    -640    -244    -85     546     1383    1703    1523    931     77      -342    -626    
5690   1998 209     -454    877     -635    22      1247    181     -607    -676    -567    -68     696     1155    1419    1163    877     257     -595    -616    
5690   1999 241     -533    975     -826    139     1332    453     -1040   -823    -410    244     586     1348    1493    1157    1013    289     62      -1072   
5690   2000 367     -398    943     -792    214     1285    513     -658    -635    -373    176     839     1143    1464    1243    767     585     185     -373    
5690   2001 228     -331    967     -660    4       1357    359     -486    -1169   -794    125     683     1280    1490    1298    906     364     -194    -864    
5690   2002 303     -355    1155    -660    331     1584    25      -694    -396    -346    364     975     1486    1623    1642    815     -75     -661    -1134   
5690   2003 289     -621    1020    -1007   289     1466    192     -1192   -663    -8      107     762     1225    1808    1356    832     92      -344    -576    
5690   2004 260     -465    970     -759    251     1297    222     -1015   -681    -277    272     757     1100    1402    1382    884     251     -471    -520    
5690   2005 316     -445    991     -612    98      1375    414     -564    -766    -628    296     633     1223    1596    1301    878     399     -34     -612    
5690   2006 361     -430    1086    -711    24      1509    413     -737    -792    -827    131     772     1358    1580    1584    1069    236     -59     -59     
5690   2007 296     -308    974     -650    331     1352    234     -847    -1088   -98     355     738     1297    1432    1327    677     381     -361    -363    
5690   2008 336     -234    930     -352    202     1295    215     -346    -347    -381    210     779     1234    1472    1176    686     279     -323    -435    
5690   2009 255     -464    1019    -797    271     1312    355     -716    -1289   -378    266     925     1197    1391    1344    971     18      86      -853    
5690   2010 88      -634    994     -1154   217     1348    97      -1267   -1362   -474    223     902     1111    1674    1253    777     214     -703    -1396   
5690   2011 384     -697    1121    -1144   318     1467    499     -833    -1208   -306    500     765     1422    1644    1334    1049    307     147     -315    
5690   2012 239     -245    877     -651    239     1274    288     -645    -1015   14      5       690     1096    1452    1268    728     185     -45     -918    
5690   2013 316     -558    1068    -892    98      1418    388     -1157   -569    -826    34      1085    1386    1482    1386    1012    326     -173    -254    
5690   2014 427     -181    1078    -418    377     1475    352     -872    -96     -8      335     803     1177    1844    1394    888     310     -140    -544    
5690   2015 389     -232    961     -495    295     1267    422     -614    -308    -98     310     673     1062    1370    1362    974     283     14      -397    
5690   2016 312     -350    1035    -760    341     1352    321     -1249   -626    -131    204     946     1298    1560    1196    989     220     -242    -448    
5690   2017 290     -312    906     -543    173     1259    302     -608    -576    -244    79      680     1189    1358    1228    885     334     -316    -585    
5690   2018 311     -543    1138    -852    208     1513    341     -849    -1150   -742    167     1198    1269    1905    1358    894     249     -118    -561    
5690   2019 -999999 -405    1022    -748    259     1415    -999999 -1100   -564    -343    413     713     1371    1460    1412    747     137     -999999 -999999 
