EUROPEAN CLIMATE ASSESSMENT & DATASET (ECA&D), file created on: 13-11-2019
THESE DATA CAN BE USED FOR NON-COMMERCIAL RESEARCH AND EDUCATION PROVIDED THAT THE FOLLOWING SOURCE IS ACKNOWLEDGED: 

Klein Tank, A.M.G. and Coauthors, 2002. Daily dataset of 20th-century surface
air temperature and precipitation series for the European Climate Assessment.
Int. J. of Climatol., 22, 1441-1453.
Data and metadata available at http://www.ecad.eu

FILE FORMAT (MISSING VALUE CODE = -999999):

THIS FILE HOLDS DATA FOR STATION ITALY                                    PIANDELAGOTTI                            (STAID:   2865)
LATITUDE: dd:mm:ss +44:14:13
LONGITUDE: ddd:mm:ss +010:30:59
ELEVATION: m 1219

DATA IS FOR INDEX Mean of daily mean temperature (TG) with unit 0.01 Temperature (&#176;C)

01-06 SOUID: Source identifier
08-11 YEAR : YYYY
13-20 ANNUAL DATA VALUES
21-28 WINTER HALF YEAR DATA VALUES
29-36 SUMMER HALF YEAR DATA VALUES
37-44 WINTER (DJF) DATA VALUES
45-52 SPRING (MAM) DATA VALUES
53-60 SUMMER (JJA) DATA VALUES
61-68 AUTUMN (SON) DATA VALUES
69-76 JANUARY DATA VALUES
etc. 
157-164 DECEMBER DATA VALUES

2865   1961 852     -999999 1377    -999999 782     1610    935     -125    274     486     887     974     1499    1620    1707    1569    856     384     66      
2865   1962 722     205     1312    19      478     1654    817     81      -101    -81     583     934     1387    1670    1897    1381    836     233     -209    
2865   1963 688     29      1271    -342    575     1585    888     -460    -358    104     623     999     1419    1770    1562    1234    811     620     -136    
2865   1964 798     253     1359    -58     713     1627    835     -103    75      252     709     1177    1552    1723    1605    1377    635     502     62      
2865   1965 731     182     1234    -90     564     1609    787     -36     -318    208     469     1013    1523    1736    1564    1081    824     443     173     
2865   1966 770     285     1300    105     606     1571    839     -175    350     116     659     1045    1597    1576    1542    1374    993     146     -16     
2865   1967 789     252     1257    -34     625     1616    941     -63     -22     446     470     955     1249    1882    1704    1258    1020    541     -35     
2865   1968 707     291     1186    -39     675     1425    802     -203    132     287     775     965     1377    1552    1343    1093    920     400     -156    
2865   1969 739     210     1272    -87     649     1533    878     12      -119    181     490     1271    1362    1724    1507    1252    935     444     -253    
2865   1970 739     212     1233    -62     448     1565    900     122     -54     58      499     789     1538    1555    1602    1407    803     495     10      
2865   1971 731     203     1277    -6      549     1568    710     -30     3       -71     641     1085    1301    1664    1729    1179    581     375     257     
2865   1972 696     281     1133    119     608     1480    645     -22     123     367     515     940     1382    1613    1443    876     585     484     30      
2865   1973 750     199     1281    1       542     1610    841     -40     14      112     361     1147    1481    1559    1785    1333    733     461     -25     
2865   1974 720     309     1199    123     526     1552    568     260     129     273     376     923     1301    1612    1737    1224    291     196     272     
2865   1975 788     195     1289    151     574     1614    849     234     -73     225     532     964     1314    1789    1731    1383    831     333     124     
2865   1976 707     263     1170    99      559     1496    685     106     66      111     501     1064    1393    1659    1433    946     849     253     50      
2865   1977 728     330     1111    112     602     1445    734     69      225     512     501     791     1307    1670    1354    1028    846     324     68      
2865   1978 682     250     1120    -3      455     1456    772     -55     -26     315     280     764     1336    1478    1549    1298    700     320     168     
2865   1979 685     205     -999999 9       469     -999999 745     -201    66      166     303     932     -999999 1495    1638    1130    810     291     345     
2865   1980 629     267     1073    109     335     1411    788     -203    190     165     300     541     1072    1442    1707    1363    751     251     -41     
2865   1981 655     147     -999999 -193    -999999 1436    709     -330    -210    430     -999999 896     1355    1337    1614    985     837     300     74      
2865   1982 792     222     1343    31      566     1692    838     120     -115    87      499     1108    1591    1821    1661    1359    695     463     149     
2865   1983 719     266     -999999 48      576     -999999 793     248     -287    280     548     898     1294    1911    -999999 1267    858     252     -29     
2865   1984 602     129     1043    -122    264     1491    711     21      -371    8       405     384     1337    1658    1472    989     706     438     140     
2865   1985 687     146     1203    -112    471     1458    852     -483    21      54      487     872     1149    1671    1544    1481    812     264     325     
2865   1986 691     237     1139    55      587     1352    818     22      -206    161     399     1194    1013    1427    1605    1168    818     466     149     
2865   1987 679     225     1119    65      304     1401    903     -108    158     -152    555     510     1057    1521    1619    1506    823     409     325     
2865   1988 -999999 -999999 -999999 -999999 549     1568    786     163     -999999 143     621     903     1179    1748    1777    1173    990     146     163     
2865   1989 -999999 -999999 -999999 -999999 -999999 -999999 -999999 194     -999999 508     429     771     959     1230    1621    1314    -999999 361     154     
2865   1990 -999999 -999999 -999999 228     589     -999999 -999999 114     439     423     317     987     1134    1689    -999999 1213    902     383     -188    
2865   1991 -999999 -999999 -999999 -136    -999999 -999999 -999999 -6      -205    452     202     459     -999999 1824    1450    -999999 565     252     -176    
2865   1992 -999999 -999999 -999999 -999999 670     -999999 -999999 -79     173     370     518     1112    -999999 1539    1874    -999999 696     675     96      
2865   1993 733     -999999 1164    170     665     1502    545     256     148     290     637     1068    1452    1195    1858    753     718     158     205     
2865   1994 863     324     -999999 131     -999999 1660    918     203     -32     655     -999999 1000    1315    1773    1882    1237    892     627     305     
2865   1995 -999999 351     -999999 134     593     -999999 -999999 -198    270     139     580     1075    1270    1654    -999999 1108    1198    502     -999999 
2865   1996 -999999 -999999 -999999 -999999 -999999 -999999 -999999 352     59      -999999 794     1318    -999999 1700    1806    -999999 1064    -999999 -999999 
2865   1997 -999999 -999999 -999999 -999999 877     -999999 -999999 -999999 -999999 800     713     1092    1438    -999999 -999999 -999999 -999999 -999999 422     
2865   1998 -999999 -999999 -999999 -999999 -999999 -999999 -999999 -999999 -999999 483     -999999 1146    -999999 1929    1971    -999999 -999999 -999999 -999999 
2865   1999 -999999 -999999 1467    -999999 889     1707    996     -999999 -999999 531     777     1355    1458    1806    1848    -999999 1090    450     347     
2865   2000 -999999 -999999 -999999 -999999 -999999 -999999 -999999 -999999 -999999 -999999 -999999 1370    -999999 1674    1988    1506    -999999 -999999 453     
2865   2001 -999999 -999999 -999999 353     -999999 -999999 -999999 247     359     -999999 -999999 1387    1525    1910    1996    -999999 1294    579     35      
2865   2002 -999999 -999999 -999999 -999999 -999999 -999999 -999999 -999999 -999999 -999999 692     -999999 1746    -999999 -999999 1313    1093    816     348     
2865   2003 934     -999999 1528    -999999 811     1979    845     177     -263    507     565     1354    1936    1886    2113    1289    696     555     174     
2865   2004 844     332     1292    146     595     1629    981     4       267     300     596     890     1452    1699    1730    1372    1095    474     229     
2865   2005 796     346     1339    26      747     1634    859     55      -232    406     601     1228    1579    1766    1555    1285    912     378     -59     
2865   2006 878     211     1389    -81     688     1664    1090    -188    14      194     731     1139    1590    1925    1474    1464    1114    690     339     
2865   2007 910     558     1414    383     877     1660    801     455     352     381     1023    1232    1470    1840    1664    1239    796     367     60      
2865   2008 868     348     1338    203     687     1694    860     334     215     307     625     1125    1531    1739    1808    1175    1010    390     127     
2865   2009 888     314     1454    32      828     1743    947     -36     4       363     720     1399    1480    1838    1902    1359    833     653     75      
2865   2010 763     279     1313    -15     630     1662    783     -144    30      217     683     994     1491    1859    1631    1202    718     432     -5      
2865   2011 922     288     1459    88      817     1668    993     63      218     299     932     1223    1510    1583    1906    1591    849     545     300     
2865   2012 916     388     1443    64      811     1872    962     152     -281    725     601     1100    1712    1880    2020    1325    978     581     134     
2865   2013 853     317     1351    34      631     1677    960     153     -208    219     785     895     1419    1817    1786    1391    1076    408     409     
2865   2014 922     493     1302    319     772     1556    1064    264     281     499     804     1014    1518    1565    1584    1318    1087    787     300     
2865   2015 963     477     1450    200     788     1819    945     247     36      371     791     1203    1582    2085    1785    1234    843     762     540     
2865   2016 912     498     1376    365     709     1665    939     209     346     286     851     995     1431    1857    1699    1410    868     540     435     
2865   2017 942     439     1477    173     890     1904    888     -193    288     687     777     1202    1779    1893    2037    1149    1118    390     122     
2865   2018 919     323     1475    73      769     1744    1010    342     -279    191     971     1151    1552    1854    1819    1490    1011    530     313     
2865   2019 -999999 456     -999999 219     627     -999999 -999999 -28     389     517     625     742     -999999 -999999 -999999 -999999 -999999 -999999 -999999 
