EUROPEAN CLIMATE ASSESSMENT & DATASET (ECA&D), file created on: 13-11-2019
THESE DATA CAN BE USED FOR NON-COMMERCIAL RESEARCH AND EDUCATION PROVIDED THAT THE FOLLOWING SOURCE IS ACKNOWLEDGED: 

Klein Tank, A.M.G. and Coauthors, 2002. Daily dataset of 20th-century surface
air temperature and precipitation series for the European Climate Assessment.
Int. J. of Climatol., 22, 1441-1453.
Data and metadata available at http://www.ecad.eu

FILE FORMAT (MISSING VALUE CODE = -999999):

THIS FILE HOLDS DATA FOR STATION GERMANY                                  LOHR/MAIN-STEINBACH                      (STAID:   4367)
LATITUDE: dd:mm:ss +50:00:41
LONGITUDE: ddd:mm:ss +009:36:39
ELEVATION: m  161

DATA IS FOR INDEX Mean of daily mean temperature (TG) with unit 0.01 Temperature (&#176;C)

01-06 SOUID: Source identifier
08-11 YEAR : YYYY
13-20 ANNUAL DATA VALUES
21-28 WINTER HALF YEAR DATA VALUES
29-36 SUMMER HALF YEAR DATA VALUES
37-44 WINTER (DJF) DATA VALUES
45-52 SPRING (MAM) DATA VALUES
53-60 SUMMER (JJA) DATA VALUES
61-68 AUTUMN (SON) DATA VALUES
69-76 JANUARY DATA VALUES
etc. 
157-164 DECEMBER DATA VALUES

4367   1947 921     -999999 1660    -999999 986     1923    974     -405    -476    409     989     1559    1846    1970    1949    1628    723     579     188     
4367   1948 917     459     1465    288     1036    1637    825     436     236     580     1075    1455    1606    1645    1660    1339    848     288     -193    
4367   1949 895     214     1444    -23     814     1612    965     84      47      199     1032    1218    1410    1734    1686    1572    990     333     375     
4367   1950 889     400     1483    185     892     1793    864     -74     261     498     735     1439    1788    1875    1717    1328    795     470     -198    
4367   1951 924     316     1453    105     768     1746    935     262     267     297     748     1259    1608    1847    1779    1456    707     649     168     
4367   1952 869     350     1488    113     924     1837    646     146     18      402     1063    1313    1644    2019    1842    1022    671     245     5       
4367   1953 930     244     1484    -4      961     1711    956     -130    127     533     968     1384    1661    1793    1678    1405    1017    445     226     
4367   1954 787     289     1288    -108    809     1506    865     -296    -269    564     737     1123    1561    1435    1525    1340    914     338     399     
4367   1955 716     230     1276    8       602     1558    749     -232    -158    85      724     1000    1396    1686    1585    1251    747     248     194     
4367   1956 662     78      1233    -261    648     1463    802     -14     -1012   241     528     1173    1302    1695    1387    1296    829     281     159     
4367   1957 833     358     1311    134     783     1645    808     -86     351     608     793     947     1715    1770    1452    1180    816     426     4       
4367   1958 871     225     1450    42      691     1715    939     -70     209     -27     664     1435    1574    1781    1785    1437    858     527     239     
4367   1959 910     365     1525    54      975     1840    740     -10     -78     617     962     1345    1711    2017    1787    1307    658     259     271     
4367   1960 819     272     1322    77      841     1568    852     -69     27      471     784     1265    1646    1522    1539    1164    847     543     68      
4367   1961 865     366     1383    78      850     1552    996     -139    329     547     1056    954     1521    1524    1609    1634    1016    338     -21     
4367   1962 726     286     1302    90      678     1541    736     189     104     74      923     1045    1481    1504    1637    1214    810     181     -477    
4367   1963 687     -118    1412    -621    743     1658    924     -725    -665    126     893     1214    1598    1768    1606    1380    703     697     -419    
4367   1964 825     118     1485    -279    833     1757    823     -438    42      139     944     1417    1760    1959    1551    1264    663     546     45      
4367   1965 813     271     1324    39      748     1586    749     155     -96     284     740     1219    1624    1617    1517    1211    785     249     375     
4367   1966 921     356     1441    240     897     1646    903     -206    583     367     978     1350    1729    1591    1619    1372    1116    212     332     
4367   1967 942     451     1456    253     891     1776    911     106     327     594     761     1315    1600    2025    1696    1317    1076    334     97      
4367   1968 866     352     1429    60      868     1690    923     -52     139     506     897     1200    1673    1726    1670    1400    1043    323     -159    
4367   1969 814     221     1440    -114    799     1722    925     40      -234    273     772     1350    1506    1923    1731    1335    935     505     -436    
4367   1970 828     146     1399    -257    686     1716    968     -277    -36     178     640     1238    1813    1641    1696    1353    989     562     87      
4367   1971 877     298     1485    -2      894     1738    782     -290    218     220     966     1497    1442    1915    1845    1215    797     335     315     
4367   1972 799     318     1365    74      845     1672    723     -217    127     536     829     1169    1487    1889    1636    1163    614     397     -68     
4367   1973 837     234     1418    -10     767     1728    841     -40     86      405     574     1317    1657    1744    1780    1414    742     370     -62     
4367   1974 919     403     1346    212     883     1583    774     345     367     649     855     1143    1453    1555    1735    1323    572     432     557     
4367   1975 932     430     1490    384     820     1779    876     419     155     419     790     1251    1558    1880    1894    1547    765     320     125     
4367   1976 908     291     1495    143     763     1863    928     250     48      224     743     1321    1837    2049    1703    1295    961     527     -90     
4367   1977 908     411     1352    96      853     1660    923     60      344     663     651     1239    1594    1744    1641    1224    990     551     158     
4367   1978 824     393     1308    70      845     1532    842     136     -102    581     757     1195    1514    1588    1494    1286    905     332     128     
4367   1979 806     207     1350    -167    783     1634    848     -549    -72     472     658     1214    1728    1627    1549    1315    852     377     447     
4367   1980 822     385     1339    181     786     1593    843     -169    272     521     671     1162    1520    1540    1717    1409    776     346     79      
4367   1981 861     288     1427    -55     964     1655    937     -195    -49     738     869     1282    1574    1703    1685    1435    854     525     -145    
4367   1982 900     213     1486    -178    792     1799    1016    -302    -77     407     720     1247    1700    1945    1749    1541    951     559     290     
4367   1983 943     444     1539    211     856     1922    860     435     -125    505     928     1138    1705    2150    1904    1390    891     299     5       
4367   1984 852     288     1321    87      689     1612    949     184     71      261     708     1100    1450    1662    1717    1271    1063    510     193     
4367   1985 757     193     1406    -251    854     1595    775     -540    -422    305     867     1391    1399    1751    1628    1383    843     98      291     
4367   1986 846     203     1407    -27     847     1698    862     96      -514    334     727     1477    1669    1743    1682    1119    956     508     246     
4367   1987 810     223     1393    -77     694     1614    978     -452    -20     87      980     1025    1467    1771    1599    1511    905     522     284     
4367   1988 962     455     1461    306     897     1693    891     373     258     376     852     1461    1564    1738    1774    1360    1001    308     442     
4367   1989 964     506     1465    335     959     1712    901     243     317     700     737     1434    1542    1862    1727    1471    1011    217     255     
4367   1990 975     494     1439    331     981     1727    893     262     493     718     793     1426    1549    1750    1875    1219    952     507     115     
4367   1991 868     362     1426    19      784     1773    906     182     -268    631     715     1002    1421    1984    1904    1510    791     423     30      
4367   1992 958     360     1529    138     952     1839    864     152     238     522     837     1492    1712    1875    1928    1306    700     592     113     
4367   1993 923     334     1515    95      1014    1709    747     240     -85     413     1141    1493    1665    1749    1712    1318    798     123     431     
4367   1994 1050    429     1556    305     969     1913    996     378     85      714     835     1353    1765    2145    1824    1394    802     799     426     
4367   1995 946     487     1489    316     878     1790    942     61      476     368     1015    1255    1529    2045    1789    1284    1198    334     -34     
4367   1996 800     248     1376    -105    768     1685    880     -192    -88     252     847     1207    1675    1664    1715    1134    969     536     -148    
4367   1997 938     373     1477    -11     936     1798    871     -287    446     732     720     1348    1615    1771    2001    1385    798     431     264     
4367   1998 981     454     1515    289     1012    1762    875     284     323     610     936     1488    1773    1743    1769    1365    996     261     178     
4367   1999 1003    409     1571    187     999     1785    979     270     104     611     940     1446    1625    1964    1760    1674    912     354     306     
4367   2000 1039    483     1533    311     1079    1741    1022    213     422     685     1035    1514    1796    1611    1818    1416    1060    588     294     
4367   2001 979     478     1515    210     987     1804    979     42      302     568     779     1607    1535    1937    1932    1267    1251    409     56      
4367   2002 1033    496     1553    222     993     1875    981     79      565     622     946     1409    1863    1837    1923    1319    934     690     181     
4367   2003 1017    409     1684    53      1030    2090    877     57      -91     643     946     1499    2112    1989    2170    1367    674     598     160     
4367   2004 960     392     1497    220     883     1781    962     154     353     418     1006    1228    1642    1806    1891    1396    994     494     118     
4367   2005 -999999 376     1557    95      949     1798    -999999 242     -94     462     1016    1373    1812    1918    1666    1549    1112    -999999 -999999 
