EUROPEAN CLIMATE ASSESSMENT & DATASET (ECA&D), file created on: 13-11-2019
THESE DATA CAN BE USED FOR NON-COMMERCIAL RESEARCH AND EDUCATION PROVIDED THAT THE FOLLOWING SOURCE IS ACKNOWLEDGED: 

Klein Tank, A.M.G. and Coauthors, 2002. Daily dataset of 20th-century surface
air temperature and precipitation series for the European Climate Assessment.
Int. J. of Climatol., 22, 1441-1453.
Data and metadata available at http://www.ecad.eu

FILE FORMAT (MISSING VALUE CODE = -999999):

THIS FILE HOLDS DATA FOR STATION FINLAND                                  PORVOO LEHTIMAKI                         (STAID:   7039)
LATITUDE: dd:mm:ss +60:22:05
LONGITUDE: ddd:mm:ss +025:37:36
ELEVATION: m   10

DATA IS FOR INDEX Mean of daily mean temperature (TG) with unit 0.01 Temperature (&#176;C)

01-06 SOUID: Source identifier
08-11 YEAR : YYYY
13-20 ANNUAL DATA VALUES
21-28 WINTER HALF YEAR DATA VALUES
29-36 SUMMER HALF YEAR DATA VALUES
37-44 WINTER (DJF) DATA VALUES
45-52 SPRING (MAM) DATA VALUES
53-60 SUMMER (JJA) DATA VALUES
61-68 AUTUMN (SON) DATA VALUES
69-76 JANUARY DATA VALUES
etc. 
157-164 DECEMBER DATA VALUES

7039   1959 518     -999999 1179    -999999 427     1632    474     -570    -323    -54     377     956     1476    1748    1668    822     447     152     -540    
7039   1960 387     -427    1178    -862    201     1627    397     -1011   -1048   -584    126     1058    1617    1766    1496    978     303     -85     -25     
7039   1961 565     -42     1125    -161    387     1544    651     -375    -75     3       194     959     1663    1584    1390    942     844     161     -545    
7039   1962 354     -227    1005    -486    97      1292    576     -389    -526    -923    368     854     1156    1445    1271    917     647     161     -783    
7039   1963 353     -545    1235    -1018   141     1556    603     -1093   -1195   -1049   197     1278    1394    1643    1625    1244    557     9       -481    
7039   1964 431     -301    1112    -599    195     1508    525     -307    -1037   -583    253     916     1463    1618    1442    960     699     -90     -227    
7039   1965 376     -204    1073    -478    173     1417    420     -371    -874    -423    298     648     1477    1400    1375    1231    482     -454    -368    
7039   1966 296     -590    1084    -1108   197     1584    508     -1512   -1481   -289    -44     915     1645    1730    1380    852     473     199     -446    
7039   1967 425     -289    1175    -827    433     1525    794     -1400   -616    37      299     957     1346    1632    1592    1201    835     344     -1184   
7039   1968 371     -386    1144    -1132   339     1563    372     -1592   -584    -125    389     755     1629    1481    1583    1013    250     -143    -222    
7039   1969 310     -493    1121    -744    97      1537    485     -1020   -1017   -848    283     863     1527    1578    1505    953     488     15      -682    
7039   1970 339     -482    1129    -1059   271     1579    409     -1128   -1399   -257    134     933     1626    1639    1474    944     389     -104    -308    
7039   1971 429     -246    1097    -410    212     1508    375     -247    -702    -542    169     1007    1366    1638    1515    857     398     -132    -273    
7039   1972 505     -322    1217    -614    235     1744    493     -1002   -562    -372    179     896     1609    1972    1647    973     444     62      167     
7039   1973 438     -47     1177    -196    365     1691    166     -211    -580    -210    298     1006    1650    1969    1451    656     205     -365    -691    
7039   1974 583     -224    1092    -342    241     1476    679     -290    -12     -177    190     707     1412    1591    1422    1215    584     241     80      
7039   1975 604     62      1243    -141    483     1560    609     -140    -386    -41     334     1150    1334    1750    1590    1277    450     104     -248    
7039   1976 287     -365    1037    -721    214     1414    295     -1110   -810    -588    167     1062    1260    1543    1436    721     102     68      -443    
7039   1977 378     -378    1039    -725    278     1440    488     -748    -1013   -283    167     947     1435    1477    1407    775     520     168     -420    
7039   1978 279     -319    1067    -785    315     1438    459     -673    -1312   -279    190     1029    1429    1537    1347    845     338     200     -1408   
7039   1979 396     -514    1137    -1171   356     1551    482     -904    -1203   -150    155     1057    1561    1494    1597    933     355     163     -419    
7039   1980 354     -416    1164    -773    150     1591    407     -1034   -873    -697    448     708     1675    1647    1455    1044    511     -339    -328    
7039   1981 -999999 -327    -999999 -485    173     -999999 556     -445    -701    -696    140     1075    -999999 1673    1408    1008    632     26      -647    
7039   1982 452     -322    1093    -854    381     1450    598     -1173   -729    -69     262     945     1133    1670    1537    983     449     368     -42     
7039   1983 514     -108    1245    -378    445     1536    521     -181    -969    -343    513     1166    1343    1752    1505    1170    577     -185    -293    
7039   1984 498     -267    1174    -484    377     1449    613     -440    -735    -553    420     1266    1384    1511    1448    993     712     131     -215    
7039   1985 231     -480    1081    -1165   246     1514    472     -1671   -1656   -277    91      920     1352    1570    1614    912     647     -149    -726    
7039   1986 397     -406    1129    -953    405     1572    542     -835    -1335   -123    274     1060    1640    1702    1376    697     559     370     -739    
7039   1987 218     -546    1006    -1167   105     1355    490     -1961   -763    -735    201     853     1310    1512    1242    897     665     -97     -557    
7039   1988 507     -158    1277    -412    352     1722    395     -261    -417    -294    151     1191    1750    1987    1431    1127    432     -376    -671    
7039   1989 638     -80     1256    -239    594     1594    544     -45     25      158     524     1097    1630    1735    1418    1114    489     32      -551    
7039   1990 587     -52     1170    -321    558     1527    418     -458    85      109     588     978     1429    1594    1554    857     511     -116    -117    
7039   1991 535     -132    1126    -371    346     1548    617     -355    -670    -97     318     816     1287    1720    1629    957     575     319     -174    
7039   1992 564     63      1205    -206    459     1580    346     -212    -232    93      183     1092    1593    1660    1487    1191    18      -159    20      
7039   1993 457     -116    1064    -157    505     1387    195     -205    -298    -90     314     1284    1210    1598    1346    596     329     -345    -325    
7039   1994 464     -389    1211    -690    348     1609    488     -423    -1390   -275    495     830     1285    1970    1562    1102    456     -94     -100    
7039   1995 546     -14     1220    -162    422     1666    525     -326    -50     22      315     926     1793    1604    1605    1060    778     -272    -934    
7039   1996 411     -425    1099    -891    252     1519    619     -637    -1116   -410    259     906     1354    1472    1727    847     665     343     -543    
7039   1997 526     -85     1235    -473    301     1783    412     -502    -364    -124    177     845     1661    1865    1820    1011    242     -12     -375    
7039   1998 459     -231    1131    -367    251     1466    425     -195    -550    -518    275     998     1451    1606    1339    1099    524     -352    -248    
7039   1999 562     -276    1281    -553    368     1737    672     -652    -782    -200    540     769     1838    1887    1488    1155    636     227     -239    
7039   2000 641     -17     1171    -288    496     1528    703     -347    -276    -112    583     1020    1405    1682    1491    824     845     433     104     
7039   2001 530     6       1287    -282    365     1681    628     -215    -783    -412    566     949     1427    2019    1588    1150    756     -27     -749    
7039   2002 544     -90     1361    -432    558     1798    263     -409    -106    -2      501     1175    1621    1917    1850    1071    26      -301    -854    
7039   2003 504     -492    1225    -837    348     1666    561     -1042   -593    -191    231     1000    1339    2059    1589    1100    327     264     -107    
7039   2004 524     -157    1221    -457    419     1555    560     -736    -533    -166    409     1012    1334    1667    1657    1225    535     -79     -80     
7039   2005 584     -168    1282    -264    255     1675    745     -128    -619    -677    420     1029    1452    1923    1644    1202    650     386     -359    
7039   2006 -999999 -999999 -999999 -999999 -999999 -999999 -999999 -999999 -936    -999999 -999999 1028    1592    -999999 -999999 -999999 756     138     315     
7039   2007 636     49      1285    -293    625     1667    578     -250    -1015   270     526     1077    1541    1727    1730    1089    629     13      155     
7039   2008 694     122     1211    50      527     1540    692     -26     19      -68     596     1056    1421    1699    1496    978     835     259     34      
7039   2009 538     10      1258    -294    457     1570    607     -412    -526    -174    415     1128    1405    1703    1598    1275    315     241     -577    
7039   2010 442     -409    1380    -925    454     1828    496     -1268   -928    -266    452     1175    1482    2228    1763    1146    506     -164    -917    
7039   2011 665     -403    1394    -877    482     1819    821     -552    -1192   -165    554     1058    1705    2073    1674    1277    766     423     222     
7039   2012 516     10      1227    -366    471     1565    691     -506    -846    -43     358     1095    1373    1795    1523    1192    563     323     -685    
7039   2013 640     -226    1339    -522    297     1756    727     -591    -265    -688    268     1312    1780    1794    1694    1163    665     357     135     
7039   2014 655     79      1316    -238    589     1692    649     -793    -37     148     539     1078    1335    1990    1739    1184    558     208     -140    
7039   2015 713     97      1235    -121    545     1556    736     -204    -8      159     512     962     1361    1615    1686    1256    497     462     213     
7039   2016 593     0       1336    -317    615     1634    529     -1108   -40     -12     477     1376    1542    1754    1604    1238    460     -109    -88     
7039   2017 594     -47     1131    -244    410     1499    636     -301    -354    76      218     931     1352    1560    1580    1123    518     272     78      
7039   2018 661     -109    1443    -318    471     1801    761     -219    -866    -495    463     1444    1533    2066    1795    1326    675     285     -196    
7039   2019 -999999 8       1317    -302    536     1715    -999999 -648    -35     -26     608     1029    1762    1722    1664    1101    522     -999999 -999999 
