EUROPEAN CLIMATE ASSESSMENT & DATASET (ECA&D), file created on: 13-11-2019
THESE DATA CAN BE USED FOR NON-COMMERCIAL RESEARCH AND EDUCATION PROVIDED THAT THE FOLLOWING SOURCE IS ACKNOWLEDGED: 

Klein Tank, A.M.G. and Coauthors, 2002. Daily dataset of 20th-century surface
air temperature and precipitation series for the European Climate Assessment.
Int. J. of Climatol., 22, 1441-1453.
Data and metadata available at http://www.ecad.eu

FILE FORMAT (MISSING VALUE CODE = -999999):

THIS FILE HOLDS DATA FOR STATION RUSSIAN FEDERATION                       PUSKINSKIE_GORY                          (STAID:   1158)
LATITUDE: dd:mm:ss +57:00:00
LONGITUDE: ddd:mm:ss +028:54:00
ELEVATION: m  108

DATA IS FOR INDEX Mean of daily mean temperature (TG) with unit 0.01 Temperature (&#176;C)

01-06 SOUID: Source identifier
08-11 YEAR : YYYY
13-20 ANNUAL DATA VALUES
21-28 WINTER HALF YEAR DATA VALUES
29-36 SUMMER HALF YEAR DATA VALUES
37-44 WINTER (DJF) DATA VALUES
45-52 SPRING (MAM) DATA VALUES
53-60 SUMMER (JJA) DATA VALUES
61-68 AUTUMN (SON) DATA VALUES
69-76 JANUARY DATA VALUES
etc. 
157-164 DECEMBER DATA VALUES

1158   1966 -999999 -999999 1288    -999999 557     1659    520     -1136   -999    -109    407     1369    1724    1772    1485    947     645     -37     -999999 
1158   1967 -999999 -999999 1341    -999999 677     1604    834     -999999 -999999 120     497     1407    1510    1703    1598    1307    905     288     -866    
1158   1968 435     -339    1274    -1025   484     1630    458     -1466   -722    -173    551     1056    1665    1479    1746    1134    366     -142    -362    
1158   1969 370     -471    1229    -827    320     1588    549     -1253   -854    -595    480     1079    1521    1670    1572    1033    473     145     -932    
1158   1970 474     -410    1292    -1007   547     1638    484     -1099   -985    -118    505     1251    1606    1734    1573    1059    427     -32     -522    
1158   1971 544     -999999 1278    -999999 432     1642    445     -306    -600    -408    431     1272    1586    1672    1665    1015    479     -160    -272    
1158   1972 594     -299    1423    -650    476     1930    536     -1273   -390    -182    458     1151    1823    2042    1920    1130    410     73      -23     
1158   1973 540     -79     1285    -311    561     1718    345     -621    -299    -49     550     1182    1691    1902    1560    798     364     -142    -588    
1158   1974 616     -183    1197    -440    401     1569    716     -599    -99     10      336     855     1513    1643    1550    1272    708     167     -7      
1158   1975 689     68      1417    -193    735     1667    587     -173    -421    92      630     1480    1501    1843    1652    1368    549     -155    -192    
1158   1976 -999999 -999999 1162    -999999 -999999 1458    -999999 -999999 -999999 -999999 436     1081    1264    1679    1425    1014    -999999 -999999 -384    
1158   1977 507     -999999 1244    -578    554     1572    545     -723    -631    -162    550     1275    1642    1621    1455    901     503     231     -645    
1158   1978 393     -233    1154    -743    518     1504    554     -664    -937    62      439     1051    1420    1563    1525    901     390     378     -1485   
1158   1979 502     -432    1287    -1113   575     1611    514     -917    -918    -62     382     1397    1734    1438    1665    1085    424     37      -340    
1158   1980 425     -360    1214    -708    261     1637    494     -985    -805    -510    550     752     1791    1655    1468    1062    624     -210    -321    
1158   1981 561     -207    1305    -449    455     1667    627     -566    -462    -333    272     1422    1642    1849    1508    1108    775     -6      -545    
1158   1982 546     -227    1220    -727    545     1528    653     -955    -677    10      475     1149    1265    1715    1595    1092    580     290     -77     
1158   1983 637     -47     1392    -317    702     1589    616     -139    -780    -216    832     1495    1441    1702    1620    1244    632     -27     -265    
1158   1984 557     -155    1308    -433    657     1506    583     -345    -707    -249    788     1435    1416    1559    1539    1090    789     -137    -542    
1158   1985 368     -473    1229    -1122   485     1600    482     -1318   -1547   -175    355     1270    1423    1581    1788    926     717     -204    -553    
1158   1986 503     -291    1269    -764    618     1655    504     -550    -1235   -7      566     1294    1697    1732    1538    765     516     229     -633    
1158   1987 315     -469    1129    -1005   282     1466    453     -1802   -536    -574    307     1113    1488    1550    1362    932     503     -77     -520    
1158   1988 574     -179    1395    -487    621     1750    427     -497    -441    -56     431     1482    1760    1968    1523    1180    521     -425    -602    
1158   1989 716     -35     1384    -194    779     1663    542     -47     94      245     804     1288    1722    1748    1520    1209    545     -129    -440    
1158   1990 658     24      1215    -194    715     1508    530     -298    195     281     819     1047    1452    1563    1509    888     581     121     -280    
1158   1991 622     -65     1266    -376    542     1621    654     -353    -508    15      640     974     1487    1732    1641    1103    651     206     -207    
1158   1992 622     51      1345    -244    612     1720    384     -268    -258    168     423     1239    1624    1804    1728    1224    179     -244    -198    
1158   1993 499     -167    1190    -267    649     1448    152     -320    -287    -147    573     1518    1291    1614    1433    679     451     -683    -212    
1158   1994 538     -328    1331    -536    543     1633    563     -271    -1189   -162    802     996     1364    1924    1603    1281    474     -64     -427    
1158   1995 620     -66     1360    -339    672     1722    536     -520    -18     166     632     1215    1884    1649    1638    1126    743     -267    -882    
1158   1996 500     -431    1298    -934    563     1633    652     -864    -1064   -286    666     1313    1509    1580    1804    886     678     391     -667    
1158   1997 554     -77     1268    -487    407     1764    496     -520    -251    -95     320     993     1610    1873    1804    978     404     110     -626    
1158   1998 546     -133    1310    -383    588     1594    325     -164    -356    -179    670     1275    1692    1669    1423    1118    572     -723    -515    
1158   1999 677     -296    1455    -577    629     1869    634     -457    -778    63      950     885     2042    1984    1586    1280    670     -48     -140    
1158   2000 698     -25     1314    -267    722     1574    728     -445    -212    11      990     1174    1498    1672    1550    984     857     339     -65     
1158   2001 612     22      1446    -301    619     1798    617     -235    -634    -186    914     1139    1514    2193    1679    1216    697     -65     -966    
1158   2002 636     -102    1466    -481    751     1857    407     -410    -22     162     746     1345    1618    2053    1892    1112    189     -73     -1016   
1158   2003 576     -393    1302    -806    562     1630    572     -738    -649    -85     414     1353    1339    2006    1535    1131    431     157     -81     
1158   2004 588     -133    1308    -473    567     1650    589     -788    -556    23      621     1059    1415    1771    1755    1203    615     -54     -51     
1158   2005 603     -153    1358    -303    407     1671    731     -145    -755    -581    632     1177    1470    1876    1661    1310    678     205     -390    
1158   2006 634     -271    1401    -726    468     1755    788     -803    -1013   -362    584     1185    1637    1911    1714    1355    810     197     276     
1158   2007 684     104     1384    -301    796     1742    591     -163    -1092   481     565     1335    1671    1692    1860    1158    676     -64     -58     
1158   2008 724     78      1323    -92     674     1653    671     -224    12      115     825     1087    1519    1726    1712    1053    786     171     -123    
1158   2009 613     4       1332    -303    608     1602    657     -353    -446    -52     691     1189    1510    1755    1537    1292    434     253     -518    
1158   2010 567     -337    1545    -861    668     1992    559     -1347   -704    -157    730     1433    1668    2289    2007    1108    437     135     -874    
1158   2011 700     -318    1480    -796    609     1883    733     -495    -1044   -124    729     1227    1800    2126    1719    1259    664     277     135     
1158   2012 569     -101    1385    -503    652     1684    693     -560    -1124   -50     665     1340    1507    1939    1602    1236    603     242     -642    
1158   2013 676     -264    1456    -595    493     1822    730     -824    -289    -659    512     1628    1914    1822    1732    1103    717     369     29      
1158   2014 716     102     1490    -287    836     1777    622     -877    -5      345     768     1407    1481    2070    1780    1366    508     36      -318    
1158   2015 783     -999999 1382    -229    762     1683    693     -232    -122    357     680     1217    1560    1711    1775    1329    495     262     155     
1158   2016 653     -6      1463    -302    742     1769    496     -1034   70      52      719     1456    1661    1912    1724    1268    399     -150    -176    
1158   2017 632     -90     1244    -339    593     1552    670     -508    -339    214     456     1081    1366    1602    1686    1285    528     203     -26     
1158   2018 696     -112    1522    -365    668     1786    781     -287    -829    -322    821     1510    1533    1975    1838    1443    737     121     -304    
