EUROPEAN CLIMATE ASSESSMENT & DATASET (ECA&D), file created on: 13-11-2019
THESE DATA CAN BE USED FOR NON-COMMERCIAL RESEARCH AND EDUCATION PROVIDED THAT THE FOLLOWING SOURCE IS ACKNOWLEDGED: 

Klein Tank, A.M.G. and Coauthors, 2002. Daily dataset of 20th-century surface
air temperature and precipitation series for the European Climate Assessment.
Int. J. of Climatol., 22, 1441-1453.
Data and metadata available at http://www.ecad.eu

FILE FORMAT (MISSING VALUE CODE = -999999):

THIS FILE HOLDS DATA FOR STATION GERMANY                                  ROETGEN                                  (STAID:   4565)
LATITUDE: dd:mm:ss +50:38:30
LONGITUDE: ddd:mm:ss +006:12:23
ELEVATION: m  440

DATA IS FOR INDEX Mean of daily mean temperature (TG) with unit 0.01 Temperature (&#176;C)

01-06 SOUID: Source identifier
08-11 YEAR : YYYY
13-20 ANNUAL DATA VALUES
21-28 WINTER HALF YEAR DATA VALUES
29-36 SUMMER HALF YEAR DATA VALUES
37-44 WINTER (DJF) DATA VALUES
45-52 SPRING (MAM) DATA VALUES
53-60 SUMMER (JJA) DATA VALUES
61-68 AUTUMN (SON) DATA VALUES
69-76 JANUARY DATA VALUES
etc. 
157-164 DECEMBER DATA VALUES

4565   1948 847     -999999 1235    -999999 860     1421    861     348     65      676     765     1136    1378    1440    1443    1238    793     554     297     
4565   1949 846     384     1317    251     699     1462    992     191     265     198     939     968     1264    1599    1515    1610    1020    344     210     
4565   1950 -999999 -999999 -999999 174     -999999 -999999 778     -26     354     -999999 -999999 -999999 -999999 1641    1604    1154    771     409     -311    
4565   1951 810     251     1211    36      594     1438    932     230     205     203     570     1007    1319    1522    1470    1368    758     675     355     
4565   1952 723     354     1262    95      829     1522    570     -23     -57     398     940     1153    1386    1611    1565    900     662     146     -39     
4565   1953 842     184     1271    -60     802     1462    965     -112    -25     453     784     1168    1370    1506    1506    1281    1025    586     502     
4565   1954 736     369     1140    34      685     1344    916     -293    -122    475     481     1092    1357    1256    1420    1220    999     528     358     
4565   1955 725     305     1206    89      514     1483    811     30      -145    25      642     879     1339    1560    1545    1256    720     460     325     
4565   1956 645     187     1122    -152    639     1275    807     76      -907    387     403     1119    1087    1485    1247    1377    772     273     340     
4565   1957 808     440     1163    281     729     1466    818     138     373     735     655     795     1468    1587    1344    1120    916     414     127     
4565   1958 772     293     1236    142     512     1481    889     70      238     -6      406     1132    1307    1528    1601    1424    887     357     282     
4565   1959 863     379     1325    137     849     1567    871     20      107     595     815     1136    1425    1744    1527    1289    905     417     319     
4565   1960 792     408     1178    202     752     1396    892     76      209     505     633     1115    1452    1314    1425    1117    926     632     86      
4565   1961 847     464     1249    222     774     1362    1008    67      542     545     932     851     1337    1306    1442    1630    1014    380     112     
4565   1962 637     273     1078    98      433     1314    770     179     -7      -61     611     754     1226    1322    1392    1155    874     277     -112    
4565   1963 657     54      1196    -401    683     1403    945     -678    -415    341     755     953     1337    1515    1354    1252    867     719     -173    
4565   1964 771     290     1294    19      687     1487    805     8       237     94      710     1259    1409    1577    1472    1321    624     477     55      
4565   1965 688     222     1110    -17     599     1325    763     75      -200    267     547     982     1336    1279    1362    1144    946     191     249     
4565   1966 781     328     1223    198     709     1387    833     -152    527     223     789     1117    1455    1318    1391    1261    1001    232     206     
4565   1967 808     388     1212    210     677     1479    909     145     286     444     516     1066    1239    1711    1478    1238    1047    438     42      
4565   1968 754     322     1204    18      701     1415    905     4       7       379     825     903     1330    1454    1459    1248    1074    389     -50     
4565   1969 757     297     1238    20      656     1472    943     274     -184    233     596     1136    1274    1646    1489    1269    1117    437     -282    
4565   1970 744     223     1210    -98     504     1488    957     71      -81     54      380     1074    1529    1393    1543    1329    895     650     41      
4565   1971 794     317     1261    111     667     1475    795     197     94      13      698     1292    1201    1651    1564    1137    942     300     372     
4565   1972 741     403     1103    213     667     1388    698     -32     306     519     542     937     1199    1565    1395    959     743     391     347     
4565   1973 778     325     1266    165     601     1572    839     103     33      304     402     1092    1474    1518    1720    1371    759     389     119     
4565   1974 799     404     1168    260     725     1387    689     396     265     480     749     946     1276    1347    1535    1141    445     488     478     
4565   1975 819     408     1276    421     600     1580    809     455     320     255     577     966     1309    1635    1786    1365    705     361     51      
4565   1976 837     277     1347    150     637     1691    892     184     220     142     567     1198    1711    1795    1567    1227    999     446     -32     
4565   1977 804     401     1117    114     671     1391    878     80      315     591     420     995     1274    1472    1423    1100    1104    422     407     
4565   1978 728     400     1114    144     667     1320    857     77      -75     419     559     1021    1288    1368    1303    1136    944     489     153     
4565   1979 719     236     1165    -115    617     1398    891     -348    -154    304     522     1022    1408    1423    1364    1242    1011    416     358     
4565   1980 730     391     1186    193     624     1393    797     -120    351     326     532     1010    1264    1362    1549    1389    739     267     89      
4565   1981 761     289     1236    9       837     1419    823     -1      -68     673     672     1160    1308    1462    1483    1316    712     445     -92     
4565   1982 855     284     1308    69      670     1555    1015    101     213     324     556     1127    1451    1698    1514    1489    928     630     186     
4565   1983 851     398     1312    143     654     1677    884     395     -185    386     696     882     1474    1890    1661    1255    874     523     281     
4565   1984 773     335     1145    130     541     1439    987     87      14      214     595     816     1212    1491    1606    1134    1000    826     256     
4565   1985 695     280     1231    -121    669     1415    754     -455    -170    193     643     1171    1186    1616    1435    1316    897     44      398     
4565   1986 734     189     1176    -42     641     1482    879     40      -620    290     395     1231    1518    1535    1395    960     1046    626     280     
4565   1987 718     253     1217    -55     552     1417    931     -497    62      -5      886     786     1271    1528    1447    1381    996     414     318     
4565   1988 839     424     1238    298     741     1414    855     413     154     233     714     1276    1265    1445    1527    1185    986     390     446     
4565   1989 935     541     1296    387     847     1531    967     345     368     691     512     1326    1374    1652    1562    1326    1086    485     437     
4565   1990 887     596     1246    449     835     1513    862     337     586     642     594     1261    1311    1513    1708    1065    1095    418     73      
4565   1991 794     387     1218    23      706     1500    892     128     -149    705     605     804     1108    1735    1645    1394    857     426     192     
4565   1992 -999999 402     1359    218     825     1614    -999999 129     340     467     673     1331    1469    1676    1693    1293    -999999 -999999 -999999 
