EUROPEAN CLIMATE ASSESSMENT & DATASET (ECA&D), file created on: 13-11-2019
THESE DATA CAN BE USED FOR NON-COMMERCIAL RESEARCH AND EDUCATION PROVIDED THAT THE FOLLOWING SOURCE IS ACKNOWLEDGED: 

Klein Tank, A.M.G. and Coauthors, 2002. Daily dataset of 20th-century surface
air temperature and precipitation series for the European Climate Assessment.
Int. J. of Climatol., 22, 1441-1453.
Data and metadata available at http://www.ecad.eu

FILE FORMAT (MISSING VALUE CODE = -999999):

THIS FILE HOLDS DATA FOR STATION GERMANY                                  SAARBRUCKEN/ENSHEIM                      (STAID:    491)
LATITUDE: dd:mm:ss +49:12:51
LONGITUDE: ddd:mm:ss +007:06:29
ELEVATION: m  320

DATA IS FOR INDEX Mean of daily mean temperature (TG) with unit 0.01 Temperature (&#176;C)

01-06 SOUID: Source identifier
08-11 YEAR : YYYY
13-20 ANNUAL DATA VALUES
21-28 WINTER HALF YEAR DATA VALUES
29-36 SUMMER HALF YEAR DATA VALUES
37-44 WINTER (DJF) DATA VALUES
45-52 SPRING (MAM) DATA VALUES
53-60 SUMMER (JJA) DATA VALUES
61-68 AUTUMN (SON) DATA VALUES
69-76 JANUARY DATA VALUES
etc. 
157-164 DECEMBER DATA VALUES

491    1951 944     -999999 1420    -999999 796     1655    1031    313     320     361     773     1252    1521    1766    1675    1519    885     694     215     
491    1952 904     402     1523    87      1037    1834    708     32      9       564     1182    1369    1672    1997    1826    1070    785     268     39      
491    1953 980     308     1492    6       1084    1663    1030    -88     74      750     1017    1483    1559    1703    1724    1453    1119    517     379     
491    1954 877     399     1357    26      891     1577    999     -236    -75     648     756     1264    1633    1521    1580    1376    1049    571     372     
491    1955 857     364     1423    105     766     1691    866     -33     -38     229     925     1149    1560    1796    1714    1379    786     436     323     
491    1956 765     228     1324    -117    847     1468    866     124     -846    484     680     1372    1304    1664    1431    1474    833     292     285     
491    1957 925     459     1369    265     916     1665    908     18      517     810     908     1028    1712    1770    1514    1273    960     488     85      
491    1958 884     344     1399    162     694     1633    953     67      351     120     607     1351    1486    1711    1699    1519    895     446     319     
491    1959 1022    454     1578    198     1037    1831    1004    58      218     766     1006    1338    1668    2040    1780    1622    1001    390     321     
491    1960 916     452     1377    222     964     1580    963     79      268     640     868     1382    1666    1485    1590    1261    971     656     108     
491    1961 977     516     1457    235     986     1584    1086    64      565     740     1123    1099    1555    1545    1652    1771    1107    379     115     
491    1962 802     340     1354    143     663     1637    854     235     71      110     875     1010    1555    1610    1745    1323    978     256     -191    
491    1963 788     92      1429    -393    883     1643    1024    -569    -421    457     980     1214    1542    1823    1561    1443    840     796     -280    
491    1964 912     277     1552    -76     887     1803    901     -210    286     244     947     1473    1721    1986    1700    1464    718     526     76      
491    1965 824     307     1299    44      795     1531    815     161     -120    444     729     1211    1569    1487    1538    1250    916     276     347     
491    1966 926     405     1428    273     916     1590    945     -138    645     405     998     1347    1696    1530    1549    1444    1172    213     251     
491    1967 929     457     1419    244     875     1703    967     154     336     596     770     1256    1501    1958    1645    1365    1150    379     -12     
491    1968 854     373     1360    53      867     1583    930     -11     191     533     975     1096    1534    1636    1577    1336    1091    359     -86     
491    1969 863     305     1435    0       818     1678    1010    213     -139    353     768     1333    1445    1905    1675    1464    1030    534     -293    
491    1970 870     261     1414    -76     681     1720    1027    6       74      204     600     1236    1742    1644    1774    1472    935     677     33      
491    1971 922     340     1504    78      913     1690    905     19      193     179     1075    1491    1384    1916    1760    1375    1016    319     286     
491    1972 843     445     1298    204     870     1587    779     -52     390     700     792     1115    1406    1766    1583    1109    795     430     64      
491    1973 894     312     1469    47      806     1780    930     -7      88      485     604     1323    1682    1728    1926    1536    838     418     53      
491    1974 949     466     1377    288     928     1602    804     444     376     655     954     1175    1463    1570    1768    1322    526     572     519     
491    1975 937     461     1477    439     779     1772    904     480     304     352     769     1216    1532    1860    1918    1550    763     405     54      
491    1976 971     328     1566    152     856     1939    964     215     189     334     836     1396    1988    2065    1765    1326    1050    512     -55     
491    1977 924     464     1317    165     823     1623    960     160     413     701     586     1173    1497    1736    1632    1259    1086    530     265     
491    1978 818     431     1276    133     816     1498    831     108     15      542     757     1145    1401    1584    1506    1247    939     303     199     
491    1979 854     270     1363    -42     799     1615    952     -398    86      474     700     1220    1638    1682    1525    1401    1037    416     419     
491    1980 831     442     1338    241     780     1543    883     -89     404     465     714     1160    1402    1486    1737    1518    840     293     33      
491    1981 890     322     1430    -7      1004    1639    913     -60     9       785     934     1291    1513    1659    1741    1431    827     485     3       
491    1982 969     312     1531    12      875     1775    1113    -115    165     500     777     1345    1666    1964    1693    1728    951     665     249     
491    1983 972     455     1550    196     800     1988    921     348     -32     508     853     1040    1720    2251    1983    1433    955     373     155     
491    1984 871     346     1346    128     715     1662    961     145     83      347     793     1006    1452    1734    1794    1282    1025    575     185     
491    1985 838     276     1446    -113    854     1646    865     -440    -80     365     853     1345    1382    1877    1669    1529    944     119     423     
491    1986 877     264     1404    31      814     1709    982     102     -481    401     622     1412    1708    1765    1654    1239    1079    623     294     
491    1987 831     294     1415    -38     738     1605    1024    -462    63      154     1052    1018    1408    1730    1670    1606    1000    465     226     
491    1988 976     462     1473    299     929     1696    913     435     233     396     943     1448    1588    1684    1813    1343    1055    337     398     
491    1989 997     521     1480    295     1015    1727    960     230     252     825     691     1518    1535    1850    1791    1470    1095    312     327     
491    1990 995     559     1441    392     990     1732    931     217     659     744     757     1460    1496    1779    1913    1212    1091    484     89      
491    1991 898     411     1443    36      849     1755    934     132     -127    746     756     1042    1324    1963    1964    1591    825     389     92      
491    1992 972     378     1522    153     973     1810    885     84      293     577     844     1495    1660    1855    1910    1344    684     634     255     
491    1993 914     403     1466    191     1007    1676    718     375     -82     512     1109    1404    1659    1666    1702    1244    798     107     394     
491    1994 1043    431     1511    296     943     1886    1012    308     174     767     800     1259    1693    2161    1799    1332    878     831     450     
491    1995 964     531     1467    371     847     1804    967     158     520     358     898     1285    1482    2058    1860    1192    1271    429     14      
491    1996 816     324     1375    -21     776     1679    862     -69     -7      286     930     1117    1671    1668    1696    1156    978     449     -108    
491    1997 958     385     1480    30      954     1764    935     -213    451     759     774     1321    1545    1710    2029    1481    826     500     274     
491    1998 939     483     1454    314     967     1693    803     273     404     612     824     1459    1663    1645    1769    1345    897     163     164     
491    1999 987     387     1538    207     985     1731    991     330     119     616     921     1415    1534    1908    1745    1686    927     362     211     
491    2000 1033    449     1503    273     1010    1701    1056    199     419     570     994     1465    1762    1521    1821    1445    1043    682     460     
491    2001 966     572     1441    349     965     1745    942     229     360     643     731     1514    1482    1868    1877    1141    1308    364     15      
491    2002 1012    485     1480    190     941     1790    998     32      558     637     884     1299    1789    1776    1804    1315    945     735     344     
491    2003 1034    465     1670    104     1040    2068    940     -19     -23     773     941     1405    2030    1937    2237    1454    698     677     229     
491    2004 935     406     1476    196     887     1724    999     77      289     467     1000    1197    1591    1740    1838    1480    1078    436     15      
491    2005 977     370     1533    53      957     1748    1103    181     -45     519     1001    1353    1766    1863    1614    1591    1250    463     94      
491    2006 1020    348     1586    9       849     1855    1241    -116    55      320     892     1335    1738    2307    1515    1713    1267    744     409     
491    2007 1020    674     1526    468     1140    1694    863     485     514     614     1356    1457    1726    1685    1670    1252    925     409     114     
491    2008 964     456     1466    307     941     1738    876     395     419     469     771     1578    1701    1805    1707    1208    915     503     77      
491    2009 985     330     1573    18      1041    1765    1070    -156    144     483     1208    1438    1589    1794    1906    1491    912     812     155     
491    2010 872     391     1464    32      864     1802    893     -199    149     505     1005    1088    1725    1999    1680    1273    863     545     -206    
491    2011 1052    393     1571    75      1159    1684    1053    187     264     699     1302    1481    1674    1580    1799    1585    980     596     436     
491    2012 983     495     1496    180     1046    1751    987     288     -211    836     839     1456    1594    1734    1922    1410    968     584     316     
491    2013 927     352     1475    115     721     1829    1004    68      -56     201     879     1088    1618    2046    1814    1384    1161    461     387     
491    2014 1101    621     1541    430     1080    1752    1160    415     495     792     1171    1280    1768    1913    1577    1535    1240    702     294     
491    2015 1062    518     1580    187     968     1952    976     172     84      581     1003    1322    1700    2102    2046    1286    894     751     724     
491    2016 986     575     1545    458     856     1805    1022    269     375     429     812     1325    1653    1896    1862    1710    874     488     118     
491    2017 1020    428     1538    111     1065    1866    961     -189    435     845     846     1496    1862    1908    1828    1270    1109    499     291     
491    2018 1119    460     1726    249     1080    1974    1123    515     -93     386     1279    1582    1825    2116    1975    1560    1154    654     389     
491    2019 -999999 586     1581    319     937     1977    -999999 78      508     731     951     1130    1960    2009    1962    1460    1152    -999999 -999999 
