EUROPEAN CLIMATE ASSESSMENT & DATASET (ECA&D), file created on: 13-11-2019
THESE DATA CAN BE USED FOR NON-COMMERCIAL RESEARCH AND EDUCATION PROVIDED THAT THE FOLLOWING SOURCE IS ACKNOWLEDGED: 

Klein Tank, A.M.G. and Coauthors, 2002. Daily dataset of 20th-century surface
air temperature and precipitation series for the European Climate Assessment.
Int. J. of Climatol., 22, 1441-1453.
Data and metadata available at http://www.ecad.eu

FILE FORMAT (MISSING VALUE CODE = -999999):

THIS FILE HOLDS DATA FOR STATION RUSSIAN FEDERATION                       SURGUT                                   (STAID:   3075)
LATITUDE: dd:mm:ss +61:15:00
LONGITUDE: ddd:mm:ss +073:30:00
ELEVATION: m   55

DATA IS FOR INDEX Mean of daily mean temperature (TG) with unit 0.01 Temperature (&#176;C)

01-06 SOUID: Source identifier
08-11 YEAR : YYYY
13-20 ANNUAL DATA VALUES
21-28 WINTER HALF YEAR DATA VALUES
29-36 SUMMER HALF YEAR DATA VALUES
37-44 WINTER (DJF) DATA VALUES
45-52 SPRING (MAM) DATA VALUES
53-60 SUMMER (JJA) DATA VALUES
61-68 AUTUMN (SON) DATA VALUES
69-76 JANUARY DATA VALUES
etc. 
157-164 DECEMBER DATA VALUES

3075   1884 -999999 -999999 -999999 -999999 -999999 -999999 -999999 -999999 -999999 -999999 -999999 -999999 -999999 -999999 -999999 -999999 -999999 -999999 -1558   
3075   1885 -548    -999999 598     -2306   -692    1321    -495    -3347   -1980   -939    -596    -536    1268    1470    1223    748     -462    -1773   -1735   
3075   1886 -312    -1590   814     -1922   -637    1424    -348    -1975   -2071   -1576   -400    71      731     2083    1436    926     -478    -1488   -1136   
3075   1887 -276    -1329   930     -1626   -458    1668    -314    -2115   -1627   -1166   -401    195     1666    1962    1376    756     -402    -1293   -2334   
3075   1888 -999999 -999999 -999999 -2274   -999999 -999999 -999999 -2251   -2234   -999999 -999999 -999999 -999999 -999999 -999999 -999999 -999999 -1335   -2831   
3075   1889 -324    -999999 923     -2241   -369    1469    -476    -2149   -1690   -1283   -75     260     1177    1660    1560    930     -698    -1652   -2005   
3075   1890 -514    -1701   657     -2156   -839    1443    -528    -2384   -2072   -1431   -611    -468    1105    1829    1383    677     248     -2535   -2035   
3075   1891 -588    -1576   487     -2099   -811    1268    -673    -2478   -1751   -954    -1041   -444    1048    1463    1285    582     -771    -1828   -2239   
3075   1892 -282    -1714   987     -2172   -411    1703    -238    -2081   -2199   -1202   -711    671     1464    1936    1702    817     -44     -1494   -2331   
3075   1893 -264    -1533   910     -2389   -30     1348    -22     -2921   -1865   -571    134     351     1098    1673    1263    924     -79     -909    -2346   
3075   1894 -356    -1371   798     -2016   -626    1530    -458    -2270   -1369   -1238   -1041   388     1154    1766    1659    817     -289    -1909   -2018   
3075   1895 -372    -1747   803     -2513   -476    1494    -9      -2595   -2970   -824    -824    209     1177    1898    1397    925     128     -1086   -2098   
3075   1896 -335    -1434   950     -2131   -343    1549    -427    -2393   -1887   -1287   -651    901     1344    1775    1521    762     -322    -1723   -2120   
3075   1897 -310    -1644   940     -2170   -418    1544    -227    -2388   -1986   -1360   -540    643     1536    1718    1379    873     -292    -1261   -2142   
3075   1898 -362    -1639   860     -2084   -863    1570    -323    -1698   -2446   -2061   -597    77      1347    1960    1394    947     -495    -1415   -1507   
3075   1899 -152    -1396   865     -1729   -414    1416    289     -1831   -1862   -1314   -172    251     1323    1391    1532    843     371     -351    -2100   
3075   1900 -201    -1303   1019    -2328   -169    1639    -119    -2841   -2011   -926    -426    837     1479    1887    1546    748     147     -1260   -1720   
3075   1901 -352    -1314   786     -1954   -277    1375    -358    -2678   -1413   -970    -343    480     1199    1704    1217    426     -302    -1200   -2403   
3075   1902 -567    -1637   827     -2151   -782    1517    -776    -2248   -1765   -1901   -616    176     1095    2044    1397    825     -770    -2384   -2732   
3075   1903 -296    -1825   805     -2193   -431    1339    -218    -2471   -1289   -1271   -370    350     1007    1631    1367    813     -345    -1116   -1905   
3075   1904 -157    -1405   1010    -1993   -163    1596    -18     -1765   -2330   -1019   -288    815     1497    1722    1565    712     96      -868    -2105   
3075   1905 -255    -1358   815     -2012   -514    1374    -63     -2281   -1612   -1389   -555    401     1001    1741    1366    900     -29     -1060   -1637   
3075   1906 -255    -1379   932     -2150   -195    1540    -308    -2712   -2096   -797    -196    407     1420    1538    1657    737     -119    -1550   -1480   
3075   1907 -349    -1399   984     -2002   -129    1477    -373    -2797   -1701   -782    46      354     1023    1619    1775    1060    -417    -1759   -2686   
3075   1908 -403    -1823   917     -2304   -504    1433    -309    -2534   -1648   -1881   -285    660     1176    1538    1575    802     -319    -1411   -2529   
3075   1909 -226    -1655   896     -2239   -556    1591    -15     -2525   -1600   -1535   -436    307     1500    1970    1300    704     -80     -666    -1713   
3075   1910 -347    -1306   885     -1757   -621    1483    -407    -2083   -1443   -1842   -563    543     1247    1765    1428    853     -417    -1657   -2056   
3075   1911 -303    -1707   962     -2061   -612    1611    -251    -2103   -2020   -2016   -166    361     1552    2067    1211    723     -133    -1348   -1869   
3075   1912 -453    -1604   844     -2123   -449    1293    -460    -1942   -2588   -1801   -158    620     1225    1684    967     700     -730    -1342   -2140   
3075   1913 -999999 -999999 -999999 -999999 -999999 -999999 -999999 -999999 -999999 -999999 -999999 -999999 -999999 -999999 -999999 -999999 -999999 -999999 -999999 
3075   1914 -334    -999999 806     -999999 -574    1367    -295    -2048   -1967   -1695   -611    582     1156    1305    1632    735     -330    -1288   -1595   
3075   1915 -999999 -999999 -999999 -999999 -999999 -999999 -999999 -999999 -999999 -999999 -999999 -999999 -999999 -999999 -999999 -999999 -999999 -999999 -999999 
3075   1916 -350    -999999 785     -999999 -703    1418    -117    -1817   -1769   -1582   -693    166     1525    1518    1214    962     -29     -1285   -2440   
3075   1917 -238    -1537   891     -2165   -354    1300    24      -1958   -2091   -1463   -297    698     1056    1847    991     1021    34      -984    -1834   
3075   1918 -280    -1324   920     -1846   -539    1627    -257    -1718   -2000   -1496   -252    140     1471    2003    1403    729     -183    -1319   -2250   
3075   1919 -379    -1674   887     -2383   -460    1485    -241    -2690   -2191   -1446   -282    354     1148    1738    1558    774     -49     -1455   -2128   
3075   1920 -301    -1447   1028    -2171   2       1596    -602    -2097   -2294   -712    -63     778     1786    1646    1363    632     -765    -1668   -2285   
3075   1921 -144    -1548   977     -1987   -295    1693    -110    -1592   -2094   -939    -225    280     1839    2031    1213    704     12      -1051   -2030   
3075   1922 -194    -1421   1012    -2231   -192    1693    -202    -1923   -2794   -841    -397    635     1707    1932    1439    726     -206    -1127   -1700   
3075   1923 -190    -1387   934     -1847   -689    1702    -20     -1845   -2013   -1486   -674    93      1570    1982    1549    1058    278     -1407   -1515   
3075   1924 -153    -1310   976     -1946   -55     1439    -36     -2318   -2026   -979    67      751     1047    1970    1288    696     -161    -640    -1721   
3075   1925 -252    -1219   763     -1666   -690    1427    -37     -1643   -1630   -1539   -506    -19     1332    1525    1424    825     75      -1015   -1882   
3075   1926 -243    -1186   726     -1880   -359    1383    -127    -1681   -2098   -597    -227    -249    1241    1426    1476    674     155     -1256   -2009   
3075   1927 -351    -1529   999     -999999 -444    1501    -224    -2748   -1813   -1726   -372    767     1456    1599    1445    1071    -171    -1575   -2614   
3075   1928 -262    -1655   947     -2203   -556    1612    -205    -2177   -1792   -1609   -445    390     1347    1902    1579    876     -55     -1443   -1775   
3075   1929 -339    -1594   907     -2313   -391    1547    58      -2785   -2384   -1193   -92     122     1627    1755    1262    753     261     -848    -2649   
3075   1930 -301    -1465   811     -2327   -608    1528    -104    -1829   -2469   -1370   -830    368     1496    1716    1370    716     -219    -804    -2061   
3075   1931 -224    -1425   973     -2137   -415    1653    -69     -2058   -2308   -1166   -393    315     1519    1748    1687    933     153     -1343   -1958   
3075   1932 -185    -1302   -999999 -1737   -286    1577    -999999 -1602   -1646   -1442   80      516     1309    1842    1571    -999999 268     -1472   -2065   
3075   1933 -375    -1541   854     -2238   -459    1488    -262    -2175   -2491   -1464   -212    308     1144    1903    1407    541     108     -1447   -2447   
3075   1934 -158    -1294   754     -1702   -435    1365    -79     -1550   -1045   -1362   -472    527     1419    1236    1443    341     -10     -571    -1891   
3075   1935 -192    -1104   904     -1681   -319    1549    -330    -1987   -1110   -1041   -525    601     1559    1735    1355    666     -305    -1351   -1950   
3075   1936 -209    -1514   800     -1941   -604    1347    70      -2025   -1843   -1623   -400    219     1210    1570    1257    922     94      -806    -1128   
3075   1937 -357    -1176   761     -1534   -725    1445    -155    -1744   -1752   -1765   -729    319     1467    1689    1180    608     30      -1110   -2559   
3075   1938 -252    -1517   1013    -2328   -77     1496    -128    -2337   -2061   -1106   158     725     1484    1645    1360    684     -359    -701    -2604   
3075   1939 -148    -1393   903     -2061   -203    1450    -221    -2167   -1342   -1158   60      496     1573    1648    1132    487     -105    -1049   -1415   
3075   1940 -345    -1449   973     -2111   -324    1554    -205    -3013   -1891   -1237   58      219     1351    1713    1590    888     -619    -869    -2340   
3075   1941 -456    -1714   757     -2452   -572    1320    -257    -2634   -2377   -1485   -652    416     1286    1280    1394    792     -84     -1485   -2053   
3075   1942 -209    -1564   952     -2045   -542    1593    -100    -2220   -1842   -1725   -338    443     1558    1858    1360    803     -195    -905    -1399   
3075   1943 -94     -1266   1118    -1779   -16     1521    -59     -2444   -1463   -1200   245     915     1294    1729    1534    966     -95     -1046   -1639   
3075   1944 -29     -1083   991     -1492   -96     1499    -142    -1514   -1311   -908    76      550     1420    1688    1385    808     125     -1366   -1344   
3075   1945 -303    -1423   1051    -1911   -306    1540    -216    -2158   -2267   -1607   32      667     1412    1584    1620    970     91      -1721   -2382   
3075   1946 -315    -1516   808     -2006   -501    1416    -235    -1938   -1666   -1501   -228    235     977     1747    1509    571     -222    -1055   -2293   
3075   1947 -293    -1592   893     -2376   -225    1344    -85     -2500   -2331   -1206   -25     563     1189    1412    1427    766     353     -1389   -1913   
3075   1948 -229    -1350   918     -1912   -379    1432    102     -1984   -1833   -1365   -260    493     1227    1786    1276    958     158     -812    -2423   
3075   1949 -290    -1252   850     -1832   -350    1424    -411    -1204   -1871   -1405   88      283     1094    1464    1702    439     -115    -1566   -2502   
3075   1950 -196    -1652   1031    -2454   -176    1590    -151    -3086   -1702   -945    -158    576     1423    1781    1560    976     1       -1436   -1433   
3075   1951 -173    -1499   1103    -2165   -46     1514    -38     -2164   -2977   -1127   455     550     1268    1894    1374    1063    -62     -1115   -1424   
3075   1952 -418    -1308   885     -1634   -669    1504    -577    -1736   -1748   -1783   -675    451     1347    1823    1337    997     -409    -2325   -2350   
3075   1953 -227    -1735   1081    -2126   -172    1604    -533    -1906   -2120   -1359   222     635     1299    1918    1587    798     -242    -2166   -1541   
3075   1954 -296    -1689   961     -2192   -323    1534    -78     -2238   -2860   -1215   -174    424     1479    1786    1334    892     206     -1342   -2024   
3075   1955 -273    -1454   972     -1975   -364    1530    -29     -1421   -2535   -1710   -218    842     1554    1709    1329    586     282     -966    -2878   
3075   1956 -274    -1497   876     -2386   -344    1533    -277    -2005   -2267   -1182   -540    683     1229    1888    1471    476     -188    -1122   -1823   
3075   1957 -253    -1463   1039    -1919   -570    1679    -275    -2149   -1772   -1745   -521    559     1546    1847    1638    1136    -208    -1755   -1718   
3075   1958 -358    -1532   787     -1787   -778    1561    -203    -1841   -1805   -1896   -653    221     1417    1756    1504    440     -50     -1005   -2474   
3075   1959 -308    -1423   875     -2142   -425    1504    -309    -1832   -2120   -1115   -594    430     1435    1728    1348    872     -415    -1379   -2178   
3075   1960 -474    -1778   834     -2249   -751    1389    -418    -2609   -1941   -2143   -356    258     1417    1468    1282    921     -416    -1760   -1839   
3075   1961 -128    -1334   979     -1789   -20     1538    -354    -1885   -1630   -516    -89     542     1276    1918    1410    786     -583    -1258   -1619   
3075   1962 -26     -1169   1050    -1411   -18     1510    -184    -1354   -1245   -965    -70     979     1290    1970    1264    831     -268    -1111   -1717   
3075   1963 -281    -1389   851     -1792   -598    1525    -133    -2223   -1399   -1606   -531    345     1388    1785    1399    687     49      -1141   -2184   
3075   1964 -407    -1672   885     -2356   -735    1570    -301    -2361   -2536   -1899   -902    590     1320    1942    1439    879     -285    -1498   -1662   
3075   1965 -283    -1413   895     -2012   -173    1477    -408    -2211   -2181   -716    -378    567     1293    1845    1286    722     -53     -1905   -1826   
3075   1966 -425    -1687   915     -2251   -507    1468    -224    -2052   -2942   -1475   -560    511     1140    1852    1402    1111    -482    -1291   -2492   
3075   1967 10      -1493   1063    -2206   85      1612    94      -2124   -1981   -629    271     619     1408    2042    1379    631     351     -708    -1279   
3075   1968 -430    -1006   831     -1723   -77     1393    -732    -2372   -1503   -547    -388    695     984     1762    1418    470     -248    -2434   -3052   
3075   1969 -486    -2195   753     -3049   -639    1436    -135    -3175   -2905   -1432   -467    -13     1150    2039    1108    668     -405    -658    -1891   
3075   1970 -358    -1380   761     -2092   -412    1235    -179    -2526   -1833   -989    -355    109     990     1602    1106    1096    -354    -1273   -1945   
3075   1971 -216    -1560   882     -2136   -515    1512    97      -1920   -2586   -1369   -541    365     1324    1753    1452    908     -60     -551    -1534   
3075   1972 -442    -1444   762     -2184   -472    1347    -330    -3065   -1938   -1518   -87     201     1201    1527    1309    396     -17     -1379   -1971   
3075   1973 -148    -1456   952     -2115   -182    1539    -94     -2628   -1706   -1054   -68     580     1416    1582    1616    553     -104    -731    -1328   
3075   1974 -360    -1395   951     -2153   -288    1530    -508    -2682   -2481   -1128   -172    441     1237    1941    1402    825     -352    -2001   -1517   
3075   1975 -187    -1341   902     -1631   -231    1423    -242    -1685   -1696   -852    -166    328     1211    1779    1272    966     -264    -1427   -1813   
3075   1976 -226    -1467   1044    -1941   -286    1655    -377    -1669   -2368   -1320   -16     486     1629    1741    1593    810     -835    -1092   -1741   
3075   1977 -231    -1656   1104    -2318   -16     1576    -132    -2609   -2635   -1099   143     915     1636    1811    1284    814     -691    -498    -1975   
3075   1978 -209    -1240   786     -1820   -383    1406    12      -1682   -1803   -822    -518    187     1314    1772    1130    805     1       -772    -2228   
3075   1979 -280    -1488   901     -2360   -448    1523    -60     -2633   -2205   -1136   -699    484     1166    1951    1441    1025    -265    -934    -1681   
3075   1980 -209    -1390   867     -1966   -355    1374    -40     -2297   -1915   -1268   -329    533     1374    1557    1190    856     117     -1099   -1288   
3075   1981 -12     -1066   996     -1412   -352    1681    -50     -1381   -1583   -1210   -127    289     1551    1599    1890    750     70      -974    -1135   
3075   1982 -148    -1323   1080    -1822   -224    1575    -172    -2262   -2096   -1606   91      853     1671    1741    1317    784     -546    -742    -1089   
3075   1983 -4      -997    882     -1285   -452    1700    49      -1411   -1363   -859    -449    -48     1867    1867    1371    663     245     -769    -1258   
3075   1984 -999999 -908    806     -1395   -486    1578    -999999 -1306   -1637   -765    -1096   382     1455    1751    1525    778     -999999 -999999 -999999 
