EUROPEAN CLIMATE ASSESSMENT & DATASET (ECA&D), file created on: 13-11-2019
THESE DATA CAN BE USED FOR NON-COMMERCIAL RESEARCH AND EDUCATION PROVIDED THAT THE FOLLOWING SOURCE IS ACKNOWLEDGED: 

Klein Tank, A.M.G. and Coauthors, 2002. Daily dataset of 20th-century surface
air temperature and precipitation series for the European Climate Assessment.
Int. J. of Climatol., 22, 1441-1453.
Data and metadata available at http://www.ecad.eu

FILE FORMAT (MISSING VALUE CODE = -999999):

THIS FILE HOLDS DATA FOR STATION IRELAND                                  DUNDALK (ANNASKEAGH W.W.)                (STAID:   1724)
LATITUDE: dd:mm:ss +54:03:11
LONGITUDE: ddd:mm:ss -006:21:00
ELEVATION: m   61

DATA IS FOR INDEX Mean of daily mean temperature (TG) with unit 0.01 Temperature (&#176;C)

01-06 SOUID: Source identifier
08-11 YEAR : YYYY
13-20 ANNUAL DATA VALUES
21-28 WINTER HALF YEAR DATA VALUES
29-36 SUMMER HALF YEAR DATA VALUES
37-44 WINTER (DJF) DATA VALUES
45-52 SPRING (MAM) DATA VALUES
53-60 SUMMER (JJA) DATA VALUES
61-68 AUTUMN (SON) DATA VALUES
69-76 JANUARY DATA VALUES
etc. 
157-164 DECEMBER DATA VALUES

1724   1974 -999999 -999999 1136    -999999 792     1313    798     -999999 -999999 572     839     967     1238    1338    1359    1065    772     557     690     
1724   1975 954     616     1254    612     770     1525    948     558     585     531     811     970     1358    1611    1601    1157    1041    643     548     
1724   1976 936     646     1291    548     789     1551    898     582     513     541     819     1008    1455    1595    1599    1256    904     535     -999999 
1724   1977 -999999 -999999 -999999 -999999 765     1410    -999999 243     433     660     664     967     1220    1560    1444    -999999 1120    497     644     
1724   1978 901     589     1189    436     792     1351    1074    325     328     590     668     1113    1249    1392    1408    1295    1150    776     477     
1724   1979 807     526     1130    278     633     1358    971     113     242     377     691     831     1290    1456    1327    1181    1085    644     410     
1724   1980 890     575     1212    415     816     1322    946     312     526     466     864     1118    1236    1303    1424    1318    834     690     553     
1724   1981 884     634     1217    510     851     1391    886     528     444     736     793     1022    1248    1409    1512    1308    664     692     220     
1724   1982 902     516     1226    387     797     1433    923     419     538     570     841     988     1336    1530    1429    1222    926     620     409     
1724   1983 939     589     1222    442     720     1541    1002    559     348     647     571     938     1279    1718    1639    1242    940     831     639     
1724   1984 920     608     1275    467     773     1531    946     274     490     489     836     994     1410    1572    1607    1217    990     631     500     
1724   1985 838     548     1155    384     762     -999999 937     223     442     488     817     983     -999999 1393    1258    1308    1039    426     535     
1724   1986 806     494     1090    333     678     1309    905     321     124     472     547     978     1339    1409    1181    1092    963     658     504     
1724   1987 894     565     1218    421     809     1394    884     343     418     490     925     1005    1168    1520    1486    1193    799     663     672     
1724   1988 926     612     1210    521     846     1378    930     450     436     644     844     1065    1434    1351    1352    1201    959     628     744     
1724   1989 -999999 -999999 -999999 657     801     -999999 1025    634     577     609     618     1152    -999999 1705    1466    1295    1086    697     545     
1724   1990 975     727     1257    575     937     1464    939     592     590     863     748     1191    1249    1544    1593    1199    1059    549     399     
1724   1991 -999999 -999999 -999999 -999999 830     1374    -999999 289     311     687     724     1093    1094    1551    1486    1320    856     557     569     
1724   1992 -999999 -999999 1203    -999999 831     1457    -999999 443     -999999 690     706     1092    1505    1536    1340    1059    723     -999999 394     
1724   1993 -999999 -999999 -999999 -999999 781     -999999 -999999 472     -999999 569     787     968     1310    1355    -999999 1149    753     -999999 -999999 
1724   1994 -999999 -999999 -999999 -999999 -999999 -999999 -999999 -999999 -999999 -999999 -999999 -999999 1150    1402    1383    1155    978     -999999 -999999 
1724   1995 -999999 -999999 1366    -999999 805     1658    -999999 418     562     481     885     1052    1480    1684    1794    1326    1193    -999999 425     
1724   1996 -999999 -999999 -999999 466     728     -999999 -999999 599     355     550     790     849     -999999 -999999 1444    1346    1049    558     432     
1724   1997 -999999 -999999 -999999 -999999 937     1485    -999999 431     -999999 825     903     1071    1266    1500    1704    -999999 1007    850     652     
1724   1998 -999999 -999999 -999999 -999999 -999999 1415    -999999 512     777     784     740     -999999 1309    1439    1495    1350    984     -999999 565     
1724   1999 -999999 -999999 -999999 -999999 925     -999999 1032    469     -999999 696     905     1198    -999999 1639    -999999 1360    1031    703     426     
1724   2000 -999999 -999999 -999999 -999999 -999999 1456    -999999 522     -999999 -999999 691     1129    1279    1525    1542    -999999 874     524     466     
1724   2001 -999999 -999999 -999999 -999999 -999999 1374    -999999 322     378     468     704     -999999 1249    1464    1402    1301    -999999 714     458     
1724   2002 -999999 -999999 -999999 -999999 861     1403    -999999 -999999 567     665     831     1060    1266    1395    1550    -999999 -999999 816     587     
1724   2003 -999999 -999999 -999999 503     -999999 1532    958     470     445     692     912     1001    1366    1599    1615    1296    874     691     510     
1724   2004 -999999 -999999 1290    -999999 882     1470    -999999 464     491     651     856     1131    1444    1397    1572    1344    -999999 771     561     
1724   2005 -999999 -999999 -999999 549     863     1486    -999999 605     469     751     802     1033    1432    1546    1470    1336    1120    564     558     
1724   2006 979     -999999 1326    500     798     1546    1061    477     465     490     802     1072    1451    1705    1477    1410    1119    650     536     
1724   2007 971     658     1256    530     880     1389    1034    566     485     573     1032    1046    1322    1411    1433    1277    1070    788     584     
1724   2008 -999999 -999999 -999999 -999999 880     -999999 902     540     542     560     769     1276    -999999 1496    1510    1240    807     689     397     
1724   2009 -999999 556     -999999 403     865     1459    -999999 345     472     621     913     1062    1443    1483    1447    -999999 -999999 735     -999999 
1724   2010 -999999 -999999 -999999 -999999 -999999 -999999 -999999 199     258     534     796     -999999 -999999 -999999 -999999 -999999 -999999 -999999 -999999 
1724   2011 -999999 -999999 -999999 -999999 -999999 -999999 -999999 -999999 -999999 -999999 -999999 -999999 -999999 -999999 -999999 -999999 -999999 -999999 -999999 
1724   2012 -999999 -999999 -999999 -999999 -999999 -999999 -999999 -999999 -999999 -999999 -999999 -999999 -999999 -999999 -999999 -999999 -999999 -999999 -999999 
1724   2013 -999999 -999999 -999999 -999999 673     1505    975     -999999 397     313     703     1006    1304    1704    1499    1280    1123    557     618     
1724   2014 964     649     1297    521     900     1453    1027    470     471     633     936     1131    1417    1595    1347    1352    1030    698     455     
1724   2015 -999999 -999999 -999999 -999999 -999999 -999999 1009    -999999 -999999 -999999 812     952     1307    1372    -999999 1207    988     831     716     
1724   2016 -999999 691     -999999 563     844     -999999 985     522     445     635     689     1203    1461    1489    -999999 1357    1034    563     608     
1724   2017 -999999 680     -999999 561     955     1425    -999999 530     543     783     848     1229    1419    1464    1393    -999999 -999999 -999999 -999999 
