EUROPEAN CLIMATE ASSESSMENT & DATASET (ECA&D), file created on: 13-11-2019
THESE DATA CAN BE USED FOR NON-COMMERCIAL RESEARCH AND EDUCATION PROVIDED THAT THE FOLLOWING SOURCE IS ACKNOWLEDGED: 

Klein Tank, A.M.G. and Coauthors, 2002. Daily dataset of 20th-century surface
air temperature and precipitation series for the European Climate Assessment.
Int. J. of Climatol., 22, 1441-1453.
Data and metadata available at http://www.ecad.eu

FILE FORMAT (MISSING VALUE CODE = -999999):

THIS FILE HOLDS DATA FOR STATION SLOVENIA                                 SEVNO                                    (STAID:   3315)
LATITUDE: dd:mm:ss +45:58:46
LONGITUDE: ddd:mm:ss +014:55:26
ELEVATION: m  501

DATA IS FOR INDEX Mean of daily mean temperature (TG) with unit 0.01 Temperature (&#176;C)

01-06 SOUID: Source identifier
08-11 YEAR : YYYY
13-20 ANNUAL DATA VALUES
21-28 WINTER HALF YEAR DATA VALUES
29-36 SUMMER HALF YEAR DATA VALUES
37-44 WINTER (DJF) DATA VALUES
45-52 SPRING (MAM) DATA VALUES
53-60 SUMMER (JJA) DATA VALUES
61-68 AUTUMN (SON) DATA VALUES
69-76 JANUARY DATA VALUES
etc. 
157-164 DECEMBER DATA VALUES

3315   1962 835     -999999 1465    -999999 731     1740    927     49      -6      76      911     1212    1471    1726    2016    1435    1054    287     -262    
3315   1963 859     60      1578    -458    877     1867    1168    -661    -449    347     979     1306    1733    1968    1895    1572    991     948     -387    
3315   1964 887     225     1571    -254    858     1835    979     -441    89      165     1002    1411    1854    1908    1742    1498    872     570     -29     
3315   1965 860     279     1420    -91     797     1716    924     34      -298    481     715     1191    1694    1813    1639    1457    1027    284     192     
3315   1966 962     374     1519    182     944     1695    1035    -275    676     363     1108    1365    1717    1708    1661    1548    1321    225     120     
3315   1967 970     395     1534    55      939     1810    1123    -87     141     618     777     1417    1585    2001    1837    1566    1264    532     -73     
3315   1968 917     402     1507    1       1027    1705    1004    -174    266     593     1151    1343    1636    1822    1656    1422    1133    454     -305    
3315   1969 864     202     1495    -212    878     1683    1127    -215    -106    232     851     1548    1532    1841    1671    1509    1114    759     -421    
3315   1970 889     276     1465    -168    705     1805    1070    -83     18      257     747     1111    1758    1839    1816    1507    972     735     -49     
3315   1971 932     315     1537    21      853     1822    909     -69     200     104     1024    1437    1530    1934    1992    1281    1007    436     258     
3315   1972 873     389     1420    55      948     1741    845     -331    250     708     852     1281    1686    1791    1745    1148    810     577     -60     
3315   1973 891     292     1495    -36     846     1768    927     -142    107     449     649     1435    1666    1807    1827    1568    823     394     60      
3315   1974 948     404     1459    189     883     1758    840     91      441     620     809     1218    1461    1830    1972    1441    540     550     369     
3315   1975 969     420     1530    308     945     1713    999     419     118     500     887     1447    1516    1867    1749    1695    967     337     57      
3315   1976 879     267     1457    33      824     1705    968     86      -50     186     887     1401    1689    1909    1516    1325    999     580     -13     
3315   1977 951     492     1410    170     966     1717    964     145     400     834     756     1301    1673    1770    1707    1237    1133    517     -99     
3315   1978 813     350     1343    -62     793     1629    813     -51     -35     602     716     1057    1596    1666    1625    1387    923     126     81      
3315   1979 906     264     1466    -28     924     1718    908     -202    44      588     776     1404    1802    1690    1663    1447    831     447     324     
3315   1980 800     330     1355    93      688     1672    877     -287    251     415     614     1031    1520    1679    1811    1461    907     263     -80     
3315   1981 918     271     1487    -105    986     1735    1017    -195    -34     736     925     1294    1658    1772    1773    1490    1105    452     -24     
3315   1982 908     250     1522    -161    790     1811    1080    -280    -181    394     638     1334    1724    1888    1819    1714    1012    518     245     
3315   1983 955     427     1571    142     1003    1836    891     335     -186    585     1039    1387    1614    2063    1824    1483    1000    185     40      
3315   1984 819     225     1361    -41     713     1628    993     -45     -124    270     768     1103    1519    1668    1693    1407    1078    492     -29     
3315   1985 842     175     1506    -288    836     1751    888     -564    -269    309     801     1397    1446    1920    1875    1576    952     134     434     
3315   1986 859     202     1516    -22     894     1721    992     -48     -500    167     912     1603    1529    1760    1867    1405    1007    562     -60     
3315   1987 856     174     1517    -166    684     1744    1063    -449    30      -48     947     1161    1600    1936    1693    1761    997     432     180     
3315   1988 935     420     1514    235     850     1817    849     311     212     376     848     1324    1544    1998    1901    1448    1003    93      125     
3315   1989 972     410     1454    184     992     1695    963     81      363     780     908     1284    1460    1828    1789    1435    1119    332     233     
3315   1990 979     525     1469    278     1015    1768    941     15      618     837     763     1438    1591    1828    1880    1291    1066    463     -75     
3315   1991 867     332     1467    -98     813     1820    937     -43     -185    722     736     977     1629    1957    1869    1623    766     429     -152    
3315   1992 995     321     1618    69      939     1943    988     28      349     509     899     1407    1633    1920    2266    1556    824     590     -63     
3315   1993 941     327     1563    33      983     1823    799     123     40      427     971     1549    1691    1838    1936    1371    1014    6       246     
3315   1994 1053    434     1605    215     1034    1933    1024    295     93      903     841     1352    1712    2047    2033    1622    775     681     206     
3315   1995 923     390     1484    183     866     1775    951     -53     418     325     976     1301    1517    2063    1736    1290    1176    378     -82     
3315   1996 817     199     1455    -175    831     1743    922     -232    -213    149     924     1424    1763    1705    1763    1131    979     654     -271    
3315   1997 922     345     1497    -58     885     1783    923     -222    360     580     625     1443    1684    1819    1842    1549    779     447     124     
3315   1998 978     420     1583    310     897     1920    870     250     583     355     961     1375    1833    1952    1973    1384    1037    182     -174    
3315   1999 945     285     -999999 -51     1015    1813    -999999 11      16      606     981     1457    1698    1893    1844    -999999 1061    217     63      
3315   2000 1102    355     1683    84      1115    1936    1159    -179    386     582     1209    1558    1897    1781    2130    1511    1179    787     367     
3315   2001 994     594     1554    282     1039    1897    961     178     302     730     828     1553    1602    1987    2093    1230    1354    286     -278    
3315   2002 1057    435     1588    50      1055    1924    1077    -1      471     777     824     1555    1940    1956    1877    1358    1018    856     22      
3315   2003 -999999 -999999 1765    -999999 1075    2170    972     -999999 -244    634     874     1709    2133    2050    2326    1469    751     703     145     
3315   2004 924     322     1502    42      816     1820    1051    -150    136     348     902     1200    1657    1891    1905    1442    1190    516     29      
3315   2005 911     339     1532    -44     936     1766    978     53      -232    431     927     1451    1758    1891    1650    1500    1075    356     -9      
3315   2006 1019    245     1615    -100    898     1871    1255    -268    -14     306     1020    1371    1821    2180    1610    1674    1284    805     374     
3315   2007 1081    702     1676    466     1195    1947    874     483     548     709     1358    1525    1906    2056    1876    1322    891     407     -142    
3315   2008 1047    388     1583    181     969     1904    1044    304     395     472     938     1495    1831    1943    1937    1348    1175    603     128     
3315   2009 1053    394     1713    1       1133    1913    1136    -251    140     552     1231    1618    1659    1986    2084    1683    1012    719     144     
3315   2010 939     359     1571    -21     932     1921    945     -270    72      464     1015    1321    1800    2095    1864    1313    827     697     -43     
3315   2011 -999999 375     1735    39      1094    1944    -999999 101     57      566     1224    1497    1778    1898    2150    1849    -999999 -999999 -999999 
