EUROPEAN CLIMATE ASSESSMENT & DATASET (ECA&D), file created on: 13-11-2019
THESE DATA CAN BE USED FOR NON-COMMERCIAL RESEARCH AND EDUCATION PROVIDED THAT THE FOLLOWING SOURCE IS ACKNOWLEDGED: 

Klein Tank, A.M.G. and Coauthors, 2002. Daily dataset of 20th-century surface
air temperature and precipitation series for the European Climate Assessment.
Int. J. of Climatol., 22, 1441-1453.
Data and metadata available at http://www.ecad.eu

FILE FORMAT (MISSING VALUE CODE = -999999):

THIS FILE HOLDS DATA FOR STATION RUSSIAN FEDERATION                       UGUT                                     (STAID:   8087)
LATITUDE: dd:mm:ss +60:30:00
LONGITUDE: ddd:mm:ss +074:01:12
ELEVATION: m   47

DATA IS FOR INDEX Mean of daily mean temperature (TG) with unit 0.01 Temperature (&#176;C)

01-06 SOUID: Source identifier
08-11 YEAR : YYYY
13-20 ANNUAL DATA VALUES
21-28 WINTER HALF YEAR DATA VALUES
29-36 SUMMER HALF YEAR DATA VALUES
37-44 WINTER (DJF) DATA VALUES
45-52 SPRING (MAM) DATA VALUES
53-60 SUMMER (JJA) DATA VALUES
61-68 AUTUMN (SON) DATA VALUES
69-76 JANUARY DATA VALUES
etc. 
157-164 DECEMBER DATA VALUES

8087   1943 -999999 -999999 -999999 -999999 -999999 -999999 -999999 -999999 -999999 -999999 -999999 -999999 -999999 -999999 -999999 -999999 -93     -999999 -1564   
8087   1944 22      -999999 1054    -1443   77      1529    -150    -1542   -1207   -668    217     687     1494    1671    1421    813     120     -1393   -1398   
8087   1945 -237    -1376   1081    -1897   -142    1531    -200    -2159   -2159   -1346   177     753     1408    1573    1607    944     98      -1652   -2215   
8087   1946 -241    -1391   860     -1856   -323    1428    -233    -1864   -1451   -1280   -53     372     1032    1785    1453    539     -195    -1044   -2253   
8087   1947 -211    -1501   953     -2272   -72     1387    -44     -2406   -2144   -1013   111     694     1283    1445    1428    735     357     -1238   -1915   
8087   1948 -165    -1255   960     -1837   -234    1447    92      -1832   -1758   -1175   -140    618     1277    1801    1257    919     155     -801    -2346   
8087   1949 -204    -1149   917     -1709   -185    1468    -375    -1082   -1698   -1164   229     393     1215    1468    1711    456     -85     -1505   -2497   
8087   1950 -140    -1574   1064    -2379   -71     1607    -153    -2958   -1607   -793    -73     655     1462    1806    1548    960     26      -1452   -1343   
8087   1951 -102    -1415   1160    -2069   107     1530    -33     -2100   -2838   -921    606     653     1298    1903    1382    1103    -93     -1106   -1299   
8087   1952 -316    -1195   958     -1502   -433    1527    -563    -1617   -1596   -1483   -495    677     1395    1864    1318    956     -367    -2283   -2222   
8087   1953 -186    -1645   1123    -2033   -41     1598    -538    -1872   -2003   -1180   316     751     1304    1934    1548    856     -247    -2231   -1556   
8087   1954 -251    -1649   1009    -2127   -198    1543    -75     -2244   -2631   -1101   1       513     1554    1770    1304    896     222     -1354   -2102   
8087   1955 -191    -1389   1037    -1931   -182    1567    -7      -1396   -2333   -1460   -98     1016    1611    1747    1344    569     298     -897    -2833   
8087   1956 -227    -1455   918     -2351   -211    1508    -226    -1975   -2238   -1119   -380    860     1271    1830    1415    467     -93     -1055   -1794   
8087   1957 -176    -1371   1074    -1860   -415    1668    -219    -2113   -1655   -1532   -387    676     1639    1802    1564    1123    -155    -1626   -1541   
8087   1958 -262    -1410   867     -1675   -563    1572    -161    -1837   -1644   -1686   -438    439     1462    1723    1526    451     -22     -916    -2285   
8087   1959 -241    -1301   938     -1997   -239    1509    -299    -1785   -1914   -932    -380    589     1467    1713    1345    869     -438    -1322   -2216   
8087   1960 -418    -1719   881     -2174   -613    1376    -405    -2529   -1748   -2051   -189    415     1459    1436    1235    914     -378    -1753   -1847   
8087   1961 -67     -1281   1023    -1721   83      1536    -330    -1840   -1449   -450    16      680     1334    1898    1370    808     -602    -1187   -1482   
8087   1962 36      -1073   1088    -1296   125     1511    -182    -1294   -1093   -787    73      1088    1304    1961    1262    804     -200    -1150   -1616   
8087   1963 -187    -1286   901     -1671   -419    1527    -97     -2105   -1251   -1386   -311    445     1444    1751    1384    666     67      -1030   -1970   
8087   1964 -296    -1516   949     -2150   -538    1573    -241    -2109   -2387   -1708   -692    781     1363    1905    1443    854     -264    -1310   -1519   
8087   1965 -206    -1292   969     -1873   -16     1494    -362    -2097   -2016   -614    -227    786     1360    1829    1288    747     -35     -1808   -1825   
8087   1966 -354    -1591   993     -2165   -303    1478    -205    -2001   -2724   -1266   -300    657     1201    1851    1372    1148    -480    -1276   -2586   
8087   1967 26      -1476   1077    -2195   148     1591    78      -2068   -1902   -579    338     698     1415    2022    1330    607     350     -730    -1294   
8087   1968 -399    -976    841     -1670   -30     1382    -710    -2314   -1384   -502    -300    704     959     1781    1393    465     -258    -2352   -3036   
8087   1969 -445    -2153   791     -3030   -515    1434    -115    -3192   -2845   -1311   -349    121     1172    2046    1075    650     -380    -606    -1869   
8087   1970 -284    -1305   819     -2009   -259    1241    -143    -2455   -1670   -862    -186    273     1077    1561    1080    1090    -289    -1225   -1871   
8087   1971 -156    -1471   932     -2047   -375    1519    125     -1828   -2483   -1220   -359    455     1415    1722    1417    916     -22     -515    -1528   
8087   1972 -423    -1415   772     -2195   -362    1336    -344    -3158   -1877   -1389   16      322     1232    1522    1250    251     11      -1306   -1955   
8087   1973 -102    -1403   987     -2098   -62     1539    -74     -2628   -1668   -896    55      660     1472    1550    1593    566     -87     -701    -1236   
8087   1974 -330    -1343   959     -2101   -166    1463    -458    -2684   -2412   -1022   -13     543     1281    1912    1189    816     -283    -1908   -1524   
8087   1975 -145    -1277   930     -1587   -120    1419    -230    -1650   -1588   -728    -47     417     1266    1751    1237    935     -232    -1392   -1805   
8087   1976 -205    -1428   1072    -1920   -173    1637    -391    -1620   -2362   -1219   98      611     1671    1668    1574    792     -805    -1145   -1790   
8087   1977 -999999 -999999 -999999 -999999 -999999 -999999 -999999 -999999 -999999 -999999 -999999 -999999 -999999 -999999 -999999 -999999 -999999 -999999 -999999 
8087   1978 -153    -999999 856     -999999 -235    1434    10      -1632   -1763   -734    -297    322     1418    1793    1091    789     21      -779    -2164   
8087   1979 -236    -1426   922     -2286   -332    1499    -61     -2625   -2046   -1002   -588    588     1205    1896    1386    1006    -253    -929    -1595   
8087   1980 -170    -1333   905     -1891   -235    1359    -38     -2234   -1841   -1166   -228    689     1361    1540    1175    869     91      -1077   -1278   
8087   1981 -7      -1055   1015    -1434   -240    1659    -91     -1462   -1577   -1076   -54     416     1599    1562    1816    727     56      -1061   -1138   
8087   1982 -140    -1323   1082    -1800   -182    1556    -172    -2248   -2037   -1574   150     888     1715    1675    1285    760     -520    -746    -1129   
8087   1983 38      -957    909     -1258   -331    1704    33      -1356   -1293   -721    -330    59      1928    1862    1328    587     267     -764    -1205   
8087   1984 -287    -896    804     -1409   -397    1528    -516    -1327   -1713   -680    -996    466     1447    1681    1452    732     -272    -2015   -2297   
8087   1985 -223    -1620   953     -2226   -175    1486    -173    -1904   -2506   -825    -37     342     1417    1633    1405    941     -23     -1442   -1836   
8087   1986 -192    -1290   857     -1852   -130    1386    23      -1897   -1821   -779    -38     431     1186    1670    1296    567     76      -577    -2512   
8087   1987 -205    -1340   1009    -2215   -84     1513    -324    -2363   -1722   -954    -312    1005    1150    1899    1477    789     -91     -1679   -1783   
8087   1988 -7      -1291   1016    -1797   -81     1618    11      -1640   -1981   -628    -158    541     1294    2013    1535    835     -3      -798    -1187   
8087   1989 -42     -992    1014    -1640   15      1685    -84     -2194   -1526   -292    -530    848     1521    2074    1454    672     -46     -878    -1715   
8087   1990 -83     -1195   1089    -1910   43      1724    -222    -2465   -1512   -573    74      629     1586    2071    1512    631     -86     -1214   -1746   
8087   1991 -13     -1316   1287    -1670   -31     1682    69      -1510   -1765   -1615   510     1029    1849    1908    1295    1119    116     -1029   -2150   
8087   1992 -209    -1183   757     -1745   -339    1365    -327    -1701   -1359   -979    -782    729     936     1731    1416    461     -62     -1389   -1582   
8087   1993 -71     -1146   1042    -1571   -148    1759    -326    -1421   -1726   -758    -121    436     1708    2024    1544    632     -65     -1554   -1681   
8087   1994 -97     -1359   1098    -1941   -35     1716    -64     -1723   -2470   -773    -47     714     1781    1871    1498    745     341     -1292   -1993   
8087   1995 156     -941    1167    -1389   306     1538    35      -1381   -729    -584    648     864     1098    1942    1561    857     19      -771    -1697   
8087   1996 -999999 -1208   -999999 -1897   -269    -999999 -999999 -2258   -1726   -832    -523    540     -999999 -999999 -999999 -999999 -999999 -999999 -999999 
8087   1997 -124    -999999 1072    -999999 383     1317    -21     -2471   -1628   -384    627     915     1289    1408    1254    929     344     -1348   -2500   
8087   1998 -999999 -999999 -999999 -999999 -999999 -999999 -999999 -1902   -999999 -999999 -999999 -999999 -999999 -999999 -999999 -999999 -999999 -999999 -999999 
8087   1999 -999999 -999999 -999999 -999999 -999999 1466    -179    -2146   -1172   -1669   -268    -999999 1180    1867    1342    669     193     -1411   -1141   
8087   2000 -101    -1106   1134    -1649   196     1652    -225    -2308   -1488   -513    145     954     1772    1682    1507    720     -80     -1319   -2315   
8087   2001 -114    -1539   1118    -2346   80      1556    -40     -2632   -2065   -866    17      1087    1528    1538    1602    907     -177    -845    -1584   
8087   2002 -91     -978    948     -1415   -46     1489    -158    -1654   -964    -641    -299    795     1558    1703    1207    695     -6      -1168   -2368   
8087   2003 26      -1316   1175    -1963   -7      1763    -153    -1615   -1899   -889    -160    1025    1754    1680    1856    862     167     -1498   -1133   
8087   2004 -145    -1158   968     -1439   -306    1577    -27     -1715   -1471   -1327   -667    1065    1690    1807    1238    635     -179    -533    -2310   
8087   2005 75      -1221   1157    -1982   77      1665    259     -1652   -1986   -717    -43     987     1623    1919    1453    972     302     -498    -1600   
8087   2006 -224    -1244   938     -2228   -273    1612    -196    -3295   -1741   -655    -701    524     1872    1761    1213    939     -189    -1338   -1173   
8087   2007 51      -1107   1097    -1491   73      1616    86      -979    -2409   -686    459     457     1281    2103    1454    802     244     -792    -1505   
8087   2008 38      -935    952     -1529   -61     1543    144     -1876   -1185   -505    -414    725     1321    1902    1401    739     205     -514    -1386   
8087   2009 -192    -1131   1093    -1929   5       1574    -42     -2121   -2316   -747    113     653     1345    1773    1598    1048    92      -1272   -2607   
8087   2010 -271    -1665   941     -2671   -126    1488    63      -2859   -2534   -880    53      455     1418    1615    1430    653     343     -817    -2272   
8087   2011 9       -1211   1169    -2079   216     1522    81      -2127   -1813   -626    431     849     1842    1472    1264    1154    347     -1267   -1528   
8087   2012 6       -1117   1319    -1715   184     1880    -99     -1964   -1649   -683    319     919     2154    2074    1422    1013    49      -1363   -2255   
8087   2013 -53     -1492   1026    -2083   -317    1631    127     -2346   -1601   -1441   76      427     1286    2041    1555    739     -78     -272    -1108   
