EUROPEAN CLIMATE ASSESSMENT & DATASET (ECA&D), file created on: 13-11-2019
THESE DATA CAN BE USED FOR NON-COMMERCIAL RESEARCH AND EDUCATION PROVIDED THAT THE FOLLOWING SOURCE IS ACKNOWLEDGED: 

Klein Tank, A.M.G. and Coauthors, 2002. Daily dataset of 20th-century surface
air temperature and precipitation series for the European Climate Assessment.
Int. J. of Climatol., 22, 1441-1453.
Data and metadata available at http://www.ecad.eu

FILE FORMAT (MISSING VALUE CODE = -999999):

THIS FILE HOLDS DATA FOR STATION NORWAY                                   MANDAL II                                (STAID:  18964)
LATITUDE: dd:mm:ss +58:02:51
LONGITUDE: ddd:mm:ss +007:26:49
ELEVATION: m  138

DATA IS FOR INDEX Mean of daily mean temperature (TG) with unit 0.01 Temperature (&#176;C)

01-06 SOUID: Source identifier
08-11 YEAR : YYYY
13-20 ANNUAL DATA VALUES
21-28 WINTER HALF YEAR DATA VALUES
29-36 SUMMER HALF YEAR DATA VALUES
37-44 WINTER (DJF) DATA VALUES
45-52 SPRING (MAM) DATA VALUES
53-60 SUMMER (JJA) DATA VALUES
61-68 AUTUMN (SON) DATA VALUES
69-76 JANUARY DATA VALUES
etc. 
157-164 DECEMBER DATA VALUES

18964  1949 -999999 -999999 -999999 -999999 -999999 1484    938     -999999 -999999 -999999 -999999 -999999 1379    1702    1366    1459    887     471     321     
18964  1950 707     337     1198    101     676     1452    745     -72     48      343     530     1149    1326    1474    1551    1141    782     312     -146    
18964  1951 673     89      1107    -129    370     1360    886     -188    -43     -191    305     994     1305    1357    1418    1248    912     498     417     
18964  1952 607     319     1084    169     542     1297    524     -26     111     -7      647     989     1067    1449    1366    967     541     64      88      
18964  1953 791     175     1198    1       626     1515    934     52      -152    424     456     994     1624    1495    1431    1178    962     662     305     
18964  1954 648     253     1119    -46     538     1342    740     -92     -385    20      440     1151    1253    1375    1394    1080    739     402     316     
18964  1955 696     183     1245    -15     382     1673    830     -95     -294    -6      387     764     1269    1929    1808    1289    682     525     22      
18964  1956 629     124     1105    -171    484     1338    769     -81     -473    42      428     980     1221    1535    1255    1198    777     331     288     
18964  1957 731     300     1142    175     545     1432    775     190     34      153     637     847     1298    1538    1455    1064    841     418     241     
18964  1958 635     133     1125    -84     282     1441    965     -146    -376    -223    345     727     1373    1573    1376    1345    993     557     12      
18964  1959 802     300     1291    -27     683     1559    924     -176    95      310     598     1138    1353    1669    1650    1317    922     532     165     
18964  1960 672     249     1190    -46     626     1409    700     -105    -207    168     525     1182    1430    1374    1425    1192    603     308     131     
18964  1961 771     294     1165    113     702     1365    929     -38     259     495     595     1011    1303    1449    1341    1278    1037    467     19      
18964  1962 632     296     1033    121     408     1256    754     201     145     -102    530     799     1200    1351    1216    1093    877     288     -41     
18964  1963 598     42      1121    -279    404     1419    786     -323    -495    -97     416     894     1458    1405    1396    1147    838     371     89      
18964  1964 673     261     1073    103     544     1251    773     214     -2      40      582     1011    1138    1281    1329    1082    725     514     141     
18964  1965 621     267     1083    91      473     1315    720     33      100     79      503     837     1293    1316    1335    1204    909     40      -225    
18964  1966 585     11      1081    -371    437     1413    743     -415    -482    193     166     944     1435    1475    1331    1116    798     313     61      
18964  1967 695     235     1110    -24     529     1383    896     -191    67      348     443     793     1261    1440    1445    1269    845     577     11      
18964  1968 685     237     1211    -79     556     1514    746     -160    -88     228     596     846     1430    1468    1643    1273    788     176     -1      
18964  1969 642     72      1206    -149    396     1571    776     -29     -444    -104    438     854     1495    1487    1727    1221    883     221     -120    
18964  1970 598     11      1129    -346    403     1481    729     -394    -542    -28     215     1017    1651    1295    1501    1081    782     323     195     
18964  1971 735     267     1144    154     492     1414    778     105     163     22      500     954     1274    1550    1412    1160    869     301     465     
18964  1972 686     241     1130    41      549     1407    749     -242    -110    141     486     1019    1198    1619    1396    1039    789     420     441     
18964  1973 718     426     1124    293     586     1447    644     243     185     456     414     882     1301    1665    1371    1097    598     240     118     
18964  1974 777     287     1192    196     709     1379    722     271     201     283     828     1021    1391    1327    1420    1161    606     401     380     
18964  1975 801     348     1202    300     525     1542    825     341     167     179     394     999     1297    1555    1766    1179    806     490     385     
18964  1976 689     278     1210    146     471     1581    727     -11     58      -70     497     986     1355    1689    1692    1016    716     450     -136    
18964  1977 674     139     1127    -185    502     1461    770     -150    -279    202     294     1004    1416    1515    1452    1060    864     382     253     
18964  1978 626     219     1112    6       513     1388    804     101     -373    35      392     1108    1349    1374    1439    992     861     556     -393    
18964  1979 545     56      1023    -386    357     1351    699     -470    -284    50      345     675     1312    1392    1348    1055    709     332     20      
18964  1980 643     56      1227    -198    536     1475    677     -269    -355    -116    598     1130    1440    1586    1398    1198    586     249     239     
18964  1981 603     159     1128    46      519     1314    770     -52     -58     -25     492     1088    1156    1386    1396    1232    673     410     -497    
18964  1982 722     70      1197    -318    575     1526    829     -369    -63     264     567     894     1390    1649    1535    1132    814     542     252     
18964  1983 740     361     1146    182     524     1476    776     395     -130    254     501     817     1259    1607    1554    1122    806     398     219     
18964  1984 725     197     1200    4       532     1501    827     -129    -85     -40     513     1123    1369    1505    1625    1044    894     539     307     
18964  1985 552     162     1061    -163    454     1336    672     -492    -319    10      294     1053    1242    1425    1337    992     950     64      1       
18964  1986 597     82      1026    -216    421     1358    768     -227    -444    100     298     861     1402    1394    1279    906     798     600     118     
18964  1987 578     125     1016    -156    382     1239    768     -526    -51     -187    476     860     1044    1430    1237    1033    849     418     315     
18964  1988 754     329     1210    230     512     1505    776     247     121     16      405     1111    1663    1448    1411    1212    744     373     284     
18964  1989 832     454     1174    392     636     1453    862     529     360     423     490     991     1363    1632    1361    1189    868     529     208     
18964  1990 843     493     1208    349     773     1456    759     389     460     502     664     1151    1327    1542    1496    1052    846     375     280     
18964  1991 763     317     1177    118     616     1437    828     209     -162    311     549     985     1063    1661    1574    1209    797     480     401     
18964  1992 802     448     1226    361     681     1481    711     380     297     324     450     1262    1646    1469    1332    1186    534     418     305     
18964  1993 691     341     1109    273     717     1262    587     272     238     272     651     1227    1268    1253    1265    976     646     139     50      
18964  1994 727     120     1194    -80     587     1495    763     67      -387    156     578     1025    1137    1782    1555    1058    685     550     419     
18964  1995 756     371     1208    257     540     1556    842     117     235     214     549     856     1377    1535    1752    1161    981     377     -120    
18964  1996 619     140     1115    -176    420     1422    778     -164    -248    -4      512     755     1262    1365    1635    1146    895     288     -45     
18964  1997 798     284     1292    64      555     1729    756     30      221     310     496     857     1451    1788    1939    1196    699     375     163     
18964  1998 715     349     1108    255     586     1302    680     156     465     246     380     1125    1211    1349    1342    1222    692     126     244     
18964  1999 784     245     1232    141     594     1464    961     94      79      217     686     884     1205    1574    1603    1428    837     621     140     
18964  2000 838     412     1194    242     700     1376    957     329     259     283     628     1186    1220    1507    1396    1210    1002    659     352     
18964  2001 724     326     1180    96      510     1452    905     95      -185    -7      447     1088    1245    1620    1482    1176    1077    455     117     
18964  2002 787     429     1339    240     699     1619    667     319     289     305     640     1152    1420    1555    1876    1372    502     134     -153    
18964  2003 806     147     1283    -30     614     1633    810     63      2       320     657     867     1470    1748    1676    1267    607     563     380     
18964  2004 804     341     1238    185     692     1465    853     -4      178     321     658     1096    1270    1425    1695    1266    856     435     425     
18964  2005 802     381     1208    287     558     1478    939     354     59      130     655     891     1296    1664    1469    1257    964     594     238     
18964  2006 864     298     1320    121     453     1647    1085    74      45      -143    454     1049    1414    1849    1671    1462    1038    755     645     
18964  2007 -999999 557     -999999 338     759     1496    -999999 371     -39     521     824     934     1550    1403    1537    -999999 -999999 -999999 -999999 
