EUROPEAN CLIMATE ASSESSMENT & DATASET (ECA&D), file created on: 13-11-2019
THESE DATA CAN BE USED FOR NON-COMMERCIAL RESEARCH AND EDUCATION PROVIDED THAT THE FOLLOWING SOURCE IS ACKNOWLEDGED: 

Klein Tank, A.M.G. and Coauthors, 2002. Daily dataset of 20th-century surface
air temperature and precipitation series for the European Climate Assessment.
Int. J. of Climatol., 22, 1441-1453.
Data and metadata available at http://www.ecad.eu

FILE FORMAT (MISSING VALUE CODE = -999999):

THIS FILE HOLDS DATA FOR STATION ITALY                                    GALLARATE ( P.ZZA S.LORENZO)             (STAID:  11510)
LATITUDE: dd:mm:ss +45:39:32
LONGITUDE: ddd:mm:ss +008:47:50
ELEVATION: m  240

DATA IS FOR INDEX Mean of daily mean temperature (TG) with unit 0.01 Temperature (&#176;C)

01-06 SOUID: Source identifier
08-11 YEAR : YYYY
13-20 ANNUAL DATA VALUES
21-28 WINTER HALF YEAR DATA VALUES
29-36 SUMMER HALF YEAR DATA VALUES
37-44 WINTER (DJF) DATA VALUES
45-52 SPRING (MAM) DATA VALUES
53-60 SUMMER (JJA) DATA VALUES
61-68 AUTUMN (SON) DATA VALUES
69-76 JANUARY DATA VALUES
etc. 
157-164 DECEMBER DATA VALUES

11510  1991 -999999 -999999 -999999 -999999 -999999 2417    1343    -999999 -999999 -999999 -999999 -999999 2033    2613    2551    2063    1221    724     234     
11510  1992 1335    647     1986    328     1374    2278    1308    238     526     953     1263    1902    1916    2359    2536    1907    1166    854     385     
11510  1993 1337    689     1995    402     1329    2373    1248    382     443     863     1282    1842    2304    2324    2475    1798    1268    678     477     
11510  1994 1421    766     2031    465     1419    2463    1347    508     403     1242    1248    1760    2186    2635    2575    1813    1295    934     484     
11510  1995 1323    747     -999999 469     1332    -999999 1295    281     660     827     1378    1793    2009    -999999 2325    -999999 1483    772     408     
11510  1996 -999999 702     -999999 388     1257    -999999 -999999 388     368     753     1372    1746    -999999 2262    2194    1611    -999999 862     447     
11510  1997 1418    -999999 1988    505     1453    2239    1471    405     673     1238    1304    1844    2027    2343    2354    2068    1413    852     458     
11510  1998 -999999 794     1992    513     1295    2370    -999999 356     747     950     1192    1774    2212    2451    2441    1837    1309    -999999 289     
11510  1999 1375    -999999 2033    395     1400    2307    1364    443     458     956     1360    1881    2133    2476    2306    2025    1341    728     330     
11510  2000 1406    727     2028    422     1416    2311    1390    299     651     1009    1295    1941    2331    2225    2376    1985    1404    781     555     
11510  2001 1380    796     1999    517     1397    2369    1336    362     646     1012    1238    1937    2186    2427    2487    1689    1607    701     206     
11510  2002 1225    746     1771    332     1376    2029    1104    188     630     1130    1330    1665    2088    2046    1949    1513    1119    734     303     
11510  2003 1334    527     2113    139     1318    2565    1220    62      46      801     1216    1933    2586    2493    2617    1807    1087    769     376     
11510  2004 1305    598     1939    327     1181    2298    1381    221     390     740     1244    1560    2220    2361    2310    1924    1441    775     445     
11510  2005 1268    673     1971    308     1308    2289    1257    206     270     867     1190    1864    2302    2407    2156    1886    1264    620     117     
11510  2006 1356    518     2046    147     1290    2377    1477    48      289     751     1341    1779    2305    2689    2135    2009    1495    927     444     
11510  2007 1389    854     2021    546     1524    2267    1254    547     656     1039    1683    1854    2174    2436    2186    1777    1288    696     281     
11510  2008 1330    700     1932    408     1318    2276    1309    420     532     970     1227    1753    2161    2333    2331    1769    1407    749     274     
11510  2009 1367    654     2092    263     1446    2384    1377    83      450     946     1382    2009    2227    2418    2503    1991    1315    827     192     
11510  2010 1253    595     1962    202     1253    2336    1224    75      355     790     1322    1649    2181    2601    2221    1777    1139    757     114     
11510  2011 1374    590     2086    242     1494    2266    1365    136     501     887     1640    1961    2099    2230    2464    2108    1314    673     426     
11510  2012 1348    667     2025    262     1391    2426    1382    236     114     1205    1196    1765    2297    2444    2534    1894    1353    899     186     
11510  2013 1323    628     1982    278     1173    2356    1400    374     273     661     1302    1562    2160    2524    2377    1951    1409    840     370     
11510  2014 1403    802     1933    479     1418    2171    1474    465     615     1095    1438    1723    2198    2183    2131    1914    1505    1003    526     
11510  2015 1405    822     2076    468     1399    2472    1293    417     461     994     1391    1813    2283    2770    2356    1820    1254    807     425     
11510  2016 1350    724     2008    453     1325    2302    1338    324     622     908     1430    1642    2134    2441    2326    2063    1211    745     339     
11510  2017 -999999 691     2063    323     1461    2461    1283    94      586     1154    1404    1822    2387    2475    2518    1748    1372    725     -999999 
