EUROPEAN CLIMATE ASSESSMENT & DATASET (ECA&D), file created on: 13-11-2019
THESE DATA CAN BE USED FOR NON-COMMERCIAL RESEARCH AND EDUCATION PROVIDED THAT THE FOLLOWING SOURCE IS ACKNOWLEDGED: 

Klein Tank, A.M.G. and Coauthors, 2002. Daily dataset of 20th-century surface
air temperature and precipitation series for the European Climate Assessment.
Int. J. of Climatol., 22, 1441-1453.
Data and metadata available at http://www.ecad.eu

FILE FORMAT (MISSING VALUE CODE = -999999):

THIS FILE HOLDS DATA FOR STATION FINLAND                                  MUONIO LAUKUKERO                         (STAID:   7842)
LATITUDE: dd:mm:ss +68:03:42
LONGITUDE: ddd:mm:ss +024:02:13
ELEVATION: m  755

DATA IS FOR INDEX Mean of daily mean temperature (TG) with unit 0.01 Temperature (&#176;C)

01-06 SOUID: Source identifier
08-11 YEAR : YYYY
13-20 ANNUAL DATA VALUES
21-28 WINTER HALF YEAR DATA VALUES
29-36 SUMMER HALF YEAR DATA VALUES
37-44 WINTER (DJF) DATA VALUES
45-52 SPRING (MAM) DATA VALUES
53-60 SUMMER (JJA) DATA VALUES
61-68 AUTUMN (SON) DATA VALUES
69-76 JANUARY DATA VALUES
etc. 
157-164 DECEMBER DATA VALUES

7842   1996 -999999 -999999 -999999 -999999 -999999 -999999 -999999 -999999 -999999 -999999 -999999 -999999 -999999 -999999 -999999 -999999 -181    -729    -1081   
7842   1997 -999999 -877    -999999 -1169   -601    -999999 -298    -1207   -1227   -886    -792    -39     -999999 -999999 -999999 373     -424    -817    -869    
7842   1998 -999999 -987    -999999 -1216   -519    -999999 -349    -1135   -1685   -1062   -555    25      -999999 1101    632     220     -307    -960    -992    
7842   1999 -999999 -999999 452     -999999 -449    845     -43     -1382   -1294   -897    -356    -84     979     1003    567     535     -132    -533    -1100   
7842   2000 -999999 -783    -999999 -1050   -394    -999999 18      -1012   -1040   -915    -484    147     599     1125    -999999 387     110     -462    -798    
7842   2001 -999999 -999999 -999999 -999999 -540    -999999 -198    -999999 -1386   -1157   -442    -18     -999999 -999999 861     505     -258    -840    -1007   
7842   2002 -999999 -821    -999999 -1034   -150    -999999 -999999 -1054   -1041   -758    -115    422     1135    -999999 -999999 -999999 -554    -912    -1127   
7842   2003 -132    -928    501     -1132   -310    955     -111    -1471   -761    -714    -436    215     645     1418    805     358     -287    -397    -1000   
7842   2004 -999999 -999999 478     -999999 -264    872     -229    -999999 -1065   -713    -250    142     547     1207    852     344     -264    -765    -999999 
7842   2005 -999999 -999999 -999999 -999999 -999999 981     -999999 -891    -978    -999999 -999999 -999999 783     1235    916     -999999 -44     -436    -952    
7842   2006 -118    -774    569     -1016   -367    1022    -229    -955    -1157   -1082   -278    262     801     1044    1214    347     -402    -626    -661    
7842   2007 -138    -771    427     -1046   -287    886     -155    -1060   -1456   -484    -432    46      751     995     908     243     2       -714    -575    
7842   2008 -216    -669    296     -790    -511    732     -232    -876    -926    -941    -590    -3      576     957     633     226     -199    -725    -634    
7842   2009 -190    -799    492     -996    -353    883     -142    -1089   -1292   -903    -520    360     646     924     1065    455     -405    -468    -1097   
7842   2010 -999999 -959    -999999 -1266   -373    -999999 -188    -1251   -1470   -1095   -346    323     557     1099    -999999 462     -160    -868    -1151   
7842   2011 -69     -940    588     -1265   -285    994     84      -1148   -1520   -845    -140    136     976     1157    849     537     -16     -265    -645    
7842   2012 -244    -665    370     -1014   -421    817     -154    -1130   -1285   -678    -580    -11     570     962     912     344     -269    -534    -1268   
7842   2013 -92     -844    595     -996    -428    1000    -152    -883    -820    -1275   -471    460     949     1030    1020    556     -277    -729    -717    
7842   2014 -150    -722    -999999 -893    -365    -999999 -162    -1257   -685    -665    -454    22      585     1462    -999999 427     -331    -577    -767    
7842   2015 -113    -733    456     -978    -280    796     -4      -1225   -938    -575    -329    60      530     785     1065    604     -141    -472    -782    
7842   2016 -62     -694    577     -955    -165    892     -63     -1216   -860    -699    -334    531     668     1229    772     568     -75     -682    -688    
7842   2017 -200    -676    322     -844    -546    789     -154    -898    -956    -784    -631    -227    577     1025    759     410     -216    -654    -863    
7842   2018 -78     -851    617     -1029   -348    1039    -21     -1055   -1184   -1160   -397    513     550     1632    920     443     -217    -282    -791    
7842   2019 -999999 -740    480     -1006   -336    861     -999999 -1160   -1074   -935    -160    92      729     966     883     354     -502    -999999 -999999 
