EUROPEAN CLIMATE ASSESSMENT & DATASET (ECA&D), file created on: 13-11-2019
THESE DATA CAN BE USED FOR NON-COMMERCIAL RESEARCH AND EDUCATION PROVIDED THAT THE FOLLOWING SOURCE IS ACKNOWLEDGED: 

Klein Tank, A.M.G. and Coauthors, 2002. Daily dataset of 20th-century surface
air temperature and precipitation series for the European Climate Assessment.
Int. J. of Climatol., 22, 1441-1453.
Data and metadata available at http://www.ecad.eu

FILE FORMAT (MISSING VALUE CODE = -999999):

THIS FILE HOLDS DATA FOR STATION SPAIN                                    CIUDAD REAL                              (STAID:    416)
LATITUDE: dd:mm:ss +38:59:21
LONGITUDE: ddd:mm:ss -003:55:10
ELEVATION: m  628

DATA IS FOR INDEX Mean of daily mean temperature (TG) with unit 0.01 Temperature (&#176;C)

01-06 SOUID: Source identifier
08-11 YEAR : YYYY
13-20 ANNUAL DATA VALUES
21-28 WINTER HALF YEAR DATA VALUES
29-36 SUMMER HALF YEAR DATA VALUES
37-44 WINTER (DJF) DATA VALUES
45-52 SPRING (MAM) DATA VALUES
53-60 SUMMER (JJA) DATA VALUES
61-68 AUTUMN (SON) DATA VALUES
69-76 JANUARY DATA VALUES
etc. 
157-164 DECEMBER DATA VALUES

416    1893 -999999 -999999 -999999 -999999 -999999 -999999 -999999 -999999 -999999 -999999 -999999 -999999 -999999 -999999 -999999 -999999 -999999 -999999 -999999 
416    1894 -999999 -999999 -999999 -999999 -999999 -999999 -999999 -999999 -999999 -999999 -999999 1571    -999999 -999999 -999999 -999999 -999999 -999999 -999999 
416    1895 -999999 -999999 -999999 -999999 -999999 -999999 -999999 -999999 -999999 902     -999999 -999999 -999999 -999999 -999999 -999999 -999999 -999999 -999999 
416    1896 -999999 -999999 -999999 -999999 -999999 -999999 -999999 527     -999999 -999999 -999999 -999999 -999999 -999999 -999999 -999999 -999999 -999999 -999999 
416    1897 -999999 -999999 -999999 -999999 -999999 -999999 -999999 -999999 -999999 -999999 -999999 -999999 -999999 -999999 -999999 -999999 -999999 -999999 -999999 
416    1898 -999999 -999999 -999999 -999999 -999999 -999999 -999999 -999999 -999999 -999999 -999999 -999999 -999999 -999999 -999999 -999999 -999999 -999999 -999999 
416    1899 -999999 -999999 -999999 -999999 -999999 -999999 -999999 399     -999999 -999999 1473    1704    -999999 -999999 -999999 -999999 -999999 -999999 -999999 
416    1900 -999999 -999999 -999999 -999999 -999999 -999999 -999999 -999999 -999999 -999999 -999999 -999999 -999999 -999999 -999999 -999999 -999999 -999999 -999999 
416    1901 -999999 -999999 -999999 -999999 -999999 -999999 -999999 -999999 -999999 -999999 -999999 -999999 -999999 -999999 -999999 -999999 -999999 -999999 -999999 
416    1902 -999999 -999999 -999999 -999999 -999999 -999999 -999999 -999999 -999999 -999999 -999999 -999999 -999999 -999999 -999999 -999999 -999999 -999999 -999999 
416    1903 -999999 -999999 -999999 -999999 -999999 -999999 -999999 -999999 -999999 -999999 -999999 -999999 -999999 -999999 -999999 -999999 -999999 -999999 -999999 
416    1904 1434    -999999 2035    -999999 1314    2360    1449    497     673     757     1280    1902    2169    2469    2436    1932    1544    867     648     
416    1905 1317    848     1908    533     1319    2281    1180    435     513     1052    1390    1518    1976    2465    2392    1685    1239    615     465     
416    1906 1316    693     1921    486     1096    2367    1338    539     450     823     964     1495    2159    2358    2577    1948    1358    708     348     
416    1907 1303    679     1881    351     1129    2277    1328    365     337     925     1105    1356    2148    2214    2466    1985    1127    878     666     
416    1908 1446    762     2027    622     1225    2334    1605    584     615     699     1059    1911    1970    2498    2522    2175    1606    1034    643     
416    1909 1376    834     1942    526     1290    2236    1418    432     500     764     1387    1722    1750    2408    2533    1826    1522    902     695     
416    1910 1384    872     1890    629     1128    2292    1477    435     771     898     1128    1357    2084    2382    2402    1969    1507    955     675     
416    1911 1423    833     2022    555     1148    2413    1542    236     777     847     1084    1509    1992    2612    2620    2290    1360    982     727     
416    1912 1422    934     1965    720     1404    2234    1411    535     909     1093    1270    1845    2191    2277    2231    1963    1360    912     461     
416    1913 1473    859     2041    597     1332    2474    1458    657     680     1068    1226    1699    2446    2586    2388    1883    1461    1029    503     
416    1914 1497    900     2053    571     1424    2324    1591    412     824     1167    1448    1658    1973    2468    2520    2237    1626    908     680     
416    1915 1505    942     2061    661     1329    2482    1484    584     724     1107    1134    1740    2176    2625    2637    2027    1443    985     814     
416    1916 1470    880     2048    690     1278    2413    1535    579     675     774     1307    1753    2200    2451    2580    1978    1662    960     688     
416    1917 1416    890     2060    614     1245    2404    1508    491     666     850     1134    1748    2130    2680    2393    2256    1330    945     327     
416    1918 1451    823     2028    587     1232    2421    1406    614     845     882     1097    1714    2137    2510    2606    2079    1225    922     742     
416    1919 1455    845     2088    645     1313    2502    1414    483     718     971     1192    1772    2393    2419    2691    2040    1291    915     525     
416    1920 1579    881     2219    669     1513    2541    1543    681     810     1058    1426    2051    2350    2630    2636    2195    1450    987     647     
416    1921 1522    919     2100    696     1277    2513    1604    680     769     972     1221    1637    2322    2701    2510    2192    1742    872     594     
416    1922 1476    905     2059    652     1348    2416    1487    602     773     837     1232    1972    2047    2611    2579    1882    1625    948     543     
416    1923 1470    911     2048    582     1316    2500    1501    428     795     1117    1060    1763    2066    2676    2745    1941    1713    841     435     
416    1924 1494    850     2103    505     1430    2434    1533    622     456     1006    1321    1961    2293    2576    2428    2016    1601    981     622     
416    1925 1399    846     1986    589     1193    2323    1443    508     642     709     1267    1606    2118    2327    2518    2065    1511    750     710     
416    1926 1550    969     2142    789     1345    2530    1630    647     1033    1162    1290    1580    2186    2622    2772    2382    1641    869     379     
416    1927 1498    850     2091    529     1425    2390    1525    559     663     969     1487    1822    2327    2386    2455    2058    1665    846     682     
416    1928 1501    940     2115    688     1224    2636    1507    478     918     1046    1157    1468    2344    2849    2705    2143    1490    889     500     
416    1929 1479    834     2065    531     1309    2469    1488    390     728     995     1348    1587    2274    2595    2532    2036    1491    936     766     
416    1930 1489    899     2040    620     1330    2365    1659    621     458     1080    1058    1845    2104    2390    2592    2229    1729    1016    662     
416    1931 1487    999     2078    669     1420    2487    1435    613     739     1212    1319    1725    2485    2571    2404    1948    1466    891     426     
416    1932 1382    803     1939    479     1263    2281    1413    535     477     1006    1174    1605    1943    2416    2473    1999    1339    902     670     
416    1933 1484    838     2179    594     1484    2499    1401    445     677     981     1487    1985    2069    2638    2777    2089    1449    663     447     
416    1934 -999999 -999999 -999999 -999999 -999999 -999999 -999999 -999999 -999999 -999999 -999999 -999999 -999999 -999999 -999999 -999999 -999999 -999999 -999999 
416    1935 1421    -999999 2024    -999999 1225    2425    1461    276     639     1054    1300    1325    2171    2757    2338    2241    1258    891     762     
416    1936 1452    937     1986    811     1234    2358    1491    731     939     1016    1276    1411    1978    2451    2641    2179    1375    899     450     
416    1937 -999999 883     -999999 701     1356    -999999 -999999 650     1019    906     1431    1735    -999999 -999999 -999999 -999999 -999999 -999999 -999999 
416    1938 1576    -999999 2110    -999999 1371    2561    -999999 627     640     1184    1378    1551    2517    2605    2559    2035    1694    -999999 691     
416    1939 -999999 -999999 -999999 -999999 -999999 -999999 1521    -999999 -999999 -999999 -999999 -999999 -999999 -999999 -999999 2166    1393    1007    749     
416    1940 -999999 -999999 1964    -999999 -999999 2298    1384    -999999 -999999 -999999 1257    1600    1974    2422    2487    2022    1282    850     487     
416    1941 1381    795     1912    568     1143    2281    1537    495     737     917     1128    1384    2067    2376    2393    2111    1669    827     425     
416    1942 1520    844     2121    487     1366    2514    1609    493     548     1070    1243    1783    2347    2623    2566    2146    1678    1000    668     
416    1943 1563    991     2209    717     1532    2556    1436    706     782     1088    1588    1922    2545    2418    2705    2064    1421    824     642     
416    1944 1452    812     2097    515     1433    2439    1435    456     441     1066    1420    1813    2200    2527    2583    2016    1323    970     571     
416    1945 1641    872     2266    562     1654    2485    1734    306     835     1229    1818    1922    2469    2589    2396    2398    1619    1188    884     
416    1946 1403    965     1991    692     1174    2407    1476    414     786     890     1361    1277    1977    2719    2511    2082    1585    758     434     
416    1947 1559    851     2170    529     1434    2606    1633    434     740     1141    1465    1697    2533    2802    2482    2026    1671    1200    465     
416    1948 1507    1007    2037    631     1311    2437    1568    610     831     1259    1189    1480    2163    2550    2590    2237    1481    989     676     
416    1949 1507    900     2093    657     1320    2489    1570    550     755     941     1436    1587    2169    2558    2730    2061    1563    1087    599     
416    1950 1530    948     2123    634     1342    2537    1612    513     807     1109    1316    1599    2288    2767    2547    2200    1631    1004    531     
416    1951 1414    870     1980    534     1199    2398    1442    475     604     953     1289    1359    2254    2574    2361    2035    1338    957     722     
416    1952 1487    883     2042    596     1368    2474    1517    411     659     1200    1290    1611    2219    2747    2446    1919    1618    1012    673     
416    1953 1514    890     2121    562     1458    2410    1547    390     631     998     1377    1997    2077    2499    2645    2106    1461    1077    840     
416    1954 1539    905     2162    623     1405    2499    1692    395     636     1001    1293    1918    2333    2729    2429    2250    1666    1161    603     
416    1955 1539    986     2094    727     1441    2344    1530    843     737     886     1508    1931    2125    2467    2433    2085    1511    995     892     
416    1956 1365    894     1975    613     1296    2343    1367    657     266     1003    1181    1700    2209    2434    2383    1926    1472    701     396     
416    1957 1470    842     2067    512     1346    2458    1539    277     900     1307    1200    1528    2004    2659    2696    2290    1468    861     415     
416    1958 1556    888     2134    657     1363    2433    1625    610     976     1004    1179    1899    2147    2558    2586    2414    1556    908     798     
416    1959 1538    968     2103    761     1311    2552    1542    790     686     1043    1261    1627    2306    2824    2518    2059    1530    1039    711     
416    1960 1506    961     2131    705     1442    2484    1441    585     828     1065    1406    1853    2383    2611    2456    2060    1257    1011    545     
416    1961 1565    935     2138    674     1553    2409    1542    541     965     1295    1445    1917    2169    2493    2559    2229    1456    945     725     
416    1962 1476    911     2106    711     1279    2463    1536    671     741     916     1264    1657    2068    2591    2719    2316    1636    654     418     
416    1963 1417    857     1884    597     1340    2165    1489    705     674     1032    1290    1696    2001    2298    2190    1811    1594    1060    600     
416    1964 1493    927     2134    642     1416    2374    1572    509     830     967     1244    2030    2067    2460    2584    2398    1425    899     479     
416    1965 1515    835     2127    524     1481    2509    1434    571     524     1086    1388    1966    2498    2488    2540    1864    1486    950     746     
416    1966 1542    1005    2151    853     1367    2504    1498    882     938     1020    1268    1809    2167    2679    2655    2309    1453    734     546     
416    1967 1496    875     2049    603     1337    2461    1610    508     772     1221    1231    1555    2020    2805    2545    2115    1735    975     414     
416    1968 1506    889     2071    563     1267    2480    1631    535     752     915     1250    1635    2306    2656    2472    2088    1825    973     633     
416    1969 1409    925     1990    597     1261    2460    1333    642     508     932     1228    1620    2105    2733    2533    1690    1457    847     531     
416    1970 1504    867     2127    677     1300    2443    1646    773     733     850     1322    1729    2145    2660    2515    2375    1413    1159    327     
416    1971 1379    777     1957    461     1104    2315    1525    373     706     688     1193    1434    1963    2533    2437    2164    1705    699     603     
416    1972 1371    844     1908    578     1197    2324    1380    450     689     902     1169    1519    2095    2477    2394    1774    1340    1028    588     
416    1973 1439    837     2060    592     1269    2436    1469    541     652     860     1239    1707    2124    2506    2668    2093    1369    949     499     
416    1974 1440    862     2029    642     1274    2408    1416    743     690     909     1116    1793    2150    2581    2485    2026    1268    958     509     
416    1975 1417    850     1939    666     1167    2374    1459    689     813     864     1171    1466    2114    2545    2454    1860    1602    910     473     
416    1976 1431    877     2015    572     1310    2409    1318    464     794     1015    1112    1798    2276    2520    2427    1935    1297    722     786     
416    1977 1469    929     1916    801     1367    2123    1539    706     923     1133    1433    1538    1945    2247    2170    2155    1534    928     878     
416    1978 1476    972     1987    762     1256    2318    1541    563     855     1062    1188    1517    1894    2531    2517    2254    1517    853     915     
416    1979 1537    982     2095    845     1309    2483    1551    774     845     973     1197    1753    2315    2582    2545    2161    1511    983     760     
416    1980 1461    960     2033    749     1248    2385    1558    680     811     1007    1244    1492    2147    2399    2600    2302    1513    862     458     
416    1981 1538    878     2057    539     1346    2457    1663    489     685     1240    1208    1587    2366    2482    2520    2168    1680    1141    829     
416    1982 1518    1054    2096    808     1390    2473    1466    785     811     1057    1312    1800    2327    2558    2528    2033    1397    971     592     
416    1983 1504    862     2042    532     1293    2412    1738    468     535     1181    1192    1502    2366    2526    2343    2314    1667    1235    655     
416    1984 1408    917     1967    615     1137    2349    1511    584     606     745     1457    1220    2029    2629    2379    2079    1455    1003    691     
416    1985 1528    896     2120    678     1242    2493    1689    418     952     865     1367    1498    2244    2670    2555    2376    1722    967     673     
416    1986 1493    946     2069    642     1283    2471    1579    577     679     1030    924     1882    2276    2635    2496    2175    1607    955     615     
416    1987 1551    948     2147    636     1459    2439    1581    559     744     1190    1427    1760    2267    2456    2587    2374    1425    951     816     
416    1988 1499    967     2045    771     1353    2376    1599    775     719     1100    1319    1639    1928    2544    2642    2175    1588    1035    494     
416    1989 1609    937     2145    582     1400    2593    1664    475     797     1224    1132    1835    2280    2782    2708    2103    1681    1206    1013    
416    1990 1579    1125    2180    900     1382    2585    1582    618     1088    1142    1182    1816    2386    2718    2646    2312    1533    902     577     
416    1991 1517    908     2155    621     1337    2597    1475    595     698     1124    1263    1621    2375    2687    2722    2242    1280    911     628     
416    1992 1476    824     2089    548     1488    2340    1495    319     707     1095    1450    1919    1804    2604    2595    2132    1325    1035    697     
416    1993 1440    898     2035    627     1327    2466    1343    483     709     1126    1252    1600    2167    2638    2583    1943    1228    862     628     
416    1994 1603    916     2167    684     1464    2656    1549    616     821     1327    1244    1814    2344    2855    2757    1955    1583    1107    745     
416    1995 1666    1044    2199    789     1554    2584    1665    717     919     1183    1455    2022    2343    2731    2669    1948    1807    1236    894     
416    1996 1547    1094    2092    813     1401    2503    1494    854     683     1066    1459    1680    2403    2610    2492    1888    1545    1047    805     
416    1997 1618    1083    2122    826     1593    2374    1670    675     1015    1405    1587    1788    2082    2491    2540    2228    1714    1066    777     
416    1998 1580    1107    2143    835     1388    2610    1553    734     1010    1332    1200    1628    2364    2765    2694    2186    1449    1029    533     
416    1999 1588    911     2257    615     1519    2645    1509    590     734     1119    1468    1970    2406    2824    2696    2154    1606    764     658     
416    2000 1574    936     2157    674     1416    2548    1586    342     1047    1200    1156    1882    2427    2604    2610    2244    1564    951     843     
416    2001 1621    1064    2223    842     1526    2607    1615    819     867     1315    1475    1786    2510    2587    2721    2241    1763    838     472     
416    2002 1610    974     2141    681     1402    2558    1628    677     916     1169    1379    1658    2496    2640    2536    2122    1607    1155    924     
416    2003 1628    1048    2276    754     1524    2694    1599    631     703     1237    1377    1954    2649    2725    2706    2226    1508    1065    695     
416    2004 1569    989     2155    783     1269    2602    1618    807     852     1001    1267    1540    2502    2698    2603    2305    1672    874     684     
416    2005 1578    891     2281    544     1541    2683    1550    418     530     1132    1476    2012    2567    2789    2689    2128    1604    917     600     
416    2006 1665    929     2316    611     1620    2650    1758    524     720     1190    1579    2089    2448    2886    2610    2263    1798    1212    599     
416    2007 1530    1032    2109    702     1356    2482    1550    538     998     1050    1271    1743    2205    2646    2586    2182    1564    904     634     
416    2008 1541    993     2111    789     1390    2515    1471    782     963     1110    1411    1650    2266    2598    2671    2047    1544    819     609     
416    2009 1662    933     2251    661     1500    2687    1736    561     828     1221    1293    1981    2514    2771    2769    2152    1825    1228    736     
416    2010 1574    1034    2219    705     1428    2619    1535    612     773     1010    1531    1746    2245    2859    2740    2172    1510    923     705     
416    2011 1661    956     2288    741     1564    2590    1740    659     872     1059    1671    1967    2422    2638    2704    2314    1781    1125    676     
416    2012 1570    973     2211    605     1434    2641    1584    600     534     1101    1217    1978    2509    2657    2755    2127    1596    1029    690     
416    2013 1518    944     2117    682     1277    2522    1613    659     699     971     1285    1575    2156    2715    2683    2266    1721    849     580     
416    2014 1660    988     2240    729     1576    2528    1760    791     825     1140    1662    1929    2338    2595    2647    2256    1848    1172    665     
416    2015 1673    1026    2316    642     1607    2713    1631    559     709     1178    1528    2111    2442    3021    2667    2096    1667    1129    888     
416    2016 1634    1073    2229    872     1346    2677    1700    874     853     1017    1334    1686    2412    2862    2747    2314    1774    1009    690     
416    2017 1699    1030    2351    731     1603    2738    1720    564     960     1177    1599    2034    2681    2794    2737    2246    1869    1039    645     
416    2018 1581    988     2204    674     1356    2573    1683    720     657     968     1360    1740    2274    2647    2787    2396    1587    1069    699     
416    2019 -999999 1023    2247    740     1511    2658    -999999 618     921     1234    1297    1996    2418    2832    2716    2198    1752    -999999 -999999 
