EUROPEAN CLIMATE ASSESSMENT & DATASET (ECA&D), file created on: 13-11-2019
THESE DATA CAN BE USED FOR NON-COMMERCIAL RESEARCH AND EDUCATION PROVIDED THAT THE FOLLOWING SOURCE IS ACKNOWLEDGED: 

Klein Tank, A.M.G. and Coauthors, 2002. Daily dataset of 20th-century surface
air temperature and precipitation series for the European Climate Assessment.
Int. J. of Climatol., 22, 1441-1453.
Data and metadata available at http://www.ecad.eu

FILE FORMAT (MISSING VALUE CODE = -999999):

THIS FILE HOLDS DATA FOR STATION NORWAY                                   OSLO - LILLEAKER                         (STAID:  18438)
LATITUDE: dd:mm:ss +59:55:13
LONGITUDE: ddd:mm:ss +010:38:03
ELEVATION: m   39

DATA IS FOR INDEX Mean of daily mean temperature (TG) with unit 0.01 Temperature (&#176;C)

01-06 SOUID: Source identifier
08-11 YEAR : YYYY
13-20 ANNUAL DATA VALUES
21-28 WINTER HALF YEAR DATA VALUES
29-36 SUMMER HALF YEAR DATA VALUES
37-44 WINTER (DJF) DATA VALUES
45-52 SPRING (MAM) DATA VALUES
53-60 SUMMER (JJA) DATA VALUES
61-68 AUTUMN (SON) DATA VALUES
69-76 JANUARY DATA VALUES
etc. 
157-164 DECEMBER DATA VALUES

18438  1900 577     -999999 1256    -999999 402     1675    656     -353    -827    -102    417     892     1735    1705    1588    1186    653     129     -198    
18438  1901 657     -129    1465    -492    602     1854    683     -563    -738    -108    616     1298    1532    2270    1749    1295    905     -158    -333    
18438  1902 488     -34     1105    -316    394     1463    480     -110    -525    -36     397     822     1597    1488    1307    1011    430     0       -585    
18438  1903 624     -54     1233    -373    615     1554    556     -568    79      337     406     1095    1590    1618    1456    1214    454     5       -222    
18438  1904 594     -82     1257    -283    422     1656    594     -149    -491    -114    478     904     1559    1802    1603    1176    677     -74     -288    
18438  1905 650     26      1280    -203    550     1673    480     -236    -73     138     382     1126    1765    1804    1454    1133    299     15      -54     
18438  1906 702     -17     1331    -149    575     1680    738     -223    -173    17      597     1112    1767    1712    1564    1223    683     309     -211    
18438  1907 584     40      1133    -310    525     1422    768     -484    -229    156     504     915     1365    1555    1345    1104    976     218     -468    
18438  1908 649     34      1253    -272    432     1645    643     -361    32      -188    484     1002    1540    1758    1632    1082    790     54      -64     
18438  1909 554     -14     1167    -242    313     1560    649     -166    -523    -221    342     820     1534    1628    1518    1142    873     -77     -302    
18438  1910 682     47      1321    -260    677     1622    620     -449    -4      233     585     1211    1625    1668    1573    1249    630     -19     -155    
18438  1911 734     48      1389    -163    676     1711    616     -238    -87     140     571     1314    1525    1819    1783    1299    423     132     68      
18438  1912 602     -44     1258    -351    613     1639    508     -723    -400    218     529     1089    1565    1860    1490    993     481     51      28      
18438  1913 700     54      1315    -155    690     1615    753     -419    -66     236     629     1204    1522    1828    1494    1192    688     381     -329    
18438  1914 742     41      1425    -285    575     1847    654     -581    92      9       711     1009    1657    2180    1698    1275    589     99      127     
18438  1915 477     -1      1199    -189    460     1527    433     -493    -202    -145    518     1010    1451    1589    1540    1066    360     -125    -875    
18438  1916 629     -185    1219    -397    480     1538    632     -85     -219    -166    519     1088    1301    1763    1543    1078    467     356     -125    
18438  1917 521     -213    1303    -597    352     1721    673     -1089   -577    -329    265     1118    1690    1715    1757    1251    647     122     -383    
18438  1918 644     -64     1271    -397    644     1575    674     -632    -153    12      612     1306    1411    1724    1585    965     819     234     -208    
18438  1919 569     11      1300    -323    593     1584    509     -161    -628    -46     445     1375    1421    1916    1408    1210    539     -223    -530    
18438  1920 657     -53     1254    -329    665     1566    599     -485    52      329     532     1128    1609    1648    1441    1150    420     233     -188    
18438  1921 711     75      1320    -197    812     1578    602     -163    -244    368     906     1166    1487    1797    1445    1103    768     -70     -109    
18438  1922 561     -45     1174    -328    465     1519    546     -537    -339    -13     358     1045    1496    1615    1447    1065    477     99      -48     
18438  1923 545     34      1130    -150    456     1464    528     56      -491    61      437     870     1220    1749    1417    1065    638     -121    -450    
18438  1924 594     -174    1176    -432    321     1516    723     -365    -486    -280    336     908     1413    1591    1542    1248    751     170     259     
18438  1925 632     193     1345    105     524     1749    468     -8      59      -88     617     1045    1588    2013    1641    1142    564     -303    -726    
18438  1926 623     -176    1309    -497    597     1671    581     -299    -462    139     635     1016    1503    1884    1619    1175    315     260     -382    
18438  1927 545     12      1168    -238    465     1571    498     -74     -261    193     420     781     1177    1858    1666    1081    546     -134    -785    
18438  1928 566     -167    1143    -440    485     1394    618     -285    -238    -110    498     1067    1234    1482    1460    1098    613     143     -201    
18438  1929 603     -72     1159    -487    522     1463    761     -541    -743    239     291     1027    1346    1671    1368    1229    684     375     182     
18438  1930 743     215     1320    47      647     1650    672     148     -214    77      691     1175    1568    1765    1615    1083    717     213     1       
18438  1931 567     -12     1157    -257    412     1489    672     -523    -247    -248    399     1086    1337    1672    1455    971     620     427     -195    
18438  1932 710     159     1290    -24     536     1654    558     122     3       -26     522     1112    1491    1779    1685    1123    453     102     117     
18438  1933 711     59      1401    -100    570     1815    704     -212    -215    83      555     1071    1859    1931    1658    1315    725     72      -375    
18438  1934 797     104     1355    -97     593     1705    762     12      89      98      545     1135    1598    1852    1661    1320    798     168     237     
18438  1935 720     153     1320    -42     561     1716    752     -305    -61     63      577     1045    1547    1876    1718    1132    696     429     -131    
18438  1936 705     74      1336    -264    607     1742    612     -255    -416    100     452     1263    1780    1767    1681    1051    523     265     205     
18438  1937 675     36      1402    -142    569     1752    742     -223    -437    -156    659     1227    1420    1922    1908    1250    906     97      -465    
18438  1938 -999999 138     -999999 -248    690     -999999 -999999 -194    -43     479     -999999 980     1402    1709    -999999 1316    -999999 -999999 -999999 
18438  1939 -999999 -999999 1362    -999999 -999999 1711    634     -999999 -999999 -999999 580     1162    1615    1679    1835    1283    356     270     -461    
18438  1940 -999999 -999999 1270    -999999 513     1642    569     -999999 -999999 -193    365     1293    1801    1685    1446    1007    530     172     -339    
18438  1941 -999999 -999999 -999999 -999999 -999999 -999999 -999999 -1294   -999999 -999999 -999999 -999999 -999999 -999999 -999999 -999999 -999999 -999999 -999999 
18438  1942 -999999 -999999 -999999 -999999 -999999 -999999 -999999 -999999 -999999 -999999 -999999 -999999 -999999 -999999 -999999 -999999 -999999 -999999 -999999 
18438  1943 -999999 -999999 -999999 -999999 -999999 -999999 -999999 -999999 -999999 -999999 -999999 -999999 -999999 -999999 -999999 -999999 -999999 -999999 -999999 
18438  1944 -999999 -999999 -999999 -999999 -999999 -999999 -999999 -999999 -999999 -999999 -999999 -999999 -999999 -999999 -999999 -999999 -999999 -999999 -999999 
18438  1945 -999999 -999999 -999999 -999999 -999999 -999999 -999999 -999999 -999999 -999999 -999999 -999999 -999999 -999999 -999999 -999999 -999999 -999999 -999999 
18438  1946 -999999 -999999 -999999 -999999 -999999 -999999 -999999 -999999 -999999 -999999 -999999 -999999 -999999 -999999 -999999 -999999 -999999 -999999 -999999 
18438  1947 -999999 -999999 -999999 -999999 -999999 -999999 -999999 -999999 -999999 -999999 -999999 -999999 -999999 -999999 -999999 -999999 -999999 -999999 -999999 
18438  1948 -999999 -999999 -999999 -999999 -999999 -999999 -999999 -999999 -999999 -999999 -999999 -999999 -999999 -999999 -999999 -999999 -999999 -999999 -999999 
18438  1949 -999999 -999999 -999999 -999999 -999999 -999999 -999999 -999999 -999999 -999999 -999999 -999999 -999999 -999999 -999999 -999999 -999999 -999999 -999999 
18438  1950 -999999 -999999 -999999 -999999 -999999 -999999 -999999 -999999 -999999 -999999 -999999 -999999 -999999 -999999 -999999 -999999 -999999 -999999 -999999 
18438  1951 -999999 -999999 -999999 -999999 -999999 -999999 -999999 -999999 -999999 -999999 -999999 -999999 -999999 -999999 -999999 -999999 -999999 -999999 -999999 
18438  1952 -999999 -999999 -999999 -999999 -999999 -999999 -999999 -999999 -999999 -999999 -999999 -999999 -999999 -999999 -999999 -999999 -999999 -999999 -999999 
18438  1953 -999999 -999999 -999999 -999999 -999999 -999999 -999999 -999999 -999999 -999999 -999999 -999999 -999999 -999999 -999999 -999999 -999999 -999999 -999999 
18438  1954 -999999 -999999 -999999 -999999 -999999 -999999 -999999 -999999 -999999 -999999 -999999 -999999 -999999 -999999 -999999 -999999 -999999 -999999 -999999 
18438  1955 -999999 -999999 -999999 -999999 -999999 -999999 -999999 -999999 -999999 -999999 -999999 -999999 -999999 -999999 -999999 -999999 -999999 -999999 -999999 
18438  1956 -999999 -999999 -999999 -999999 -999999 -999999 -999999 -999999 -999999 -999999 -999999 -999999 -999999 -999999 -999999 -999999 -999999 -999999 -999999 
18438  1957 -999999 -999999 -999999 -999999 -999999 -999999 -999999 -999999 -999999 -999999 -999999 -999999 -999999 -999999 -999999 -999999 -999999 -999999 -999999 
18438  1958 -999999 -999999 -999999 -999999 -999999 -999999 -999999 -999999 -999999 -999999 -999999 -999999 -999999 -999999 -999999 -999999 -999999 -999999 -999999 
18438  1959 -999999 -999999 -999999 -999999 -999999 -999999 -999999 -999999 -999999 -999999 -999999 -999999 -999999 -999999 -999999 -999999 -999999 -999999 -999999 
18438  1960 -999999 -999999 -999999 -999999 -999999 -999999 -999999 -999999 -999999 -999999 -999999 -999999 -999999 -999999 -999999 -999999 -999999 -999999 -999999 
18438  1961 -999999 -999999 -999999 -999999 -999999 -999999 -999999 -999999 -999999 -999999 -999999 -999999 -999999 -999999 -999999 -999999 -999999 -999999 -999999 
18438  1962 -999999 -999999 -999999 -999999 -999999 -999999 -999999 -999999 -999999 -999999 -999999 -999999 -999999 -999999 -999999 -999999 -999999 -999999 -999999 
18438  1963 -999999 -999999 -999999 -999999 -999999 -999999 -999999 -999999 -999999 -999999 -999999 -999999 -999999 -999999 -999999 -999999 -999999 -999999 -999999 
18438  1964 -999999 -999999 -999999 -999999 -999999 -999999 -999999 -999999 -999999 -999999 -999999 -999999 -999999 -999999 -999999 -999999 -999999 -999999 -999999 
18438  1965 -999999 -999999 -999999 -999999 -999999 -999999 -999999 -999999 -999999 -999999 -999999 -999999 -999999 -999999 -999999 -999999 -999999 -999999 -999999 
18438  1966 -999999 -999999 -999999 -999999 -999999 -999999 -999999 -999999 -999999 -999999 -999999 -999999 -999999 -999999 -999999 -999999 -999999 -999999 -999999 
18438  1967 -999999 -999999 -999999 -999999 -999999 -999999 -999999 -999999 -999999 -999999 -999999 -999999 -999999 -999999 -999999 -999999 -999999 -999999 -999999 
18438  1968 -999999 -999999 -999999 -999999 -999999 -999999 -999999 -999999 -999999 -999999 -999999 -999999 -999999 -999999 -999999 -999999 -999999 -999999 -999999 
18438  1969 -999999 -999999 -999999 -999999 -999999 -999999 -999999 -999999 -999999 -999999 -999999 -999999 -999999 -999999 -999999 -999999 -999999 -999999 -999999 
18438  1970 -999999 -999999 1231    -999999 421     1636    464     -999999 -1275   -189    270     1176    1854    1465    1597    1007    564     -183    -268    
18438  1971 569     -108    1219    -262    442     1557    469     -349    -158    -261    441     1145    1464    1716    1489    1032    600     -231    -119    
18438  1972 557     -147    1200    -393    491     1569    495     -685    -372    -92     439     1124    1444    1821    1437    906     565     12      43      
18438  1973 574     95      1218    -79     556     1631    325     -116    -174    211     400     1051    1587    1867    1439    944     242     -209    -414    
18438  1974 637     -86     1241    -203    639     1496    543     -128    -53     48      728     1145    1491    1515    1481    1071    475     85      -254    
18438  1975 653     -65     1291    -314    489     1701    651     -103    -613    -30     368     1125    1462    1821    1814    1129    638     188     -68     
18438  1976 547     -59     1290    -329    487     1721    446     -592    -327    -203    498     1166    1585    1838    1736    885     461     -9      -510    
18438  1977 527     -204    1165    -563    445     1554    589     -536    -651    -16     220     1123    1502    1637    1520    963     676     126     -335    
18438  1978 469     -137    1160    -489    434     1527    566     -389    -770    -184    347     1135    1603    1509    1471    874     546     279     -875    
18438  1979 400     -299    1115    -854    373     1485    436     -878    -805    -89     375     834     1565    1535    1359    1010    414     -116    -484    
18438  1980 462     -351    1278    -712    475     1600    412     -789    -872    -285    522     1188    1585    1702    1513    1138    403     -305    -305    
18438  1981 462     -246    1211    -447    460     1486    541     -547    -494    -250    439     1190    1304    1630    1518    1163    482     -20     -929    
18438  1982 557     -281    1244    -768    539     1595    621     -915    -426    116     502     997     1399    1787    1592    1167    576     122     -302    
18438  1983 636     9       1249    -262    555     1613    585     -28     -477    118     508     1037    1431    1787    1614    1090    645     17      -207    
18438  1984 616     -106    1252    -382    542     1573    652     -586    -349    -168    552     1241    1475    1623    1616    978     735     240     1       
18438  1985 384     -155    1135    -624    458     1502    459     -891    -1020   -67     272     1165    1436    1620    1446    843     689     -164    -829    
18438  1986 499     -308    1137    -802    454     1538    578     -770    -807    -9      282     1082    1658    1659    1301    819     589     325     -232    
18438  1987 395     -255    1091    -663    314     1398    552     -1206   -540    -473    473     948     1222    1659    1306    914     727     11      -360    
18438  1988 597     13      1280    -170    450     1660    468     22      -171    -164    318     1193    1867    1622    1497    1170    465     -230    -448    
18438  1989 699     69      1226    -54     651     1539    625     103     208     322     523     1104    1526    1702    1389    1093    605     180     -399    
18438  1990 739     184     1294    -45     779     1610    522     -5      304     430     643     1261    1546    1678    1604    1008    585     -29     -190    
18438  1991 616     -60     1247    -369    599     1581    600     -453    -474    162     542     1093    1196    1855    1678    1090    585     126     -101    
18438  1992 652     99      1286    -136    688     1619    460     -209    -94     274     440     1343    1811    1655    1396    1055    294     38      -203    
18438  1993 564     -1      1162    -137    664     1396    388     -64     -146    60      618     1313    1387    1498    1302    836     383     -54     -417    
18438  1994 572     -234    1280    -577    549     1673    507     -502    -838    -26     580     1094    1396    2035    1579    967     463     92      -92     
18438  1995 572     -4      1224    -222    481     1634    599     -413    -154    71      376     992     1522    1652    1724    1052    830     -93     -753    
18438  1996 492     -221    1179    -654    395     1594    543     -503    -709    -126    452     863     1437    1580    1760    957     711     -44     -523    
18438  1997 678     -54     1362    -403    544     1845    564     -551    -105    183     502     945     1615    1921    1992    1169    396     130     -116    
18438  1998 604     59      1173    -72     532     1430    525     -158    70      33      404     1155    1330    1538    1419    1175    505     -105    -151    
18438  1999 635     -66     1268    -276    524     1563    769     -323    -362    13      600     961     1411    1725    1546    1352    605     354     -317    
18438  2000 732     82      1229    -210    658     1500    839     -140    -170    154     587     1231    1355    1633    1507    1037    923     556     74      
18438  2001 582     62      1256    -295    453     1594    705     -335    -658    -242    408     1192    1461    1771    1545    1132    830     150     -359    
18438  2002 648     59      1413    -272    703     1762    470     -424    -6      161     675     1271    1628    1710    1944    1227    335     -146    -631    
18438  2003 -999999 -198    -999999 -490    545     1723    -999999 -496    -326    67      561     1007    1592    1858    1716    -999999 -999999 -999999 -999999 
18438  2004 -999999 -999999 -999999 -999999 -999999 -999999 -999999 -999999 -999999 -999999 -999999 -999999 -999999 -999999 -999999 -999999 -999999 -999999 -999999 
18438  2005 -999999 -999999 -999999 -999999 -999999 -999999 -999999 -999999 -999999 -999999 -999999 -999999 -999999 -999999 -999999 -999999 -999999 -999999 -999999 
18438  2006 -999999 -999999 -999999 -999999 -999999 -999999 -999999 -999999 -999999 -999999 -999999 -999999 -999999 -999999 -999999 -999999 -999999 -999999 -999999 
18438  2007 -999999 -999999 -999999 -999999 -999999 -999999 -999999 -999999 -999999 -999999 -999999 -999999 -999999 -999999 -999999 -999999 -999999 -999999 -999999 
18438  2008 -999999 -999999 -999999 -999999 -999999 -999999 -999999 -999999 -999999 -999999 -999999 -999999 -999999 -999999 -999999 -999999 -999999 -999999 -999999 
18438  2009 -999999 -999999 -999999 -999999 -999999 -999999 -999999 -999999 -999999 -999999 -999999 -999999 -999999 -999999 -999999 -999999 -999999 -999999 -999999 
18438  2010 -999999 -999999 -999999 -999999 -999999 -999999 -999999 -999999 -999999 -999999 -999999 -999999 -999999 -999999 -999999 -999999 -999999 -999999 -999999 
18438  2011 -999999 -999999 -999999 -999999 -999999 -999999 -999999 -999999 -999999 -999999 -999999 -999999 -999999 -999999 -999999 -999999 -999999 -999999 -999999 
18438  2012 -999999 -999999 -999999 -999999 -999999 -999999 -999999 -999999 -241    566     -999999 -999999 -999999 1697    -999999 -999999 -999999 -999999 -521    
18438  2013 658     -999999 1333    -497    494     1681    694     -555    -405    -272    445     1308    1534    1852    1653    1182    715     186     171     
18438  2014 849     248     1444    49      807     1785    888     -209    201     421     766     1232    1617    2106    1625    1300    922     442     -271    
18438  2015 766     239     1286    -102    673     1598    731     -53     31      351     718     952     1462    1669    1659    1241    699     253     156     
18438  2016 781     141     1468    -154    779     1743    777     -532    -81     339     664     1329    1778    1818    1634    1574    653     86      70      
18438  2017 745     150     1350    -64     727     1649    736     -156    -109    325     593     1259    1620    1748    1578    1282    755     170     -181    
18438  2018 862     13      1605    -228    739     1964    821     -162    -354    -181    696     1700    1885    2305    1701    1313    769     382     -999999 
18438  2019 -999999 -999999 1415    -999999 746     1761    -999999 -287    69      252     864     1125    1634    1900    1745    1207    591     -999999 -999999 
