EUROPEAN CLIMATE ASSESSMENT & DATASET (ECA&D), file created on: 13-11-2019
THESE DATA CAN BE USED FOR NON-COMMERCIAL RESEARCH AND EDUCATION PROVIDED THAT THE FOLLOWING SOURCE IS ACKNOWLEDGED: 

Klein Tank, A.M.G. and Coauthors, 2002. Daily dataset of 20th-century surface
air temperature and precipitation series for the European Climate Assessment.
Int. J. of Climatol., 22, 1441-1453.
Data and metadata available at http://www.ecad.eu

FILE FORMAT (MISSING VALUE CODE = -999999):

THIS FILE HOLDS DATA FOR STATION SWEDEN                                   BORLANGE                                 (STAID:   5553)
LATITUDE: dd:mm:ss +60:30:00
LONGITUDE: ddd:mm:ss +015:27:36
ELEVATION: m  145

DATA IS FOR INDEX Mean of daily mean temperature (TG) with unit 0.01 Temperature (&#176;C)

01-06 SOUID: Source identifier
08-11 YEAR : YYYY
13-20 ANNUAL DATA VALUES
21-28 WINTER HALF YEAR DATA VALUES
29-36 SUMMER HALF YEAR DATA VALUES
37-44 WINTER (DJF) DATA VALUES
45-52 SPRING (MAM) DATA VALUES
53-60 SUMMER (JJA) DATA VALUES
61-68 AUTUMN (SON) DATA VALUES
69-76 JANUARY DATA VALUES
etc. 
157-164 DECEMBER DATA VALUES

5553   1949 -999999 -999999 -999999 -999999 -999999 -999999 -999999 -142    -27     -140    -999999 -999999 -999999 -999999 -999999 -999999 534     169     -256    
5553   1950 -999999 -131    -999999 -501    -999999 -999999 -999999 -832    -404    -13     -999999 -999999 -999999 -999999 -999999 -999999 -999999 -999999 -999999 
5553   1951 -999999 -999999 -999999 -999999 -999999 -999999 -999999 -777    -394    -631    -999999 -999999 -999999 -999999 -999999 -999999 -999999 -999999 -999999 
5553   1952 -999999 -999999 -999999 -999999 -999999 -999999 -999999 -537    -367    -427    -999999 -999999 -999999 -999999 -999999 -999999 256     -382    -557    
5553   1953 -999999 -292    -999999 -633    -999999 -999999 -999999 -643    -707    255     -999999 -999999 -999999 -999999 -999999 -999999 752     223     6       
5553   1954 -999999 -125    -999999 -546    -999999 -999999 -999999 -700    -988    -83     -999999 -999999 -999999 -999999 -999999 -999999 444     -135    -108    
5553   1955 -999999 -255    -999999 -482    -999999 -999999 -999999 -562    -807    -409    -999999 -999999 -999999 -999999 -999999 -999999 409     86      -750    
5553   1956 -999999 -391    -999999 -856    -999999 -999999 -999999 -817    -1011   -288    -999999 -999999 -999999 -999999 -999999 -999999 445     -420    -207    
5553   1957 -999999 -178    -999999 -249    -999999 -999999 -999999 -171    -380    -362    -999999 -999999 -999999 -999999 -999999 -999999 551     30      -245    
5553   1958 -999999 -334    -999999 -634    -999999 -999999 -999999 -697    -993    -700    -999999 -999999 -999999 -999999 -999999 -999999 712     188     -494    
5553   1959 -999999 -141    -999999 -596    -999999 -999999 -999999 -946    -321    9       -999999 -999999 -999999 -999999 -999999 -999999 515     160     -200    
5553   1960 -999999 -221    -999999 -599    -999999 -999999 -999999 -691    -928    -216    -999999 -999999 -999999 -999999 -999999 -999999 293     29      -199    
5553   1961 -999999 -72     -999999 -343    -999999 -999999 710     -634    -179    250     -999999 925     -999999 -999999 1325    1087    916     119     -703    
5553   1962 359     -169    977     -471    153     1274    467     -387    -308    -658    393     733     1273    1339    1210    901     609     -113    -716    
5553   1963 -999999 -429    -999999 -899    354     -999999 548     -911    -1086   -408    336     1134    1414    -999999 1465    1050    597     -6      -291    
5553   1964 467     -106    1085    -336    443     1333    467     -235    -492    -232    492     1070    1304    1425    1269    936     480     -14     -438    
5553   1965 379     -154    1058    -395    310     1347    410     -353    -393    -225    401     756     1355    1372    1315    1141    584     -500    -951    
5553   1966 354     -580    1103    -1140   282     1559    461     -1145   -1345   -194    63      969     1683    1627    1372    883     422     80      -294    
5553   1967 493     -152    1138    -550    477     1500    682     -1023   -311    208     374     846     1384    1613    1501    1094    633     320     -761    
5553   1968 364     -282    1147    -878    415     1532    301     -1139   -725    -29     569     710     1624    1517    1459    996     337     -433    -548    
5553   1969 381     -477    1199    -713    153     1675    465     -555    -1070   -652    260     855     1668    1680    1676    1035    648     -294    -786    
5553   1970 -999999 -518    -999999 -1085   266     -999999 407     -1051   -1454   -254    110     937     1709    -999999 1475    925     532     -240    -237    
5553   1971 500     -141    1089    -272    310     1440    442     -323    -254    -341    210     1057    1360    1561    1395    926     563     -168    -49     
5553   1972 543     -144    1145    -400    364     1586    526     -787    -360    -78     269     898     1525    1825    1405    925     532     122     203     
5553   1973 -999999 -999999 -999999 -999999 -999999 -999999 -999999 -999999 -999999 -999999 -999999 -999999 -999999 -999999 -999999 -999999 -999999 -999999 -999999 
5553   1974 -999999 -999999 1163    -999999 -999999 1453    531     -999999 -999999 -999999 570     943     1444    1461    1454    1093    410     95      -95     
5553   1975 677     48      1265    -97     492     1651    646     -17     -186    62      347     1064    1398    1799    1747    1205    544     194     -100    
5553   1976 440     -127    1151    -387    364     1572    376     -753    -303    -346    366     1073    1481    1642    1591    725     390     14      -619    
5553   1977 457     -244    1047    -627    359     1429    532     -528    -744    -17     128     958     1449    1439    1401    886     659     48      -293    
5553   1978 -999999 -157    -999999 -501    -999999 -999999 -999999 -374    -873    -173    229     -999999 -999999 -999999 -999999 -999999 -999999 -999999 -999999 
5553   1979 -999999 -999999 -999999 -999999 -999999 -999999 -999999 -999999 -999999 -999999 -999999 -999999 -999999 -999999 -999999 -999999 -999999 -999999 -999999 
5553   1980 -999999 -999999 -999999 -999999 -999999 -999999 -999999 -999999 -999999 -999999 -999999 -999999 -999999 -999999 -999999 -999999 -999999 -999999 -999999 
5553   1981 -999999 -999999 -999999 -999999 -999999 -999999 -999999 -999999 -999999 -999999 -999999 -999999 -999999 -999999 -999999 -999999 -999999 -999999 -999999 
5553   1982 -999999 -999999 -999999 -999999 -999999 -999999 -999999 -999999 -999999 -999999 -999999 -999999 -999999 -999999 -999999 -999999 -999999 -999999 -999999 
5553   1983 -999999 -999999 -999999 -999999 -999999 -999999 -999999 -999999 -999999 -999999 -999999 -999999 -999999 -999999 -999999 -999999 -999999 -999999 -999999 
5553   1984 -999999 -999999 -999999 -999999 -999999 -999999 -999999 -999999 -999999 -999999 -999999 -999999 -999999 -999999 -999999 -999999 -999999 -999999 -999999 
5553   1985 -999999 -999999 -999999 -999999 -999999 -999999 437     -999999 -999999 -999999 128     924     -999999 -999999 -999999 907     673     -275    -897    
5553   1986 -999999 -365    -999999 -905    506     1545    -999999 -842    -984    76      155     1275    1730    1655    1257    -999999 603     368     -999999 
5553   1987 -999999 -999999 -999999 -999999 -999999 -999999 -999999 -999999 -593    -604    -999999 -999999 -999999 -999999 -999999 -999999 717     115     -265    
5553   1988 -999999 -999999 -999999 -999999 -999999 -999999 -999999 -39     -999999 -316    -999999 -999999 -999999 -999999 -999999 -999999 396     -206    -999999 
5553   1989 -999999 -999999 -999999 -999999 -999999 -999999 -999999 251     -999999 -999999 -999999 -999999 -999999 -999999 -999999 -999999 579     -999999 -999999 
5553   1990 701     -999999 1227    -999999 725     1539    493     -58     297     380     606     1199    1467    1593    1552    931     597     -53     -123    
5553   1991 623     -19     1196    -277    535     1545    633     -226    -505    147     542     916     1146    1845    1630    1069    614     218     -13     
5553   1992 670     180     1255    -7      637     1613    412     59      -73     259     277     1362    1726    1655    1462    1026    199     19      33      
5553   1993 548     27      1127    -52     643     1380    385     -69     -126    90      564     1271    -999999 1565    1295    825     445     -117    -315    
5553   1994 592     -240    1299    -588    521     1719    569     -543    -942    -33     608     992     1380    2142    1623    1020    527     160     45      
5553   1995 565     63      1202    -142    432     1643    591     -440    -17     96      303     891     1553    1688    1684    1069    867     -172    -782    
5553   1996 495     -256    1186    -722    404     1614    566     -566    -826    -92     530     778     1497    1540    1801    949     733     11      -469    
5553   1997 685     41      1342    -247    509     1833    544     -154    -105    213     408     903     1609    1900    1985    1221    386     29      -235    
5553   1998 585     7       1162    -126    494     1422    503     -166    39      -7      379     1107    1316    1581    1366    1202    491     -182    -143    
5553   1999 593     -98     1240    -305    477     1559    753     -424    -353    -2      554     881     1524    1749    1404    1314    602     348     -525    
5553   2000 682     -999999 1131    -999999 588     1395    751     -999999 -174    102     517     1142    1297    1475    1409    925     848     478     37      
5553   2001 470     1       -999999 -327    338     -999999 644     -363    -691    -353    369     997     -999999 1759    1510    1064    755     108     -489    
5553   2002 -999999 -999999 -999999 -999999 -999999 -999999 346     -438    -999999 -999999 -999999 -999999 -999999 1725    1841    1118    181     -256    -661    
5553   2003 578     -248    1223    -550    530     1603    506     -532    -447    206     380     998     1443    1845    1516    1134    272     122     -71     
5553   2004 573     -72     1202    -282    548     1466    547     -541    -230    11      587     1048    1312    1488    1593    1167    526     -52     -67     
5553   2005 616     -33     1209    -133    399     1524    698     -5      -347    -285    575     912     1338    1738    1489    1186    595     315     -187    
5553   2006 646     -115    1309    -345    251     1717    768     -391    -470    -575    355     976     1592    1858    1695    1358    705     243     324     
5553   2007 605     137     1223    -149    656     1547    520     -251    -559    294     678     998     1529    1558    1552    1011    558     -10     -181    
5553   2008 632     70      1187    -35     525     1519    531     15      66      -29     550     1055    1500    1700    1356    939     626     26      -240    
5553   2009 536     -108    1243    -415    578     1477    603     -366    -662    -79     750     1068    1282    1593    1549    1197    259     365     -595    
5553   2010 335     -366    1197    -880    404     1586    367     -1170   -874    -209    460     962     1396    1834    1520    985     433     -319    -1076   
5553   2011 646     -373    1325    -766    599     1611    753     -436    -788    -87     860     1034    1592    1718    1523    1215    687     359     -13     
5553   2012 517     100     1109    -273    578     1410    576     -408    -408    358     353     1016    1233    1545    1446    1040    425     269     -694    
5553   2013 599     -230    1255    -548    408     1589    641     -577    -354    -444    397     1270    1476    1722    1566    1076    636     212     146     
5553   2014 679     157     1253    -87     671     1575    692     -479    90      334     642     1037    1297    1913    1505    1103    715     258     -305    
5553   2015 644     102     1156    -192    538     1458    630     -193    -67     191     597     828     1276    1537    1557    1124    539     230     67      
5553   2016 608     12      1246    -304    597     1522    609     -800    -171    206     452     1129    1474    1656    1435    1314    494     23      60      
5553   2017 576     35      1126    -161    511     1427    588     -337    -210    157     342     1026    1366    1487    1425    1087    573     105     -162    
5553   2018 629     -143    1384    -382    524     1714    670     -361    -650    -404    467     1509    1531    2035    1569    1161    638     212     -255    
5553   2019 -999999 16      1246    -269    531     1611    -999999 -488    -42     34      641     921     1632    1603    1598    1069    466     -999999 -999999 
