EUROPEAN CLIMATE ASSESSMENT & DATASET (ECA&D), file created on: 13-11-2019
THESE DATA CAN BE USED FOR NON-COMMERCIAL RESEARCH AND EDUCATION PROVIDED THAT THE FOLLOWING SOURCE IS ACKNOWLEDGED: 

Klein Tank, A.M.G. and Coauthors, 2002. Daily dataset of 20th-century surface
air temperature and precipitation series for the European Climate Assessment.
Int. J. of Climatol., 22, 1441-1453.
Data and metadata available at http://www.ecad.eu

FILE FORMAT (MISSING VALUE CODE = -999999):

THIS FILE HOLDS DATA FOR STATION SWEDEN                                   STOCKHOLM-ARLANDA                        (STAID:   5490)
LATITUDE: dd:mm:ss +59:37:48
LONGITUDE: ddd:mm:ss +017:57:00
ELEVATION: m   42

DATA IS FOR INDEX Mean of daily mean temperature (TG) with unit 0.01 Temperature (&#176;C)

01-06 SOUID: Source identifier
08-11 YEAR : YYYY
13-20 ANNUAL DATA VALUES
21-28 WINTER HALF YEAR DATA VALUES
29-36 SUMMER HALF YEAR DATA VALUES
37-44 WINTER (DJF) DATA VALUES
45-52 SPRING (MAM) DATA VALUES
53-60 SUMMER (JJA) DATA VALUES
61-68 AUTUMN (SON) DATA VALUES
69-76 JANUARY DATA VALUES
etc. 
157-164 DECEMBER DATA VALUES

5490   1962 -999999 -999999 -999999 -999999 -999999 -999999 -999999 -262    -361    -614    -999999 -999999 -999999 -999999 -999999 -999999 686     94      -493    
5490   1963 -999999 -345    -999999 -774    -999999 1535    668     -923    -919    -525    -999999 -999999 1455    1615    1533    1198    643     163     -339    
5490   1964 560     -92     1189    -364    458     1466    617     -297    -461    -277    525     1127    1425    1566    1406    1068    660     122     -176    
5490   1965 452     -50     1088    -293    312     1387    511     -225    -498    -223    396     766     1436    1393    1335    1193    655     -320    -552    
5490   1966 459     -393    1166    -855    316     1627    565     -835    -1214   -167    97      1010    1709    1720    1454    984     540     173     -83     
5490   1967 592     8       1196    -322    522     1565    767     -689    -179    272     427     864     1403    1713    1573    1174    795     333     -626    
5490   1968 520     -130    1235    -660    485     1613    513     -807    -539    53      631     775     1686    1552    1604    1157    463     -80     -283    
5490   1969 516     -248    1270    -449    253     1723    604     -380    -709    -535    395     904     1623    1781    1762    1132    674     5       -539    
5490   1970 443     -334    1177    -861    348     1595    547     -865    -1215   -137    208     968     1690    1543    1555    1078    612     -51     -193    
5490   1971 590     -57     1192    -200    371     1575    530     -182    -228    -318    283     1146    1454    1721    1546    977     634     -24     2       
5490   1972 653     -11     1228    -220    405     1702    615     -503    -155    -31     322     920     1625    1937    1541    1002    611     231     304     
5490   1973 625     223     1244    75      528     1725    370     40      -140    258     306     1012    1667    1950    1557    945     361     -194    -335    
5490   1974 678     -14     1196    -96     471     1512    686     6       57      20      527     868     1472    1507    1555    1233    532     299     32      
5490   1975 747     138     1331    -18     504     1720    774     82      -184    43      379     1085    1415    1885    1849    1346    691     289     4       
5490   1976 530     -33     1195    -288    369     1603    542     -609    -256    -318    377     1050    1457    1705    1642    911     534     181     -338    
5490   1977 571     -55     1097    -374    432     1458    665     -257    -543    54      255     981     1478    1421    1475    955     763     272     -84     
5490   1978 504     0       1120    -299    356     1513    661     -188    -661    -156    252     968     1534    1517    1487    942     601     442     -765    
5490   1979 518     -212    1213    -764    443     1583    617     -775    -750    -57     307     1075    1698    1495    1561    1124    497     234     -275    
5490   1980 519     -178    1253    -490    340     1625    540     -531    -675    -336    505     856     1663    1727    1486    1270    499     -147    -132    
5490   1981 535     -122    1224    -288    451     1527    609     -438    -293    -236    393     1194    1356    1715    1505    1158    603     66      -657    
5490   1982 629     -179    1246    -635    522     1605    778     -806    -422    126     425     1012    1290    1796    1717    1208    705     424     -5      
5490   1983 670     112     1306    -144    499     1684    680     36      -498    -42     436     1102    1475    1820    1749    1227    738     73      -174    
5490   1984 664     -28     1250    -247    492     1562    766     -360    -206    -248    548     1177    1421    1605    1655    1071    874     350     51      
5490   1985 402     -168    1164    -705    349     1584    577     -955    -1263   -152    188     1005    1444    1692    1612    1016    759     -49     -598    
5490   1986 555     -211    1181    -686    520     1565    665     -555    -930    44      243     1264    1634    1709    1354    858     682     455     -205    
5490   1987 427     -221    1090    -676    280     1398    681     -1315   -489    -455    459     844     1252    1637    1299    1031    832     175     -195    
5490   1988 653     101     1321    -72     466     1669    574     37      -57     -192    368     1218    1622    1845    1541    1314    562     -154    -298    
5490   1989 783     165     1320    83      693     1620    726     279     289     315     527     1233    1552    1767    1537    1287    727     165     -312    
5490   1990 771     231     1271    18      759     1584    588     27      374     415     693     1166    1495    1570    1685    994     678     88      33      
5490   1991 690     105     1229    -115    519     1613    726     -88     -308    190     550     819     1237    1854    1736    1153    690     337     25      
5490   1992 720     226     1304    23      628     1678    530     43      -2      250     285     1338    1721    1711    1602    1139    302     158     58      
5490   1993 608     94      1137    -14     658     1389    436     -27     -78     136     547     1285    1203    1605    1354    802     501     2       -92     
5490   1994 624     -110    1281    -389    501     1670    619     -273    -846    -18     625     900     1350    2045    1606    1135    541     184     124     
5490   1995 597     117     1218    -62     459     1642    634     -307    2       150     348     875     1549    1685    1687    1144    873     -121    -764    
5490   1996 529     -239    1192    -686    403     1610    655     -480    -825    -153    563     805     1444    1534    1848    938     778     244     -405    
5490   1997 686     75      1320    -252    459     1823    584     -292    -38     157     343     874     1597    1869    1995    1218    407     133     -80     
5490   1998 -999999 -999999 -999999 -999999 -999999 -999999 -999999 -999999 -999999 -999999 -999999 -999999 -999999 -999999 -999999 -999999 -999999 -999999 -999999 
5490   1999 -999999 -999999 -999999 -999999 -999999 -999999 -999999 -999999 -999999 -999999 -999999 -999999 -999999 -999999 -999999 -999999 -999999 -999999 -999999 
5490   2000 -999999 -999999 -999999 -999999 -999999 -999999 -999999 -999999 -999999 -999999 -999999 -999999 -999999 -999999 -999999 -999999 -999999 -999999 -999999 
5490   2001 -999999 -999999 -999999 -999999 -999999 -999999 -999999 -999999 -999999 -999999 -999999 -999999 -999999 -999999 -999999 -999999 -999999 -999999 -999999 
5490   2002 -999999 -999999 -999999 -999999 -999999 -999999 -999999 -999999 -999999 -999999 -999999 -999999 -999999 -999999 -999999 -999999 -999999 -999999 -999999 
5490   2003 -999999 -999999 -999999 -999999 -999999 -999999 -999999 -999999 -999999 -999999 -999999 -999999 -999999 -999999 -999999 -999999 -999999 -999999 -999999 
5490   2004 -999999 -999999 -999999 -999999 -999999 -999999 -999999 -999999 -999999 -999999 -999999 -999999 -999999 -999999 -999999 -999999 -999999 -999999 -999999 
5490   2005 -999999 -999999 -999999 -999999 -999999 -999999 -999999 -999999 -999999 -999999 -999999 -999999 -999999 -999999 -999999 -999999 -999999 -999999 -999999 
5490   2006 -999999 -999999 -999999 -999999 -999999 1832    916     -999999 -999999 -999999 -999999 1075    1656    1990    1843    1461    894     392     408     
5490   2007 733     279     1330    -8      735     1666    636     -68     -401    384     749     1073    1601    1671    1724    1149    652     108     62      
5490   2008 775     219     1298    144     638     1634    686     156     218     114     673     1129    1579    1782    1541    1063    756     236     37      
5490   2009 700     96      1355    -160    659     1618    772     -220    -314    44      782     1154    1375    1767    1704    1331    478     515     -281    
5490   2010 509     -148    1344    -591    518     1749    515     -869    -625    -131    569     1118    1509    2064    1665    1113    542     -111    -811    
5490   2011 784     -200    1445    -562    685     1762    887     -293    -585    27      871     1164    1721    1891    1672    1340    790     535     183     
5490   2012 667     218     1269    -134    678     1578    738     -196    -407    372     466     1191    1349    1740    1637    1204    608     407     -407    
5490   2013 724     -55     1370    -335    492     1713    777     -404    -179    -354    454     1374    1643    1794    1701    1227    777     326     262     
5490   2014 799     285     1334    70      701     1672    853     -228    187     375     667     1061    1331    2000    1673    1248    851     459     -82     
5490   2015 770     275     1266    -2      643     1585    727     17      64      328     653     947     1376    1686    1686    1232    582     371     249     
5490   2016 699     130     1333    -135    649     1621    703     -570    -80     225     522     1196    1529    1753    1577    1403    622     87      99      
5490   2017 683     131     1209    -55     545     1537    718     -148    -123    223     388     1020    1436    1615    1556    1218    679     257     17      
5490   2018 760     17      1483    -179    600     1823    788     -122    -460    -305    602     1503    1578    2102    1782    1301    737     327     -16     
5490   2019 -999999 162     1279    -93     614     1619    -999999 -339    93      170     676     999     1685    1552    1624    1127    570     -999999 -999999 
