EUROPEAN CLIMATE ASSESSMENT & DATASET (ECA&D), file created on: 13-11-2019
THESE DATA CAN BE USED FOR NON-COMMERCIAL RESEARCH AND EDUCATION PROVIDED THAT THE FOLLOWING SOURCE IS ACKNOWLEDGED: 

Klein Tank, A.M.G. and Coauthors, 2002. Daily dataset of 20th-century surface
air temperature and precipitation series for the European Climate Assessment.
Int. J. of Climatol., 22, 1441-1453.
Data and metadata available at http://www.ecad.eu

FILE FORMAT (MISSING VALUE CODE = -999999):

THIS FILE HOLDS DATA FOR STATION MOROCCO                                  TANGIER AIRPORT                          (STAID:   2144)
LATITUDE: dd:mm:ss +35:43:47
LONGITUDE: ddd:mm:ss -005:54:00
ELEVATION: m   19

DATA IS FOR INDEX Mean of daily mean temperature (TG) with unit 0.01 Temperature (&#176;C)

01-06 SOUID: Source identifier
08-11 YEAR : YYYY
13-20 ANNUAL DATA VALUES
21-28 WINTER HALF YEAR DATA VALUES
29-36 SUMMER HALF YEAR DATA VALUES
37-44 WINTER (DJF) DATA VALUES
45-52 SPRING (MAM) DATA VALUES
53-60 SUMMER (JJA) DATA VALUES
61-68 AUTUMN (SON) DATA VALUES
69-76 JANUARY DATA VALUES
etc. 
157-164 DECEMBER DATA VALUES

2144   1965 -999999 -999999 -999999 -999999 -999999 -999999 -999999 -999999 -999999 -999999 -999999 -999999 -999999 -999999 -999999 -999999 -999999 1538    1303    
2144   1966 -999999 -999999 -999999 -999999 -999999 2207    -999999 1427    1484    1439    1566    1873    2008    2215    2400    2391    1840    1307    1241    
2144   1967 -999999 -999999 -999999 -999999 1620    -999999 -999999 1236    1363    1538    1530    1805    2137    -999999 2446    -999999 2038    1618    1214    
2144   1968 -999999 -999999 -999999 -999999 -999999 -999999 -999999 -999999 -999999 -999999 -999999 -999999 -999999 -999999 -999999 -999999 -999999 -999999 -999999 
2144   1969 -999999 -999999 -999999 -999999 -999999 -999999 -999999 -999999 -999999 -999999 -999999 -999999 -999999 -999999 -999999 -999999 -999999 -999999 -999999 
2144   1970 -999999 -999999 -999999 -999999 -999999 -999999 -999999 -999999 -999999 -999999 -999999 -999999 -999999 -999999 -999999 -999999 -999999 -999999 -999999 
2144   1971 -999999 -999999 -999999 -999999 -999999 -999999 -999999 -999999 -999999 -999999 -999999 -999999 -999999 -999999 -999999 -999999 -999999 -999999 -999999 
2144   1972 -999999 -999999 -999999 -999999 -999999 -999999 -999999 -999999 -999999 -999999 -999999 -999999 -999999 -999999 -999999 -999999 -999999 -999999 -999999 
2144   1973 -999999 -999999 -999999 -999999 -999999 -999999 -999999 -999999 1226    1370    -999999 1798    2050    2274    -999999 -999999 -999999 -999999 1174    
2144   1974 -999999 -999999 -999999 -999999 -999999 -999999 -999999 1270    -999999 1227    1313    1668    2056    2471    -999999 2065    1629    1477    -999999 
2144   1975 -999999 -999999 -999999 -999999 -999999 2251    -999999 1285    1314    1277    -999999 1573    1916    2373    2438    2117    2026    -999999 1304    
2144   1976 -999999 -999999 -999999 -999999 -999999 -999999 -999999 -999999 -999999 1342    -999999 1680    -999999 2308    2440    -999999 -999999 -999999 -999999 
2144   1977 -999999 -999999 -999999 -999999 -999999 -999999 -999999 1267    -999999 1513    1610    1696    1930    2116    -999999 -999999 1973    -999999 -999999 
2144   1978 -999999 -999999 -999999 -999999 -999999 -999999 -999999 -999999 -999999 1358    -999999 1605    1822    2354    2450    -999999 2062    -999999 -999999 
2144   1979 -999999 -999999 -999999 -999999 -999999 -999999 -999999 -999999 -999999 -999999 1502    -999999 -999999 2380    -999999 2280    -999999 1569    -999999 
2144   1980 -999999 -999999 -999999 -999999 -999999 -999999 -999999 -999999 1300    -999999 -999999 1721    2069    2226    2474    -999999 -999999 -999999 1187    
2144   1981 -999999 -999999 -999999 -999999 -999999 -999999 -999999 -999999 -999999 1538    -999999 1698    2231    2396    2307    -999999 -999999 -999999 1520    
2144   1982 -999999 -999999 -999999 -999999 -999999 2199    -999999 -999999 -999999 1447    1554    1796    2098    2105    2398    -999999 1777    -999999 1161    
2144   1983 -999999 -999999 -999999 -999999 -999999 -999999 -999999 -999999 -999999 1533    1472    1617    -999999 2000    2203    2432    2158    1806    1405    
2144   1984 -999999 -999999 -999999 -999999 -999999 -999999 -999999 1138    -999999 1320    1619    1536    1970    2415    2380    2170    1935    1575    1411    
2144   1985 -999999 -999999 -999999 -999999 -999999 -999999 -999999 -999999 -999999 1280    1642    1661    -999999 2365    2410    2453    -999999 -999999 -999999 
2144   1986 -999999 -999999 -999999 -999999 -999999 -999999 -999999 -999999 -999999 -999999 -999999 1865    -999999 2441    2324    2314    2037    1616    1298    
2144   1987 -999999 -999999 -999999 -999999 -999999 -999999 -999999 1284    -999999 1433    -999999 1824    2128    2371    2386    2484    -999999 -999999 1523    
2144   1988 -999999 -999999 -999999 -999999 1513    -999999 2054    1254    1278    1330    1526    1691    1990    2415    2409    2417    1981    1757    1323    
2144   1989 -999999 1525    -999999 1325    1559    -999999 2065    1276    1379    1425    1391    1852    -999999 2569    2499    2308    2184    1683    1600    
2144   1990 -999999 -999999 -999999 1421    1628    -999999 -999999 1255    1408    1606    1446    1825    2022    2523    2533    2406    1929    -999999 1300    
2144   1991 -999999 -999999 -999999 -999999 1523    2380    -999999 1135    1057    1400    1447    1712    2193    2454    2481    -999999 -999999 1484    1408    
2144   1992 -999999 -999999 -999999 1298    -999999 2250    1867    1180    1312    1413    1607    1942    1879    2423    2472    2317    1782    1502    1378    
2144   1993 -999999 -999999 -999999 -999999 -999999 2302    -999999 1199    1332    1454    1422    1707    2054    2418    2397    2029    1800    1510    -999999 
2144   1994 -999999 -999999 -999999 -999999 1612    -999999 1910    1216    -999999 1539    1508    1780    2179    2456    2394    2040    1987    1703    1332    
2144   1995 1872    1504    2143    1297    1713    2350    2050    1174    1395    1463    1699    1977    2136    2411    2500    2128    2176    1842    1548    
2144   1996 1809    1622    2095    1414    1655    2315    1888    1451    1231    1468    1657    1840    2278    2441    2224    2120    1919    1625    1431    
2144   1997 1886    1583    2142    1425    1778    2252    2100    1398    1447    1665    1858    1815    2044    2315    2390    2418    2150    1732    1374    
2144   1998 1831    1624    2116    1406    1647    2367    1927    1310    1549    1626    1553    1759    2160    2397    2537    2278    1899    1605    1288    
2144   1999 1794    1428    2130    1210    1660    2341    1925    1200    1131    1414    1631    1918    2214    2409    2395    2204    2055    1516    1355    
2144   2000 1833    1523    2153    1329    1651    2401    1910    1236    1402    1567    1526    1855    2251    2435    2513    2326    1894    1513    1455    
2144   2001 1870    1547    2133    1403    1732    2315    2004    1337    1419    1653    1699    1839    2299    2244    2402    2283    2124    1587    1470    
2144   2002 1821    1598    2051    1436    1647    2231    1947    1430    1406    1524    1645    1772    2111    2352    2224    2200    2007    1596    1478    
2144   2003 1863    1515    2234    1299    1742    2459    -999999 1211    1213    1565    1636    2022    2314    2415    2645    2367    1958    -999999 1347    
2144   2004 1868    -999999 2202    1363    1564    2501    2036    1316    1427    1388    1595    1711    2417    2550    2532    2400    2062    1632    1317    
2144   2005 1861    1467    2240    1194    1708    2507    1992    1128    1134    1493    1626    1990    2477    2468    2574    2297    2124    1550    1368    
2144   2006 -999999 -999999 -999999 -999999 -999999 -999999 -999999 1129    -999999 -999999 -999999 -999999 -999999 -999999 -999999 -999999 -999999 -999999 -999999 
