EUROPEAN CLIMATE ASSESSMENT & DATASET (ECA&D), file created on: 13-11-2019
THESE DATA CAN BE USED FOR NON-COMMERCIAL RESEARCH AND EDUCATION PROVIDED THAT THE FOLLOWING SOURCE IS ACKNOWLEDGED: 

Klein Tank, A.M.G. and Coauthors, 2002. Daily dataset of 20th-century surface
air temperature and precipitation series for the European Climate Assessment.
Int. J. of Climatol., 22, 1441-1453.
Data and metadata available at http://www.ecad.eu

FILE FORMAT (MISSING VALUE CODE = -999999):

THIS FILE HOLDS DATA FOR STATION FINLAND                                  OUTOKUMPU KESKUSTA                       (STAID:   7518)
LATITUDE: dd:mm:ss +62:43:00
LONGITUDE: ddd:mm:ss +028:58:59
ELEVATION: m  116

DATA IS FOR INDEX Mean of daily mean temperature (TG) with unit 0.01 Temperature (&#176;C)

01-06 SOUID: Source identifier
08-11 YEAR : YYYY
13-20 ANNUAL DATA VALUES
21-28 WINTER HALF YEAR DATA VALUES
29-36 SUMMER HALF YEAR DATA VALUES
37-44 WINTER (DJF) DATA VALUES
45-52 SPRING (MAM) DATA VALUES
53-60 SUMMER (JJA) DATA VALUES
61-68 AUTUMN (SON) DATA VALUES
69-76 JANUARY DATA VALUES
etc. 
157-164 DECEMBER DATA VALUES

7518   1959 284     -999999 1043    -999999 245     1556    212     -948    -584    -162    112     779     1475    1680    1511    672     220     -258    -1142   
7518   1960 242     -713    1127    -1236   199     1599    135     -1221   -1354   -553    116     1033    1518    1854    1422    790     -56     -346    -440    
7518   1961 397     -364    1029    -497    128     1567    499     -683    -345    -307    -110    794     1690    1638    1377    761     735     -24     -848    
7518   1962 190     -461    916     -790    -6      1197    421     -698    -828    -1109   324     776     1124    1344    1121    788     480     -7      -1087   
7518   1963 167     -790    1116    -1320   17      1415    458     -1470   -1413   -1276   127     1203    1251    1525    1463    1102    441     -170    -885    
7518   1964 -999999 -534    -999999 -880    34      -999999 309     -610    -1165   -847    91      860     1292    -999999 -999999 834     555     -472    -660    
7518   1965 184     -501    962     -828    -23     1371    208     -698    -1157   -638    72      502     1419    1405    1291    1070    316     -767    -696    
7518   1966 48      -961    973     -1522   -52     1501    309     -1999   -1907   -800    -193    834     1586    1633    1286    662     253     15      -922    
7518   1967 280     -520    1082    -1121   322     1475    580     -1492   -930    -70     211     821     1279    1559    1581    1018    557     165     -1405   
7518   1968 121     -682    988     -1518   173     1462    43      -2157   -956    -286    140     663     1559    1382    1449    716     -86     -496    -499    
7518   1969 108     -837    999     -1214   -14     1463    322     -1687   -1483   -822    130     655     1383    1541    1462    800     345     -179    -955    
7518   1970 187     -666    1055    -1274   141     1556    215     -1250   -1654   -382    40      763     1607    1641    1421    839     230     -424    -722    
7518   1971 155     -571    929     -816    -54     1405    104     -578    -1183   -805    -102    745     1286    1526    1401    692     155     -538    -847    
7518   1972 338     -660    1140    -1009   81      1728    259     -1294   -877    -570    64      747     1646    1971    1564    821     285     -331    -16     
7518   1973 232     -323    1057    -479    198     1588    -9      -632    -824    -470    172     892     1573    1878    1314    486     -6      -506    -1168   
7518   1974 391     -547    1017    -817    63      1484    463     -1013   -210    -347    13      521     1425    1642    1383    1104    393     -107    -144    
7518   1975 395     -203    1088    -458    359     1408    368     -523    -732    -153    180     1045    1273    1642    1306    1056    233     -180    -497    
7518   1976 41      -696    888     -1135   56      1245    34      -1641   -1278   -835    35      967     1063    1393    1274    560     -200    -250    -645    
7518   1977 203     -590    945     -889    149     1369    232     -895    -1154   -442    68      818     1352    1510    1245    651     166     -119    -864    
7518   1978 47      -680    928     -1240   132     1328    262     -1125   -1785   -445    -67     900     1332    1486    1167    721     153     -84     -1807   
7518   1979 -999999 -761    -999999 -1449   197     -999999 -999999 -1239   -1284   -336    -83     1003    -999999 -999999 -999999 -999999 -999999 -999999 -999999 
