EUROPEAN CLIMATE ASSESSMENT & DATASET (ECA&D), file created on: 13-11-2019
THESE DATA CAN BE USED FOR NON-COMMERCIAL RESEARCH AND EDUCATION PROVIDED THAT THE FOLLOWING SOURCE IS ACKNOWLEDGED: 

Klein Tank, A.M.G. and Coauthors, 2002. Daily dataset of 20th-century surface
air temperature and precipitation series for the European Climate Assessment.
Int. J. of Climatol., 22, 1441-1453.
Data and metadata available at http://www.ecad.eu

FILE FORMAT (MISSING VALUE CODE = -999999):

THIS FILE HOLDS DATA FOR STATION HUNGARY                                  SZOMBATHELY                              (STAID:   2042)
LATITUDE: dd:mm:ss +47:11:53
LONGITUDE: ddd:mm:ss +016:38:52
ELEVATION: m  201

DATA IS FOR INDEX Mean of daily mean temperature (TG) with unit 0.01 Temperature (&#176;C)

01-06 SOUID: Source identifier
08-11 YEAR : YYYY
13-20 ANNUAL DATA VALUES
21-28 WINTER HALF YEAR DATA VALUES
29-36 SUMMER HALF YEAR DATA VALUES
37-44 WINTER (DJF) DATA VALUES
45-52 SPRING (MAM) DATA VALUES
53-60 SUMMER (JJA) DATA VALUES
61-68 AUTUMN (SON) DATA VALUES
69-76 JANUARY DATA VALUES
etc. 
157-164 DECEMBER DATA VALUES

2042   1901 941     -999999 1647    -999999 1000    1969    944     -479    -317    469     1013    1518    1885    2098    1921    1428    1120    278     265     
2042   1902 880     419     1481    206     859     1781    832     245     99      471     963     1148    1675    1810    1853    1428    945     119     -246    
2042   1903 966     265     1520    -80     970     1829    999     -303    352     727     730     1446    1714    1922    1848    1437    1014    546     116     
2042   1904 1001    394     1638    81      1024    1974    900     -159    299     544     1064    1465    1836    2148    1934    1361    1011    326     155     
2042   1905 961     309     1664    -45     973     2019    884     -398    126     618     867     1429    1889    2157    2006    1615    534     516     132     
2042   1906 952     285     1566    56      1002    1827    1001    -72     113     477     1004    1523    1686    1961    1831    1370    977     655     -155    
2042   1907 945     237     1579    -169    879     1875    1064    -161    -194    268     718     1644    1883    1845    1897    1468    1348    366     168     
2042   1908 872     348     1596    5       970     1886    711     -267    122     337     840     1729    1963    1948    1749    1325    845     -42     -121    
2042   1909 920     96      1587    -209    926     1847    988     -248    -262    364     1080    1340    1752    1852    1934    1552    1121    287     192     
2042   1910 999     421     1551    180     974     1853    905     12      352     551     944     1425    1858    1845    1857    1359    1006    347     390     
2042   1911 1024    357     1664    87      953     2000    1094    -108    -32     502     915     1440    1722    2136    2133    1614    970     702     212     
2042   1912 880     422     1481    34      1004    1849    659     -347    250     743     834     1429    1865    1967    1717    1051    765     158     103     
2042   1913 933     229     1510    -80     1016    1731    1048    -282    -59     657     993     1397    1762    1687    1745    1467    1016    661     93      
2042   1914 870     243     1557    -283    1036    1812    849     -628    -317    591     1122    1398    1712    1866    1855    1372    884     289     219     
2042   1915 934     315     1548    125     941     1829    772     41      112     325     957     1541    1929    1858    1703    1285    790     241     370     
2042   1916 1031    424     1555    238     1098    1822    960     259     73      783     969     1538    1643    1951    1868    1338    934     610     358     
2042   1917 908     266     1660    -65     839     2010    1013    -142    -448    227     724     1563    1988    2046    1996    1623    983     434     -199    
2042   1918 969     309     1579    -30     1060    1740    938     35      84      500     1192    1492    1546    1884    1784    1561    936     318     236     
2042   1919 865     339     1439    85      780     1730    905     143     -144    497     751     1091    1652    1721    1815    1593    816     308     67      
2042   1920 962     398     1614    178     1174    1788    720     199     275     713     1216    1596    1642    1994    1721    1501    663     -2      -5      
2042   1921 936     247     1558    104     936     1867    868     304     5       488     772     1543    1617    2039    1936    1414    1084    99      -155    
2042   1922 870     189     1542    -212    935     1899    738     -250    -234    548     796     1457    1834    1977    1884    1280    717     218     128     
2042   1923 959     277     1525    76      957     1757    1065    90      2       479     826     1562    1437    1970    1855    1476    1197    518     23      
2042   1924 864     257     1560    -177    944     1768    933     -297    -264    339     878     1613    1720    1920    1662    1549    993     254     -36     
2042   1925 918     322     1533    105     941     1793    888     -28     410     347     942     1534    1615    1932    1826    1329    931     401     -247    
2042   1926 992     295     1526    -16     954     1728    1175    -215    462     459     1035    1372    1618    1828    1735    1559    1008    965     62      
2042   1927 973     485     1608    87      981     1919    997     159     35      650     941     1351    1848    1995    1911    1589    940     464     -264    
2042   1928 965     248     1600    -79     845     1959    1048    -79     119     304     1049    1189    1694    2172    2002    1475    995     677     -32     
2042   1929 855     50      1594    -542    796     1912    1136    -608    -1032   217     639     1527    1686    1999    2044    1645    1139    623     237     
2042   1930 999     433     1618    74      998     1895    1079    -10     -14     585     1031    1379    1960    1924    1802    1605    981     656     31      
2042   1931 875     284     1565    0       814     1935    789     -6      -26     48      713     1679    1946    2054    1806    1162    835     368     -144    
2042   1932 946     112     1715    -182    813     1996    1099    -47     -367    3       933     1506    1697    2156    2126    1848    1035    416     -8      
2042   1933 828     270     1481    -124    871     1781    933     -357    4       510     782     1318    1498    1931    1905    1427    971     400     -505    
2042   1934 1082    267     1692    -178    1198    1883    1057    -94     91      724     1249    1623    1733    2036    1875    1620    992     561     501     
2042   1935 931     351     1568    92      792     1934    1046    -321    98      257     923     1201    1941    1977    1884    1467    1190    476     35      
2042   1936 983     492     1588    200     1036    1871    822     405     157     664     946     1494    1751    2081    1777    1458    622     392     20      
2042   1937 978     247     1635    -56     1052    1912    994     -350    186     609     923     1620    1900    1956    1881    1510    1040    429     -18     
2042   1938 961     383     1523    14      881     1946    1031    -63     134     755     620     1261    1913    2020    1905    1401    1094    597     -159    
2042   1939 962     340     1637    42      922     1931    936     97      203     202     1249    1326    1790    2027    1971    1443    872     495     -170    
2042   1940 743     7       1494    -535    837     1741    1010    -836    -602    261     974     1280    1760    1861    1604    1475    911     649     -445    
2042   1941 823     206     1452    -291    829     1807    771     -409    12      515     838     1135    1749    1920    1750    1308    888     112     1       
2042   1942 869     -6      1607    -421    826     1838    1139    -878    -383    191     821     1465    1754    1835    1922    1832    1219    363     202     
2042   1943 984     345     1653    -29     1020    1897    1054    -537    277     538     1148    1379    1637    1930    2115    1693    1125    341     122     
2042   1944 940     330     1575    110     839     1887    978     242     -43     167     1050    1307    1643    1935    2074    1420    1077    433     -65     
2042   1945 1010    298     1698    -141    1122    1983    975     -523    199     661     1081    1622    1920    2099    1926    1522    970     433     164     
2042   1946 1021    354     1788    25      1184    2040    927     -350    288     618     1205    1730    1920    2134    2062    1659    693     436     -176    
2042   1947 999     82      1794    -389    1108    2020    1101    -604    -386    496     1236    1595    1952    2100    2006    1864    803     647     197     
2042   1948 990     412     1633    153     1124    1803    1008    254     -4      554     1139    1679    1721    1807    1878    1559    1045    420     -205    
2042   1949 1019    298     1625    21      958     1808    1128    151     129     235     1150    1494    1626    1961    1831    1675    1122    587     212     
2042   1950 1021    377     1745    -33     1094    2074    969     -435    139     620     1007    1651    1945    2213    2059    1573    811     527     89      
2042   1951 1034    379     1642    168     930     1925    1075    90      343     415     981     1397    1786    1950    2035    1691    796     746     141     
2042   1952 929     280     1671    -21     931     2033    828     -111    -96     195     1232    1374    1784    2145    2163    1307    909     266     -61     
2042   1953 955     241     1616    -53     944     1892    996     -143    57      399     1042    1393    1822    2067    1783    1575    1116    294     -4      
2042   1954 836     123     1520    -414    867     1817    949     -584    -679    522     718     1357    1871    1728    1852    1582    932     333     293     
2042   1955 860     248     1481    30      716     1790    930     -190    -17     114     744     1290    1670    1915    1782    1470    915     406     168     
2042   1956 773     113     1516    -250    781     1781    851     -6      -956    93      843     1408    1611    1918    1809    1487    900     163     -69     
2042   1957 935     261     1528    -48     895     1904    933     -351    310     613     908     1166    1961    2009    1743    1367    880     553     31      
2042   1958 961     251     1612    10      853     1870    1028    -239    263     28      730     1795    1686    1997    1922    1514    1043    526     223     
2042   1959 949     392     1550    23      1024    1846    863     -41     -126    680     998     1394    1686    2021    1826    1358    806     427     278     
2042   1960 939     295     1509    22      909     1811    1010    -149    -68     458     931     1338    1838    1740    1854    1341    1087    599     264     
2042   1961 985     442     1617    74      1075    1836    1072    -288    266     713     1230    1288    1850    1800    1859    1674    1110    432     -142    
2042   1962 829     235     1504    -88     800     1784    884     -88     -26     103     1035    1269    1594    1760    1993    1355    953     340     -392    
2042   1963 830     -15     1642    -521    871     1934    1076    -612    -563    139     1050    1429    1846    2065    1888    1560    912     761     -590    
2042   1964 882     85      1617    -421    838     1925    992     -603    -46     90      1007    1424    1979    1994    1803    1484    879     618     -52     
2042   1965 831     253     1476    -131    827     1753    808     -62     -295    387     817     1275    1744    1838    1677    1493    758     176     88      
2042   1966 951     249     1543    51      958     1768    1014    -396    506     387     1094    1399    1758    1786    1758    1455    1277    302     64      
2042   1967 959     358     1599    -23     974     1899    1011    -221    101     596     866     1457    1735    2100    1857    1560    1068    402     -70     
2042   1968 896     265     1571    -114    984     1824    962     -395    141     441     1066    1447    1829    1914    1730    1429    975     481     -318    
2042   1969 856     141     1564    -283    916     1781    987     -309    -215    210     898     1640    1642    1959    1737    1485    948     530     -325    
2042   1970 881     183     1523    -223    784     1860    980     -256    -74     263     854     1238    1825    1881    1874    1450    821     675     -27     
2042   1971 930     260     1613    -31     910     1919    831     -258    216     142     1019    1572    1672    2019    2058    1311    862     320     180     
2042   1972 886     315     1501    34      957     1837    782     -288    222     588     931     1351    1774    1957    1778    1193    744     412     -44     
2042   1973 928     264     1594    -4      917     1886    863     -112    159     421     774     1550    1766    1945    1943    1562    790     240     44      
2042   1974 985     382     1527    181     968     1828    848     126     395     693     896     1311    1580    1842    2054    1457    620     473     328     
2042   1975 979     381     1615    213     1008    1841    958     279     11      539     904     1576    1680    1943    1896    1673    899     303     -23     
2042   1976 915     220     1538    -22     841     1829    993     7       -50     169     961     1397    1790    2070    1625    1366    1039    571     6       
2042   1977 976     461     1520    115     1002    1849    951     -10     375     780     790     1430    1828    1901    1817    1333    1010    508     -92     
2042   1978 848     319     1441    -70     886     1709    829     -50     -70     577     815     1262    1649    1737    1739    1429    954     99      -41     
2042   1979 926     222     1526    -135    973     1797    922     -383    35      646     805     1464    1935    1715    1745    1479    810     480     324     
2042   1980 837     307     1453    47      762     1789    870     -333    158     399     694     1190    1691    1796    1876    1456    944     207     -59     
2042   1981 965     269     1604    -104    1038    1889    1018    -253    11      739     927     1445    1843    1926    1896    1572    1032    450     -75     
2042   1982 960     232     1623    -201    909     1918    1080    -349    -177    479     779     1465    1837    2000    1913    1726    1031    485     251     
2042   1983 1022    415     1719    120     1093    2022    900     245     -163    586     1139    1556    1790    2272    1998    1537    995     166     41      
2042   1984 910     259     1506    2       861     1786    991     -12     -26     368     879     1338    1693    1816    1846    1448    1078    442     12      
2042   1985 878     165     1603    -298    948     1838    899     -596    -312    329     986     1530    1580    2001    1924    1577    903     216     309     
2042   1986 909     207     1640    -55     1010    1872    944     -17     -499    261     1085    1686    1758    1892    1963    1433    942     456     -151    
2042   1987 901     107     1613    -240    740     1873    1106    -504    -48     -55     1014    1269    1767    2109    1740    1771    1066    481     153     
2042   1988 977     422     1625    203     931     1935    841     202     256     366     916     1509    1738    2087    1974    1504    959     57      125     
2042   1989 1012    373     1596    133     1092    1858    928     -61     358     786     1070    1418    1634    2035    1897    1505    992     284     172     
2042   1990 1016    449     1590    184     1109    1898    930     -119    532     837     922     1561    1730    1924    2034    1342    952     496     -49     
2042   1991 906     298     1565    -115    875     1931    957     -11     -302    650     841     1134    1724    2087    1975    1611    817     448     -187    
2042   1992 1061    320     1752    43      1012    2137    966     57      272     511     1024    1503    1851    2112    2439    1557    874     470     34      
2042   1993 973     295     1665    -1      1051    1907    891     74      -123    406     1025    1720    1822    1917    1981    1505    1073    90      100     
2042   1994 1105    415     1743    162     1095    2089    1046    319     58      807     997     1477    1856    2253    2152    1699    772     676     119     
2042   1995 973     395     1606    159     963     1933    889     -55     441     432     1024    1435    1689    2213    1889    1365    1035    261     -84     
2042   1996 846     113     1551    -249    878     1855    952     -275    -396    109     969     1559    1883    1822    1860    1196    1025    632     -266    
2042   1997 944     312     1580    -108    926     1905    888     -291    269     511     711     1549    1851    1905    1955    1488    728     452     155     
2042   1998 1000    376     1671    224     998     1995    899     84      455     392     1116    1491    1911    2011    2059    1420    1036    236     -246    
2042   1999 1013    272     1700    -110    1102    1938    1013    -93     21      650     1116    1542    1836    2087    1887    1716    1021    301     11      
2042   2000 1125    343     1764    31      1208    2022    1170    -256    360     619     1326    1683    2017    1900    2150    1493    1229    786     180     
2042   2001 1048    563     1671    190     1132    2002    1023    39      369     763     945     1683    1750    2070    2177    1369    1320    369     -330    
2042   2002 1108    417     1740    36      1124    2087    1066    10      469     668     978     1723    2044    2173    2044    1458    977     766     -53     
2042   2003 1043    304     1823    -170    1089    2235    970     -246    -217    563     935     1763    2201    2155    2347    1512    772     632     10      
2042   2004 955     283     1590    -32     918     1883    1038    -219    123     380     1076    1305    1726    1941    1978    1502    1138    471     22      
2042   2005 936     271     1639    -98     976     1866    984     -45     -290    280     1078    1571    1837    1982    1779    1575    1040    334     8       
2042   2006 1014    220     1690    -147    973     1963    1158    -404    -35     357     1115    1452    1879    2249    1757    1672    1179    623     264     
2042   2007 1132    608     1788    362     1229    2127    895     343     491     735     1265    1688    2105    2217    2058    1374    919     393     -45     
2042   2008 1120    414     1709    180     1104    2013    1077    221     376     615     1100    1596    1971    2064    2005    1499    1102    629     233     
2042   2009 1083    424     1780    59      1186    1992    1113    -189    143     607     1358    1598    1758    2104    2106    1743    1020    580     108     
2042   2010 981     363     1664    -8      1032    2014    951     -214    93      575     1051    1470    1883    2228    1928    1406    783     670     -155    
2042   2011 1048    299     1765    -84     1111    2000    1008    -66     -25     567     1239    1530    1959    1957    2083    1811    972     243     234     
2042   2012 1116    384     1791    63      1178    2123    1148    153     -217    873     1069    1588    2018    2168    2180    1707    1001    742     54      
2042   2013 1071    369     1735    44      979     2091    1090    -17     101     319     1143    1479    1854    2259    2152    1501    1149    619     226     
2042   2014 1173    597     1696    286     1206    1968    1213    266     372     930     1228    1459    1917    2110    1875    1577    1227    833     230     
2042   2015 1150    561     1807    214     1094    2174    1100    216     196     636     1105    1540    1954    2302    2259    1660    994     650     215     
2042   2016 1087    503     1742    237     1097    2016    1070    -29     546     652     1143    1498    1946    2166    1935    1752    952     508     -27     
2042   2017 1086    352     1758    -89     1167    2148    1021    -460    251     882     1019    1596    2085    2155    2202    1466    1078    515     183     
2042   2018 1171    392     1906    137     1212    2140    1180    285     -77     326     1504    1817    2007    2164    2245    1682    1233    623     163     
