EUROPEAN CLIMATE ASSESSMENT & DATASET (ECA&D), file created on: 13-11-2019
THESE DATA CAN BE USED FOR NON-COMMERCIAL RESEARCH AND EDUCATION PROVIDED THAT THE FOLLOWING SOURCE IS ACKNOWLEDGED: 

Klein Tank, A.M.G. and Coauthors, 2002. Daily dataset of 20th-century surface
air temperature and precipitation series for the European Climate Assessment.
Int. J. of Climatol., 22, 1441-1453.
Data and metadata available at http://www.ecad.eu

FILE FORMAT (MISSING VALUE CODE = -999999):

THIS FILE HOLDS DATA FOR STATION FRANCE                                   DIEPPE                                   (STAID:  11323)
LATITUDE: dd:mm:ss +49:55:57
LONGITUDE: ddd:mm:ss +001:05:18
ELEVATION: m   38

DATA IS FOR INDEX Mean of daily mean temperature (TG) with unit 0.01 Temperature (&#176;C)

01-06 SOUID: Source identifier
08-11 YEAR : YYYY
13-20 ANNUAL DATA VALUES
21-28 WINTER HALF YEAR DATA VALUES
29-36 SUMMER HALF YEAR DATA VALUES
37-44 WINTER (DJF) DATA VALUES
45-52 SPRING (MAM) DATA VALUES
53-60 SUMMER (JJA) DATA VALUES
61-68 AUTUMN (SON) DATA VALUES
69-76 JANUARY DATA VALUES
etc. 
157-164 DECEMBER DATA VALUES

11323  1949 1055    -999999 1398    -999999 829     1521    1265    555     633     487     1008    1003    1247    1636    1672    1805    1299    690     604     
11323  1950 1043    740     1420    553     949     1655    1142    336     738     775     841     1230    1594    1691    1680    1475    1122    830     199     
11323  1951 1006    637     1306    429     787     1495    1179    601     493     567     693     1097    1321    1561    1598    1552    1024    966     567     
11323  1952 920     660     1274    429     915     1475    913     413     300     675     892     1178    1302    1561    1557    1138    1059    537     392     
11323  1953 1030    -999999 1373    304     -999999 1536    1161    180     345     -999999 845     1245    1356    1583    1662    1520    1195    768     825     
11323  1954 980     668     1252    436     826     1432    1234    242     222     716     661     1096    1313    1447    1531    1452    1378    868     770     
11323  1955 994     694     1367    520     753     1591    1135    405     370     347     827     1086    1441    1639    1688    1507    1095    802     682     
11323  1956 940     605     1279    346     816     1441    1136    538     -219    686     649     1108    1283    1580    1456    1587    1154    666     732     
11323  1957 1083    812     1379    667     992     1625    1128    537     739     1036    856     1079    1525    1716    1630    1460    1183    738     475     
11323  1958 1034    677     1357    555     789     1532    1204    539     662     465     688     1211    1339    1562    1688    1641    1231    724     607     
11323  1959 1099    699     1458    461     1012    1652    1228    439     330     826     979     1229    1467    1731    1752    1581    1318    781     696     
11323  1960 1042    750     1368    561     945     1549    1186    477     505     705     895     1233    1492    1562    1591    1428    1191    939     469     
11323  1961 1094    775     1449    568     1030    1565    1216    455     802     803     1139    1152    1415    1597    1678    1710    1235    702     435     
11323  1962 932     637     1279    504     722     1481    1081    590     487     364     785     1019    1297    1566    1573    1425    1173    642     236     
11323  1963 884     422     1297    -6      845     1501    1205    -226    -31     699     820     1015    1421    1554    1524    1442    1181    993     159     
11323  1964 1013    614     1430    327     906     1597    1118    273     564     525     872     1319    1480    1621    1684    1589    965     804     457     
11323  1965 971     602     1296    400     881     1474    1044    457     273     632     784     1223    1380    1499    1541    1338    1159    630     681     
11323  1966 1061    715     1382    595     940     1554    1132    284     843     700     967     1153    1560    1528    1575    1504    1243    645     727     
11323  1967 1046    770     1340    642     907     1540    1155    558     641     789     735     1191    1362    1617    1636    1487    1294    679     528     
11323  1968 991     673     1340    451     864     1539    1196    498     320     697     884     1012    1432    1582    1599    1523    1405    653     258     
11323  1969 1037    649     1397    413     891     1575    1249    663     308     573     817     1280    1371    1666    1681    1549    1371    823     279     
11323  1970 1024    664     1365    433     799     1565    1255    535     491     475     741     1179    1520    1549    1623    1569    1230    966     382     
11323  1971 1006    658     1362    441     803     1564    1141    460     484     421     812     1175    1314    1659    1710    1483    1175    765     571     
11323  1972 995     708     1283    514     927     1457    1074    415     560     755     881     1143    1238    1530    1594    1301    1127    792     583     
11323  1973 1019    654     1398    482     835     1613    1150    410     450     543     721     1236    1485    1628    1721    1584    1093    775     540     
11323  1974 1053    730     1328    628     869     1530    1054    736     606     617     869     1121    1382    1548    1655    1380    917     868     901     
11323  1975 1049    790     1375    790     807     1620    1121    820     635     585     785     1052    1367    1667    1817    1549    1058    759     457     
11323  1976 1049    653     1422    524     830     1693    1177    603     512     521     719     1247    1577    1805    1693    1477    1254    798     355     
11323  1977 1036    722     1277    484     895     1478    1165    432     684     808     766     1107    1316    1569    1545    1346    1318    826     685     
11323  1978 985     737     1269    509     844     1451    1193    453     376     732     717     1079    1335    1519    1495    1457    1275    844     486     
11323  1979 946     587     1273    262     831     1440    1153    33      268     595     827     1070    1296    1524    1495    1417    1231    808     741     
11323  1980 981     710     1346    536     849     1511    1095    209     666     608     832     1107    1389    1473    1668    1602    1052    632     530     
11323  1981 1033    682     1351    475     1007    1499    1177    550     333     963     830     1223    1344    1569    1578    1551    1102    882     424     
11323  1982 1081    673     1450    468     907     1669    1227    411     579     638     838     1243    1593    1710    1704    1604    1165    915     544     
11323  1983 1075    721     1434    523     885     1690    1190    737     263     665     865     1123    1475    1814    1772    1540    1214    816     546     
11323  1984 1000    664     1298    498     713     1546    1237    554     388     456     767     917     1311    1616    1702    1461    1227    1025    550     
11323  1985 946     597     1355    273     830     1536    1080    27      236     493     878     1120    1328    1678    1595    1521    1176    541     700     
11323  1986 956     550     1275    350     764     1555    1139    485     -186    514     613     1160    1534    1594    1535    1196    1319    898     717     
11323  1987 971     626     1383    346     857     1536    1194    -86     413     485     1074    1017    1369    1605    1629    1601    1209    771     543     
11323  1988 1077    753     1357    606     930     1529    1135    717     555     712     858     1219    1361    1580    1642    1469    1263    668     847     
11323  1989 1129    832     1445    697     1012    1658    1244    585     654     951     784     1295    1469    1785    1713    1610    1406    710     542     
11323  1990 1131    862     1404    705     1009    1628    1191    660     936     921     827     1272    1398    1640    1840    1430    1351    786     494     
11323  1991 1005    704     1345    382     893     1566    1177    464     169     909     828     941     1288    1682    1720    1601    1172    757     459     
11323  1992 1090    705     1454    484     1031    1646    1169    384     617     834     885     1368    1482    1673    1778    1522    986     1006    528     
11323  1993 1062    746     1417    581     1034    1568    976     753     449     731     1040    1330    1527    1603    1571    1421    1037    467     765     
11323  1994 1153    730     1443    660     998     1693    1266    685     514     882     867     1242    1465    1841    1765    1460    1141    1201    725     
11323  1995 1137    875     1457    739     923     1716    1289    656     846     685     875     1208    1403    1828    1908    1503    1474    883     344     
11323  1996 980     675     1349    377     813     1602    1153    458     326     552     876     1013    1472    1627    1704    1393    1293    767     257     
11323  1997 1107    682     1452    375     991     1708    1197    123     785     879     820     1269    1565    1610    1945    1486    1184    922     674     
11323  1998 1126    817     1467    643     1059    1616    1175    576     684     854     971     1350    1549    1639    1659    1625    1215    682     673     
11323  1999 1178    788     1535    665     1077    1689    1267    745     567     820     1028    1380    1497    1772    1790    1730    1234    837     687     
11323  2000 1154    808     1472    658     1019    1634    1272    542     751     796     949     1311    1583    1549    1769    1662    1266    889     766     
11323  2001 1134    815     1460    637     989     1711    1287    521     623     805     909     1251    1516    1745    1866    1457    1555    841     478     
11323  2002 1169    875     1454    660     1033    1641    1257    659     862     852     972     1273    1523    1634    1762    1551    1219    1002    701     
11323  2003 1142    788     1548    551     1045    1810    1179    451     496     839     1021    1275    1699    1785    1941    1554    1020    967     612     
11323  2004 1133    766     1483    633     938     1703    1291    656     630     707     972     1135    1581    1677    1847    1677    1295    900     507     
11323  2005 1148    766     1496    549     1003    1672    1348    697     433     734     1017    1260    1609    1727    1677    1677    1537    824     532     
11323  2006 1171    724     1559    452     940     1760    1471    398     422     603     928     1289    1553    1983    1737    1855    1537    1018    676     
11323  2007 1159    946     1483    773     1073    1653    1179    863     780     787     1082    1349    1592    1691    1672    1503    1158    875     531     
11323  2008 1134    796     1481    660     1065    1671    1163    756     697     756     923     1510    1510    1740    1759    1426    1165    897     448     
11323  2009 1112    656     1507    384     1006    1712    1322    253     458     705     1052    1262    1523    1758    1850    1589    1300    1078    479     
11323  2010 1003    709     1412    376     878     1680    1160    198     458     730     870     1033    1512    1797    1726    1522    1215    742     198     
11323  2011 1204    699     1523    482     1112    1618    1371    541     733     769     1229    1342    1543    1602    1708    1708    1384    1021    840     
11323  2012 1103    838     1440    597     976     1675    1200    697     231     824     859     1242    1540    1644    1837    1507    1236    855     717     
11323  2013 1068    689     1414    523     778     1680    1272    474     361     463     836     1037    1439    1804    1790    1564    1418    830     748     
11323  2014 1228    904     1516    761     1095    1673    1394    749     788     875     1131    1281    1545    1794    1676    1664    1463    1051    696     
11323  2015 1179    849     1465    596     1003    1703    1276    589     494     775     976     1258    1543    1749    1815    1445    1192    1194    1084    
11323  2016 1145    908     1527    798     965     1711    1274    662     639     667     909     1316    1540    1747    1840    1800    1181    846     584     
11323  2017 1201    784     1541    557     1129    1768    1310    372     732     985     949     1447    1722    1835    1744    1545    1459    921     681     
11323  2018 1227    816     1648    600     1138    1865    1275    755     337     698     1221    1499    1717    1999    1873    1582    1369    872     777     
