EUROPEAN CLIMATE ASSESSMENT & DATASET (ECA&D), file created on: 13-11-2019
THESE DATA CAN BE USED FOR NON-COMMERCIAL RESEARCH AND EDUCATION PROVIDED THAT THE FOLLOWING SOURCE IS ACKNOWLEDGED: 

Klein Tank, A.M.G. and Coauthors, 2002. Daily dataset of 20th-century surface
air temperature and precipitation series for the European Climate Assessment.
Int. J. of Climatol., 22, 1441-1453.
Data and metadata available at http://www.ecad.eu

FILE FORMAT (MISSING VALUE CODE = -999999):

THIS FILE HOLDS DATA FOR STATION GERMANY                                  BERLIN-OSTKREUZ                          (STAID:  11740)
LATITUDE: dd:mm:ss +52:30:00
LONGITUDE: ddd:mm:ss +013:28:00
ELEVATION: m    4

DATA IS FOR INDEX Mean of daily mean temperature (TG) with unit 0.01 Temperature (&#176;C)

01-06 SOUID: Source identifier
08-11 YEAR : YYYY
13-20 ANNUAL DATA VALUES
21-28 WINTER HALF YEAR DATA VALUES
29-36 SUMMER HALF YEAR DATA VALUES
37-44 WINTER (DJF) DATA VALUES
45-52 SPRING (MAM) DATA VALUES
53-60 SUMMER (JJA) DATA VALUES
61-68 AUTUMN (SON) DATA VALUES
69-76 JANUARY DATA VALUES
etc. 
157-164 DECEMBER DATA VALUES

11740  1948 -999999 -999999 -999999 -999999 -999999 -999999 942     -999999 -999999 -999999 -999999 -999999 -999999 1754    1737    1495    877     455     209     
11740  1949 1074    389     1660    228     986     1807    1192    210     269     304     1156    1503    1552    1935    1926    1876    1215    485     405     
11740  1950 1000    486     1638    195     1010    1981    954     -135    329     602     828     1593    1968    1929    2045    1444    907     511     -58     
11740  1951 1033    333     1613    101     822     1932    1118    127     249     260     946     1263    1789    1959    2044    1665    935     761     358     
11740  1952 822     392     1457    187     829     1732    675     104     92      96      1142    1260    1553    1823    1813    1131    724     168     -70     
11740  1953 976     241     1545    8       994     1802    995     40      58      505     1016    1461    1832    1878    1698    1373    1080    529     185     
11740  1954 861     233     1471    -219    851     1725    992     -335    -536    408     680     1459    1847    1590    1741    1493    1100    380     395     
11740  1955 856     271     1468    14      654     1800    974     -161    -214    80      700     1183    1581    1918    1895    1508    925     490     290     
11740  1956 780     208     1398    -160    745     1653    890     40      -857    299     525     1404    1516    1868    1572    1481    952     236     236     
11740  1957 960     430     1455    259     863     1831    928     139     419     592     851     1145    1893    1945    1656    1228    1034    518     68      
11740  1958 915     313     1481    95      699     1760    1019    12      215     29      595     1469    1567    1894    1813    1524    1075    455     279     
11740  1959 1011    450     1630    143     1072    1938    913     89      52      711     1075    1430    1806    2078    1924    1451    925     364     156     
11740  1960 935     315     1492    61      867     1775    996     45      -24     401     756     1442    1810    1747    1770    1409    937     645     253     
11740  1961 1010    496     1564    212     1026    1781    1125    -91     501     737     1159    1188    1913    1713    1720    1694    1212    467     -99     
11740  1962 864     361     1425    105     791     1665    927     277     139     151     1054    1176    1616    1664    1713    1318    1019    442     -237    
11740  1963 898     77      1651    -460    924     1956    1139    -714    -426    344     948     1481    1897    2087    1881    1596    986     841     -221    
11740  1964 956     261     1650    -101    869     1931    981     -129    57      35      1036    1542    2016    2035    1745    1514    843     589     179     
11740  1965 906     351     1489    118     819     1745    875     209     -50     302     868     1288    1813    1684    1740    1532    960     131     322     
11740  1966 990     305     1597    81      996     1871    1004    -236    164     472     984     1531    1954    1851    1810    1437    1220    348     285     
11740  1967 1059    505     1593    247     991     1883    1129    107     359     692     769     1506    1691    2090    1862    1614    1235    533     192     
11740  1968 970     440     1594    93      969     1900    1031    -32     121     572     1099    1240    1918    1853    1930    1517    1092    483     -171    
11740  1969 879     190     1593    -154    758     1900    1112    -81     -214    0       818     1458    1755    2085    1855    1564    1110    663     -526    
11740  1970 906     157     1538    -352    742     1915    1030    -381    -127    195     700     1330    1965    1837    1945    1434    1025    630     253     
11740  1971 1024    399     1617    157     918     1936    975     -56     287     250     896     1607    1617    2073    2108    1370    1056    497     516     
11740  1972 943     437     1535    136     967     1879    895     -332    230     642     917     1340    1763    2077    1795    1296    819     574     180     
11740  1973 994     430     1578    183     910     1936    950     57      325     618     695     1411    1835    2002    1968    1538    872     443     121     
11740  1974 1044    484     1517    311     971     1766    959     387     436     642     953     1319    1621    1729    1943    1525    754     606     575     
11740  1975 1103    528     1699    441     887     2057    1062    542     182     478     785     1393    1736    2189    2235    1830    930     431     422     
11740  1976 970     393     1606    254     879     1931    946     226     102     229     901     1508    1940    2094    1759    1415    902     524     9       
11740  1977 980     407     1449    115     902     1774    1008    90      260     648     687     1363    1800    1784    1738    1303    1065    655     317     
11740  1978 932     465     1454    152     899     1764    1011    160     -40     589     734     1368    1753    1779    1760    1313    1099    617     -24     
11740  1979 905     248     1535    -213    889     1797    959     -373    -245    378     819     1468    1954    1618    1823    1520    872     489     459     
11740  1980 832     314     1403    85      717     1691    915     -329    127     263     709     1179    1650    1667    1756    1446    906     392     199     
