EUROPEAN CLIMATE ASSESSMENT & DATASET (ECA&D), file created on: 13-11-2019
THESE DATA CAN BE USED FOR NON-COMMERCIAL RESEARCH AND EDUCATION PROVIDED THAT THE FOLLOWING SOURCE IS ACKNOWLEDGED: 

Klein Tank, A.M.G. and Coauthors, 2002. Daily dataset of 20th-century surface
air temperature and precipitation series for the European Climate Assessment.
Int. J. of Climatol., 22, 1441-1453.
Data and metadata available at http://www.ecad.eu

FILE FORMAT (MISSING VALUE CODE = -999999):

THIS FILE HOLDS DATA FOR STATION SWEDEN                                   ALVSBYN M 1                              (STAID:   5783)
LATITUDE: dd:mm:ss +65:41:24
LONGITUDE: ddd:mm:ss +020:59:24
ELEVATION: m   47

DATA IS FOR INDEX Mean of daily mean temperature (TG) with unit 0.01 Temperature (&#176;C)

01-06 SOUID: Source identifier
08-11 YEAR : YYYY
13-20 ANNUAL DATA VALUES
21-28 WINTER HALF YEAR DATA VALUES
29-36 SUMMER HALF YEAR DATA VALUES
37-44 WINTER (DJF) DATA VALUES
45-52 SPRING (MAM) DATA VALUES
53-60 SUMMER (JJA) DATA VALUES
61-68 AUTUMN (SON) DATA VALUES
69-76 JANUARY DATA VALUES
etc. 
157-164 DECEMBER DATA VALUES

5783   1961 239     -999999 973     -999999 121     1454    460     -1482   -463    -255    -41     654     1478    1615    1269    842     684     -152    -1315   
5783   1962 39      -721    846     -1192   -169    1192    255     -1089   -1169   -1311   191     624     1137    1353    1085    668     458     -370    -1184   
5783   1963 129     -764    1053    -1268   128     1335    197     -1324   -1299   -907    175     1117    1202    1424    1375    998     306     -716    -909    
5783   1964 -999999 -604    -999999 -864    -999999 -999999 -999999 -444    -1265   -645    -999999 -999999 -999999 -999999 -999999 -999999 -999999 -999999 -999999 
5783   1965 -999999 -999999 -999999 -999999 -999999 -999999 -999999 -999999 -999999 -999999 -999999 -999999 -999999 -999999 -999999 -999999 -999999 -999999 -999999 
5783   1966 -999999 -999999 -999999 -999999 -999999 1433    45      -999999 -999999 -999999 -999999 679     1560    1539    1204    506     37      -409    -683    
5783   1967 -999999 -999999 -999999 -1098   -999999 -999999 336     -1785   -797    -999999 -999999 638     1218    -999999 1390    948     166     -100    -1726   
5783   1968 -14     -911    894     -1719   79      1361    -217    -1885   -1533   -403    201     445     1408    1437    1240    618     -351    -914    -480    
5783   1969 -999999 -999999 -999999 -999999 -999999 -999999 -999999 -999999 -999999 -999999 -999999 -999999 -999999 -999999 -999999 -999999 -999999 -999999 -999999 
5783   1970 -999999 -999999 -999999 -999999 -999999 -999999 -999999 -999999 -999999 -999999 -999999 -999999 -999999 -999999 -999999 -999999 -999999 -999999 -999999 
5783   1971 -999999 -999999 -999999 -999999 -999999 -999999 -999999 -999999 -999999 -999999 -999999 -999999 -999999 -999999 -999999 -999999 -999999 -999999 -999999 
5783   1972 -999999 -999999 988     -999999 63      1527    63      -999999 -999999 -419    54      553     1467    1815    1298    718     199     -732    -535    
5783   1973 100     -488    938     -705    130     1489    -209    -495    -1127   -308    14      679     1406    1821    1238    439     -194    -874    -1505   
5783   1974 211     -745    995     -988    159     1362    128     -735    -695    -467    255     691     1347    1487    1251    921     111     -646    -1042   
5783   1975 223     -551    909     -852    182     1255    258     -1069   -403    -246    -35     822     1139    1448    1175    879     255     -359    -971    
5783   1976 -8      -778    889     -1236   28      1321    -115    -1815   -901    -874    46      914     1187    1413    1360    381     -110    -618    -1102   
5783   1977 22      -845    780     -1315   -30     1235    68      -1296   -1573   -436    -191    531     1123    1396    1184    609     123     -529    -798    
5783   1978 -999999 -803    -999999 -1252   -23     -999999 -999999 -1364   -1630   -692    -96     716     1278    -999999 1143    635     51      -999999 -2098   
5783   1979 -999999 -999999 -999999 -1844   78      -999999 -999999 -2000   -1392   -445    -62     738     -999999 -999999 -999999 -999999 -999999 -999999 -999999 
5783   1980 -999999 -999999 -999999 -999999 -999999 -999999 -999999 -999999 -1817   -999999 -999999 -999999 -999999 -999999 -999999 -999999 -163    -1332   -1524   
5783   1981 -999999 -1150   -999999 -1402   -999999 -999999 74      -1158   -1539   -1230   76      -999999 -999999 -999999 -999999 766     167     -715    -1976   
5783   1982 -999999 -916    -999999 -1572   161     -999999 -999999 -1941   -715    -291    143     631     967     -999999 1294    -999999 157     -413    -996    
5783   1983 -999999 -662    -999999 -1042   149     -999999 -999999 -1058   -1075   -620    169     898     1238    -999999 -999999 855     -999999 -967    -1308   
5783   1984 102     -999999 999     -1230   -999999 1318    13      -1705   -638    -850    -999999 1101    1282    1428    1242    612     207     -787    -752    
5783   1985 -190    -1089   887     -1806   -31     1362    107     -2301   -2425   -593    -60     558     1285    1505    1294    719     358     -764    -2010   
5783   1986 -999999 -1001   -999999 -1812   168     -999999 -999999 -1953   -1438   -234    -53     784     1586    -999999 1019    -999999 -999999 -999999 -1490   
5783   1987 -999999 -999999 -999999 -1675   -69     -999999 266     -2147   -1358   -934    80      651     1159    -999999 1032    662     575     -451    -1260   
5783   1988 -999999 -632    -999999 -1112   37      -999999 103     -1006   -1068   -604    -65     777     1482    -999999 -999999 902     136     -732    -1171   
5783   1989 248     -500    -999999 -745    285     -999999 200     -511    -531    -201    192     862     1348    -999999 1312    865     31      -290    -1123   
5783   1990 -999999 -514    -999999 -865    254     -999999 -999999 -1312   -83     -258    -999999 802     -999999 -999999 -999999 -999999 -999999 -999999 -999999 
5783   1991 -999999 -999999 -999999 -999999 -999999 -999999 -999999 -999999 -999999 -999999 -999999 -999999 -999999 -999999 -999999 -999999 -999999 -999999 -999999 
5783   1992 -999999 -999999 -999999 -999999 -999999 -999999 -999999 -999999 -999999 -999999 -999999 -999999 -999999 -999999 -999999 -999999 -999999 -999999 -999999 
5783   1993 -999999 -999999 -999999 -999999 -999999 -999999 -999999 -999999 -999999 -999999 -999999 -999999 -999999 -999999 -999999 -999999 -999999 -999999 -999999 
5783   1994 -999999 -999999 -999999 -999999 -999999 -999999 -999999 -999999 -999999 -999999 -999999 -999999 -999999 -999999 -999999 -999999 -999999 -999999 -999999 
5783   1995 -999999 -999999 -999999 -999999 -999999 -999999 -999999 -999999 -999999 -999999 -999999 -999999 -999999 -999999 -999999 -999999 -999999 -858    -1588   
5783   1996 47      -999999 909     -1332   9       1373    26      -976    -1439   -619    84      565     1181    1411    1519    670     323     -924    -1302   
5783   1997 160     -686    985     -1059   13      1534    31      -905    -960    -381    -178    593     1430    1742    1426    868     12      -787    -1032   
5783   1998 33      -815    852     -1109   -135    1286    71      -1026   -1285   -819    -224    635     1183    1493    1178    821     185     -796    -1052   
5783   1999 121     -835    974     -1280   61      1353    433     -1543   -1242   -599    204     582     1475    1515    1073    984     270     51      -1382   
5783   2000 258     -599    973     -1136   168     1353    435     -1083   -928    -523    136     889     1259    1512    1284    734     518     48      -790    
5783   2001 74      -588    966     -1022   -131    1409    188     -738    -1593   -1051   -32     693     1365    1552    1310    888     197     -521    -1295   
5783   2002 134     -675    1133    -1062   231     1602    -169    -1192   -660    -574    317     952     1513    1695    1595    698     -241    -962    -1572   
5783   2003 189     -909    1047    -1403   301     1482    124     -1800   -776    -94     132     861     1274    1809    1355    824     83      -535    -930    
5783   2004 114     -743    974     -1154   122     1342    83      -1308   -1228   -565    150     780     1146    1522    1351    871     82      -704    -783    
5783   2005 232     -685    1036    -877    4       1464    384     -757    -1114   -879    249     649     1292    1697    1397    910     437     -195    -985    
5783   2006 207     -675    1089    -1104   -17     1532    186     -1057   -1289   -1006   133     827     1424    1615    1553    955     -51     -337    -383    
5783   2007 191     -621    991     -1064   293     1401    121     -1322   -1531   -180    320     741     1326    1499    1375    661     333     -639    -425    
5783   2008 198     -425    891     -552    51      1293    95      -706    -523    -607    87      674     1210    1528    1139    688     210     -616    -734    
5783   2009 156     -707    1044    -1124   192     1401    241     -1074   -1613   -501    115     959     1285    1483    1430    968     -71     -163    -1072   
5783   2010 -40     -868    1003    -1401   97      1378    -29     -1391   -1777   -801    160     935     1202    1661    1264    771     251     -1120   -1760   
5783   2011 278     -1030   1131    -1662   257     1533    447     -1422   -1820   -389    438     730     1528    1725    1345    1004    354     -12     -294    
5783   2012 111     -417    886     -911    184     1296    218     -987    -1490   -126    -66     737     1118    1488    1277    736     73      -150    -1345   
5783   2013 191     -790    1075    -1194   -21     1455    246     -1350   -854    -1099   16      1022    1455    1514    1396    1021    211     -493    -603    
5783   2014 303     -433    1090    -753    344     1505    141     -1440   -157    -92     323     800     1194    1873    1440    880     156     -615    -747    
5783   2015 320     -457    996     -745    307     1328    350     -1066   -389    -82     299     703     1125    1407    1445    979     177     -101    -690    
5783   2016 180     -580    1042    -1101   292     1373    196     -1637   -966    -271    165     979     1263    1622    1230    969     159     -538    -847    
5783   2017 175     -535    893     -806    51      1300    197     -772    -798    -437    -23     612     1241    1413    1245    851     247     -510    -1033   
5783   2018 148     -831    1109    -1282   104     1512    218     -1268   -1574   -909    67      1153    1227    1889    1410    868     128     -338    -1007   
5783   2019 -999999 -746    1019    -1277   203     1437    -999999 -1839   -953    -476    373     718     1418    1516    1377    693     -126    -999999 -999999 
