EUROPEAN CLIMATE ASSESSMENT & DATASET (ECA&D), file created on: 13-11-2019
THESE DATA CAN BE USED FOR NON-COMMERCIAL RESEARCH AND EDUCATION PROVIDED THAT THE FOLLOWING SOURCE IS ACKNOWLEDGED: 

Klein Tank, A.M.G. and Coauthors, 2002. Daily dataset of 20th-century surface
air temperature and precipitation series for the European Climate Assessment.
Int. J. of Climatol., 22, 1441-1453.
Data and metadata available at http://www.ecad.eu

FILE FORMAT (MISSING VALUE CODE = -999999):

THIS FILE HOLDS DATA FOR STATION RUSSIAN FEDERATION                       POLJARNOE                                (STAID:   8057)
LATITUDE: dd:mm:ss +69:12:00
LONGITUDE: ddd:mm:ss +033:28:47
ELEVATION: m   32

DATA IS FOR INDEX Mean of daily mean temperature (TG) with unit 0.01 Temperature (&#176;C)

01-06 SOUID: Source identifier
08-11 YEAR : YYYY
13-20 ANNUAL DATA VALUES
21-28 WINTER HALF YEAR DATA VALUES
29-36 SUMMER HALF YEAR DATA VALUES
37-44 WINTER (DJF) DATA VALUES
45-52 SPRING (MAM) DATA VALUES
53-60 SUMMER (JJA) DATA VALUES
61-68 AUTUMN (SON) DATA VALUES
69-76 JANUARY DATA VALUES
etc. 
157-164 DECEMBER DATA VALUES

8057   1936 126     -999999 803     -999999 -87     1247    243     -1037   -1491   -635    -84     475     1225    1203    1313    658     70      -15     -234    
8057   1937 246     -355    888     -514    32      1277    292     -438    -908    -632    204     509     1178    1211    1438    734     332     -178    -665    
8057   1938 285     -317    816     -594    -10     1185    412     -760    -333    -334    -47     351     818     1523    1203    1026    297     -101    -326    
8057   1939 82      -360    612     -614    -201    1079    169     -815    -710    -529    -253    178     874     1142    1214    446     86      -19     -703    
8057   1940 2       -627    675     -936    -261    1026    211     -1065   -1047   -978    -289    483     757     1027    1285    794     205     -365    -722    
8057   1941 -106    -656    543     -923    -460    1017    46      -1017   -1041   -1038   -441    82      567     1318    1157    566     -108    -314    -1058   
8057   1942 -999999 -999999 601     -999999 -332    972     138     -1146   -999999 -967    -170    114     777     1098    1039    712     81      -396    -772    
8057   1943 -999999 -999999 -999999 -765    -999999 -999999 -999999 -1022   -463    -372    -117    438     -999999 1331    1115    674     51      -54     -999999 
8057   1944 -999999 -999999 -999999 -999999 -999999 -999999 -999999 -630    -999999 -531    -281    231     774     -999999 -999999 -999999 503     -20     -361    
8057   1945 -999999 -999999 -999999 -999999 -999999 -999999 41      -999999 -999999 -743    -131    -999999 -999999 -999999 1285    661     -130    -407    -985    
8057   1946 -999999 -657    675     -906    -222    1057    136     -528    -1241   -719    -169    240     891     1214    1067    770     17      -361    -187    
8057   1947 53      -999999 673     -999999 -307    1057    283     -667    -1342   -955    -153    186     949     1123    1085    853     232     -270    -608    
8057   1948 -999999 -999999 -999999 -999999 -999999 -999999 -999999 -999999 -999999 -487    10      537     863     1057    948     -999999 252     -176    -403    
8057   1949 -999999 -999999 -999999 -999999 -999999 836     -999999 -586    -999999 -569    32      310     549     940     1029    749     79      -84     -999999 
8057   1950 184     -999999 716     -999999 18      997     309     -806    -828    -398    147     333     906     812     1272    768     464     -289    -341    
8057   1951 79      -443    658     -765    -111    1016    227     -1041   -935    -571    95      143     691     970     1375    651     454     -441    -649    
8057   1952 45      -448    634     -639    -276    1040    81      -677    -591    -843    -209    192     1021    1243    854     663     -66     -364    -854    
8057   1953 170     -616    721     -939    -43     1120    255     -810    -1160   -505    50      346     1097    1069    1193    529     280     -47     -142    
8057   1954 173     -305    750     -555    17      1102    128     -609    -938    -421    -22     492     850     1399    1042    744     84      -461    -189    
8057   1955 -95     -550    581     -645    -351    928     46      -643    -1174   -997    -243    213     666     1021    1082    712     124     -679    -1310   
8057   1956 -38     -741    545     -1182   -142    949     -81     -966    -1272   -389    -521    465     1112    882     849     491     -11     -667    -405    
8057   1957 125     -531    698     -575    -215    1119    225     -705    -618    -779    -135    274     747     1413    1187    666     175     -148    -658    
8057   1958 -6      -528    543     -828    -373    985     294     -1037   -781    -791    -372    31      772     1070    1105    618     230     4       -1114   
8057   1959 -999999 -374    -999999 -772    26      1177    -999999 -849    -308    -133    -283    500     1033    1268    1227    -999999 106     -125    -999999 
8057   1960 -999999 -999999 -999999 -999999 -999999 -999999 -9      -999999 -999999 -999999 -999999 -999999 -999999 -999999 1223    791     -258    -552    -532    
8057   1961 181     -512    704     -622    -172    1196    397     -674    -661    -395    -322    178     1088    1365    1132    735     637     -167    -819    
8057   1962 41      -473    600     -783    -226    875     266     -845    -671    -1004   -14     341     764     929     924     667     128     21      -701    
8057   1963 52      -581    724     -878    -99     900     264     -848    -1107   -1012   -102    816     613     1037    1041    924     287     -398    -688    
8057   1964 106     -448    682     -721    -186    1147    136     -487    -1040   -456    -329    256     875     1457    1082    629     342     -646    -625    
8057   1965 -999999 -572    570     -819    -235    903     78      -820    -1049   -724    -65     85      832     957     917     715     72      -621    -999999 
8057   1966 -999999 -999999 -999999 -999999 -999999 1026    -999999 -999999 -1810   -999999 -999999 -999999 877     1227    969     454     -999999 -999999 -999999 
8057   1967 -999999 -999999 -999999 -999999 -999999 1176    -999999 -999999 -999999 -999999 -999999 400     941     1265    1314    872     -999999 -999999 -999999 
8057   1968 -999999 -999999 -999999 -999999 -999999 847     -999999 -1481   -999999 -999999 -999999 -999999 788     743     1008    483     -999999 -999999 -999999 
8057   1969 -999999 -999999 -999999 -999999 -999999 841     -999999 -999999 -999999 -999999 -999999 -999999 518     1018    978     638     320     -999999 -999999 
8057   1970 -999999 -999999 -999999 -999999 -999999 1223    -999999 -999999 -999999 -999999 -999999 387     941     1437    1281    764     -999999 -999999 -999999 
8057   1971 -999999 -999999 -999999 -999999 -999999 929     -999999 -999999 -999999 -999999 -999999 -999999 582     1095    1097    579     -999999 -999999 -999999 
8057   1972 -999999 -999999 -999999 -999999 -999999 1385    -999999 -999999 -999999 -999999 -999999 -999999 1131    1623    1392    685     -999999 -999999 -999999 
8057   1973 -999999 -999999 -999999 -999999 -999999 1180    -999999 -999999 -999999 -999999 -999999 408     994     1483    1056    456     -999999 -999999 -999999 
8057   1974 -999999 -999999 -999999 -999999 -999999 1291    -999999 -999999 -999999 -999999 -999999 -999999 1073    1602    1191    951     -999999 -999999 -999999 
8057   1975 -999999 -999999 -999999 -999999 -999999 868     -999999 -999999 -999999 -999999 -999999 441     735     1042    822     849     -999999 -999999 -999999 
8057   1976 -999999 -999999 -999999 -999999 -999999 967     -999999 -999999 -999999 -999999 -999999 478     618     1204    1069    490     -999999 -999999 -999999 
8057   1977 -999999 -999999 -999999 -999999 -999999 969     133     -999999 -999999 -999999 -999999 317     779     1162    961     587     -23     -161    -555    
8057   1978 -74     -557    526     -854    -190    837     56      -982    -1043   -611    -344    378     736     844     927     594     1       -425    -1024   
8057   1979 15      -714    640     -1089   -208    1010    120     -1233   -1002   -622    -419    409     742     1129    1150    803     -81     -355    -413    
8057   1980 -16     -567    624     -769    -181    969     44      -945    -961    -669    -89     219     956     922     1027    701     89      -660    -813    
8057   1981 -999999 -686    -999999 -873    -345    -999999 202     -825    -991    -944    -325    234     673     -999999 1070    634     271     -303    -955    
8057   1982 81      -517    619     -848    -90     915     175     -1051   -507    -548    -50     331     453     1318    959     676     47      -194    -503    
8057   1983 102     -416    730     -639    -6      1033    147     -629    -801    -447    70      362     897     1238    958     841     215     -618    -930    
8057   1984 132     -548    707     -761    -20     1011    89      -906    -427    -616    -127    679     934     1112    985     637     112     -482    -338    
8057   1985 -999999 -663    605     -1076   -193    1007    237     -1465   -1463   -413    -291    122     778     1123    1112    765     197     -287    -999999 
8057   1986 48      -999999 614     -999999 -30     1043    195     -1011   -932    -196    -192    281     1041    1065    1025    445     247     -109    -1170   
8057   1987 -999999 -655    547     -1135   -234    857     -999999 -1055   -1184   -695    -293    284     738     1013    815     710     637     -999999 -821    
8057   1988 -999999 -999999 -999999 -808    -212    -999999 152     -760    -847    -632    -364    355     866     1369    -999999 800     198     -543    -901    
8057   1989 -999999 -999999 896     -999999 249     1220    235     -585    -999999 -140    254     634     1211    1249    1200    814     100     -204    -753    
8057   1990 -999999 -432    -999999 -722    34      -999999 101     -1184   -174    -343    188     261     851     -999999 1171    670     140     -510    -317    
8057   1991 -999999 -471    -999999 -585    -102    -999999 -999999 -817    -625    -716    102     315     894     -999999 -999999 -999999 -999999 -999999 -999999 
8057   1992 162     -999999 691     -999999 32      1001    -31     -499    -352    -141    -402    626     983     1080    941     902     -294    -693    -237    
8057   1993 49      -462    555     -448    -91     938     -58     -555    -562    -448    -198    369     590     1122    1089    325     -69     -431    -696    
8057   1994 124     -551    713     -803    15      1056    104     -955    -753    -416    171     296     772     1205    1184    629     93      -409    -394    
8057   1995 80      -354    655     -501    -3      969     20      -486    -637    -317    -59     365     901     1026    978     706     49      -697    -921    
8057   1996 107     -529    535     -737    -196    942     215     -507    -999999 -378    -294    82      648     1010    1159    582     267     -205    -566    
8057   1997 50      -432    630     -757    -187    1005    162     -847    -850    -435    -430    297     733     1020    1254    886     54      -452    -695    
8057   1998 -108    -698    529     -1043   -241    886     -47     -871    -1618   -686    -325    285     554     1110    984     540     139     -826    -712    
8057   1999 -999999 -708    -999999 -1026   -179    -999999 332     -1273   -1099   -521    -58     47      -999999 1230    996     823     407     -236    -999999 
8057   2000 239     -999999 755     -999999 6       1102    433     -582    -700    -397    -30     444     889     1281    1127    798     556     -59     -664    
8057   2001 119     -408    785     -705    -222    1196    183     -395    -1095   -848    -105    292     1048    1409    1125    924     69      -440    -639    
8057   2002 50      -512    696     -712    -39     1050    -34     -737    -766    -580    68      397     801     1374    969     547     6       -656    -882    
8057   2003 163     -572    709     -852    34      1047    304     -1212   -419    -260    -101    457     570     1399    1157    744     207     -36     -594    
8057   2004 192     -411    828     -745    10      1245    175     -742    -911    -412    36      408     795     1671    1255    776     168     -419    -373    
8057   2005 222     -417    761     -533    -124    1157    436     -612    -623    -662    -102    392     976     1234    1255    789     437     81      -553    
8057   2006 156     -356    764     -663    -23     1104    83      -576    -881    -680    135     480     1059    1147    1105    642     76      -469    -237    
8057   2007 211     -435    720     -728    115     1048    349     -654    -1352   -63     38      369     793     1050    1295    757     522     -237    -120    
8057   2008 140     -236    578     -376    -171    918     207     -439    -582    -581    -214    279     801     1075    873     637     290     -308    -192    
8057   2009 107     -381    678     -585    -60     953     262     -689    -905    -528    -94     439     741     1012    1100    852     81      -140    -655    
8057   2010 82      -585    770     -932    3       1049    220     -1051   -1107   -674    157     529     850     1308    983     775     325     -444    -755    
8057   2011 233     -572    847     -1007   119     1147    449     -941    -1358   -333    179     515     1005    1347    1084    938     437     -27     -162    
8057   2012 114     -300    730     -638    80      1009    289     -825    -946    -312    -42     589     875     1180    968     788     234     -153    -1019   
8057   2013 277     -491    971     -730    -46     1370    289     -526    -636    -848    5       708     1278    1425    1405    987     153     -267    -412    
