EUROPEAN CLIMATE ASSESSMENT & DATASET (ECA&D), file created on: 13-11-2019
THESE DATA CAN BE USED FOR NON-COMMERCIAL RESEARCH AND EDUCATION PROVIDED THAT THE FOLLOWING SOURCE IS ACKNOWLEDGED: 

Klein Tank, A.M.G. and Coauthors, 2002. Daily dataset of 20th-century surface
air temperature and precipitation series for the European Climate Assessment.
Int. J. of Climatol., 22, 1441-1453.
Data and metadata available at http://www.ecad.eu

FILE FORMAT (MISSING VALUE CODE = -999999):

THIS FILE HOLDS DATA FOR STATION NORWAY                                   LAERDAL - TOENJUM                        (STAID:  19062)
LATITUDE: dd:mm:ss +61:03:42
LONGITUDE: ddd:mm:ss +007:31:00
ELEVATION: m   36

DATA IS FOR INDEX Mean of daily mean temperature (TG) with unit 0.01 Temperature (&#176;C)

01-06 SOUID: Source identifier
08-11 YEAR : YYYY
13-20 ANNUAL DATA VALUES
21-28 WINTER HALF YEAR DATA VALUES
29-36 SUMMER HALF YEAR DATA VALUES
37-44 WINTER (DJF) DATA VALUES
45-52 SPRING (MAM) DATA VALUES
53-60 SUMMER (JJA) DATA VALUES
61-68 AUTUMN (SON) DATA VALUES
69-76 JANUARY DATA VALUES
etc. 
157-164 DECEMBER DATA VALUES

19062  1954 632     -999999 1160    -999999 634     1434    602     -300    -416    200     497     1200    1318    1522    1458    941     568     297     210     
19062  1955 569     45      1166    -191    408     1531    652     -260    -559    -39     461     805     1221    1695    1666    1126    486     350     -202    
19062  1956 545     -21     1091    -376    538     1342    569     -340    -602    153     469     991     1219    1529    1275    1047    525     137     88      
19062  1957 607     150     1072    6       556     1352    540     84      -172    204     566     900     1161    1512    1376    898     626     94      -29     
19062  1958 544     -90     1123    -285    277     1433    777     -349    -496    -418    423     831     1338    1500    1457    1175    771     386     -156    
19062  1959 684     105     1238    -310    730     1522    670     -493    -278    371     727     1091    1353    1680    1527    1029    496     491     146     
19062  1960 637     131     1236    -165    702     1488    603     -413    -232    285     648     1171    1459    1492    1513    1117    428     268     -121    
19062  1961 693     108     1159    -151    683     1361    880     -463    160     387     643     1016    1296    1470    1316    1201    1025    409     -174    
19062  1962 543     153     1053    -72     379     1289    612     54      -100    -311    521     931     1122    1478    1262    985     687     163     -314    
19062  1963 535     -183    1239    -674    603     1536    636     -827    -903    40      658     1113    1602    1474    1535    1042    599     269     -270    
19062  1964 579     97      1063    -137    588     1273    523     -101    -32     112     570     1082    1147    1325    1341    891     456     222     -89     
19062  1965 524     -2      1147    -192    500     1363    533     -275    -213    -128    653     980     1330    1449    1309    1151    648     -203    -463    
19062  1966 520     -167    1100    -559    487     1438    546     -565    -660    192     308     955     1512    1454    1349    1008    604     24      -32     
19062  1967 611     85      1073    -151    581     1287    754     -480    81      309     481     951     1199    1320    1340    1137    582     550     -163    
19062  1968 519     50      1165    -316    510     1450    482     -402    -387    106     527     896     1331    1478    1538    1206    501     -262    -335    
19062  1969 583     -149    1246    -313    493     1565    567     7       -641    -213    603     1092    1528    1443    1722    1073    685     -61     -329    
19062  1970 531     -103    1117    -417    449     1463    534     -307    -635    -25     287     1079    1611    1308    1476    925     633     42      -117    
19062  1971 612     92      1103    -15     502     1348    489     -108    200     -90     523     1074    1262    1395    1385    965     493     10      210     
19062  1972 630     63      1146    -116    653     1428    521     -357    -207    213     587     1157    1352    1638    1292    827     610     122     284     
19062  1973 590     255     1073    121     591     1363    408     197     -144    420     386     959     1254    1600    1230    991     326     -91     -115    
19062  1974 689     142     1137    126     656     1326    552     348     148     226     698     1043    1346    1315    1318    1090    400     170     129     
19062  1975 670     154     1131    80      502     1457    590     237     -149    109     432     965     1194    1572    1595    1005    532     234     246     
19062  1976 524     33      1105    -156    490     1412    567     -476    -244    -103    485     1089    1257    1527    1447    799     663     237     -423    
19062  1977 582     -1      1085    -406    570     1405    568     -378    -418    283     347     1074    1314    1516    1381    854     740     106     77      
19062  1978 599     134     1166    -77     585     1488    623     -39     -290    171     482     1098    1454    1510    1498    932     620     317     -623    
19062  1979 460     -131    1052    -653    521     1352    483     -798    -524    202     549     814     1406    1353    1300    883     434     135     -286    
19062  1980 551     -80     1236    -372    572     1562    359     -458    -371    54      552     1109    1529    1660    1495    1049    339     -310    -78     
19062  1981 487     -101    1099    -229    514     1291    599     -275    -345    35      409     1095    1164    1425    1280    1206    517     76      -790    
19062  1982 671     -54     1172    -467    656     1501    700     -464    -112    447     533     984     1401    1584    1514    1000    776     320     12      
19062  1983 645     196     1126    -41     607     1353    639     164     -325    184     606     1030    1247    1480    1330    1045    656     216     29      
19062  1984 665     76      1172    -145    595     1421    729     -367    -94     8       644     1136    1304    1519    1436    972     681     534     183     
19062  1985 488     80      1108    -309    597     1409    410     -617    -512    168     446     1171    1366    1489    1372    778     718     -275    -335    
19062  1986 567     -128    1073    -556    611     1410    666     -606    -746    411     358     1056    1492    1471    1269    773     708     517     2       
19062  1987 544     25      1091    -334    499     1365    652     -865    -119    -92     683     912     1243    1516    1332    846     881     221     -64     
19062  1988 693     213     1222    59      509     1538    619     164     78      -13     371     1164    1647    1550    1419    1163    499     200     51      
19062  1989 721     320     1098    270     660     1328    631     416     352     403     669     909     1292    1442    1248    1020    590     285     5       
19062  1990 723     337     1146    233     698     1422    484     168     557     436     605     1048    1441    1445    1380    940     577     -68     134     
19062  1991 663     126     1162    -73     689     1437    582     -99     -272    440     693     933     1129    1694    1477    1026    488     235     135     
19062  1992 677     251     1147    158     652     1383    514     203     133     305     523     1123    1505    1405    1242    1072    267     210     114     
19062  1993 577     138     1084    73      640     1271    440     95      2       131     659     1132    1235    1388    1188    886     501     -69     -269    
19062  1994 611     -64     1114    -339    584     1388    654     -179    -595    178     654     923     1048    1683    1423    933     594     437     139     
19062  1995 610     257     1130    87      542     1414    601     20      103     239     470     914     1368    1429    1444    1142    803     -149    -500    
19062  1996 -999999 -58     -999999 -373    -999999 1410    472     -205    -415    91      616     -999999 1291    1302    1633    885     764     -243    -331    
19062  1997 661     58      1197    -145    498     1615    575     -255    184     233     382     876     1436    1674    1728    1064    419     247     -85     
19062  1998 609     147     1112    47      543     1307    497     37      206     70      599     962     1222    1390    1306    1184    420     -109    1       
19062  1999 682     92      1196    -32     619     1402    796     -21     -80     316     669     875     1248    1458    1496    1423    566     408     -220    
19062  2000 746     174     1171    -28     625     1373    958     179     -46     151     652     1073    1161    1575    1377    1172    1022    679     -70     
19062  2001 587     195     1129    -155    476     1399    704     -107    -303    -84     495     1017    1274    1565    1355    1051    777     281     -343    
19062  2002 686     162     1327    -96     713     1614    503     -90     172     182     779     1179    1447    1550    1838    1150    416     -54     -367    
19062  2003 668     -17     1233    -268    648     1563    565     -124    -319    315     697     935     1437    1733    1517    1065    245     397     51      
19062  2004 695     108     1229    -98     729     1462    633     -299    -43     296     862     1034    1319    1454    1608    1086    685     128     178     
19062  2005 702     195     1182    109     536     1449    769     169     -34     19      671     922     1230    1687    1423    1144    810     350     -17     
19062  2006 754     130     1277    -85     478     1600    834     -119    -123    -138    548     1027    1372    1769    1650    1274    740     492     495     
19062  2007 648     371     1145    180     665     1461    518     119     -100    441     596     955     1496    1485    1403    919     558     76      -222    
19062  2008 -999999 172     1196    47      638     1477    -999999 180     193     247     646     1022    1324    1679    1424    1056    -999999 -999999 -999999 
