EUROPEAN CLIMATE ASSESSMENT & DATASET (ECA&D), file created on: 13-11-2019
THESE DATA CAN BE USED FOR NON-COMMERCIAL RESEARCH AND EDUCATION PROVIDED THAT THE FOLLOWING SOURCE IS ACKNOWLEDGED: 

Klein Tank, A.M.G. and Coauthors, 2002. Daily dataset of 20th-century surface
air temperature and precipitation series for the European Climate Assessment.
Int. J. of Climatol., 22, 1441-1453.
Data and metadata available at http://www.ecad.eu

FILE FORMAT (MISSING VALUE CODE = -999999):

THIS FILE HOLDS DATA FOR STATION GERMANY                                  BARUTH                                   (STAID:   4363)
LATITUDE: dd:mm:ss +52:03:43
LONGITUDE: ddd:mm:ss +013:30:10
ELEVATION: m   55

DATA IS FOR INDEX Mean of daily mean temperature (TG) with unit 0.01 Temperature (&#176;C)

01-06 SOUID: Source identifier
08-11 YEAR : YYYY
13-20 ANNUAL DATA VALUES
21-28 WINTER HALF YEAR DATA VALUES
29-36 SUMMER HALF YEAR DATA VALUES
37-44 WINTER (DJF) DATA VALUES
45-52 SPRING (MAM) DATA VALUES
53-60 SUMMER (JJA) DATA VALUES
61-68 AUTUMN (SON) DATA VALUES
69-76 JANUARY DATA VALUES
etc. 
157-164 DECEMBER DATA VALUES

4363   1998 -999999 -999999 -999999 -999999 -999999 -999999 -999999 275     493     447     1013    1531    1783    1687    1686    1394    -999999 -999999 61      
4363   1999 -999999 -999999 -999999 -999999 943     1814    -999999 273     131     525     907     1384    1634    2041    1774    -999999 -999999 391     276     
4363   2000 -999999 -999999 -999999 273     -999999 -999999 1052    108     -999999 494     1145    1660    -999999 -999999 -999999 1403    1167    644     326     
4363   2001 936     456     1486    196     851     1791    978     68      184     297     793     1460    1491    1955    1918    1268    1272    386     -36     
4363   2002 959     472     1559    202     959     1889    860     158     514     539     798     1534    1767    1888    1996    1368    827     386     -221    
4363   2003 928     192     1598    -164    910     1940    847     -53     -225    390     821     1515    1899    1959    1961    1411    547     593     206     
4363   2004 913     320     1461    99      882     1733    938     -165    268     476     940     1231    1566    1753    1875    1385    992     435     177     
4363   2005 917     358     1475    132     856     1700    992     279     -82     308     924     1339    1624    1859    1614    1476    1063    436     93      
4363   2006 972     214     1601    -134    789     -999999 1231    -427    -63     161     859     1349    -999999 2291    1680    1734    1209    751     549     
4363   2007 1041    692     1576    494     1108    1823    836     546     375     690     1098    1536    1866    1829    1776    1339    805     366     217     
4363   2008 1015    452     1533    356     934     1844    939     396     463     465     837     1496    1816    1885    1831    1310    956     550     157     
4363   2009 946     335     1577    -11     1043    1779    1013    -256    75      508     1234    1392    1525    1899    1906    1490    785     772     -21     
4363   2010 808     243     1495    -196    821     1894    847     -515    -36     464     877     1123    1731    2159    1787    1276    764     505     -479    
4363   2011 994     223     1592    -131    1025    1794    944     142     -47     439     1194    1447    1810    1730    1844    1520    951     361     466     
4363   2012 945     407     1532    139     1045    1764    952     181     -256    693     908     1528    1608    1840    1840    1448    884     528     85      
4363   2013 927     231     1530    22      708     1869    978     -16     -5      -105    885     1349    1739    2014    1849    1323    1086    520     419     
4363   2014 1073    549     1575    325     1049    1806    1142    90      481     688     1144    1320    1668    2072    1674    1562    1196    666     276     
4363   2015 1047    530     1547    244     905     1928    953     304     143     564     866     1285    1646    1984    2144    1333    774     759     693     
4363   2016 990     503     1607    346     924     1870    964     -31     377     444     820     1504    1866    1933    1811    1696    852     348     247     
4363   2017 997     365     1523    89      983     1844    1021    -178    209     693     781     1467    1816    1868    1848    1340    1153    564     340     
4363   2018 1084    403     1777    179     1049    2019    1035    355     -194    147     1296    1712    1909    2065    2078    1587    1028    490     442     
4363   2019 -999999 531     1638    318     983     2043    -999999 120     399     691     1025    1235    2203    1936    1994    1428    1103    -999999 -999999 
