EUROPEAN CLIMATE ASSESSMENT & DATASET (ECA&D), file created on: 13-11-2019
THESE DATA CAN BE USED FOR NON-COMMERCIAL RESEARCH AND EDUCATION PROVIDED THAT THE FOLLOWING SOURCE IS ACKNOWLEDGED: 

Klein Tank, A.M.G. and Coauthors, 2002. Daily dataset of 20th-century surface
air temperature and precipitation series for the European Climate Assessment.
Int. J. of Climatol., 22, 1441-1453.
Data and metadata available at http://www.ecad.eu

FILE FORMAT (MISSING VALUE CODE = -999999):

THIS FILE HOLDS DATA FOR STATION SPAIN                                    PRAT DE LLOBREGAT                        (STAID:   1402)
LATITUDE: dd:mm:ss +41:16:48
LONGITUDE: ddd:mm:ss +002:04:11
ELEVATION: m    6

DATA IS FOR INDEX Mean of daily mean temperature (TG) with unit 0.01 Temperature (&#176;C)

01-06 SOUID: Source identifier
08-11 YEAR : YYYY
13-20 ANNUAL DATA VALUES
21-28 WINTER HALF YEAR DATA VALUES
29-36 SUMMER HALF YEAR DATA VALUES
37-44 WINTER (DJF) DATA VALUES
45-52 SPRING (MAM) DATA VALUES
53-60 SUMMER (JJA) DATA VALUES
61-68 AUTUMN (SON) DATA VALUES
69-76 JANUARY DATA VALUES
etc. 
157-164 DECEMBER DATA VALUES

1402   1924 -999999 -999999 -999999 -999999 -999999 2100    1675    -999999 -999999 1313    -999999 1815    1993    2172    2131    1987    1720    1317    1007    
1402   1925 1671    1155    2094    978     1336    2433    1861    933     996     945     1341    1723    2340    2474    2483    2192    1967    1420    1188    
1402   1926 -999999 -999999 2180    -999999 1608    2405    2043    -999999 -999999 1464    1576    1782    2185    2498    2524    2506    2054    1568    1206    
1402   1927 -999999 -999999 2163    -999999 1615    2421    1890    -999999 1151    1414    1484    1942    2231    2499    2525    2281    1941    1447    -999999 
1402   1928 -999999 -999999 -999999 -999999 -999999 -999999 -999999 -999999 -999999 -999999 -999999 -999999 -999999 -999999 -999999 -999999 -999999 -999999 -999999 
1402   1929 -999999 -999999 -999999 -999999 -999999 -999999 -999999 -999999 -999999 -999999 -999999 -999999 -999999 -999999 -999999 -999999 -999999 -999999 -999999 
1402   1930 -999999 -999999 -999999 -999999 -999999 -999999 -999999 -999999 -999999 -999999 -999999 -999999 -999999 -999999 -999999 -999999 -999999 -999999 -999999 
1402   1931 -999999 -999999 -999999 -999999 -999999 -999999 -999999 -999999 -999999 -999999 -999999 -999999 -999999 -999999 -999999 -999999 -999999 -999999 -999999 
1402   1932 -999999 -999999 -999999 -999999 -999999 -999999 -999999 -999999 -999999 -999999 -999999 -999999 -999999 -999999 -999999 -999999 -999999 -999999 -999999 
1402   1933 -999999 -999999 -999999 -999999 -999999 -999999 -999999 -999999 -999999 -999999 -999999 -999999 -999999 -999999 -999999 -999999 -999999 -999999 -999999 
1402   1934 -999999 -999999 -999999 -999999 -999999 -999999 -999999 -999999 -999999 -999999 -999999 -999999 -999999 -999999 -999999 -999999 -999999 -999999 -999999 
1402   1935 -999999 -999999 -999999 -999999 -999999 -999999 -999999 -999999 -999999 -999999 -999999 -999999 -999999 -999999 -999999 -999999 -999999 -999999 -999999 
1402   1936 -999999 -999999 -999999 -999999 -999999 -999999 -999999 -999999 -999999 -999999 -999999 -999999 -999999 -999999 -999999 -999999 -999999 -999999 -999999 
1402   1937 -999999 -999999 -999999 -999999 -999999 -999999 -999999 -999999 -999999 -999999 -999999 -999999 -999999 -999999 -999999 -999999 -999999 -999999 -999999 
1402   1938 -999999 -999999 -999999 -999999 -999999 -999999 1798    -999999 -999999 -999999 -999999 -999999 -999999 2272    2340    2098    1804    1491    955     
1402   1939 -999999 -999999 -999999 -999999 -999999 -999999 -999999 -999999 -999999 -999999 -999999 -999999 -999999 -999999 -999999 -999999 -999999 -999999 -999999 
1402   1940 -999999 -999999 -999999 -999999 -999999 -999999 -999999 -999999 -999999 -999999 -999999 -999999 -999999 -999999 -999999 -999999 -999999 -999999 -999999 
1402   1941 -999999 -999999 -999999 -999999 -999999 -999999 -999999 -999999 -999999 -999999 -999999 -999999 -999999 -999999 -999999 -999999 -999999 -999999 -999999 
1402   1942 -999999 -999999 -999999 -999999 -999999 -999999 -999999 -999999 -999999 -999999 -999999 -999999 -999999 -999999 -999999 -999999 -999999 -999999 -999999 
1402   1943 -999999 -999999 -999999 -999999 -999999 -999999 -999999 -999999 -999999 -999999 -999999 -999999 -999999 -999999 -999999 -999999 -999999 -999999 -999999 
1402   1944 1497    -999999 1968    -999999 1380    2187    1618    825     674     999     1475    1669    2037    2215    2306    2097    1503    1258    879     
1402   1945 1589    1074    2034    851     1437    2262    1750    613     1082    1118    1466    1728    2123    2383    2274    2218    1780    1251    1010    
1402   1946 1513    1154    1942    938     1352    2162    1693    796     1015    1059    1399    1600    1872    2254    2350    2164    1748    1170    722     
1402   1947 1589    1068    2048    774     1444    2337    -999999 733     876     1207    1333    1789    2142    2461    2404    2153    -999999 1495    888     
1402   1948 1639    -999999 1987    978     1464    2209    1802    1069    977     1269    1408    1713    2076    2145    2402    2167    1766    1474    1174    
1402   1949 -999999 1257    -999999 1070    1416    -999999 1852    975     1059    1084    1495    1672    2098    2494    -999999 2376    1889    1290    1032    
1402   1950 1582    1194    2011    949     1341    2347    1784    813     1007    1115    1228    1676    2154    2487    2394    2109    1807    1436    725     
1402   1951 1509    1146    1880    840     1261    2158    1657    869     936     1092    1204    1486    1986    2269    2212    2113    1592    1270    1040    
1402   1952 1577    1115    2024    857     1446    2348    1689    696     832     1245    1389    1701    2202    2447    2391    2000    1808    1255    924     
1402   1953 1549    1087    1951    812     1361    2172    1728    712     800     1001    1334    1748    1922    2248    2336    2099    1728    1357    1250    
1402   1954 1510    1180    1848    940     1307    2079    1765    750     809     1155    1226    1536    1947    2113    2171    2083    1791    1419    1069    
1402   1955 1600    1253    1991    1092    1347    2275    1654    1195    1004    1024    1298    1717    2040    2384    2394    2096    1647    1220    1138    
1402   1956 1470    1100    1913    867     1359    2127    -999999 991     444     1125    1283    1668    1832    2224    2317    2141    -999999 1000    805     
1402   1957 1509    -999999 1883    890     1316    2141    1658    747     1144    1193    1264    1490    1884    2233    2297    2121    1660    1193    871     
1402   1958 1567    1115    1945    903     1334    2169    1757    857     990     1128    1189    1682    1975    2185    2340    2285    1680    1309    1147    
1402   1959 1583    1229    1964    1036    1434    2226    1654    914     1047    1263    1401    1636    2004    2367    2299    2066    1687    1207    1064    
1402   1960 1556    1194    1965    1003    1451    2224    1625    890     1060    1248    1349    1754    2137    2226    2306    2007    1587    1282    811     
1402   1961 1636    1139    2043    929     1494    2242    1765    853     1144    1165    1545    1754    2090    2344    2288    2233    1749    1313    1123    
1402   1962 1549    1220    1960    1051    1330    2218    1712    1072    950     1090    1327    1574    1967    2281    2398    2199    1825    1087    761     
1402   1963 1499    1062    1898    756     1367    2161    1688    763     743     1165    1330    1605    1966    2322    2189    1964    1720    1378    795     
1402   1964 1560    1121    2013    835     1396    2252    1705    745     974     1111    1268    1804    2086    2364    2303    2238    1611    1268    929     
1402   1965 1522    1087    1889    824     1348    2182    1651    835     689     1137    1281    1624    1995    2283    2263    1873    1776    1299    1087    
1402   1966 1561    1235    1953    1080    1393    2150    1650    951     1215    1079    1436    1664    2011    2177    2257    2164    1735    1047    969     
1402   1967 1577    1147    1947    937     1389    2218    1800    816     1036    1263    1286    1613    1925    2369    2352    2119    1879    1400    827     
1402   1968 1593    1202    1949    932     1393    2171    1788    956     1017    1125    1401    1654    1932    2280    2293    2123    1897    1341    1066    
1402   1969 1516    1219    1905    962     1389    2153    1636    982     825     1166    1327    1672    1863    2271    2315    1965    1770    1167    812     
1402   1970 1537    1109    1946    915     1265    2204    1769    974     964     957     1248    1590    1995    2283    2328    2221    1679    1399    771     
1402   1971 1542    1093    1985    862     1315    2240    1659    854     971     895     1405    1649    1920    2364    2424    2131    1787    1056    1001    
1402   1972 1468    1139    1794    945     1296    2069    1576    823     1016    1141    1268    1480    1874    2215    2111    1801    1566    1360    955     
1402   1973 1486    1084    1911    884     1219    2210    1636    872     820     931     1128    1596    1956    2303    2363    2101    1585    1224    901     
1402   1974 1488    1132    1874    956     1308    2135    1520    999     968     1103    1213    1605    1956    2198    2245    2013    1338    1215    964     
1402   1975 1506    1085    1902    992     1243    2202    1609    993     1024    974     1219    1535    1909    2308    2379    2044    1611    1172    872     
1402   1976 1495    1082    1923    881     1309    2240    1489    809     967     1055    1238    1633    2127    2348    2241    1936    1518    1014    1036    
1402   1977 1499    1118    1784    1009    1281    2009    1672    888     1114    1135    1229    1478    1848    2093    2081    1967    1814    1231    1080    
1402   1978 1489    1179    1823    957     1272    2043    1659    768     1031    1135    1183    1495    1847    2081    2195    2130    1622    1227    1127    
1402   1979 1537    1185    1910    1043    1305    2203    1630    958     1044    1122    1218    1571    2034    2274    2296    2052    1707    1127    1004    
1402   1980 1509    1155    1887    980     1292    2116    1709    859     1084    1140    1246    1487    1891    2059    2392    2239    1658    1233    807     
1402   1981 1563    1110    1931    810     1397    2177    1733    807     818     1314    1330    1545    2046    2143    2338    2179    1744    1276    1162    
1402   1982 1591    1229    1991    1089    1304    2297    1728    1095    1002    1074    1262    1575    2086    2487    2312    2212    1690    1282    974     
1402   1983 1579    1123    1982    866     1343    2280    1807    857     755     1146    1303    1578    2032    2462    2338    2164    1812    1444    996     
1402   1984 1476    1161    1838    920     1216    2116    1675    899     861     945     1286    1419    1853    2276    2209    1973    1630    1424    917     
1402   1985 1514    1091    1938    824     1269    2198    1720    515     1062    1006    1319    1482    1970    2342    2275    2233    1835    1088    1010    
1402   1986 1540    1123    1942    895     1321    2202    1763    852     817     1106    1153    1699    1955    2277    2365    2188    1799    1300    912     
1402   1987 1563    1138    1957    870     1316    2189    1790    793     910     1099    1341    1508    1904    2296    2359    2328    1806    1237    1129    
1402   1988 1568    1192    1973    986     1398    2226    1739    878     947     1141    1362    1689    1980    2309    2382    2097    1848    1269    890     
1402   1989 1641    1196    2008    931     1404    2321    1777    880     1031    1246    1290    1673    2013    2436    2504    2114    1780    1436    1236    
1402   1990 1667    1337    2085    1179    1470    2357    1797    1003    1312    1253    1346    1806    2125    2414    2525    2277    1842    1271    812     
1402   1991 1492    1170    1872    900     1221    2183    1620    957     936     1181    1186    1294    1890    2267    2382    2203    1515    1145    910     
1402   1992 1477    1034    1890    820     1342    2104    1619    705     846     1075    1265    1682    1755    2153    2393    2072    1501    1287    971     
1402   1993 1483    1064    1909    867     1269    2208    1574    790     836     985     1216    1603    2005    2208    2404    2002    1568    1152    977     
1402   1994 1682    1161    2100    971     1502    2426    1784    912     1030    1315    1379    1807    2116    2572    2581    2124    1736    1492    1073    
1402   1995 1663    1281    2008    1093    1435    2295    1780    1014    1202    1168    1380    1754    1986    2451    2437    2021    1911    1404    1193    
1402   1996 1617    1297    2002    1106    1438    2292    1650    1158    958     1140    1470    1705    2156    2334    2382    1954    1674    1321    1129    
1402   1997 1705    1272    2079    1103    1548    2314    1865    1017    1170    1313    1479    1848    2143    2305    2487    2198    1976    1419    1072    
1402   1998 1682    1330    2118    1093    1525    2394    1732    1094    1114    1285    1460    1829    2187    2485    2505    2227    1744    1224    991     
1402   1999 1675    1203    2140    993     1544    2392    1748    996     994     1251    1474    1904    2148    2436    2583    2281    1846    1115    1013    
1402   2000 1604    1211    2007    1005    1501    2240    1639    831     1181    1273    1432    1796    2087    2237    2391    2088    1632    1196    1086    
1402   2001 1533    1204    1916    1020    1423    2196    1634    999     970     1317    1327    1621    1997    2223    2361    1950    1853    1091    643     
1402   2002 1568    1097    1887    819     1312    2127    1825    852     978     1155    1296    1483    2000    2165    2211    2160    1852    1463    1168    
1402   2003 1747    1266    2259    1000    1530    2665    1807    915     908     1261    1465    1861    2512    2696    2781    2218    1722    1485    1085    
1402   2004 1716    1273    2140    1089    1428    2409    1911    1156    1020    1163    1413    1707    2242    2409    2569    2493    1971    1267    1150    
1402   2005 1648    1222    2149    976     1504    2443    1793    900     868     1146    1523    1844    2363    2535    2427    2187    1911    1277    748     
1402   2006 1743    1156    2210    824     1577    2481    1978    821     910     1248    1553    1930    2238    2721    2475    2325    2043    1563    1024    
1402   2007 1688    1360    2129    1087    1569    2370    1733    1032    1216    1272    1536    1898    2251    2435    2419    2222    1802    1173    974     
1402   2008 1644    1222    2092    1045    1470    2385    1705    1077    1087    1209    1458    1742    2147    2454    2545    2192    1764    1158    873     
1402   2009 1676    1122    2149    885     1462    2474    1838    839     949     1136    1386    1861    2268    2521    2627    2215    1869    1428    959     
1402   2010 1584    1158    2081    871     1360    2405    1710    788     863     1018    1411    1652    2090    2608    2508    2201    1736    1191    886     
1402   2011 1724    1142    2170    908     1571    2372    1950    841     1007    1176    1634    1905    2165    2382    2563    2359    1953    1540    1114    
1402   2012 1702    1259    2178    929     1568    2446    1860    953     707     1262    1491    1949    2286    2420    2627    2280    1883    1417    1110    
1402   2013 1694    1293    2095    1045    1477    2396    1878    1045    973     1300    1468    1662    2096    2567    2515    2245    2032    1353    1014    
1402   2014 1754    1327    2140    1082    1564    2376    1969    1105    1131    1308    1613    1772    2233    2414    2476    2327    2036    1542    1052    
1402   2015 1750    1318    2198    1006    1578    2528    1805    1001    960     1289    1519    1923    2346    2706    2528    2147    1809    1459    1253    
1402   2016 1746    1358    2141    1220    1480    2425    1887    1215    1190    1217    1473    1751    2208    2517    2542    2343    1891    1428    1155    
1402   2017 1756    1333    2202    1096    1594    2546    1831    896     1252    1373    1471    1933    2454    2566    2615    2154    2005    1328    991     
1402   2018 1778    1277    2247    1021    1564    2542    1901    1210    846     1242    1591    1859    2286    2618    2714    2399    1892    1413    1199    
1402   2019 -999999 1320    2157    1083    1503    2486    -999999 935     1119    1349    1485    1675    2207    2615    2628    2319    1979    -999999 -999999 
