EUROPEAN CLIMATE ASSESSMENT & DATASET (ECA&D), file created on: 13-11-2019
THESE DATA CAN BE USED FOR NON-COMMERCIAL RESEARCH AND EDUCATION PROVIDED THAT THE FOLLOWING SOURCE IS ACKNOWLEDGED: 

Klein Tank, A.M.G. and Coauthors, 2002. Daily dataset of 20th-century surface
air temperature and precipitation series for the European Climate Assessment.
Int. J. of Climatol., 22, 1441-1453.
Data and metadata available at http://www.ecad.eu

FILE FORMAT (MISSING VALUE CODE = -999999):

THIS FILE HOLDS DATA FOR STATION SVALBARD AND JAN MAYEN                   BARENTSBURG                              (STAID:  18777)
LATITUDE: dd:mm:ss +78:03:16
LONGITUDE: ddd:mm:ss +014:13:30
ELEVATION: m   40

DATA IS FOR INDEX Mean of daily mean temperature (TG) with unit 0.01 Temperature (&#176;C)

01-06 SOUID: Source identifier
08-11 YEAR : YYYY
13-20 ANNUAL DATA VALUES
21-28 WINTER HALF YEAR DATA VALUES
29-36 SUMMER HALF YEAR DATA VALUES
37-44 WINTER (DJF) DATA VALUES
45-52 SPRING (MAM) DATA VALUES
53-60 SUMMER (JJA) DATA VALUES
61-68 AUTUMN (SON) DATA VALUES
69-76 JANUARY DATA VALUES
etc. 
157-164 DECEMBER DATA VALUES

18777  1932 -446    -999999 -23     -999999 -832    425     -405    -1215   -1058   -1051   -1133   -322    213     569     485     20      -368    -869    -683    
18777  1933 -999999 -999999 -14     -999999 -988    403     -285    -999999 -868    -1448   -1277   -291    201     528     472     258     -495    -612    -693    
18777  1934 -345    -756    44      -941    -720    483     -199    -771    -1404   -621    -1228   -329    220     588     634     356     -329    -620    -732    
18777  1935 -467    -920    -100    -1113   -1033   447     -153    -1294   -1334   -1238   -1221   -646    186     599     547     -90     -91     -279    -807    
18777  1936 -523    -946    20      -1076   -1081   389     -318    -874    -1578   -2067   -1137   -40     167     482     512     105     -336    -723    -838    
18777  1937 -320    -805    87      -872    -671    422     -299    -304    -1538   -1160   -650    -202    190     543     525     93      -339    -649    -454    
18777  1938 -289    -713    12      -713    -812    431     -196    -816    -885    -1147   -954    -340    293     549     447     55      -110    -536    -85     
18777  1939 -438    -641    10      -713    -739    405     -363    -1077   -1007   -1062   -954    -209    64      615     527     -13     -381    -693    -1110   
18777  1940 -529    -1041   -37     -1176   -1091   374     -289    -938    -1499   -1643   -1454   -189    220     521     375     280     -396    -749    -929    
18777  1941 -999999 -1118   -999999 -1359   -1168   -999999 -999999 -1655   -1507   -1499   -1400   -613    117     575     -999999 -999999 -999999 -999999 -999999 
18777  1942 -999999 -999999 -999999 -999999 -999999 -999999 -999999 -999999 -999999 -999999 -999999 -999999 -999999 -999999 -999999 -999999 -999999 -999999 -999999 
18777  1943 -999999 -999999 -999999 -999999 -999999 -999999 -999999 -999999 -999999 -999999 -999999 -999999 -999999 -999999 -999999 -999999 -999999 -999999 -999999 
18777  1944 -999999 -999999 -999999 -999999 -999999 -999999 -999999 -999999 -999999 -999999 -999999 -999999 -999999 -999999 -999999 -999999 -999999 -999999 -999999 
18777  1945 -999999 -999999 -999999 -999999 -999999 -999999 -999999 -999999 -999999 -999999 -999999 -999999 -999999 -999999 -999999 -999999 -999999 -999999 -999999 
18777  1946 -999999 -999999 -999999 -999999 -999999 -999999 -999999 -999999 -999999 -999999 -999999 -999999 -999999 -999999 -999999 -999999 -999999 -999999 -999999 
18777  1947 -999999 -999999 -999999 -999999 -999999 -999999 -999999 -999999 -999999 -999999 -999999 -999999 -999999 -999999 -999999 -999999 -999999 -999999 -1286   
18777  1948 -722    -999999 -70     -1577   -1026   336     -517    -1850   -1598   -1509   -1006   -564    144     543     316     129     -362    -1323   -1614   
18777  1949 -514    -1135   -145    -1414   -881    305     -469    -1781   -785    -915    -1258   -482    143     413     354     -64     -808    -523    -472    
18777  1950 -345    -754    62      -756    -675    423     -100    -722    -1109   -918    -690    -418    130     618     511     202     -101    -403    -1297   
18777  1951 -641    -956    -86     -1222   -1110   406     -610    -1511   -820    -1573   -1287   -475    144     553     513     8       -440    -1403   -1422   
18777  1952 -616    -1367   -31     -1525   -1122   442     -301    -1398   -1772   -1792   -1122   -454    393     596     335     48      -409    -538    -1312   
18777  1953 -433    -1141   7       -1299   -1195   528     -59     -1417   -1153   -1998   -1261   -328    345     691     541     22      -71     -127    -483    
18777  1954 -281    -557    68      -630    -704    415     -230    -842    -557    -1251   -738    -125    238     524     477     12      -376    -323    -425    
18777  1955 -588    -818    -19     -1063   -794    331     -517    -1551   -1228   -1030   -811    -542    172     419     398     240     -571    -1218   -1374   
18777  1956 -410    -1071   -93     -1087   -1017   393     -267    -1050   -818    -1385   -1144   -526    107     584     478     -83     -395    -319    -384    
18777  1957 -325    -662    99      -724    -679    460     -127    -747    -1075   -1080   -719    -240    263     590     522     161     64      -611    -1093   
18777  1958 -477    -835    -24     -982    -937    389     -409    -740    -1127   -1521   -1051   -241    205     543     412     -36     -400    -792    -1032   
18777  1959 -477    -1160   20      -1414   -870    373     -999999 -1777   -1436   -1536   -888    -186    182     480     450     59      -79     -999999 -692    
18777  1960 -459    -779    130     -1086   -597    459     -416    -1004   -1597   -911    -750    -135    193     692     485     275     -784    -727    -1294   
18777  1961 -530    -1167   12      -1417   -921    491     -212    -1268   -1717   -1249   -1144   -377    266     628     570     101     -125    -615    -1521   
18777  1962 -697    -1156   -196    -1434   -1309   285     -328    -1334   -1449   -1901   -1311   -716    92      385     370     -18     -396    -567    -1558   
18777  1963 -777    -1397   -90     -1957   -1072   352     -497    -1986   -2366   -1575   -1308   -341    130     415     504     33      -232    -1302   -1433   
18777  1964 -577    -1183   -107    -1518   -885    315     -443    -1520   -1608   -1037   -1198   -431    41      409     487     23      -414    -938    -798    
18777  1965 -631    -1161   -40     -1236   -1077   347     -430    -1528   -1399   -1907   -823    -492    147     504     385     20      -567    -739    -1205   
18777  1966 -774    -1429   -119    -999999 -1276   387     -776    -2345   -1745   -2139   -932    -747    78      627     445     -205    -970    -1154   -549    
18777  1967 -666    -1274   -35     -1415   -876    350     -447    -2139   -1540   -1282   -950    -399    155     504     385     71      -638    -768    -1442   
18777  1968 -947    -1300   -206    -1524   -1254   284     -1082   -1634   -1494   -1822   -1387   -557    56      435     353     -163    -1401   -1671   -2091   
18777  1969 -694    -1749   -128    -1770   -1396   363     -333    -1510   -1702   -2114   -1713   -372    28      619     410     237     -197    -1039   -999    
18777  1970 -641    -1087   -101    -1382   -948    358     -510    -1405   -1780   -1138   -1398   -321    143     524     401     16      -384    -1166   -1294   
18777  1971 -679    -1281   -6      -1512   -1028   456     -735    -2096   -1109   -1620   -1190   -279    372     573     422     40      -681    -1567   -1039   
18777  1972 -999999 -937    31      -811    -791    458     -999999 -355    -1054   -954    -1123   -306    335     548     488     263     -999999 -999999 -999999 
18777  1973 -999999 -999999 -5      -999999 -839    367     -999999 -999999 -999999 -1322   -800    -395    218     530     349     53      -639    -999999 -1742   
18777  1974 -999999 -999999 -25     -999999 -999999 456     -273    -698    -999999 -999999 -1168   -435    211     637     511     66      -271    -614    -654    
18777  1975 -999999 -999999 -999999 -999999 -963    336     -999999 -999999 -1099   -1563   -944    -480    74      480     445     -999999 -639    -1024   -1739   
18777  1976 -410    -1091   1       -1411   -619    412     -367    -1304   -1173   -672    -923    -272    239     574     417     -53     -332    -717    -752    
18777  1977 -999999 -999999 -999999 -999999 -999999 360     -328    -999999 -999999 -999999 -999999 -489    77      537     456     16      -345    -654    -901    
18777  1978 -646    -1185   -7      -1483   -972    419     -503    -1791   -1786   -1673   -910    -330    146     585     518     -75     -454    -981    -1082   
18777  1979 -700    -1302   -178    -1619   -1302   379     -267    -1917   -1883   -1539   -1605   -772    -43     672     495     152     -362    -587    -1105   
18777  1980 -653    -1053   27      -1296   -943    445     -596    -1475   -1309   -1480   -1030   -322    317     565     448     162     -617    -1332   -1785   
18777  1981 -999999 -1497   -999999 -1713   -1232   -999999 -248    -2056   -1254   -1911   -1235   -549    -15     -999999 531     186     -294    -635    -1351   
18777  1982 -635    -1089   -135    -1574   -807    308     -515    -1802   -1568   -916    -1023   -490    82      465     369     -236    -467    -845    -1261   
18777  1983 -614    -1042   -49     -1300   -856    362     -555    -1087   -1579   -1059   -1171   -347    92      561     424     123     -558    -1231   -1625   
18777  1984 -292    -1080   68      -1099   -820    427     -150    -792    -866    -1398   -771    -291    188     599     486     175     -208    -417    -233    
18777  1985 -999999 -652    -999999 -742    -853    -999999 -439    -1129   -877    -1063   -1162   -345    256     688     -999999 93      -578    -828    -999999 
18777  1986 -593    -999999 -48     -999999 -980    489     -436    -1440   -1973   -1281   -1347   -323    303     649     508     -114    -376    -821    -1025   
18777  1987 -999999 -1025   -999999 -1204   -856    -999999 -999999 -1066   -1556   -1352   -850    -365    178     457     -999999 -98     -999999 -999999 -999999 
18777  1988 -999999 -999999 -999999 -999999 -999999 -999999 -999999 -1543   -1306   -1822   -999999 -301    -999999 633     -999999 -999999 -840    -1521   -2022   
18777  1989 -999999 -999999 64      -999999 -783    405     -430    -1626   -999999 -1398   -773    -177    231     518     461     103     -536    -853    -1424   
18777  1990 -365    -965    125     -992    -871    474     -284    -587    -961    -1425   -770    -414    242     630     541     510     -237    -1127   -833    
18777  1991 -999999 -824    -999999 -936    -754    -999999 -999999 -1121   -844    -795    -1097   -382    208     -999999 -999999 -999999 -999999 -999999 -999999 
18777  1992 -481    -999999 87      -999999 -700    416     -370    -1169   -1560   -1086   -690    -323    246     558     440     281     -770    -608    -1119   
18777  1993 -573    -1190   -22     -1418   -1069   517     -360    -1625   -1522   -1509   -1326   -381    174     759     606     4       -791    -277    -1051   
18777  1994 -562    -1008   6       -1342   -669    344     -690    -1536   -1447   -961    -629    -416    242     467     319     38      -815    -1288   -783    
18777  1995 -572    -1200   108     -1223   -799    461     -570    -1543   -1356   -1433   -665    -295    241     613     523     213     -601    -1321   -1296   
18777  1996 -470    -1061   -32     -1261   -693    376     -263    -949    -1559   -684    -912    -491    154     500     467     71      -375    -480    -1434   
18777  1997 -558    -1079   -65     -1499   -924    391     -393    -1617   -1440   -1145   -1280   -359    224     505     438     53      -476    -753    -912    
18777  1998 -560    -1156   8       -1492   -977    559     -286    -1739   -1859   -1249   -1124   -562    215     795     657     40      -379    -515    -1095   
18777  1999 -366    -830    71      -1096   -683    456     -230    -957    -1250   -813    -1018   -227    261     621     481     289     -602    -365    -875    
18777  2000 -378    -829    -32     -879    -993    406     -26     -796    -972    -1362   -1178   -446    174     555     480     197     104     -384    -942    
18777  2001 -438    -720    49      -872    -946    471     -441    -805    -869    -1427   -1081   -335    212     587     606     281     -501    -1102   -869    
18777  2002 -414    -1094   107     -1098   -901    549     -267    -1148   -1296   -1667   -633    -394    319     654     668     6       -302    -505    -724    
18777  2003 -581    -998    52      -1199   -935    492     -336    -1735   -1133   -1584   -914    -305    254     623     591     40      -382    -664    -1787   
18777  2004 -443    -1154   164     -1730   -445    505     -479    -1701   -1701   -708    -380    -244    264     727     516     83      -386    -1139   -707    
18777  2005 -345    -889    55      -738    -914    506     -347    -778    -729    -1587   -913    -243    320     611     581     -52     -556    -426    -394    
18777  2006 -234    -658    246     -552    -478    507     -330    -347    -955    -1292   -106    -23     360     620     537     75      -588    -469    -661    
18777  2007 -301    -698    65      -815    -636    498     -235    -914    -876    -693    -977    -251    352     637     501     103     -276    -531    -744    
18777  2008 -378    -724    60      -737    -844    425     -353    -649    -826    -1322   -981    -234    244     564     462     285     -539    -798    -757    
18777  2009 -367    -904    8       -989    -920    509     -149    -1158   -1060   -1122   -1481   -176    197     711     608     155     -344    -252    -544    
18777  2010 -406    -702    97      -765    -731    438     -393    -734    -1044   -1311   -795    -91     267     596     445     137     -287    -1032   -1076   
18777  2011 -334    -1043   217     -1248   -668    560     -153    -1446   -1221   -1212   -584    -206    402     655     618     403     -263    -595    -618    
18777  2012 -197    -471    95      -496    -547    478     -192    -341    -530    -484    -899    -270    311     601     515     294     -229    -639    -722    
18777  2013 -345    -766    155     -809    -799    550     -303    -734    -987    -1300   -897    -203    318     665     660     363     -446    -819    -806    
18777  2014 -999999 -999999 -999999 -999999 -999999 -999999 -202    -999999 -999999 -999999 -999999 -999999 -999999 -999999 -999999 152     -156    -603    -835    
18777  2015 -207    -702    207     -947    -487    595     -87     -685    -1361   -635    -553    -278    351     758     667     256     -150    -364    -601    
18777  2016 -999999 -453    -999999 -518    -388    -999999 -999999 -391    -566    -648    -613    90      412     843     -999999 -999999 -999999 -999999 -999999 
