EUROPEAN CLIMATE ASSESSMENT & DATASET (ECA&D), file created on: 13-11-2019
THESE DATA CAN BE USED FOR NON-COMMERCIAL RESEARCH AND EDUCATION PROVIDED THAT THE FOLLOWING SOURCE IS ACKNOWLEDGED: 

Klein Tank, A.M.G. and Coauthors, 2002. Daily dataset of 20th-century surface
air temperature and precipitation series for the European Climate Assessment.
Int. J. of Climatol., 22, 1441-1453.
Data and metadata available at http://www.ecad.eu

FILE FORMAT (MISSING VALUE CODE = -999999):

THIS FILE HOLDS DATA FOR STATION SWEDEN                                   ULLARED_A                                (STAID:   5256)
LATITUDE: dd:mm:ss +57:06:36
LONGITUDE: ddd:mm:ss +012:46:48
ELEVATION: m  122

DATA IS FOR INDEX Mean of daily mean temperature (TG) with unit 0.01 Temperature (&#176;C)

01-06 SOUID: Source identifier
08-11 YEAR : YYYY
13-20 ANNUAL DATA VALUES
21-28 WINTER HALF YEAR DATA VALUES
29-36 SUMMER HALF YEAR DATA VALUES
37-44 WINTER (DJF) DATA VALUES
45-52 SPRING (MAM) DATA VALUES
53-60 SUMMER (JJA) DATA VALUES
61-68 AUTUMN (SON) DATA VALUES
69-76 JANUARY DATA VALUES
etc. 
157-164 DECEMBER DATA VALUES

5256   1961 690     -999999 1170    -999999 656     1383    852     -269    161     367     647     953     1463    1381    1308    1261    1034    256     -304    
5256   1962 522     86      1013    -140    309     1259    663     -41     -67     -371    545     760     1221    1335    1221    985     785     213     -351    
5256   1963 527     -181    1195    -649    475     1484    776     -968    -626    -168    455     1138    1479    1501    1473    1108    757     462     -359    
5256   1964 592     54      1143    -262    527     1376    635     -135    -293    -116    576     1124    1374    1395    1357    1019    559     328     -108    
5256   1965 516     16      1112    -213    401     1361    570     -81     -475    -161    501     867     1443    1343    1298    1217    679     -191    -316    
5256   1966 533     -164    1123    -516    428     1477    652     -605    -639    43      204     1031    1587    1516    1330    1052    689     215     -114    
5256   1967 652     118     1152    -185    582     1431    821     -384    -45     332     384     1023    1295    1533    1460    1197    896     367     -276    
5256   1968 604     60      1190    -367    534     1518    685     -490    -334    183     603     820     1567    1455    1535    1151    660     244     -170    
5256   1969 592     -26     1235    -268    361     1612    730     -189    -466    -270    391     964     1542    1653    1639    1203    786     200     -419    
5256   1970 495     -154    1104    -601    347     1482    613     -607    -796    -139    163     1012    1613    1386    1450    981     675     181     -69     
5256   1971 650     82      1148    -80     467     1454    641     -135    -31     -136    439     1096    1312    1598    1448    971     752     197     232     
5256   1972 642     140     1137    -76     535     1482    596     -405    -53     106     453     1042    1368    1693    1382    858     578     352     306     
5256   1973 623     265     1148    103     571     1495    447     -53     52      336     372     999     1496    1659    1329    1018    342     -14     -102    
5256   1974 697     120     1125    54      585     1349    665     132     139     220     579     955     1333    1335    1379    1159    469     375     251     
5256   1975 739     238     1223    163     517     1553    731     268     -52     93      389     1065    1322    1624    1705    1209    711     275     194     
5256   1976 543     56      1125    -131    355     1486    631     -442    -144    -264    348     981     1362    1614    1477    945     605     342     -323    
5256   1977 610     35      1078    -294    485     1414    688     -242    -321    126     272     1051    1454    1432    1358    881     827     352     61      
5256   1978 577     131     1085    -151    494     1379    751     -80     -464    43      394     1044    1389    1376    1372    918     771     564     -467    
5256   1979 505     -62     1094    -572    442     1382    627     -595    -663    -19     367     974     1490    1334    1327    1058    522     306     -117    
5256   1980 551     -58     1168    -341    404     1485    601     -425    -490    -160    431     943     1480    1552    1423    1164    565     76      19      
5256   1981 547     47      1157    -148    557     1387    656     -329    -135    68      402     1196    1312    1452    1395    1164    580     226     -804    
5256   1982 633     -147    1181    -646    548     1488    822     -753    -352    215     480     946     1268    1669    1520    1184    820     462     65      
5256   1983 676     245     1194    -15     614     1470    663     278     -428    212     582     1047    1299    1595    1510    1109    744     132     -60     
5256   1984 -999999 75      -999999 -118    -999999 1438    765     -155    -142    -85     -999999 1165    1319    1450    1541    914     919     456     87      
5256   1985 460     -31     1084    -538    472     1385    563     -856    -876    17      274     1119    1284    1469    1398    933     808     -59     -99     
5256   1986 541     -88     1075    -446    483     1408    680     -426    -852    29      317     1098    1439    1497    1290    790     707     543     -40     
5256   1987 475     -61     1030    -430    347     1261    696     -958    -275    -344    516     873     1103    1416    1260    994     824     266     -12     
5256   1988 675     205     1228    82      506     1515    577     195     61      -113    410     1219    1598    1539    1411    1173    584     -26     25      
5256   1989 767     291     1181    248     689     1440    695     367     361     429     568     1066    1408    1544    1368    1119    805     156     -19     
5256   1990 763     347     1176    224     725     1442    626     279     431     432     663     1079    1415    1448    1460    975     725     175     50      
5256   1991 658     161     1118    -91     559     1422    710     -51     -292    316     529     831     1074    1656    1525    1070    694     366     103     
5256   1992 -999999 265     -999999 72      -999999 1568    551     -3      119     306     436     -999999 1654    1618    1435    1077    315     267     70      
5256   1993 607     113     1100    -13     707     1240    490     -33     -84     125     687     1310    1221    1303    1195    869     529     72      37      
5256   1994 698     75      1227    -108    605     1528    685     50      -443    156     635     1025    1183    1823    1567    1106    563     390     225     
5256   1995 651     217     1194    58      526     1534    706     -221    181     169     483     925     1356    1619    1623    1138    966     5       -459    
5256   1996 534     -72     1096    -447    411     1453    670     -360    -527    -82     494     823     1312    1386    1656    885     775     345     -341    
5256   1997 653     99      1223    -232    456     1655    591     -373    44      147     370     847     1475    1649    1836    1141    424     213     22      
5256   1998 637     171     1135    105     567     1314    609     0       314     69      514     1117    1248    1378    1315    1222    690     -88     -154    
5256   1999 708     80      1232    -112    588     1469    835     -32     -153    187     672     908     1314    1625    1463    1401    708     401     -45     
5256   2000 784     240     1203    56      701     1401    887     72      147     155     779     1173    1331    1474    1395    1054    995     609     209     
5256   2001 652     255     1176    2       467     1473    793     3       -229    -94     440     1055    1231    1658    1524    1127    1013    233     -211    
5256   2002 731     269     1329    36      698     1649    571     90      248     236     610     1244    1467    1663    1810    1152    415     152     -343    
5256   2003 672     -46     1256    -333    565     1583    671     -259    -404    132     525     1036    1489    1705    1550    1212    348     462     194     
5256   2004 665     110     1192    -99     622     1426    690     -422    -68     145     651     1072    1239    1400    1633    1137    717     214     230     
5256   2005 697     -999999 1206    -999999 492     1481    795     -999999 -189    -122    598     983     1304    1659    1473    1205    795     384     -26     
5256   2006 753     23      1319    -223    380     1639    1016    -402    -244    -385    453     1073    1491    1858    1562    1459    1001    589     512     
5256   2007 797     -999999 1244    -999999 749     1517    625     -999999 -74     459     714     1075    1570    1448    1534    1113    549     215     239     
5256   2008 770     273     1247    247     645     1516    717     231     273     128     639     1167    1403    1662    1480    1110    763     278     81      
5256   2009 705     164     1287    -78     692     1528    745     -121    -205    157     862     1063    1351    1663    1564    1208    490     545     -168    
5256   2010 505     -29     1206    -404    488     1550    574     -650    -393    -16     555     928     1310    1795    1536    1087    579     55      -784    
5256   2011 752     -89     1300    -437    662     1550    856     -232    -279    113     857     1022    1469    1672    1507    1260    770     539     261     
5256   2012 641     262     1165    -46     662     1412    737     -54     -365    387     441     1151    1201    1546    1483    1145    623     448     -357    
5256   2013 674     -17     1211    -301    453     1513    764     -284    -258    -285    412     1231    1389    1652    1495    1062    851     375     374     
5256   2014 843     378     1309    184     795     1560    916     -79     265     468     788     1131    1380    1850    1444    1247    960     541     86      
5256   2015 769     355     1157    95      588     1450    811     141     53      329     586     848     1216    1518    1609    1148    750     537     441     
5256   2016 740     283     1300    56      688     1531    741     -314    39      237     550     1271    1556    1587    1451    1371    674     182     253     
5256   2017 734     217     1214    54      640     1467    784     -87     -9      268     493     1153    1439    1504    1458    1223    827     300     187     
5256   2018 815     156     1463    -16     704     1738    821     68      -335    -154    742     1526    1638    1958    1614    1275    797     393     167     
5256   2019 -999999 315     1299    111     694     1617    -999999 -75     254     353     771     959     1649    1628    1576    1200    739     -999999 -999999 
