EUROPEAN CLIMATE ASSESSMENT & DATASET (ECA&D), file created on: 13-11-2019
THESE DATA CAN BE USED FOR NON-COMMERCIAL RESEARCH AND EDUCATION PROVIDED THAT THE FOLLOWING SOURCE IS ACKNOWLEDGED: 

Klein Tank, A.M.G. and Coauthors, 2002. Daily dataset of 20th-century surface
air temperature and precipitation series for the European Climate Assessment.
Int. J. of Climatol., 22, 1441-1453.
Data and metadata available at http://www.ecad.eu

FILE FORMAT (MISSING VALUE CODE = -999999):

THIS FILE HOLDS DATA FOR STATION NORWAY                                   STROEMTANGEN FYR                         (STAID:  18167)
LATITUDE: dd:mm:ss +59:09:05
LONGITUDE: ddd:mm:ss +010:49:44
ELEVATION: m   10

DATA IS FOR INDEX Mean of daily mean temperature (TG) with unit 0.01 Temperature (&#176;C)

01-06 SOUID: Source identifier
08-11 YEAR : YYYY
13-20 ANNUAL DATA VALUES
21-28 WINTER HALF YEAR DATA VALUES
29-36 SUMMER HALF YEAR DATA VALUES
37-44 WINTER (DJF) DATA VALUES
45-52 SPRING (MAM) DATA VALUES
53-60 SUMMER (JJA) DATA VALUES
61-68 AUTUMN (SON) DATA VALUES
69-76 JANUARY DATA VALUES
etc. 
157-164 DECEMBER DATA VALUES

18167  1994 -999999 -999999 -999999 -999999 -999999 -999999 -999999 -999999 -999999 -999999 -999999 -999999 1330    1921    -999999 -999999 -999999 434     359     
18167  1995 -999999 -999999 -999999 -999999 539     1642    -999999 12      227     208     504     924     1427    1669    1832    1264    -999999 -999999 -999999 
18167  1996 -999999 -999999 -999999 -999999 -999999 -999999 830     -999999 -999999 -999999 -999999 834     -999999 -999999 -999999 1155    978     352     -167    
18167  1997 813     218     1426    -109    559     1845    840     -224    89      299     -999999 898     1583    1886    2057    1460    739     323     39      
18167  1998 -999999 277     1204    139     561     1465    -999999 87      304     182     437     1076    1318    1552    1523    1308    764     -999999 -999999 
18167  1999 771     -999999 -999999 -999999 555     -999999 1013    -77     -25     146     613     908     -999999 1766    1670    1548    902     611     63      
18167  2000 869     377     1272    157     698     1514    1019    210     202     273     623     1197    1343    1595    1598    1256    1078    720     304     
18167  2001 731     287     1281    -21     507     1620    973     -74     -323    -29     440     1108    1406    1768    1680    1274    1086    545     -149    
18167  2002 807     353     1462    57      739     1798    692     76      265     320     655     1238    1619    1729    2041    1469    559     53      -377    
18167  2003 -999999 4       -999999 -248    563     1770    -999999 -234    -123    136     564     989     1593    1902    1811    -999999 640     -999999 337     
18167  2004 826     -999999 1356    75      688     1616    901     -153    39      209     681     1174    1416    1598    1828    1423    865     415     389     
18167  2005 845     342     1324    260     531     1628    1025    347     19      -11     641     968     1392    1834    1649    1446    966     664     172     
18167  2006 870     205     1428    -51     455     1772    1146    -106    -238    -256    479     1141    1486    1960    1860    1619    1063    760     589     
18167  2007 871     516     1359    270     752     1673    915     292     -108    447     751     1058    1646    1647    1727    1313    947     468     175     
18167  2008 901     419     1370    282     699     1697    935     314     362     249     689     1158    1563    1832    1692    1268    990     547     132     
18167  2009 784     280     1400    -27     717     1663    886     41      -277    205     772     1176    1528    1759    1697    1454    665     545     -222    
18167  2010 553     -17     1288    -483    576     1621    658     -669    -567    110     577     1040    1447    1744    1668    1235    759     -24     -756    
18167  2011 833     -65     1378    -422    652     1663    1021    -165    -337    105     744     1110    1528    1788    1670    1416    1020    628     404     
18167  2012 752     412     1283    114     730     1563    850     22      -98     471     530     1184    1346    1652    1683    1281    743     530     -350    
18167  2013 782     47      1325    -290    490     1663    942     -290    -225    -135    431     1172    1456    1784    1743    1342    939     544     546     
18167  2014 933     451     1446    246     794     1770    1031    -60     252     470     769     1141    1549    2038    1716    1442    1083    565     186     
18167  2015 892     457     1287    232     675     1567    978     279     230     382     697     948     1386    1589    1721    1371    921     643     492     
18167  2016 829     348     1407    66      709     1676    898     -376    83      316     620     1187    1647    1740    1639    1598    770     331     376     
18167  2017 838     328     1303    183     654     1605    939     168     -15     302     551     1106    1494    1698    1620    1332    965     520     249     
18167  2018 851     240     1482    34      611     1814    964     61      -234    -155    555     1430    1698    2023    1717    1443    942     509     142     
18167  2019 -999999 354     1366    105     731     1665    -999999 -28     213     339     810     1045    1486    1746    1757    1337    764     -999999 -999999 
