EUROPEAN CLIMATE ASSESSMENT & DATASET (ECA&D), file created on: 13-11-2019
THESE DATA CAN BE USED FOR NON-COMMERCIAL RESEARCH AND EDUCATION PROVIDED THAT THE FOLLOWING SOURCE IS ACKNOWLEDGED: 

Klein Tank, A.M.G. and Coauthors, 2002. Daily dataset of 20th-century surface
air temperature and precipitation series for the European Climate Assessment.
Int. J. of Climatol., 22, 1441-1453.
Data and metadata available at http://www.ecad.eu

FILE FORMAT (MISSING VALUE CODE = -999999):

THIS FILE HOLDS DATA FOR STATION FINLAND                                  YLITORNIO MELTOSJARVI                    (STAID:   7784)
LATITUDE: dd:mm:ss +66:31:44
LONGITUDE: ddd:mm:ss +024:39:11
ELEVATION: m   92

DATA IS FOR INDEX Mean of daily mean temperature (TG) with unit 0.01 Temperature (&#176;C)

01-06 SOUID: Source identifier
08-11 YEAR : YYYY
13-20 ANNUAL DATA VALUES
21-28 WINTER HALF YEAR DATA VALUES
29-36 SUMMER HALF YEAR DATA VALUES
37-44 WINTER (DJF) DATA VALUES
45-52 SPRING (MAM) DATA VALUES
53-60 SUMMER (JJA) DATA VALUES
61-68 AUTUMN (SON) DATA VALUES
69-76 JANUARY DATA VALUES
etc. 
157-164 DECEMBER DATA VALUES

7784   1964 84      -999999 823     -999999 -76     1242    165     -715    -1362   -803    -115    689     1080    1429    1210    613     434     -551    -994    
7784   1965 -60     -716    789     -1105   -202    1195    -7      -1204   -1115   -872    -68     340     1208    1279    1098    866     103     -995    -1467   
7784   1966 -136    -1303   826     -1885   -354    1386    62      -1990   -2220   -1356   -286    582     1485    1514    1164    469     -74     -218    -895    
7784   1967 49      -744    934     -1313   126     1353    335     -2130   -854    -249    26      598     1192    1423    1440    903     113     -5      -1923   
7784   1968 -120    -1006   765     -1838   -107    1250    -265    -1928   -1651   -650    -35     366     1318    1296    1138    492     -541    -769    -581    
7784   1969 -25     -994    863     -1225   -257    1438    70      -1386   -1737   -989    -183    404     1301    1507    1498    638     205     -661    -1004   
7784   1970 23      -853    924     -1403   -59     1496    -15     -1414   -1831   -494    -309    617     1555    1590    1345    720     115     -914    -885    
7784   1971 -67     -890    794     -1089   -351    1302    -175    -1073   -1332   -1298   -278    526     1218    1439    1246    588     -44     -1073   -854    
7784   1972 177     -796    974     -1034   -32     1540    22      -1172   -1085   -587    -28     518     1490    1802    1328    713     75      -749    -324    
7784   1973 34      -538    916     -679    1       1495    -305    -668    -1071   -555    -13     570     1413    1898    1172    426     -384    -954    -1637   
7784   1974 242     -807    963     -1026   34      1410    161     -788    -657    -465    24      543     1417    1546    1265    966     64      -544    -527    
7784   1975 145     -497    851     -753    136     1187    169     -1035   -692    -270    -90     761     1093    1344    1122    854     58      -402    -1093   
7784   1976 -66     -870    824     -1326   -52     1249    -155    -1864   -992    -925    -72     841     1104    1359    1281    397     -207    -670    -1094   
7784   1977 -21     -867    747     -1231   -139    1218    18      -1154   -1466   -668    -224    473     1100    1416    1133    555     -31     -467    -1067   
7784   1978 -112    -850    843     -1320   -32     1284    -70     -1331   -1589   -673    -169    743     1282    1443    1128    604     -24     -792    -2126   
7784   1979 28      -1102   918     -1775   -13     1430    49      -1775   -1401   -546    -187    688     1377    1536    1375    688     -136    -399    -976    
7784   1980 -68     -929    1000    -1382   -61     1489    -167    -1597   -1585   -905    106     621     1608    1618    1244    784     -106    -1181   -1471   
7784   1981 -110    -1118   835     -1364   -229    1212    99      -1214   -1413   -1353   -81     750     1003    1503    1123    685     181     -572    -2018   
7784   1982 56      -954    820     -1660   33      1228    159     -2035   -863    -429    -12     540     923     1529    1222    690     47      -256    -808    
7784   1983 59      -622    966     -968    130     1296    -95     -899    -1221   -642    189     845     1217    1525    1144    856     94      -1241   -1298   
7784   1984 113     -913    909     -1140   30      1265    46      -1433   -655    -960    17      1032    1247    1395    1154    579     178     -620    -671    
7784   1985 -214    -1049   841     -1736   -138    1360    66      -2315   -2275   -657    -236    475     1264    1527    1285    705     196     -736    -1952   
7784   1986 2       -1003   843     -1735   91      1346    160     -1794   -1428   -328    -136    730     1545    1493    1006    398     259     -180    -1678   
7784   1987 -127    -1031   785     -1791   -150    1174    198     -2197   -1462   -961    -89     602     1184    1336    1002    658     575     -652    -1600   
7784   1988 51      -752    968     -1272   -43     1475    -30     -1075   -1133   -646    -214    726     1440    1759    1225    842     61      -996    -1427   
7784   1989 222     -671    991     -978    270     1371    141     -732    -752    -200    211     798     1374    1433    1306    808     -33     -369    -1271   
7784   1990 172     -654    915     -1017   106     1350    -46     -1497   -174    -477    120     675     1238    1481    1328    626     146     -917    -514    
7784   1991 82      -784    850     -1079   -87     1359    154     -1081   -1701   -730    37      435     1122    1559    1389    527     148     -214    -649    
7784   1992 144     -380    868     -659    103     1240    -215    -739    -584    -250    -297    842     1428    1271    1026    920     -717    -831    -372    
7784   1993 65      -687    767     -667    20      1209    -113    -864    -778    -572    -105    733     935     1515    1168    321     -259    -397    -988    
7784   1994 56      -920    919     -1391   -6      1380    34      -1592   -1615   -719    204     502     1216    1583    1335    653     47      -599    -465    
7784   1995 68      -485    859     -691    49      1354    -81     -866    -746    -311    -54     508     1470    1344    1253    614     180     -1045   -1587   
7784   1996 66      -880    843     -1278   -72     1349    142     -845    -1410   -611    -59     456     1144    1371    1527    593     286     -459    -1261   
7784   1997 108     -683    912     -1145   -148    1522    45      -1118   -1048   -526    -381    455     1391    1725    1447    808     -70     -598    -880    
7784   1998 -21     -842    827     -1144   -216    1295    55      -1036   -1554   -972    -247    569     1163    1574    1143    733     143     -714    -1166   
7784   1999 97      -837    940     -1307   36      1346    329     -1534   -1211   -569    151     530     1516    1505    1023    910     244     -165    -1291   
7784   2000 224     -628    951     -1104   101     1362    389     -1111   -897    -551    80      773     1233    1587    1262    749     519     -104    -891    
7784   2001 65      -590    944     -975    -171    1402    135     -655    -1422   -1051   -11     555     1411    1547    1249    899     148     -642    -1349   
7784   2002 61      -778    1086    -1170   152     1563    -267    -1361   -759    -699    264     895     1519    1671    1498    642     -263    -1180   -1547   
7784   2003 137     -995    969     -1443   143     1460    163     -1965   -751    -249    -69     741     1197    1902    1275    735     69      -313    -979    
7784   2004 119     -682    949     -1091   68      1339    54      -1094   -1208   -590    127     689     1128    1601    1275    847     69      -753    -669    
7784   2005 244     -630    989     -743    -69     1470    368     -679    -895    -881    133     548     1323    1700    1382    823     339     -57     -880    
7784   2006 161     -670    1053    -1070   -38     1491    58      -960    -1401   -1114   221     788     1336    1543    1589    814     -135    -499    -365    
7784   2007 184     -682    929     -1101   206     1370    205     -1277   -1722   -188    128     674     1281    1482    1345    639     433     -465    -282    
7784   2008 173     -423    832     -595    -30     1237    90      -740    -774    -730    50      594     1180    1446    1082    622     207     -564    -340    
7784   2009 138     -586    978     -866    88      1362    190     -1071   -1222   -586    -68     915     1238    1463    1380    913     -230    -98     -1066   
7784   2010 -28     -906    987     -1418   75      1344    -9      -1474   -1744   -879    169     937     1183    1641    1201    765     275     -1076   -1469   
7784   2011 246     -972    1078    -1517   160     1500    409     -1293   -1817   -535    308     712     1498    1710    1292    949     331     -49     -261    
7784   2012 52      -489    852     -938    35      1282    173     -1091   -1499   -414    -135    649     1120    1481    1241    732     42      -249    -1310   
7784   2013 179     -792    1064    -1140   -50     1463    175     -1204   -880    -1138   -59     1048    1475    1502    1411    980     110     -562    -595    
7784   2014 266     -482    1027    -746    200     1480    149     -1323   -275    -232    115     715     1152    1855    1423    870     25      -445    -720    
7784   2015 271     -485    945     -788    225     1278    340     -1142   -473    -154    182     646     1086    1321    1420    996     113     -81     -697    
7784   2016 200     -552    1041    -1007   267     1388    190     -1646   -656    -334    157     975     1245    1691    1223    927     210     -566    -852    
7784   2017 124     -590    840     -913    -76     1321    181     -954    -936    -475    -144    390     1177    1516    1265    815     160     -431    -972    
7784   2018 190     -796    1103    -1203   83      1530    266     -1198   -1464   -926    71      1102    1169    1992    1417    826     67      -87     -813    
7784   2019 -999999 -686    961     -1182   108     1366    -999999 -1688   -1030   -581    243     667     1346    1435    1315    740     -90     -999999 -999999 
