EUROPEAN CLIMATE ASSESSMENT & DATASET (ECA&D), file created on: 13-11-2019
THESE DATA CAN BE USED FOR NON-COMMERCIAL RESEARCH AND EDUCATION PROVIDED THAT THE FOLLOWING SOURCE IS ACKNOWLEDGED: 

Klein Tank, A.M.G. and Coauthors, 2002. Daily dataset of 20th-century surface
air temperature and precipitation series for the European Climate Assessment.
Int. J. of Climatol., 22, 1441-1453.
Data and metadata available at http://www.ecad.eu

FILE FORMAT (MISSING VALUE CODE = -999999):

THIS FILE HOLDS DATA FOR STATION GERMANY                                  ARNIS                                    (STAID:   4169)
LATITUDE: dd:mm:ss +54:37:50
LONGITUDE: ddd:mm:ss +009:55:50
ELEVATION: m    3

DATA IS FOR INDEX Mean of daily mean temperature (TG) with unit 0.01 Temperature (&#176;C)

01-06 SOUID: Source identifier
08-11 YEAR : YYYY
13-20 ANNUAL DATA VALUES
21-28 WINTER HALF YEAR DATA VALUES
29-36 SUMMER HALF YEAR DATA VALUES
37-44 WINTER (DJF) DATA VALUES
45-52 SPRING (MAM) DATA VALUES
53-60 SUMMER (JJA) DATA VALUES
61-68 AUTUMN (SON) DATA VALUES
69-76 JANUARY DATA VALUES
etc. 
157-164 DECEMBER DATA VALUES

4169   1946 854     -999999 1389    -999999 799     1591    922     25      221     265     911     1225    1403    1789    1576    1414    803     552     33      
4169   1947 833     88      1505    -266    658     1790    1034    -268    -595    -52     744     1284    1714    1779    1875    1617    945     544     314     
4169   1948 920     441     1395    222     860     1618    962     225     122     477     904     1201    1495    1707    1648    1405    943     539     341     
4169   1949 954     440     1404    308     750     1581    1143    248     336     228     847     1179    1436    1706    1596    1650    1185    592     411     
4169   1950 891     511     1393    257     815     1682    922     89      272     494     706     1243    1609    1664    1770    1352    895     519     42      
4169   1951 892     323     1344    116     635     1614    1033    142     171     162     692     1053    1522    1600    1717    1470    880     754     505     
4169   1952 790     437     1302    271     743     1546    733     134     169     175     886     1173    1372    1605    1655    1105    800     291     95      
4169   1953 937     298     1395    92      821     1655    1067    127     48      402     808     1253    1634    1721    1608    1334    1131    735     386     
4169   1954 814     395     1276    71      683     1520    958     36      -241    272     555     1219    1537    1490    1534    1310    1055    506     414     
4169   1955 809     302     1348    71      527     1689    981     -91     -129    20      618     947     1340    1854    1862    1448    925     573     279     
4169   1956 750     253     1244    -56     617     1476    913     112     -596    179     483     1184    1364    1702    1360    1357    928     455     409     
4169   1957 878     482     1269    346     702     1603    922     265     364     458     672     974     1530    1714    1564    1149    1011    604     196     
4169   1958 -999999 -999999 -999999 -999999 -999999 -999999 -999999 -999999 -999999 -999999 -999999 -999999 -999999 -999999 -999999 -999999 -999999 -999999 -999999 
4169   1959 -999999 -999999 -999999 -999999 -999999 -999999 -999999 -999999 -999999 -999999 -999999 -999999 -999999 -999999 -999999 -999999 -999999 -999999 -999999 
4169   1960 -999999 -999999 -999999 -999999 -999999 -999999 -999999 -999999 -999999 -999999 -999999 -999999 -999999 -999999 -999999 -999999 -999999 -999999 -999999 
4169   1961 -999999 -999999 -999999 -999999 -999999 -999999 -999999 -999999 -999999 -999999 -999999 -999999 -999999 -999999 -999999 -999999 -999999 -999999 -999999 
4169   1962 -999999 -999999 -999999 -999999 -999999 -999999 -999999 -999999 -999999 -999999 -999999 -999999 -999999 -999999 -999999 -999999 -999999 -999999 -999999 
4169   1963 -999999 -999999 -999999 -999999 -999999 -999999 -999999 -999999 -999999 -999999 -999999 -999999 -999999 -999999 -999999 -999999 -999999 -999999 -999999 
4169   1964 -999999 -999999 -999999 -999999 -999999 -999999 -999999 -999999 -999999 -999999 -999999 -999999 -999999 -999999 -999999 -999999 -999999 -999999 -999999 
4169   1965 -999999 -999999 -999999 -999999 -999999 -999999 -999999 -999999 -999999 -999999 -999999 -999999 -999999 -999999 -999999 -999999 -999999 -999999 -999999 
4169   1966 -999999 -999999 -999999 -999999 -999999 -999999 -999999 -999999 -999999 -999999 -999999 -999999 -999999 -999999 -999999 -999999 -999999 -999999 -999999 
4169   1967 -999999 -999999 -999999 -999999 -999999 -999999 -999999 -999999 -999999 -999999 -999999 -999999 -999999 -999999 -999999 -999999 -999999 -999999 -999999 
4169   1968 -999999 -999999 -999999 -999999 -999999 -999999 -999999 -999999 -999999 -999999 -999999 -999999 -999999 -999999 -999999 -999999 -999999 -999999 -999999 
4169   1969 -999999 -999999 -999999 -999999 -999999 -999999 -999999 -999999 -999999 -999999 -999999 -999999 -999999 -999999 -999999 -999999 -999999 -999999 -999999 
4169   1970 -999999 -999999 -999999 -999999 -999999 -999999 -999999 -999999 -999999 -999999 -999999 -999999 -999999 -999999 -999999 -999999 -999999 -999999 -999999 
4169   1971 -999999 -999999 -999999 -999999 -999999 -999999 -999999 -999999 -999999 -999999 -999999 -999999 -999999 -999999 -999999 -999999 -999999 -999999 -999999 
4169   1972 -999999 -999999 -999999 -999999 -999999 -999999 -999999 -999999 -999999 -999999 -999999 -999999 -999999 -999999 -999999 -999999 -999999 -999999 -999999 
4169   1973 -999999 -999999 -999999 -999999 -999999 -999999 -999999 -999999 -999999 -999999 -999999 -999999 -999999 -999999 -999999 -999999 -999999 -999999 -999999 
4169   1974 -999999 -999999 -999999 -999999 -999999 -999999 -999999 -999999 -999999 -999999 -999999 -999999 -999999 -999999 -999999 -999999 -999999 -999999 -999999 
4169   1975 -999999 -999999 -999999 -999999 -999999 -999999 -999999 -999999 -999999 -999999 -999999 -999999 -999999 -999999 -999999 -999999 -999999 -999999 -999999 
4169   1976 -999999 -999999 -999999 -999999 -999999 -999999 -999999 -999999 -999999 -999999 -999999 -999999 -999999 -999999 -999999 -999999 -999999 -999999 -999999 
4169   1977 -999999 -999999 -999999 -999999 -999999 -999999 -999999 -999999 -999999 -999999 -999999 -999999 -999999 -999999 -999999 -999999 -999999 -999999 -999999 
4169   1978 -999999 -999999 -999999 -999999 -999999 -999999 -999999 -999999 -999999 -999999 -999999 -999999 -999999 -999999 -999999 -999999 -999999 -999999 -999999 
4169   1979 -999999 -999999 -999999 -999999 -999999 -999999 -999999 -999999 -999999 -999999 -999999 -999999 -999999 -999999 -999999 -999999 -999999 -999999 -999999 
4169   1980 -999999 -999999 -999999 -999999 -999999 -999999 -999999 -999999 -999999 -999999 -999999 -999999 -999999 -999999 -999999 -999999 -999999 -999999 -999999 
4169   1981 -999999 -999999 -999999 -999999 -999999 -999999 -999999 -999999 -999999 -999999 -999999 -999999 -999999 -999999 -999999 -999999 -999999 -999999 -999999 
4169   1982 -999999 -999999 -999999 -999999 -999999 -999999 -999999 -999999 -999999 -999999 -999999 -999999 -999999 -999999 -999999 -999999 -999999 -999999 -999999 
4169   1983 -999999 -999999 -999999 -999999 -999999 -999999 -999999 -999999 -999999 -999999 -999999 -999999 -999999 -999999 -999999 -999999 -999999 -999999 -999999 
4169   1984 -999999 -999999 -999999 -999999 -999999 -999999 -999999 -999999 -999999 -999999 -999999 -999999 -999999 -999999 -999999 -999999 -999999 -999999 -999999 
4169   1985 -999999 -999999 -999999 -999999 -999999 -999999 -999999 -999999 -999999 -999999 -999999 -999999 -999999 -999999 -999999 -999999 -999999 -999999 -999999 
4169   1986 -999999 -999999 -999999 -999999 -999999 -999999 -999999 -999999 -999999 -999999 -999999 -999999 -999999 -999999 -999999 -999999 -999999 -999999 -999999 
4169   1987 -999999 -999999 -999999 -999999 -999999 -999999 -999999 -999999 -999999 -999999 -999999 -999999 -999999 -999999 -999999 -999999 -999999 -999999 -999999 
4169   1988 -999999 -999999 -999999 -999999 -999999 -999999 -999999 -999999 -999999 -999999 -999999 -999999 -999999 -999999 -999999 -999999 -999999 -999999 -999999 
4169   1989 -999999 -999999 -999999 -999999 -999999 -999999 -999999 -999999 -999999 -999999 -999999 -999999 -999999 -999999 -999999 -999999 -999999 -999999 -999999 
4169   1990 -999999 -999999 -999999 -999999 -999999 -999999 -999999 -999999 -999999 -999999 -999999 -999999 -999999 -999999 -999999 -999999 -999999 -999999 -999999 
4169   1991 -999999 -999999 -999999 -999999 -999999 -999999 -999999 -999999 -999999 -999999 -999999 -999999 -999999 -999999 -999999 -999999 -999999 -999999 -999999 
4169   1992 -999999 -999999 -999999 -999999 -999999 -999999 -999999 -999999 -999999 -999999 -999999 -999999 -999999 -999999 -999999 -999999 -999999 -999999 -999999 
4169   1993 -999999 -999999 -999999 -999999 -999999 -999999 -999999 -999999 -999999 -999999 -999999 -999999 -999999 -999999 -999999 -999999 -999999 -999999 -999999 
4169   1994 -999999 -999999 -999999 -999999 -999999 -999999 -999999 -999999 -999999 -999999 -999999 -999999 -999999 -999999 -999999 -999999 -999999 -999999 -999999 
4169   1995 -999999 -999999 -999999 -999999 -999999 -999999 -999999 -999999 -999999 -999999 -999999 -999999 -999999 -999999 -999999 -999999 -999999 -999999 -999999 
4169   1996 -999999 -999999 -999999 -999999 -999999 -999999 -999999 -999999 -999999 -999999 -999999 -999999 -999999 -999999 -999999 -999999 -999999 -999999 -999999 
4169   1997 -999999 -999999 -999999 -999999 -999999 -999999 -999999 -999999 -999999 -999999 -999999 -999999 -999999 -999999 -999999 -999999 -999999 -999999 -999999 
4169   1998 -999999 -999999 -999999 -999999 -999999 -999999 -999999 -999999 -999999 -999999 -999999 -999999 -999999 -999999 -999999 -999999 -999999 -999999 -999999 
4169   1999 -999999 -999999 -999999 -999999 -999999 -999999 1150    -999999 -999999 -999999 -999999 -999999 -999999 -999999 1696    1729    1073    643     327     
4169   2000 993     567     1363    410     862     1534    1097    393     516     492     816     1271    1445    1514    1638    1417    1141    755     467     
4169   2001 913     509     1351    298     692     1649    1093    236     188     254     598     1222    1345    1808    1785    1324    1321    634     176     
4169   2002 999     576     1501    -999999 838     1787    1011    332     -999999 507     727     1274    1613    1734    2008    1605    875     558     149     
4169   2003 942     347     1479    70      779     1814    1008    120     -73     417     683     1234    1648    1892    1898    1514    782     736     416     
4169   2004 936     463     1373    271     794     1611    1052    85      313     446     806     1131    1422    1579    1825    1462    1093    600     382     
4169   2005 949     475     1387    300     703     1628    1162    412     99      221     747     1144    1478    1805    1595    1541    1275    665     340     
4169   2006 1009    414     1505    145     634     1824    1287    -25     118     90      664     1150    1589    2113    1763    1706    1326    827     709     
4169   2007 1013    747     1438    553     948     1681    961     586     351     646     952     1248    1647    1649    1745    1380    953     551     396     
4169   2008 970     553     1370    458     794     1629    1011    487     492     436     710     1234    1503    1704    1675    1377    987     670     342     
4169   2009 924     455     1408    200     839     1632    1067    106     148     456     866     1196    1372    1746    1769    1480    903     823     178     
4169   2010 774     327     1346    -53     686     1678    927     -234    -108    376     729     956     1437    1927    1664    1344    953     483     -293    
4169   2011 924     282     1393    -41     821     1599    1048    84      98      356     950     1162    1532    1631    1633    1439    1040    666     448     
4169   2012 878     530     1301    275     814     1548    975     318     42      635     637     1166    1321    1598    1718    1344    953     630     135     
4169   2013 885     320     1347    117     567     1658    1055    169     40      -22     591     1135    1438    1782    1746    1368    1168    624     515     
4169   2014 1048    609     1454    413     891     1694    1224    254     476     605     875     1191    1501    1953    1622    1568    1294    808     386     
4169   2015 967     590     1314    303     765     1574    1081    295     219     508     749     1035    1331    1618    1766    1368    1043    833     781     
4169   2016 965     598     1442    424     782     1676    1068    143     342     436     659     1247    1661    1697    1671    1708    1024    473     495     
4169   2017 954     508     1357    316     837     1607    1071    160     289     584     687     1236    1559    1613    1649    1387    1194    627     419     
4169   2018 1005    464     1518    273     769     1809    1112    357     19      131     825     1353    1662    1930    1831    1491    1131    712     545     
4169   2019 -999999 628     1406    428     822     1727    -999999 247     501     626     795     1044    1700    1682    1797    1405    1082    -999999 -999999 
