EUROPEAN CLIMATE ASSESSMENT & DATASET (ECA&D), file created on: 13-11-2019
THESE DATA CAN BE USED FOR NON-COMMERCIAL RESEARCH AND EDUCATION PROVIDED THAT THE FOLLOWING SOURCE IS ACKNOWLEDGED: 

Klein Tank, A.M.G. and Coauthors, 2002. Daily dataset of 20th-century surface
air temperature and precipitation series for the European Climate Assessment.
Int. J. of Climatol., 22, 1441-1453.
Data and metadata available at http://www.ecad.eu

FILE FORMAT (MISSING VALUE CODE = -999999):

THIS FILE HOLDS DATA FOR STATION SWEDEN                                   ORNSKOLDSVIKS FLYGPLATS                  (STAID:   5682)
LATITUDE: dd:mm:ss +63:24:36
LONGITUDE: ddd:mm:ss +019:00:00
ELEVATION: m  108

DATA IS FOR INDEX Mean of daily mean temperature (TG) with unit 0.01 Temperature (&#176;C)

01-06 SOUID: Source identifier
08-11 YEAR : YYYY
13-20 ANNUAL DATA VALUES
21-28 WINTER HALF YEAR DATA VALUES
29-36 SUMMER HALF YEAR DATA VALUES
37-44 WINTER (DJF) DATA VALUES
45-52 SPRING (MAM) DATA VALUES
53-60 SUMMER (JJA) DATA VALUES
61-68 AUTUMN (SON) DATA VALUES
69-76 JANUARY DATA VALUES
etc. 
157-164 DECEMBER DATA VALUES

5682   1962 -999999 -999999 -999999 -999999 -999999 -999999 -999999 -999999 -630    -966    -999999 -999999 -999999 -999999 -999999 -999999 547     -153    -751    
5682   1963 -999999 -999999 -999999 -999999 -999999 -999999 -999999 -933    -1105   -750    -999999 -999999 -999999 -999999 -999999 -999999 455     -344    -489    
5682   1964 -999999 -331    -999999 -546    -999999 -999999 -999999 -317    -850    -499    -999999 -999999 -999999 -999999 -999999 -999999 -999999 -999999 -485    
5682   1965 -999999 -999999 -999999 -586    -999999 -999999 -999999 -691    -575    -435    -999999 -999999 -999999 -999999 -999999 -999999 510     -620    -1110   
5682   1966 -999999 -850    -999999 -1469   -999999 -999999 -999999 -1465   -1845   -697    -999999 -999999 -999999 -999999 -999999 -999999 299     -120    -423    
5682   1967 -999999 -339    -999999 -743    -999999 -999999 -999999 -1326   -428    -70     -999999 -999999 -999999 -999999 -999999 -999999 472     209     -1069   
5682   1968 -999999 -444    -999999 -1053   -999999 -999999 -999999 -1192   -889    -267    -999999 -999999 -999999 -999999 -999999 -999999 -33     -649    -266    
5682   1969 -999999 -999999 -999999 -999999 -999999 -999999 -999999 -999999 -999999 -999999 -999999 -999999 -999999 -999999 -999999 -999999 -999999 -999999 -999999 
5682   1970 -999999 -999999 -999999 -999999 -999999 -999999 258     -999999 -999999 -999999 -999999 -999999 1568    1475    -999999 825     312     -366    -320    
5682   1971 275     -371    942     -483    -13     1366    225     -473    -674    -732    -16     709     1246    1474    1375    838     342     -510    -356    
5682   1972 368     -392    1022    -632    137     1516    341     -940    -597    -307    111     605     1378    1772    1393    851     385     -214    -62     
5682   1973 343     -85     1001    -235    258     1538    73      -63     -617    6       55      707     1419    1868    1323    605     92      -480    -889    
5682   1974 408     -357    1031    -525    251     1392    358     -339    -328    -200    298     656     1413    1425    1337    1046    273     -242    -485    
5682   1975 439     -204    1013    -394    287     1373    447     -450    -230    -93     136     813     1193    1518    1404    988     407     -54     -408    
5682   1976 227     -383    943     -681    122     1360    189     -1101   -523    -618    82      900     1232    1365    1479    569     205     -207    -683    
5682   1977 263     -440    854     -818    104     1265    349     -781    -1010   -209    -100    614     1185    1328    1279    794     414     -163    -294    
5682   1978 159     -407    920     -753    114     1308    292     -777    -1234   -461    -9      809     1275    1368    1282    773     290     -187    -1318   
5682   1979 220     -639    983     -1214   136     1442    270     -1267   -1038   -337    47      694     1457    1481    1388    809     166     -160    -676    
5682   1980 -999999 -614    -999999 -975    -999999 1475    193     -1040   -1225   -775    -999999 -999999 1492    1586    1346    1036    202     -659    -759    
5682   1981 -999999 -588    -999999 -770    95      -999999 269     -713    -846    -783    197     876     -999999 -999999 1250    865     306     -365    -1155   
5682   1982 -999999 -999999 -999999 -999999 248     -999999 356     -999999 -583    -156    237     662     1072    -999999 -999999 875     286     -90     -580    
5682   1983 316     -331    1013    -608    208     1396    283     -556    -698    -376    124     875     1283    1602    1299    873     408     -437    -684    
5682   1984 -999999 -999999 1097    -999999 -999999 1447    314     -999999 -999999 -999999 336     1099    1335    1541    1462    784     410     -255    -294    
5682   1985 -999999 -628    -999999 -1169   -999999 1432    285     -1564   -1703   -454    -105    -999999 1316    1533    1442    844     525     -521    -1272   
5682   1986 221     -615    908     -1174   179     1355    354     -1210   -1025   -223    -49     800     1509    1483    1077    604     423     34      -851    
5682   1987 152     -586    835     -1115   0       1196    398     -1585   -887    -657    55      604     1066    1451    1068    746     555     -112    -545    
5682   1988 343     -280    1078    -551    141     1523    278     -459    -656    -483    72      831     1543    1726    1300    976     249     -392    -625    
5682   1989 468     -193    1074    -314    348     1434    427     -147    -156    -89     215     914     1361    1539    1398    996     305     -17     -737    
5682   1990 439     -213    1031    -515    375     1398    332     -719    -44     -41     287     875     1240    1497    1450    810     435     -253    -312    
5682   1991 365     -264    960     -534    202     1397    358     -419    -908    -191    204     592     1024    1636    1518    756     347     -28     -261    
5682   1992 -999999 -69     -999999 -247    -999999 -999999 -999999 -269    -209    -2      -999999 -999999 -999999 -999999 -999999 -999999 -999999 -999999 -999999 
5682   1993 -999999 -999999 -999999 -999999 -999999 -999999 -999999 -999999 -999999 -999999 -999999 -999999 -999999 -999999 -999999 -999999 -999999 -999999 -999999 
5682   1994 -999999 -999999 -999999 -999999 -999999 -999999 -999999 -999999 -999999 -999999 -999999 -999999 -999999 -999999 -999999 -999999 -999999 -999999 -999999 
5682   1995 -999999 -999999 -999999 -999999 -999999 -999999 -999999 -999999 -999999 -999999 -999999 -999999 -999999 -999999 -999999 -999999 -999999 -999999 -999999 
5682   1996 -999999 -999999 -999999 -999999 -999999 -999999 -999999 -999999 -999999 -999999 -999999 -999999 -999999 -999999 -999999 -999999 -999999 -999999 -999999 
5682   1997 -999999 -999999 -999999 -999999 -999999 -999999 -999999 -999999 -999999 -999999 -999999 -999999 -999999 -999999 -999999 -999999 -999999 -999999 -999999 
5682   1998 -999999 -999999 -999999 -999999 -999999 -999999 -999999 -999999 -999999 -999999 -999999 -999999 -999999 -999999 -999999 -999999 -999999 -999999 -999999 
5682   1999 -999999 -999999 -999999 -999999 -999999 -999999 -999999 -999999 -999999 -999999 -999999 -999999 -999999 -999999 -999999 -999999 -999999 -999999 -999999 
5682   2000 -999999 -999999 -999999 -999999 -999999 -999999 -999999 -999999 -999999 -999999 -999999 -999999 -999999 -999999 -999999 -999999 -999999 -999999 -999999 
5682   2001 -999999 -999999 -999999 -999999 -999999 -999999 -999999 -999999 -999999 -999999 -999999 -999999 -999999 -999999 -999999 -999999 -999999 -999999 -999999 
5682   2002 -999999 -999999 -999999 -999999 -999999 -999999 -999999 -999999 -999999 -999999 -999999 -999999 -999999 -999999 -999999 -999999 -999999 -999999 -999999 
5682   2003 -999999 -999999 -999999 -999999 -999999 -999999 -999999 -999999 -999999 -999999 -999999 -999999 -999999 -999999 -999999 -999999 -999999 -999999 -999999 
5682   2004 -999999 -999999 -999999 -999999 -999999 -999999 -999999 -999999 -999999 -999999 -999999 -999999 -999999 -999999 -999999 -999999 -999999 -999999 -999999 
5682   2005 -999999 -999999 -999999 -999999 -999999 -999999 -999999 -999999 -999999 -999999 -999999 -999999 -999999 -999999 -999999 -999999 -999999 -999999 -999999 
5682   2006 -999999 -999999 -999999 -999999 -999999 -999999 -999999 -999999 -999999 -999999 -999999 -999999 -999999 -999999 -999999 -999999 -999999 -999999 -999999 
5682   2007 -999999 -999999 -999999 -999999 -999999 -999999 -999999 -999999 -999999 -999999 -999999 -999999 -999999 -999999 -999999 -999999 -999999 -999999 -999999 
5682   2008 468     -999999 1027    -999999 297     1388    365     -168    -184    -265    278     879     1310    1565    1287    822     418     -145    -213    
5682   2009 385     -276    1102    -555    331     1404    480     -479    -1017   -286    289     990     1269    1461    1478    1105    161     183     -627    
5682   2010 244     -999999 1078    -926    -999999 1428    249     -978    -1200   -999999 274     972     1184    1725    1366    922     365     -543    -1103   
5682   2011 498     -522    1195    -930    381     1551    636     -635    -1066   -203    567     786     1485    1715    1452    1153    468     291     -135    
5682   2012 367     -80     975     -462    332     1365    421     -509    -761    131     107     751     1179    1546    1362    878     292     98      -715    
5682   2013 455     -373    1163    -671    211     1532    514     -839    -437    -627    130     1128    1478    1584    1532    1099    464     -19     -88     
5682   2014 524     -50     1149    -287    428     1549    477     -696    -55     95      395     795     1163    1942    1529    1045    405     -17     -348    
5682   2015 480     -102    1023    -336    351     1340    543     -451    -196    -10     392     671     1086    1426    1460    1097    401     136     -190    
5682   2016 421     -201    1102    -565    389     1429    431     -1048   -448    -60     262     960     1306    1664    1315    1086    350     -141    -217    
5682   2017 396     -160    957     -352    224     1320    426     -392    -459    -130    126     672     1202    1434    1322    972     432     -126    -368    
5682   2018 433     -374    1213    -653    267     1607    481     -613    -1012   -610    249     1162    1344    1997    1472    1021    368     58      -351    
5682   2019 -999999 -229    1084    -539    337     1465    -999999 -836    -418    -206    472     751     1398    1521    1474    874     222     -999999 -999999 
