EUROPEAN CLIMATE ASSESSMENT & DATASET (ECA&D), file created on: 13-11-2019
THESE DATA CAN BE USED FOR NON-COMMERCIAL RESEARCH AND EDUCATION PROVIDED THAT THE FOLLOWING SOURCE IS ACKNOWLEDGED: 

Klein Tank, A.M.G. and Coauthors, 2002. Daily dataset of 20th-century surface
air temperature and precipitation series for the European Climate Assessment.
Int. J. of Climatol., 22, 1441-1453.
Data and metadata available at http://www.ecad.eu

FILE FORMAT (MISSING VALUE CODE = -999999):

THIS FILE HOLDS DATA FOR STATION GREENLAND [DENMARK]                      HENRIK KROYER HOLME                      (STAID:   8017)
LATITUDE: dd:mm:ss +80:39:00
LONGITUDE: ddd:mm:ss -013:43:00
ELEVATION: m   10

DATA IS FOR INDEX Mean of daily mean temperature (TG) with unit 0.01 Temperature (&#176;C)

01-06 SOUID: Source identifier
08-11 YEAR : YYYY
13-20 ANNUAL DATA VALUES
21-28 WINTER HALF YEAR DATA VALUES
29-36 SUMMER HALF YEAR DATA VALUES
37-44 WINTER (DJF) DATA VALUES
45-52 SPRING (MAM) DATA VALUES
53-60 SUMMER (JJA) DATA VALUES
61-68 AUTUMN (SON) DATA VALUES
69-76 JANUARY DATA VALUES
etc. 
157-164 DECEMBER DATA VALUES

8017   1985 -999999 -999999 -999999 -999999 -999999 -999999 -999999 -999999 -999999 -999999 -999999 -999999 -999999 -999999 -999999 -999999 -999999 -999999 -999999 
8017   1986 -999999 -999999 -999999 -999999 -999999 -999999 -999999 -999999 -999999 -999999 -999999 -999999 -999999 -999999 -999999 -999999 -999999 -999999 -999999 
8017   1987 -999999 -999999 -999999 -999999 -999999 -999999 -999999 -999999 -999999 -999999 -999999 -999999 -999999 -999999 -999999 -999999 -999999 -999999 -999999 
8017   1988 -999999 -999999 -999999 -999999 -999999 -999999 -999999 -999999 -999999 -999999 -999999 -999999 -999999 -999999 -999999 -999999 -999999 -999999 -999999 
8017   1989 -999999 -999999 -999999 -999999 -999999 -999999 -999999 -999999 -999999 -999999 -999999 -999999 -999999 -999999 -999999 -999999 -999999 -999999 -999999 
8017   1990 -999999 -999999 -999999 -999999 -999999 -999999 -999999 -999999 -999999 -999999 -999999 -999999 94      176     -999999 -999999 -999999 -999999 -999999 
8017   1991 -999999 -999999 -999999 -999999 -999999 -999999 -999999 -2250   -999999 -2433   -999999 -999999 -999999 -999999 -999999 -999999 -999999 -999999 -2265   
8017   1992 -999999 -999999 -999999 -999999 -999999 -999999 -999999 -999999 -999999 -999999 -999999 -999999 -999999 -999999 -999999 -999999 -999999 -999999 -999999 
8017   1993 -999999 -999999 -999999 -999999 -999999 -999999 -999999 -999999 -999999 -999999 -999999 -999999 -999999 -999999 53      -613    -1588   -999999 -2257   
8017   1994 -999999 -999999 -999999 -999999 -999999 -999999 -999999 -999999 -999999 -999999 -999999 -999999 -999999 -999999 -999999 -999999 -999999 -999999 -999999 
8017   1995 -999999 -999999 -999999 -999999 -999999 -999999 -999999 -999999 -999999 -999999 -1082   -738    -2      -999999 -999999 -999999 -999999 -999999 -2413   
8017   1996 -999999 -999999 -999999 -999999 -999999 -999999 -999999 -2166   -999999 -999999 -999999 -999999 -999999 -999999 -999999 -416    -1487   -999999 -2208   
8017   1997 -999999 -999999 -999999 -999999 -999999 -999999 -999999 -999999 -999999 -999999 -999999 -999999 -999999 -999999 -999999 -999999 -999999 -999999 -999999 
8017   1998 -999999 -999999 -999999 -999999 -999999 -999999 -999999 -999999 -999999 -999999 -999999 -999999 -999999 -999999 -999999 -999999 -999999 -999999 -999999 
8017   1999 -999999 -999999 -999999 -999999 -999999 -999999 -999999 -999999 -999999 -999999 -999999 -999999 -999999 -999999 -999999 -999999 -999999 -999999 -999999 
8017   2000 -999999 -999999 -999999 -999999 -999999 -999999 -999999 -999999 -999999 -999999 -999999 -999999 -999999 -999999 -999999 -999999 -999999 -999999 -999999 
8017   2001 -999999 -999999 -999999 -999999 -999999 -999999 -999999 -999999 -999999 -999999 -999999 -999999 -999999 -999999 -999999 -999999 -999999 -999999 -999999 
8017   2002 -999999 -999999 -999999 -999999 -999999 -999999 -999999 -999999 -999999 -999999 -999999 -999999 -999999 -999999 -999999 -999999 -999999 -999999 -999999 
8017   2003 -999999 -999999 -999999 -999999 -999999 -999999 -1075   -999999 -999999 -999999 -999999 -999999 -999999 -999999 -999999 -351    -1118   -1732   -2346   
8017   2004 -999999 -999999 -999999 -999999 -1473   -999999 -999999 -999999 -999999 -2220   -1461   -813    -999999 -999999 -999999 -499    -1296   -1995   -1963   
8017   2005 -999999 -999999 -999999 -999999 -999999 -999999 -999999 -1717   -1881   -2303   -999999 -999999 -999999 -999999 -999999 -999999 -1460   -1717   -1665   
8017   2006 -999999 -999999 -999999 -999999 -999999 -53     -999999 -1655   -999999 -999999 -1004   -623    -240    171     -82     -544    -999999 -999999 -999999 
8017   2007 -999999 -999999 -999999 -999999 -1621   -999999 -999999 -999999 -999999 -2390   -1690   -867    -999999 186     89      -569    -1305   -1625   -999999 
8017   2008 -999999 -999999 -999999 -999999 -999999 -999999 -999999 -999999 -999999 -999999 -1951   -931    -999999 -999999 87      -999999 -1391   -1633   -1976   
8017   2009 -999999 -999999 -999999 -999999 -999999 -999999 -1099   -999999 -999999 -999999 -999999 -999999 -999999 -999999 -999999 -430    -970    -1942   -1781   
8017   2010 -999999 -1932   -416    -2160   -1432   55      -1404   -2573   -2120   -2239   -1531   -530    -85     153     99      -552    -1329   -2401   -999999 
8017   2011 -999999 -999999 -999999 -999999 -999999 -999999 -999999 -999999 -999999 -999999 -999999 -999999 -999999 -999999 98      -999999 -999999 -999999 -999999 
8017   2012 -999999 -999999 -999999 -999999 -999999 -999999 -999999 -999999 -999999 -999999 -999999 -999999 -999999 -999999 -999999 -999999 -999999 -999999 -999999 
8017   2013 -999999 -999999 -999999 -999999 -999999 -999999 -999999 -999999 -999999 -999999 -999999 -999999 -999999 -999999 -999999 -999999 -999999 -999999 -999999 
8017   2014 -999999 -999999 -999999 -999999 -999999 -999999 -999999 -999999 -999999 -999999 -999999 -999999 -999999 -999999 -999999 -478    -1218   -999999 -999999 
8017   2015 -999999 -999999 -999999 -999999 -999999 48      -999999 -999999 -999999 -999999 -999999 -999999 -50     195     -9      -706    -1163   -999999 -999999 
8017   2016 -999999 -999999 -999999 -999999 -999999 -999999 -999999 -999999 -999999 -999999 -999999 -628    2       296     -999999 -999999 -999999 -999999 -999999 
8017   2017 -999999 -999999 -999999 -999999 -999999 -999999 -999999 -999999 -999999 -999999 -999999 -999999 -999999 -999999 -999999 -999999 -999999 -999999 -999999 
8017   2018 -999999 -999999 -999999 -999999 -999999 -999999 -999999 -999999 -999999 -999999 -999999 -999999 -999999 -999999 29      -510    -999999 -999999 -999999 
