EUROPEAN CLIMATE ASSESSMENT & DATASET (ECA&D), file created on: 13-11-2019
THESE DATA CAN BE USED FOR NON-COMMERCIAL RESEARCH AND EDUCATION PROVIDED THAT THE FOLLOWING SOURCE IS ACKNOWLEDGED: 

Klein Tank, A.M.G. and Coauthors, 2002. Daily dataset of 20th-century surface
air temperature and precipitation series for the European Climate Assessment.
Int. J. of Climatol., 22, 1441-1453.
Data and metadata available at http://www.ecad.eu

FILE FORMAT (MISSING VALUE CODE = -999999):

THIS FILE HOLDS DATA FOR STATION ITALY                                    LACCHIARELLA                             (STAID:  11498)
LATITUDE: dd:mm:ss +45:19:32
LONGITUDE: ddd:mm:ss +009:08:03
ELEVATION: m   97

DATA IS FOR INDEX Mean of daily mean temperature (TG) with unit 0.01 Temperature (&#176;C)

01-06 SOUID: Source identifier
08-11 YEAR : YYYY
13-20 ANNUAL DATA VALUES
21-28 WINTER HALF YEAR DATA VALUES
29-36 SUMMER HALF YEAR DATA VALUES
37-44 WINTER (DJF) DATA VALUES
45-52 SPRING (MAM) DATA VALUES
53-60 SUMMER (JJA) DATA VALUES
61-68 AUTUMN (SON) DATA VALUES
69-76 JANUARY DATA VALUES
etc. 
157-164 DECEMBER DATA VALUES

11498  1998 -999999 -999999 -999999 -999999 -999999 -999999 -999999 -999999 -999999 -999999 -999999 -999999 -999999 -999999 -999999 -999999 1200    402     -15     
11498  1999 1206    480     1894    150     1288    2158    1186    173     289     808     1228    1795    2024    2283    2162    1853    1213    492     67      
11498  2000 1249    511     1919    177     1320    2160    1266    37      446     854     1239    1858    2170    2099    2214    1879    1289    630     339     
11498  2001 1206    632     1840    321     1273    2196    1140    163     476     878     1133    1804    2039    2251    2294    1495    1402    515     -34     
11498  2002 1283    561     1886    127     1320    2216    1285    -41     491     1023    1233    1701    2274    2247    2129    1719    1266    870     439     
11498  2003 1358    652     2132    267     1367    2574    1231    169     185     945     1235    1998    2575    2509    2639    1790    1158    734     328     
11498  2004 1286    562     1932    277     1205    2267    1379    162     347     734     1262    1623    2199    2305    2296    1895    1466    772     343     
11498  2005 1253    644     1964    250     1306    2270    1269    162     244     840     1201    1875    2329    2372    2111    1878    1278    650     32      
11498  2006 1330    490     2014    66      1300    2318    1469    -34     215     781     1325    1794    2232    2607    2113    2000    1491    914     455     
11498  2007 1404    847     2063    540     1549    2312    1276    544     631     1026    1704    1922    2220    2476    2236    1803    1313    711     208     
11498  2008 1338    698     1962    383     1372    2285    1303    387     566     996     1265    1853    2161    2388    2302    1782    1388    735     198     
11498  2009 1330    594     2075    159     1433    2363    1364    -75     373     928     1369    1999    2212    2417    2455    1978    1277    840     129     
11498  2010 1245    567     1962    156     1265    2328    1230    39      315     789     1332    1677    2179    2551    2248    1765    1148    779     60      
11498  2011 1388    587     2125    212     1529    2322    1376    143     459     930     1653    2009    2170    2318    2473    2114    1340    674     316     
11498  2012 1381    649     2087    204     1455    2488    1424    181     108     1241    1292    1828    2361    2522    2577    1920    1403    949     135     
11498  2013 1342    619     2031    218     1218    2402    1443    265     258     679     1338    1640    2240    2573    2386    1994    1481    854     326     
11498  2014 1448    824     2003    485     1478    2246    1506    481     665     1123    1500    1813    2272    2251    2215    1958    1525    1034    491     
11498  2015 1411    804     2100    418     1428    2473    1318    349     414     979     1413    1891    2324    2745    2345    1857    1288    810     451     
11498  2016 1372    739     2042    462     1372    2324    1381    309     636     935     1493    1693    2166    2479    2324    2089    1261    798     265     
11498  2017 -999999 702     2101    298     1515    2483    1316    100     583     1183    1474    1887    2442    2479    2525    1781    1424    741     -999999 
