EUROPEAN CLIMATE ASSESSMENT & DATASET (ECA&D), file created on: 13-11-2019
THESE DATA CAN BE USED FOR NON-COMMERCIAL RESEARCH AND EDUCATION PROVIDED THAT THE FOLLOWING SOURCE IS ACKNOWLEDGED: 

Klein Tank, A.M.G. and Coauthors, 2002. Daily dataset of 20th-century surface
air temperature and precipitation series for the European Climate Assessment.
Int. J. of Climatol., 22, 1441-1453.
Data and metadata available at http://www.ecad.eu

FILE FORMAT (MISSING VALUE CODE = -999999):

THIS FILE HOLDS DATA FOR STATION GERMANY                                  MEMMINGEN (FLUGPLATZ)                    (STAID:   4403)
LATITUDE: dd:mm:ss +47:58:59
LONGITUDE: ddd:mm:ss +010:13:59
ELEVATION: m  630

DATA IS FOR INDEX Mean of daily mean temperature (TG) with unit 0.01 Temperature (&#176;C)

01-06 SOUID: Source identifier
08-11 YEAR : YYYY
13-20 ANNUAL DATA VALUES
21-28 WINTER HALF YEAR DATA VALUES
29-36 SUMMER HALF YEAR DATA VALUES
37-44 WINTER (DJF) DATA VALUES
45-52 SPRING (MAM) DATA VALUES
53-60 SUMMER (JJA) DATA VALUES
61-68 AUTUMN (SON) DATA VALUES
69-76 JANUARY DATA VALUES
etc. 
157-164 DECEMBER DATA VALUES

4403   1961 844     -999999 1381    -999999 841     1550    938     -156    370     518     1035    976     1548    1535    1568    1627    935     254     -87     
4403   1962 655     164     1277    -64     548     1578    694     15      -126    -29     733     945     1413    1587    1728    1242    761     76      -534    
4403   1963 655     -157    1348    -664    689     1605    933     -780    -679    171     819     1082    1497    1763    1551    1365    767     672     -444    
4403   1964 766     107     1435    -302    757     1700    795     -460    19      100     847     1328    1686    1871    1543    1323    634     434     -146    
4403   1965 689     115     1230    -195    595     1538    682     23      -491    184     562     1039    1577    1554    1485    1151    681     214     203     
4403   1966 796     232     1344    85      773     1526    835     -397    490     223     911     1189    1619    1511    1450    1382    1079    37      53      
4403   1967 799     275     1323    22      725     1635    882     -91     115     433     573     1165    1400    1888    1610    1280    1075    284     -201    
4403   1968 744     230     1302    -115    763     1547    810     -206    73      347     846     1100    1526    1602    1512    1218    948     259     -315    
4403   1969 716     139     1338    -204    736     1548    865     -75     -223    213     662     1332    1324    1775    1539    1374    834     388     -607    
4403   1970 731     73      1307    -284    516     1667    868     -159    -64     42      505     1000    1677    1675    1649    1320    783     504     -198    
4403   1971 738     84      1374    -225    689     1633    726     -335    -133    -124    866     1332    1353    1786    1749    1135    825     215     119     
4403   1972 699     267     1230    12      764     1542    585     -191    115     504     685     1099    1403    1669    1550    953     517     288     -227    
4403   1973 718     73      1333    -169    613     1633    760     -173    -99     123     426     1285    1529    1605    1760    1371    643     269     -176    
4403   1974 817     290     1290    73      769     1576    666     210     196     588     655     1061    1375    1635    1712    1282    383     342     314     
4403   1975 790     277     1357    217     712     1580    805     292     26      283     646     1206    1365    1696    1672    1539    653     229     -177    
4403   1976 766     164     1341    -35     695     1672    784     54      23      193     616     1272    1728    1856    1434    1121    914     313     -361    
4403   1977 815     298     1243    -39     766     1560    822     -42     323     647     541     1104    1482    1672    1525    1114    936     414     24      
4403   1978 713     242     1241    -96     682     1498    751     -106    -219    366     654     1025    1408    1580    1504    1263    751     239     27      
4403   1979 787     188     1308    -117    742     1598    810     -425    65      464     516     1240    1627    1630    1538    1281    855     292     309     
4403   1980 714     291     1252    76      610     1542    776     -268    196     356     480     989     1414    1463    1745    1408    746     175     -149    
4403   1981 789     155     1379    -227    896     1625    845     -360    -167    652     838     1197    1586    1612    1676    1352    824     358     -160    
4403   1982 834     170     1419    -176    711     1734    933     -237    -125    339     568     1223    1691    1878    1633    1508    852     442     168     
4403   1983 852     319     1472    52      798     1843    781     260     -308    445     870     1081    1641    2147    1733    1341    852     149     -79     
4403   1984 737     137     1264    -87     548     1597    843     24      -214    65      600     980     1464    1699    1625    1197    925     404     31      
4403   1985 738     120     1401    -283    742     1657    726     -657    -216    209     725     1291    1409    1869    1684    1405    754     19      290     
4403   1986 772     112     1369    -131    779     1638    839     -32     -706    266     615     1451    1543    1672    1695    1211    914     391     127     
4403   1987 753     134     1370    -156    572     1609    963     -560    -22     -53     874     905     1442    1782    1599    1612    892     387     142     
4403   1988 873     328     1429    152     821     1671    832     255     54      225     834     1404    1510    1776    1723    1305    998     187     168     
4403   1989 868     393     1380    147     904     1654    766     34      249     704     677     1325    1456    1793    1707    1300    922     71      118     
4403   1990 883     359     1389    165     881     1693    858     -93     504     634     608     1394    1512    1728    1835    1232    986     353     -124    
4403   1991 771     250     1369    -147    698     1736    803     -49     -283    568     624     901     1461    1929    1810    1471    691     250     -195    
4403   1992 895     199     1506    -71     878     1837    862     -97     88      453     729     1447    1585    1863    2055    1329    706     556     -9      
4403   1993 845     275     1454    39      909     1653    649     278     -174    259     1021    1451    1623    1675    1661    1276    712     -42     317     
4403   1994 973     331     1490    168     914     1888    923     147     26      783     683     1270    1699    2098    1860    1306    766     700     262     
4403   1995 856     382     1411    183     797     1716    841     -147    462     266     869     1259    1379    2057    1700    1174    1152    186     -121    
4403   1996 691     152     1304    -191    690     1633    692     -249    -203    123     782     1168    1645    1614    1639    957     789     325     -321    
4403   1997 819     223     1359    -132    813     1649    782     -330    297     587     574     1271    1488    1633    1820    1349    706     293     106     
4403   1998 868     304     1456    137     875     1757    725     65      251     395     855     1373    1711    1802    1755    1223    895     52      -6      
4403   1999 854     233     1456    -22     893     1646    853     96      -169    486     784     1404    1457    1782    1694    1599    842     117     68      
4403   2000 -999999 -999999 1433    -999999 907     1662    892     -999999 314     454     886     1379    1698    1475    1813    1334    915     427     221     
4403   2001 817     366     1340    98      865     1655    768     -48     123     535     577     1474    1423    1768    1766    999     1156    136     -175    
4403   2002 881     311     1371    10      822     1715    826     -150    393     507     705     1250    1806    1700    1643    1108    847     524     210     
4403   2003 848     265     1544    -96     877     1954    722     -116    -413    484     756     1388    2028    1810    2026    1238    525     408     -48     
4403   2004 798     186     1352    -20     698     1639    887     -80     73      238     813     1048    1510    1665    1738    1327    1028    302     -107    
4403   2005 778     201     1391    -157    797     1622    853     -64     -316    317     821     1254    1675    1695    1497    1392    952     212     -169    
4403   2006 839     83      1445    -270    701     1709    1061    -465    -164    116     745     1244    1680    2080    1365    1547    1105    529     221     
4403   2007 877     495     1431    294     978     1647    666     339     324     437     1100    1402    1676    1676    1589    1134    748     113     -54     
4403   2008 846     261     1391    121     816     1693    755     174     253     325     719     1402    1691    1726    1663    1124    860     277     -88     
4403   2009 844     152     1484    -172    911     1676    925     -281    -144    262     1050    1425    1505    1718    1799    1391    794     593     -45     
4403   2010 722     196     1327    -182    707     1670    747     -383    -110    310     785     1029    1545    1882    1578    1127    707     409     -258    
4403   2011 874     229     1438    -77     935     1610    840     -42     84      467     1014    1327    1549    1503    1777    1448    761     313     243     
4403   2012 827     237     1415    -83     887     1709    846     33      -555    577     751     1328    1632    1693    1800    1267    803     469     66      
4403   2013 783     191     1364    -79     624     1700    859     -48     -275    93      766     1018    1466    1908    1719    1286    986     303     97      
4403   2014 931     408     1376    195     871     1611    990     195     304     552     920     1144    1619    1710    1505    1353    1088    524     216     
4403   2015 913     357     1463    23      831     1844    871     86      -260    433     794     1266    1627    1997    1901    1169    784     664     406     
4403   2016 868     432     1428    275     744     1708    864     135     284     315     742     1174    1588    1816    1715    1520    745     330     42      
4403   2017 870     262     1428    -71     889     1804    837     -478    255     676     651     1332    1811    1794    1806    1154    983     370     46      
4403   2018 955     290     1590    36      960     1817    925     353     -326    256     1176    1455    1679    1856    1911    1447    950     377     232     
4403   2019 -999999 363     1435    85      787     1830    -999999 -169    204     571     835     955     1862    1856    1772    1319    1030    -999999 -999999 
