EUROPEAN CLIMATE ASSESSMENT & DATASET (ECA&D), file created on: 13-11-2019
THESE DATA CAN BE USED FOR NON-COMMERCIAL RESEARCH AND EDUCATION PROVIDED THAT THE FOLLOWING SOURCE IS ACKNOWLEDGED: 

Klein Tank, A.M.G. and Coauthors, 2002. Daily dataset of 20th-century surface
air temperature and precipitation series for the European Climate Assessment.
Int. J. of Climatol., 22, 1441-1453.
Data and metadata available at http://www.ecad.eu

FILE FORMAT (MISSING VALUE CODE = -999999):

THIS FILE HOLDS DATA FOR STATION RUSSIAN FEDERATION                       TAMBOV                                   (STAID:    100)
LATITUDE: dd:mm:ss +52:43:59
LONGITUDE: ddd:mm:ss +041:28:00
ELEVATION: m  160

DATA IS FOR INDEX Mean of daily mean temperature (TG) with unit 0.01 Temperature (&#176;C)

01-06 SOUID: Source identifier
08-11 YEAR : YYYY
13-20 ANNUAL DATA VALUES
21-28 WINTER HALF YEAR DATA VALUES
29-36 SUMMER HALF YEAR DATA VALUES
37-44 WINTER (DJF) DATA VALUES
45-52 SPRING (MAM) DATA VALUES
53-60 SUMMER (JJA) DATA VALUES
61-68 AUTUMN (SON) DATA VALUES
69-76 JANUARY DATA VALUES
etc. 
157-164 DECEMBER DATA VALUES

100    1936 617     -999999 1610    -999999 472     2199    509     -505    -1364   -467    483     1402    2129    2386    2080    1148    286     100     -358    
100    1937 622     -350    1566    -788    657     1877    745     -1214   -790    -149    820     1306    1732    2025    1868    1631    613     -4      -454    
100    1938 717     -269    1733    -675    633     2206    922     -860    -715    -227    655     1474    1864    2478    2264    1628    863     277     -1186   
100    1939 549     -390    1539    -985    467     2073    427     -1007   -739    -562    459     1505    1993    2206    2015    1019    279     -12     -650    
100    1940 428     -669    1522    -1260   429     1969    591     -1903   -1226   -519    464     1344    1758    2111    2032    1395    218     173     -750    
100    1941 304     -537    1301    -1003   195     1830    263     -1388   -855    -625    292     922     1453    2234    1790    1083    337     -632    -1042   
100    1942 291     -912    1363    -1360   116     1815    484     -1849   -1171   -1130   176     1304    1632    2012    1796    1226    653     -433    -818    
100    1943 503     -620    1519    -1128   545     1878    561     -1504   -1054   -600    772     1469    1849    1933    1852    1215    513     -44     -458    
100    1944 596     -167    1464    -457    629     1774    619     -422    -494    -116    558     1443    1711    1901    1708    1441    579     -162    -1025   
100    1945 316     -642    1327    -1219   203     1835    411     -1256   -1394   -654    314     952     1764    1895    1844    1168    315     -245    -1017   
100    1946 553     -469    1610    -834    523     2126    343     -914    -543    -410    503     1476    2236    1966    2178    1274    58      -293    -955    
100    1947 522     -654    1477    -1128   489     1934    552     -1298   -1132   -337    602     1206    1862    2072    1865    1233    419     9       -345    
100    1948 576     -349    1568    -639    509     2034    495     -718    -868    -613    388     1746    2312    1876    1922    1137    527     -179    -666    
100    1949 585     -372    1524    -737    584     1897    525     -550    -1021   -400    450     1699    1901    1934    1855    1273    416     -111    -543    
100    1950 471     -535    1459    -1060   705     1640    600     -1751   -867    -371    1033    1464    1628    1703    1590    1325    525     -49     -640    
100    1951 504     -548    1624    -1159   665     2029    362     -1268   -1614   -328    1115    1223    2000    2047    2038    1308    255     -472    -397    
100    1952 524     -488    1471    -579    219     1922    660     -564    -791    -976    315     1322    1890    1948    1926    1402    635     -57     -794    
100    1953 481     -524    1550    -1091   512     2030    392     -986    -1538   -485    689     1339    2059    2054    1979    1158    517     -502    -658    
100    1954 518     -766    1654    -1378   491     2170    675     -1710   -1808   -529    453     1547    2158    2284    2066    1386    618     23      -431    
100    1955 551     -219    1459    -508    443     1858    639     -617    -473    -450    456     1323    1753    2003    1816    1380    924     -396    -1171   
100    1956 348     -711    1407    -1413   400     1888    281     -1114   -1992   -591    502     1294    2217    1720    1738    954     537     -655    -535    
100    1957 667     -409    1671    -579    646     1955    583     -919    -253    -623    783     1782    1902    2032    1930    1574    408     -228    -431    
100    1958 474     -400    1348    -689    465     1729    428     -788    -864    -537    450     1481    1615    1869    1699    939     575     -236    -616    
100    1959 481     -348    1516    -688    615     1963    183     -602    -862    -395    733     1511    1826    2250    1809    933     202     -586    -1150   
100    1960 559     -626    1488    -909    362     2026    384     -744    -829    -659    521     1228    2001    2266    1809    1072    415     -337    -88     
100    1961 594     -206    1465    -410    564     1964    456     -713    -432    -107    548     1251    2042    2010    1842    1073    574     -283    -741    
100    1962 595     -369    1474    -748    706     1735    663     -612    -906    -294    917     1500    1662    1896    1646    1204    619     167     -752    
100    1963 443     -599    1542    -1140   418     1827    732     -1707   -943    -986    495     1747    1574    2024    1876    1503    661     33      -1030   
100    1964 466     -550    1416    -1102   306     1872    552     -1023   -1262   -708    410     1220    1949    1978    1692    1228    608     -181    -378    
100    1965 457     -410    1367    -840    351     1788    425     -1022   -1150   -399    267     1182    1747    1897    1720    1366    336     -424    -151    
100    1966 650     -276    1609    -545    913     1945    574     -721    -784    35      1055    1654    1712    2132    1985    1083    691     -57     -1087   
100    1967 530     -593    1597    -1333   813     1887    650     -1521   -1397   -246    818     1866    1749    1909    1998    1210    770     -34     -899    
100    1968 445     -489    1447    -1102   547     1797    415     -1409   -990    -389    593     1438    1897    1655    1843    1238    298     -286    -591    
100    1969 357     -710    1394    -1180   373     1754    566     -1664   -1297   -767    692     1204    1634    1844    1780    1186    423     93      -937    
100    1970 538     -419    1488    -902    604     1844    526     -1040   -711    -352    779     1389    1713    2102    1714    1207    520     -149    -796    
100    1971 593     -411    1522    -788    428     1940    712     -448    -1157   -503    401     1384    1844    2072    1899    1504    417     225     -642    
100    1972 655     -522    1786    -1147   666     2354    599     -1643   -1156   -350    834     1518    2179    2374    2503    1272    594     -68     -260    
100    1973 552     -255    1461    -595    774     1758    335     -1178   -319    -298    1115    1516    1857    1762    1657    838     406     -243    -526    
100    1974 610     -360    1411    -746    510     1770    864     -1250   -430    -118    427     1220    1694    1890    1725    1490    964     136     -487    
100    1975 687     -161    1725    -664    987     1913    501     -555    -982    -112    1228    1852    2118    1953    1675    1514    364     -369    -549    
100    1976 305     -651    1304    -1096   423     1591    285     -1193   -1577   -630    728     1181    1551    1626    1593    1126    -77     -182    -538    
100    1977 519     -510    1510    -904    776     1835    514     -1432   -725    -119    831     1617    1817    1956    1732    1083    278     189     -1064   
100    1978 443     -413    1325    -981    602     1656    546     -888    -991    -40     635     1211    1485    1746    1733    1118    415     109     -1310   
100    1979 550     -512    1504    -1148   671     1828    513     -1154   -964    -195    340     1856    1737    1860    1883    1313    363     -132    -418    
100    1980 435     -522    1370    -873    328     1737    513     -1217   -993    -755    622     1125    1808    1866    1539    1248    475     -183    -355    
100    1981 702     -267    1595    -491    448     2171    634     -588    -535    -441    324     1457    2163    2348    2003    1241    750     -94     -301    
100    1982 579     -250    1419    -672    573     1752    591     -737    -1009   -179    614     1287    1505    1905    1839    1337    415     25      -172    
100    1983 666     -169    1546    -373    793     1741    552     -463    -495    -350    1208    1534    1574    1904    1740    1298    584     -228    -392    
100    1984 561     -350    1586    -721    787     1805    588     -550    -1254   -311    751     1918    1790    1991    1633    1410    622     -270    -1067   
100    1985 472     -598    1487    -1111   516     1853    481     -996    -1288   -647    598     1599    1674    1785    2095    1141    517     -217    -722    
100    1986 550     -467    1593    -972    749     1994    423     -692    -1560   -226    1071    1414    2053    1946    1985    1069    511     -314    -810    
100    1987 336     -665    1390    -1154   324     1853    304     -1736   -889    -760    214     1515    1980    1891    1693    1017    328     -434    -853    
100    1988 564     -483    1590    -873    641     2066    378     -883    -883    -195    598     1518    2096    2275    1829    1196    569     -637    -779    
100    1989 752     -241    1602    -468    742     1984    612     -388    -213    -5      836     1398    2130    1955    1872    1405    629     -199    -457    
100    1990 669     -89     1394    -421    807     1704    575     -671    -103    262     963     1203    1546    1900    1662    1071    571     83      -495    
100    1991 666     -269    1613    -624    653     2000    671     -580    -814    -421    843     1545    2118    2043    1842    1270    898     -163    -687    
100    1992 628     -202    1525    -648    653     1930    543     -539    -724    -32     661     1330    1891    1935    1963    1347    378     -92     -631    
100    1993 497     -300    1381    -603    634     1721    158     -508    -676    -300    639     1562    1584    1851    1724    890     530     -959    -480    
100    1994 509     -516    1476    -733    519     1696    710     -396    -1384   -506    840     1234    1564    1796    1725    1684    651     -203    -1023   
100    1995 742     -263    1689    -664    900     1977    671     -703    -223    -72     1142    1639    2149    1994    1794    1404    660     -50     -865    
100    1996 556     -526    1586    -1074   629     1956    696     -1279   -1078   -562    595     1854    1829    2098    1938    1167    600     324     -870    
100    1997 523     -304    1443    -867    577     1907    460     -985    -732    -183    570     1343    2004    1938    1783    995     486     -102    -913    
100    1998 541     -387    1530    -872    619     1975    388     -824    -879    -130    481     1500    2040    2142    1746    1243    648     -738    -850    
100    1999 667     -370    1552    -619    558     2023    466     -448    -552    -311    978     1021    2033    2274    1762    1231    705     -547    -225    
100    2000 643     -237    1476    -481    654     1872    522     -790    -423    -164    1107    1034    1668    2050    1891    1087    635     -159    -255    
100    2001 653     -139    1591    -404    758     1944    595     -366    -613    -125    1098    1313    1654    2365    1805    1286    440     63      -1162   
100    2002 641     -203    1528    -674    755     1927    611     -701    -105    262     733     1268    1723    2292    1760    1365    467     6       -1413   
100    2003 536     -576    1420    -1101   464     1739    653     -738    -1157   -661    486     1567    1369    2014    1823    1226    644     89      -357    
100    2004 661     -124    1467    -522    652     1841    668     -511    -711    68      556     1328    1647    1941    1928    1378    630     -1      -375    
100    2005 654     -289    1578    -557    582     1863    716     -373    -963    -708    765     1694    1727    1957    1900    1399    683     67      -417    
100    2006 558     -483    1525    -1081   534     1910    703     -1379   -1486   -443    665     1385    1950    1816    1964    1349    743     16      -32     
100    2007 740     -4      1623    -360    846     2018    653     -104    -1008   262     603     1664    1800    1988    2258    1392    772     -209    -692    
100    2008 760     -209    1587    -719    918     1935    794     -1014   -431    307     1106    1347    1648    2073    2075    1251    902     225     -409    
100    2009 679     -123    1564    -573    608     1924    847     -760    -546    -181    577     1427    1950    2146    1678    1585    808     150     -754    
100    2010 744     -456    1900    -1150   767     2451    766     -1813   -854    -293    828     1766    2209    2675    2461    1420    424     465     -449    
100    2011 616     -392    1644    -921    572     2104    580     -1012   -1341   -500    596     1620    1943    2386    1977    1309    661     -233    -164    
100    2012 682     -381    1713    -766    803     2024    820     -844    -1326   -438    1104    1751    1939    2146    1985    1329    926     201     -664    
100    2013 -999999 -229    -999999 -668    717     -999999 -999999 -770    -560    -524    813     1864    2023    -999999 -999999 -999999 -999999 -999999 -999999 
100    2014 682     -999999 1637    -999999 877     1975    493     -998    -489    73      742     1812    1726    2103    2088    1313    465     -299    -442    
100    2015 743     -239    1611    -532    760     1924    670     -685    -464    -36     681     1632    2032    1983    1759    1558    373     90      -83     
100    2016 702     -89     1631    -380    854     2056    489     -980    -57     131     980     1454    1879    2165    2119    1162    521     -216    -754    
100    2017 686     -281    1490    -745    728     1852    632     -791    -683    198     697     1290    1590    1960    1998    1381    535     -18     -33     
