EUROPEAN CLIMATE ASSESSMENT & DATASET (ECA&D), file created on: 13-11-2019
THESE DATA CAN BE USED FOR NON-COMMERCIAL RESEARCH AND EDUCATION PROVIDED THAT THE FOLLOWING SOURCE IS ACKNOWLEDGED: 

Klein Tank, A.M.G. and Coauthors, 2002. Daily dataset of 20th-century surface
air temperature and precipitation series for the European Climate Assessment.
Int. J. of Climatol., 22, 1441-1453.
Data and metadata available at http://www.ecad.eu

FILE FORMAT (MISSING VALUE CODE = -999999):

THIS FILE HOLDS DATA FOR STATION UNITED KINGDOM                           WELLESBOURNE                             (STAID:   1853)
LATITUDE: dd:mm:ss +52:12:21
LONGITUDE: ddd:mm:ss -001:36:11
ELEVATION: m   47

DATA IS FOR INDEX Mean of daily mean temperature (TG) with unit 0.01 Temperature (&#176;C)

01-06 SOUID: Source identifier
08-11 YEAR : YYYY
13-20 ANNUAL DATA VALUES
21-28 WINTER HALF YEAR DATA VALUES
29-36 SUMMER HALF YEAR DATA VALUES
37-44 WINTER (DJF) DATA VALUES
45-52 SPRING (MAM) DATA VALUES
53-60 SUMMER (JJA) DATA VALUES
61-68 AUTUMN (SON) DATA VALUES
69-76 JANUARY DATA VALUES
etc. 
157-164 DECEMBER DATA VALUES

1853   1960 -999999 -999999 1339    -999999 917     1548    991     340     363     631     843     1245    1627    1535    1489    1308    970     674     316     
1853   1961 -999999 -999999 1358    -999999 954     1520    -999999 330     682     781     1009    1076    1461    1519    1578    1505    1042    -999999 -999999 
1853   1962 -999999 -999999 1207    -999999 662     1401    904     314     -999999 238     726     1013    1305    1449    1452    1277    957     453     36      
1853   1963 -999999 -999999 1258    -999999 812     1462    -999999 -373    -153    546     854     1022    1487    1490    1410    1280    1041    -999999 121     
1853   1964 -999999 -999999 1333    -999999 835     1501    954     239     364     377     835     1277    1364    1594    1543    1377    790     696     227     
1853   1965 -999999 -999999 1233    -999999 807     1422    -999999 260     255     489     772     1138    1413    1367    1482    1207    1014    372     403     
1853   1966 -999999 -999999 1289    -999999 807     1494    965     245     607     613     720     1075    1537    1484    1459    1390    984     474     -999999 
1853   1967 -999999 -999999 1330    -999999 840     1582    1007    -999999 533     740     745     1025    1423    1710    1607    1369    1104    519     308     
1853   1968 -999999 -999999 -999999 -999999 -999999 -999999 -999999 -999999 -999999 618     -999999 -999999 -999999 -999999 1526    1377    1245    581     -999999 
1853   1969 -999999 -999999 -999999 -999999 712     1563    -999999 507     -999999 314     720     1117    1367    1716    1602    1341    1285    508     284     
1853   1970 -999999 -999999 -999999 -999999 752     1555    1088    341     277     297     637     1294    1581    1499    1583    1459    1016    739     369     
1853   1971 -999999 -999999 -999999 -999999 779     -999999 -999999 420     412     507     716     1108    1236    -999999 1593    1402    1058    -999999 557     
1853   1972 -999999 -999999 1212    -999999 854     1412    938     -999999 401     675     827     1053    1176    1544    1515    1144    1045    597     551     
1853   1973 -999999 -999999 1335    -999999 797     1564    -999999 399     -999999 528     706     1137    1474    1556    1659    1428    869     531     459     
1853   1974 -999999 -999999 1243    -999999 788     1466    878     576     480     520     751     1071    1364    1528    1500    1219    756     666     -999999 
1853   1975 -999999 -999999 1383    -999999 752     1699    961     641     -999999 456     816     986     1448    1770    1863    1338    962     524     422     
1853   1976 -999999 -999999 1424    -999999 820     1758    -999999 529     415     458     779     1200    1707    1851    1711    1318    1040    566     138     
1853   1977 -999999 -999999 -999999 -999999 811     1424    1014    213     523     684     717     1027    1190    1585    1497    1298    1159    589     583     
1853   1978 -999999 -999999 -999999 -999999 792     1466    -999999 295     270     666     629     1083    1349    1514    1534    1400    1142    755     -999999 
1853   1979 -999999 -999999 -999999 -999999 759     1509    -999999 -134    100     470     808     979     1372    1654    1488    1318    1093    632     540     
1853   1980 -999999 -999999 1322    -999999 805     1497    -999999 190     585     488     840     1089    1398    1460    1631    1509    880     606     474     
1853   1981 -999999 -999999 1335    -999999 -999999 1533    -999999 463     -999999 810     770     1151    1358    1618    1617    1454    793     688     -56     
1853   1982 -999999 -999999 1393    -999999 874     1639    -999999 126     -999999 597     857     1158    1608    1664    1646    1415    996     738     368     
1853   1983 -999999 -999999 1393    -999999 783     1727    -999999 635     139     621     678     1043    1445    1976    1750    1407    1033    -999999 506     
1853   1984 -999999 -999999 1357    -999999 738     1660    -999999 326     330     436     797     960     1454    1697    1814    1388    1133    771     410     
1853   1985 -999999 -999999 1313    -999999 780     1485    995     36      -999999 465     833     1066    1260    1646    1533    1482    1093    386     599     
1853   1986 -999999 -999999 1230    -999999 749     1502    981     307     -161    491     599     1144    1471    1645    1388    1121    1054    749     531     
1853   1987 -999999 -999999 1325    -999999 821     1504    -999999 -999999 330     390     1026    1011    1315    1595    1599    1388    961     630     -999999 
1853   1988 -999999 -999999 1310    -999999 876     1511    942     515     478     672     801     1157    1443    1515    1567    1338    1037    458     712     
1853   1989 -999999 -999999 -999999 -999999 -999999 1659    -999999 565     548     722     636     1288    1472    1825    1679    1471    1169    584     487     
1853   1990 -999999 -999999 1411    -999999 956     1683    1083    633     -999999 827     747     1275    1402    1759    1881    1347    1222    647     381     
1853   1991 -999999 -999999 1343    -999999 890     1564    1052    321     168     799     782     1088    1225    1759    1709    1501    1006    603     376     
1853   1992 -999999 -999999 -999999 -999999 991     1609    948     286     505     755     907     1320    1562    1655    1608    1379    758     721     316     
1853   1993 -999999 -999999 -999999 -999999 910     1515    -999999 540     -999999 652     941     1143    1495    1573    1474    1237    818     457     -999999 
1853   1994 -999999 -999999 1365    -999999 892     1663    -999999 525     -999999 776     824     1072    1476    1854    1654    1303    989     960     -999999 
1853   1995 -999999 -999999 1469    -999999 868     1759    1139    441     643     536     898     1176    1430    1886    1939    1377    1282    721     -999999 
1853   1996 -999999 -999999 1331    -999999 724     1611    -999999 439     194     440     857     868     1438    1707    1685    1372    1130    488     244     
1853   1997 -999999 -999999 1433    -999999 943     1719    -999999 183     646     821     893     1115    1438    1699    1993    1465    945     833     546     
1853   1998 -999999 -999999 1400    -999999 961     1577    1046    495     696     784     811     1282    1468    1616    1645    1529    1057    551     519     
1853   1999 -999999 -999999 1459    -999999 1004    1618    1137    530     -999999 716     957     1336    1419    1800    1637    1580    1071    731     412     
1853   2000 -999999 -999999 1401    -999999 929     1616    1099    427     569     748     814     1224    1551    1572    1724    1503    1081    716     -999999 
1853   2001 -999999 -999999 1414    -999999 870     1678    -999999 347     -999999 526     808     1263    1516    1768    1744    1362    1382    632     258     
1853   2002 -999999 -999999 1422    -999999 962     1642    1122    531     -999999 748     941     1196    1482    1685    1759    1471    1025    862     576     
1853   2003 -999999 -999999 1511    -999999 980     1787    1050    397     396     714     948     1267    1662    1796    1899    1469    902     763     427     
1853   2004 -999999 -999999 1479    -999999 962     1707    -999999 498     496     663     970     1244    1624    1656    1834    1494    1101    -999999 489     
1853   2005 -999999 -999999 -999999 507     936     -999999 1178    579     445     714     924     1168    -999999 1735    1711    1587    1359    583     456     
1853   2006 1138    633     1570    432     926     1809    1300    446     389     541     940     1297    1681    2054    1688    1752    1336    809     672     
1853   2007 1086    816     1440    667     1047    1599    1084    724     600     733     1171    1240    1576    1599    1622    1429    1117    704     485     
1853   2008 1024    685     1402    552     930     1620    1029    666     501     625     823     1337    1466    1694    1694    1378    997     714     371     
1853   2009 1048    594     1444    367     1012    1640    -999999 306     430     735     1042    1260    1516    1693    1712    1445    1165    896     300     
1853   2010 -999999 -999999 1412    -999999 912     1656    -999999 99      318     623     945     1167    1579    1805    1581    1383    1036    492     -129    
1853   2011 -999999 -999999 1450    -999999 1054    1549    1273    343     658     719     1190    1265    1412    1585    1645    1596    1260    927     560     
1853   2012 -999999 -999999 1318    -999999 872     1563    965     527     366     747     712     1173    1382    1574    1720    1311    948     636     471     
1853   2013 -999999 -999999 -999999 -999999 -999999 -999999 -999999 -999999 -999999 -999999 -999999 -999999 -999999 -999999 -999999 -999999 -999999 -999999 -999999 
1853   2014 -999999 -999999 1454    -999999 1000    1640    -999999 569     637     752     999     1241    1538    1819    1557    1534    1227    -999999 479     
1853   2015 -999999 -999999 1343    -999999 903     1576    -999999 404     406     674     919     1117    1451    1636    1647    1294    1094    968     1011    
1853   2016 -999999 -999999 1460    -999999 859     1695    -999999 531     491     561     773     1253    1567    1728    1787    1631    1067    563     511     
1853   2017 -999999 -999999 1441    -999999 1015    1687    -999999 350     -999999 844     881     1325    1653    1789    1611    1394    1264    632     437     
