EUROPEAN CLIMATE ASSESSMENT & DATASET (ECA&D), file created on: 13-11-2019
THESE DATA CAN BE USED FOR NON-COMMERCIAL RESEARCH AND EDUCATION PROVIDED THAT THE FOLLOWING SOURCE IS ACKNOWLEDGED: 

Klein Tank, A.M.G. and Coauthors, 2002. Daily dataset of 20th-century surface
air temperature and precipitation series for the European Climate Assessment.
Int. J. of Climatol., 22, 1441-1453.
Data and metadata available at http://www.ecad.eu

FILE FORMAT (MISSING VALUE CODE = -999999):

THIS FILE HOLDS DATA FOR STATION SWEDEN                                   HORBY_A                                  (STAID:   5184)
LATITUDE: dd:mm:ss +55:51:36
LONGITUDE: ddd:mm:ss +013:40:12
ELEVATION: m  114

DATA IS FOR INDEX Mean of daily mean temperature (TG) with unit 0.01 Temperature (&#176;C)

01-06 SOUID: Source identifier
08-11 YEAR : YYYY
13-20 ANNUAL DATA VALUES
21-28 WINTER HALF YEAR DATA VALUES
29-36 SUMMER HALF YEAR DATA VALUES
37-44 WINTER (DJF) DATA VALUES
45-52 SPRING (MAM) DATA VALUES
53-60 SUMMER (JJA) DATA VALUES
61-68 AUTUMN (SON) DATA VALUES
69-76 JANUARY DATA VALUES
etc. 
157-164 DECEMBER DATA VALUES

5184   1995 -999999 -999999 -999999 -999999 -999999 -999999 824     -999999 -999999 -999999 -999999 -999999 -999999 -999999 1794    1243    1085    135     -346    
5184   1996 623     16      1194    -347    488     1520    779     -272    -429    -103    707     865     1386    1448    1722    1019    909     405     -215    
5184   1997 760     196     1327    -141    553     1756    728     -321    139     258     471     926     1501    1745    2014    1280    585     325     152     
5184   1998 724     285     1210    205     658     1396    694     97      382     181     628     1164    1364    1425    1399    1270    786     25      -58     
5184   1999 811     168     1353    -43     677     1608    934     61      -140    301     746     986     1437    1763    1618    1560    812     435     96      
5184   2000 862     325     1288    142     786     1470    994     98      238     267     863     1231    1400    1515    1493    1212    1088    678     245     
5184   2001 761     340     1297    81      586     1609    880     54      -71     18      552     1187    1325    1809    1683    1198    1107    326     -125    
5184   2002 831     339     1423    75      759     1752    736     83      287     351     661     1261    1538    1747    1963    1345    565     304     -166    
5184   2003 786     89      1377    -207    687     1708    793     -155    -312    267     593     1199    1562    1826    1731    1330    475     583     256     
5184   2004 765     216     1290    -12     700     1531    839     -297    5       273     736     1092    1328    1498    1758    1312    863     341     246     
5184   2005 798     246     1343    100     597     1595    946     158     -126    -39     726     1109    1423    1809    1547    1427    1000    409     67      
5184   2006 858     147     1427    -104    473     1772    1106    -240    -141    -234    543     1113    1585    2055    1668    1576    1121    621     558     
5184   2007 871     545     1359    317     874     1623    762     325     40      558     856     1208    1650    1547    1672    1210    742     336     246     
5184   2008 862     361     1341    285     720     1627    841     260     351     231     723     1206    1485    1766    1624    1220    869     434     154     
5184   2009 803     252     1393    -12     766     1630    869     -73     -129    229     943     1133    1373    1779    1729    1387    605     625     -20     
5184   2010 644     110     1326    -241    591     1695    707     -465    -239    135     676     965     1429    1978    1670    1219    675     226     -597    
5184   2011 836     26      1396    -327    768     1626    943     -165    -206    205     966     1140    1588    1692    1596    1383    867     582     323     
5184   2012 765     349     1294    50      764     1548    856     62      -255    482     576     1227    1304    1662    1670    1301    751     521     -171    
5184   2013 790     100     1346    -167    555     1666    896     -178    -151    -183    557     1291    1519    1787    1688    1207    1002    476     389     
5184   2014 950     458     1422    244     862     1688    1057    46      303     519     847     1219    1502    1968    1587    1391    1098    680     192     
5184   2015 868     449     1281    165     694     1571    915     195     104     397     707     979     1322    1630    1753    1275    878     593     522     
5184   2016 854     388     1427    168     799     1652    864     -174    156     347     649     1395    1642    1715    1600    1544    767     284     305     
5184   2017 835     304     1304    116     745     1564    910     -42     80      406     584     1241    1495    1567    1628    1293    967     467     282     
5184   2018 936     276     1590    90      799     1885    947     178     -219    -60     893     1567    1767    2041    1843    1407    948     485     294     
5184   2019 -999999 430     1412    219     760     1780    -999999 38      335     473     774     1033    1808    1729    1804    1315    882     -999999 -999999 
