EUROPEAN CLIMATE ASSESSMENT & DATASET (ECA&D), file created on: 13-11-2019
THESE DATA CAN BE USED FOR NON-COMMERCIAL RESEARCH AND EDUCATION PROVIDED THAT THE FOLLOWING SOURCE IS ACKNOWLEDGED: 

Klein Tank, A.M.G. and Coauthors, 2002. Daily dataset of 20th-century surface
air temperature and precipitation series for the European Climate Assessment.
Int. J. of Climatol., 22, 1441-1453.
Data and metadata available at http://www.ecad.eu

FILE FORMAT (MISSING VALUE CODE = -999999):

THIS FILE HOLDS DATA FOR STATION FRANCE                                   SETE                                     (STAID:    797)
LATITUDE: dd:mm:ss +43:23:49
LONGITUDE: ddd:mm:ss +003:41:30
ELEVATION: m   75

DATA IS FOR INDEX Mean of daily mean temperature (TG) with unit 0.01 Temperature (&#176;C)

01-06 SOUID: Source identifier
08-11 YEAR : YYYY
13-20 ANNUAL DATA VALUES
21-28 WINTER HALF YEAR DATA VALUES
29-36 SUMMER HALF YEAR DATA VALUES
37-44 WINTER (DJF) DATA VALUES
45-52 SPRING (MAM) DATA VALUES
53-60 SUMMER (JJA) DATA VALUES
61-68 AUTUMN (SON) DATA VALUES
69-76 JANUARY DATA VALUES
etc. 
157-164 DECEMBER DATA VALUES

797    1921 1498    -999999 1981    -999999 1334    2277    1589    828     715     1033    1233    1732    2119    2482    2224    2077    1750    935     779     
797    1922 1408    985     1893    744     1364    2153    1369    618     840     961     1149    1974    2062    2135    2260    1753    1436    917     724     
797    1923 1460    929     1944    727     1267    2313    1520    558     916     1019    1235    1546    1881    2505    2541    1930    1602    1025    718     
797    1924 1553    958     2036    680     1448    2306    1684    741     575     1067    1360    1916    2258    2467    2192    2008    1706    1336    969     
797    1925 1420    1079    1890    908     1183    2239    1415    914     832     699     1246    1607    2246    2232    2239    1756    1615    868     739     
797    1926 1444    1001    1851    809     1241    2099    1668    688     1021    1071    1228    1423    1830    2180    2276    2158    1662    1185    585     
797    1927 1397    980     1843    685     1328    2063    1457    678     804     959     1344    1682    1890    2170    2122    1836    1479    1055    700     
797    1928 1421    971     1874    785     1175    2220    1511    739     925     930     1177    1418    1889    2500    2260    1982    1460    1094    661     
797    1929 1421    843     1939    493     1280    2216    1582    352     461     1003    1181    1653    2140    2298    2208    2145    1549    1052    945     
797    1930 1392    1006    1800    800     1208    2064    1560    874     557     1020    1151    1452    1988    2114    2087    1999    1499    1185    718     
797    1931 1316    932     1760    625     1238    2072    1369    583     563     994     1180    1539    2069    2113    2032    1616    1414    1075    513     
797    1932 1340    842     1746    565     1101    1986    1551    782     388     857     1060    1386    1724    1952    2273    2068    1456    1134    957     
797    1933 1370    971     1910    722     1376    2153    1420    466     745     1054    1426    1650    1785    2299    2363    1919    1500    838     351     
797    1934 1400    808     1885    525     1283    2145    1421    571     666     908     1150    1787    2058    2327    2046    1924    1503    832     970     
797    1935 1344    906     1828    726     1155    2159    1442    438     774     905     1179    1381    2005    2382    2085    1924    1353    1052    618     
797    1936 1361    953     1784    775     1224    2032    1365    926     780     979     1138    1552    1852    2056    2182    1910    1187    1006    744     
797    1937 1449    933     1933    845     1264    2252    1488    866     935     861     1268    1663    2078    2308    2364    1896    1514    1054    543     
797    1938 -999999 944     -999999 627     1237    -999999 -999999 655     688     1188    1166    1355    2017    -999999 -999999 -999999 -999999 -999999 -999999 
797    1939 -999999 -999999 -999999 -999999 -999999 -999999 -999999 -999999 -999999 -999999 -999999 -999999 -999999 -999999 -999999 -999999 -999999 -999999 -999999 
797    1940 -999999 -999999 -999999 -999999 -999999 -999999 -999999 -999999 -999999 -999999 -999999 -999999 -999999 -999999 -999999 -999999 -999999 -999999 -999999 
797    1941 -999999 -999999 -999999 -999999 -999999 -999999 -999999 -999999 -999999 -999999 -999999 -999999 -999999 -999999 -999999 -999999 -999999 -999999 -999999 
797    1942 -999999 -999999 -999999 -999999 -999999 -999999 -999999 -999999 -999999 -999999 -999999 -999999 -999999 -999999 -999999 -999999 -999999 -999999 -999999 
797    1943 -999999 -999999 -999999 -999999 -999999 -999999 -999999 -999999 -999999 -999999 -999999 -999999 -999999 -999999 -999999 -999999 -999999 -999999 -999999 
797    1944 -999999 -999999 -999999 -999999 -999999 -999999 -999999 -999999 -999999 -999999 -999999 -999999 -999999 -999999 -999999 -999999 -999999 -999999 -999999 
797    1945 -999999 -999999 -999999 -999999 -999999 -999999 -999999 -999999 -999999 -999999 -999999 -999999 -999999 -999999 -999999 -999999 -999999 -999999 -999999 
797    1946 -999999 -999999 -999999 -999999 -999999 -999999 -999999 -999999 -999999 -999999 -999999 -999999 -999999 -999999 -999999 -999999 -999999 -999999 -999999 
797    1947 -999999 -999999 -999999 -999999 -999999 -999999 -999999 -999999 -999999 -999999 -999999 -999999 -999999 -999999 -999999 -999999 -999999 -999999 -999999 
797    1948 -999999 -999999 -999999 -999999 -999999 -999999 -999999 -999999 -999999 -999999 -999999 -999999 -999999 -999999 -999999 -999999 -999999 -999999 -999999 
797    1949 1612    -999999 2097    -999999 1359    2386    1746    905     999     956     1514    1611    2152    2556    2443    2298    1814    1124    939     
797    1950 1522    1122    2018    874     1373    2369    1606    721     967     1140    1237    1738    2253    2535    2315    2011    1597    1211    483     
797    1951 1450    978     1862    701     1204    2144    1597    815     816     938     1271    1406    2007    2260    2161    2059    1463    1275    894     
797    1952 1482    1012    2013    701     1465    2351    1437    555     650     1208    1396    1790    2267    2527    2255    1825    1532    951     770     
797    1953 1491    899     1948    605     1406    2169    1638    415     632     1070    1275    1868    1849    2287    2361    2027    1654    1232    1150    
797    1954 1467    1061    1881    779     1341    2121    1655    582     587     1123    1281    1617    2077    2216    2068    2020    1623    1323    1025    
797    1955 1512    1129    1965    947     1375    2198    1515    959     846     978     1479    1672    2007    2325    2256    2042    1480    1024    1028    
797    1956 1371    938     1862    690     1316    2073    1443    861     108     1021    1192    1730    1887    2185    2140    2021    1425    884     850     
797    1957 1469    1034    1859    862     1380    2120    1527    696     1058    1287    1314    1536    1910    2287    2155    1938    1603    1039    779     
797    1958 1454    1005    1881    818     1258    2092    1597    741     946     918     1187    1668    1933    2113    2225    2148    1563    1082    892     
797    1959 1513    1072    1944    850     1402    2233    1539    739     928     1214    1287    1703    2057    2413    2223    1964    1560    1092    934     
797    1960 1465    1064    1930    859     1457    2160    1491    715     934     1140    1421    1808    2190    2209    2082    1858    1446    1170    593     
797    1961 1551    1033    2004    780     1466    2207    1625    685     1092    1220    1482    1696    2145    2265    2209    2220    1618    1039    918     
797    1962 1434    1018    1928    873     1240    2223    1493    941     750     816     1306    1599    2034    2248    2381    1984    1596    896     607     
797    1963 1377    821     1854    471     1316    2100    1589    370     433     988     1311    1649    1913    2351    2030    1854    1591    1321    648     
797    1964 1459    1001    1988    716     1367    2243    1493    592     923     934     1336    1829    2129    2376    2220    2022    1354    1107    676     
797    1965 1420    902     1843    641     1334    2107    1494    705     531     1012    1306    1682    2006    2147    2164    1735    1623    1119    935     
797    1966 1477    1083    1908    893     1379    2102    1536    700     1061    1060    1409    1668    2085    2138    2084    2060    1662    882     887     
797    1967 1484    1038    1909    832     1361    2206    1626    716     898     1165    1353    1565    1933    2401    2275    1912    1738    1225    592     
797    1968 1445    1034    1833    728     1320    2056    1590    741     858     1046    1312    1603    1941    2140    2083    1906    1731    1128    834     
797    1969 1413    1036    1846    771     1290    2101    1578    852     611     1020    1268    1583    1818    2231    2244    1915    1704    1110    537     
797    1970 1453    985     1911    755     1201    2188    1626    875     862     815     1180    1607    2111    2246    2204    2104    1521    1256    627     
797    1971 1474    940     1986    711     1274    2246    1549    689     828     717     1415    1694    1988    2348    2395    2059    1696    889     925     
797    1972 1449    1070    1817    892     1338    2086    1489    788     968     1142    1275    1595    1894    2281    2076    1764    1519    1183    889     
797    1973 1469    998     1964    768     1270    2290    1569    712     697     966     1185    1656    2097    2345    2423    2063    1500    1145    786     
797    1974 1450    1048    1870    870     1304    2169    1354    961     861     1020    1257    1634    2014    2255    2234    1812    1157    1099    1052    
797    1975 1465    1025    1914    992     1267    2209    1505    978     942     919     1304    1578    1964    2311    2344    1967    1490    1058    685     
797    1976 1478    1001    1949    800     1349    2300    1405    804     920     1048    1221    1774    2234    2420    2243    1785    1435    996     828     
797    1977 1463    1041    1805    870     1340    2028    1572    751     1048    1189    1311    1519    1857    2157    2065    1912    1691    1108    917     
797    1978 1427    1055    1836    793     1271    2073    1560    668     795     1127    1139    1543    1883    2125    2205    2111    1507    1062    918     
797    1979 1475    1013    1922    787     1308    2248    1558    600     849     1129    1191    1599    2131    2387    2222    1985    1618    1069    878     
797    1980 1405    1038    1856    849     1241    2103    1513    640     1042    982     1199    1540    1898    2046    2359    2084    1512    941     611     
797    1981 1462    927     1921    651     1341    2190    1569    689     654     1128    1381    1516    2094    2145    2326    2059    1584    1064    854     
797    1982 1549    1067    2011    911     1335    2310    1629    952     929     1004    1332    1668    2164    2495    2266    2128    1551    1212    852     
797    1983 1500    1041    1944    800     1268    2273    1635    931     599     1065    1190    1547    2028    2504    2281    2100    1617    1190    873     
797    1984 1423    1004    1824    781     1176    2141    1588    769     694     865     1266    1401    1968    2246    2204    1846    1562    1358    870     
797    1985 1460    995     1965    705     1284    2212    1601    334     932     922     1380    1553    1998    2413    2217    2222    1747    828     942     
797    1986 1497    984     1946    743     1321    2237    1684    751     514     1075    1067    1813    2047    2373    2286    2071    1742    1237    911     
797    1987 1475    988     1967    682     1249    2230    1690    346     801     883     1342    1527    1962    2361    2358    2241    1695    1136    1014    
797    1988 1528    1137    1950    969     1375    2218    1589    1009    879     1070    1340    1713    1992    2335    2319    1982    1726    1054    887     
797    1989 1583    1123    2023    903     1434    2334    1613    847     981     1228    1225    1842    2096    2466    2432    2051    1647    1139    992     
797    1990 1565    1185    2000    1018    1459    2288    1616    885     1194    1252    1255    1865    2060    2385    2414    2003    1735    1106    601     
797    1991 1456    1023    1930    680     1329    2220    1531    753     687     1225    1250    1508    1914    2341    2395    2159    1415    1024    747     
797    1992 1505    962     1968    727     1452    2209    1554    622     817     1138    1401    1814    1881    2326    2411    1952    1414    1300    962     
797    1993 1482    1069    1937    889     1374    2214    1431    881     815     1025    1339    1758    2142    2184    2315    1866    1454    973     985     
797    1994 1598    1099    1994    916     1454    2375    1624    898     859     1400    1226    1729    2133    2516    2468    1868    1575    1431    1015    
797    1995 1579    1163    2002    969     1375    2348    1644    792     1115    1057    1397    1671    2095    2525    2415    1888    1840    1197    925     
797    1996 1508    1119    1951    893     1348    2266    1524    1042    698     990     1393    1663    2196    2336    2263    1842    1602    1124    913     
797    1997 1620    1161    2015    922     1553    2244    1736    790     1077    1448    1454    1753    1978    2301    2444    2147    1756    1303    948     
797    1998 1551    1187    2005    939     1441    2322    1515    890     984     1225    1252    1839    2140    2438    2383    1955    1603    985     870     
797    1999 1566    1067    2042    865     1461    2298    1634    907     812     1198    1388    1793    2112    2399    2377    2168    1712    1020    845     
797    2000 1581    1107    1998    885     1465    2251    1623    755     1067    1240    1316    1835    2148    2202    2401    2070    1597    1203    1122    
797    2001 1577    1196    2017    1013    1505    2337    1600    934     980     1317    1359    1833    2194    2365    2447    1880    1875    1036    652     
797    2002 1590    1134    1964    863     1474    2219    1664    889     1066    1273    1499    1650    2111    2283    2258    1970    1673    1347    1027    
797    2003 1610    1113    2161    811     1465    2582    1597    703     690     1207    1354    1830    2438    2578    2725    2019    1502    1272    930     
797    2004 1540    1064    2003    859     1336    2318    1649    818     828     1025    1332    1651    2237    2353    2361    2074    1734    1136    905     
797    2005 1521    1032    2068    781     1373    2389    1631    803     619     958     1359    1801    2369    2447    2350    2067    1722    1101    594     
797    2006 1634    996     2128    691     1487    2427    1794    731     754     1055    1538    1870    2232    2735    2306    2069    1873    1437    945     
797    2007 1587    1262    2025    1019    1543    2233    1569    1048    1068    1190    1618    1822    2148    2302    2248    2003    1616    1087    857     
797    2008 1561    1127    2005    975     1423    2304    1565    1045    1028    1124    1368    1775    2193    2357    2357    1963    1594    1137    772     
797    2009 1624    1036    2131    752     1508    2423    1768    651     843     1206    1407    1907    2278    2440    2545    2192    1754    1359    850     
797    2010 1498    1047    2048    721     1390    2369    1546    564     751     983     1503    1688    2119    2571    2408    1979    1513    1148    704     
797    2011 1661    1045    2110    809     1605    2254    1835    769     970     1164    1658    1994    2089    2287    2383    2242    1833    1430    1075    
797    2012 1597    1206    2057    871     1511    2359    1687    968     548     1347    1376    1805    2215    2355    2503    2069    1730    1262    940     
797    2013 1540    1078    2001    801     1321    2337    1672    765     688     1051    1308    1604    2039    2529    2433    2073    1826    1110    980     
797    2014 1680    1210    2074    1010    1535    2320    1854    999     1054    1274    1594    1740    2298    2341    2320    2144    1945    1469    950     
797    2015 1666    1217    2128    882     1532    2455    1674    914     771     1220    1465    1909    2371    2649    2343    2012    1592    1422    1260    
797    2016 1639    1239    2082    1105    1400    2374    1735    986     1067    1103    1426    1672    2206    2475    2435    2269    1663    1275    1074    
797    2017 1626    1206    2091    962     1586    2418    1612    678     1153    1390    1521    1844    2381    2451    2421    1911    1784    1135    814     
797    2018 1666    1113    -999999 871     1497    -999999 1783    1129    649     1126    1541    1826    2274    -999999 2618    2322    1750    1333    1089    
