EUROPEAN CLIMATE ASSESSMENT & DATASET (ECA&D), file created on: 13-11-2019
THESE DATA CAN BE USED FOR NON-COMMERCIAL RESEARCH AND EDUCATION PROVIDED THAT THE FOLLOWING SOURCE IS ACKNOWLEDGED: 

Klein Tank, A.M.G. and Coauthors, 2002. Daily dataset of 20th-century surface
air temperature and precipitation series for the European Climate Assessment.
Int. J. of Climatol., 22, 1441-1453.
Data and metadata available at http://www.ecad.eu

FILE FORMAT (MISSING VALUE CODE = -999999):

THIS FILE HOLDS DATA FOR STATION RUSSIAN FEDERATION                       RYBINSK                                  (STAID:   1184)
LATITUDE: dd:mm:ss +58:06:00
LONGITUDE: ddd:mm:ss +038:42:00
ELEVATION: m  114

DATA IS FOR INDEX Mean of daily mean temperature (TG) with unit 0.01 Temperature (&#176;C)

01-06 SOUID: Source identifier
08-11 YEAR : YYYY
13-20 ANNUAL DATA VALUES
21-28 WINTER HALF YEAR DATA VALUES
29-36 SUMMER HALF YEAR DATA VALUES
37-44 WINTER (DJF) DATA VALUES
45-52 SPRING (MAM) DATA VALUES
53-60 SUMMER (JJA) DATA VALUES
61-68 AUTUMN (SON) DATA VALUES
69-76 JANUARY DATA VALUES
etc. 
157-164 DECEMBER DATA VALUES

1184   1949 -999999 -999999 -999999 -999999 -999999 -999999 440     -999999 -999999 -999999 -999999 -999999 -999999 -999999 1593    1135    383     -196    -502    
1184   1950 339     -554    1209    -1076   472     1465    487     -1873   -829    -325    763     988     1503    1520    1373    1099    486     -124    -561    
1184   1951 377     -496    1296    -959    320     1716    298     -1182   -1151   -494    703     762     1610    1701    1835    1151    281     -537    -252    
1184   1952 380     -436    1220    -456    85      1643    391     -409    -724    -994    364     895     1675    1710    1544    1113    266     -203    -703    
1184   1953 377     -607    1314    -1126   435     1779    333     -1127   -1594   -365    686     993     1831    1839    1668    850     495     -352    -547    
1184   1954 404     -574    1339    -1083   344     1838    463     -1325   -1410   -377    227     1177    1765    2081    1666    1087    476     -176    -474    
1184   1955 243     -444    1171    -738    30      1604    539     -802    -959    -773    -40     900     1371    1704    1729    1335    662     -386    -1896   
1184   1956 167     -910    1097    -1713   109     1588    188     -1305   -1954   -632    49      908     1905    1434    1434    839     358     -638    -486    
1184   1957 487     -434    1297    -488    259     1642    514     -679    -278    -872    338     1314    1414    1814    1691    1178    462     -95     -485    
1184   1958 286     -483    1124    -802    100     1563    456     -879    -1067   -875    128     1048    1420    1757    1509    854     545     -34     -1061   
1184   1959 371     -352    1243    -781    336     1768    124     -561    -714    -310    309     1007    1676    1964    1660    813     111     -551    -1029   
1184   1960 375     -736    1305    -1109   226     1829    226     -1238   -1057   -669    293     1056    1726    2131    1629    968     172     -461    -105    
1184   1961 465     -260    1226    -388    354     1743    397     -736    -318    -123    115     1063    1819    1809    1605    920     635     -373    -886    
1184   1962 402     -453    1185    -747    319     1441    552     -562    -799    -764    525     1201    1270    1648    1400    1045    543     67      -829    
1184   1963 260     -745    1310    -1299   189     1579    575     -1814   -1249   -1210   245     1534    1239    1800    1687    1320    501     -93     -935    
1184   1964 367     -563    1251    -958    122     1718    427     -884    -1063   -920    240     1050    1711    1893    1550    1039    647     -412    -507    
1184   1965 283     -502    -999999 -945    136     1569    280     -1078   -1283   -454    121     760     1586    1614    1510    1277    385     -723    -287    
1184   1966 325     -609    1282    -1055   516     1689    414     -1493   -1366   -194    437     1301    1630    1822    1615    857     461     -79     -1203   
1184   1967 428     -585    1359    -1307   621     1717    623     -1557   -1145   -23     488     1394    1585    1731    1832    1096    749     20      -1186   
1184   1968 298     -578    1247    -1364   422     1648    293     -1875   -1003   -203    341     1123    1715    1528    1703    1024    152     -291    -703    
1184   1969 178     -869    1142    -1399   96      1534    485     -1888   -1622   -941    390     847     1337    1705    1554    993     389     76      -917    
1184   1970 -999999 -501    1282    -1058   419     1689    -999999 -1220   -1032   -332    458     1059    1540    1898    1624    1088    551     -999999 -999999 
1184   1971 374     -999999 1193    -999999 252     1618    353     -423    -1152   -501    204     1051    1540    1705    1606    1023    261     -223    -773    
1184   1972 453     -664    1431    -1157   291     2013    430     -1713   -994    -582    430     1034    1802    2191    2031    1045    445     -201    -137    
1184   1973 -999999 -999999 1290    -999999 505     1739    -999999 -1188   -999999 -289    581     1227    1812    1848    1560    690     -999999 -390    -844    
1184   1974 -999999 -999999 1211    -999999 244     1701    -999999 -999999 -999999 -177    128     777     1644    1887    1569    1240    702     -999999 -999999 
1184   1975 -999999 -999999 1386    -999999 816     1623    -999999 -999999 -999999 -999999 761     1439    1548    1830    1487    1230    -999999 -338    -611    
1184   1976 -999999 -999999 1107    -999999 -999999 1425    -999999 -999999 -999999 -999999 385     995     1288    1596    1386    919     -999999 -999999 -999999 
1184   1977 395     -999999 1297    -999999 495     1693    388     -1186   -899    -302    490     1298    1650    1849    1579    891     211     68      -980    
1184   1978 245     -464    1070    -1013   345     1467    416     -873    -1206   -58     224     864     1362    1570    1466    913     270     71      -1758   
1184   1979 346     -682    1226    -1405   408     1613    391     -1263   -1170   -267    9       1468    1519    1661    1657    1005    302     -131    -745    
1184   1980 313     -588    1177    -953    94      1629    405     -1277   -828    -847    415     725     1790    1671    1432    1022    460     -269    -558    
1184   1981 502     -396    1324    -632    208     1867    541     -601    -748    -688    132     1178    1775    2098    1724    1000    727     -110    -563    
1184   1982 426     -406    1221    -961    427     1554    538     -1313   -1011   -216    386     1109    1237    1854    1563    1153    279     189     -210    
1184   1983 516     -276    1364    -578    569     1618    492     -601    -962    -404    748     1367    1438    1852    1557    1200    514     -239    -390    
1184   1984 409     -364    1320    -684    522     1595    431     -556    -1134   -424    507     1481    1535    1776    1474    1121    540     -373    -1104   
1184   1985 238     -740    1208    -1444   333     1631    354     -1514   -1743   -335    197     1132    1302    1691    1891    997     529     -471    -980    
1184   1986 348     -575    1218    -1126   468     1659    359     -896    -1543   -180    486     1099    1733    1728    1518    721     366     -10     -982    
1184   1987 193     -703    1167    -1309   200     1595    214     -2122   -772    -680    116     1162    1708    1609    1473    908     325     -594    -867    
1184   1988 440     -511    1374    -874    455     1864    325     -1016   -730    -198    309     1251    1845    2142    1604    1063    496     -591    -943    
1184   1989 602     -259    1390    -519    617     1801    406     -368    -218    65      559     1225    1964    1872    1572    1132    437     -353    -715    
1184   1990 504     -257    1200    -552    519     1589    351     -860    -31     0       653     909     1424    1747    1590    854     419     -223    -460    
1184   1991 512     -365    1304    -689    452     1693    581     -816    -801    -348    501     1205    1788    1745    1551    1016    620     106     -500    
1184   1992 467     -176    1302    -615    504     1670    294     -742    -602    43      364     1101    1549    1788    1668    1320    41      -470    -494    
1184   1993 354     -419    1152    -566    413     1530    45      -584    -624    -403    346     1293    1390    1718    1476    656     372     -902    -577    
1184   1994 346     -589    1229    -862    324     1558    418     -634    -1430   -452    543     888     1442    1722    1506    1260    450     -457    -814    
1184   1995 550     -295    1410    -588    658     1736    498     -741    -168    -31     684     1322    1925    1680    1608    1231    644     -385    -1198   
1184   1996 384     -610    1238    -1175   376     1660    524     -1134   -1195   -425    320     1230    1558    1783    1637    871     445     257     -795    
1184   1997 372     -341    1222    -846    339     1743    278     -1066   -659    -240    337     922     1740    1839    1650    822     259     -246    -962    
1184   1998 372     -516    1280    -936    365     1726    214     -663    -1209   -332    152     1267    1897    1807    1478    1052    516     -937    -698    
1184   1999 509     -513    1389    -802    398     1907    370     -874    -837    -294    782     718     2078    2096    1551    1104    693     -696    -298    
1184   2000 539     -287    1324    -509    531     1712    512     -773    -452    -220    849     974     1576    1958    1596    971     669     -108    -595    
1184   2001 446     -344    1410    -715    471     1778    476     -598    -977    -509    873     1062    1568    2196    1565    1175    412     -158    -1345   
1184   2002 466     -331    1356    -769    543     1807    283     -649    -262    26      488     1115    1643    2154    1618    1091    102     -337    -1435   
1184   2003 455     -708    1280    -1181   369     1658    542     -1073   -1020   -502    290     1318    1281    2045    1636    1073    522     32      -256    
1184   2004 459     -286    1279    -722    399     1708    503     -1010   -913    -124    239     1076    1479    1895    1743    1214    517     -223    -449    
1184   2005 493     -392    1352    -621    335     1696    621     -429    -1023   -801    489     1322    1575    1869    1640    1192    522     153     -696    
1184   2006 431     -580    1340    -1166   279     1726    588     -1178   -1675   -685    429     1097    1818    1712    1651    1317    494     -43     92      
1184   2007 559     -169    1369    -603    732     1740    474     -439    -1554   305     467     1414    1511    1823    1879    1088    615     -284    -305    
1184   2008 620     -160    1281    -433    569     1662    641     -689    -297    -9      665     1055    1472    1853    1654    962     784     171     -220    
1184   2009 502     -135    1304    -498    383     1694    604     -662    -625    -297    215     1224    1689    1825    1567    1279    429     110     -793    
1184   2010 453     -545    1531    -1154   562     2005    468     -1570   -1093   -386    532     1541    1714    2397    1895    1067    318     24      -1099   
1184   2011 522     -581    1414    -1172   431     1899    562     -1031   -1407   -351    408     1234    1721    2212    1757    1119    614     -49     -119    
1184   2012 419     -356    1366    -710    397     1734    588     -785    -1261   -582    504     1272    1628    1935    1635    1199    530     37      -1141   
1184   2013 -999999 -521    -999999 -894    271     -999999 -999999 -965    -542    -1027   408     1437    1933    -999999 -999999 -999999 -999999 -999999 -999999 
1184   2014 -999999 -999999 -999999 -999999 -999999 -999999 -999999 -999999 -999999 -999999 -999999 -999999 -999999 -999999 -999999 -999999 -999999 -999999 -999999 
1184   2015 -999999 -999999 -999999 -999999 -999999 -999999 -999999 -999999 -999999 -999999 -999999 -999999 -999999 -999999 -999999 -999999 -999999 -999999 -999999 
1184   2016 -999999 -999999 -999999 -999999 -999999 -999999 -999999 -999999 -999999 -999999 -999999 -999999 -999999 -999999 -999999 -999999 -999999 -999999 -999999 
1184   2017 -999999 -999999 -999999 -999999 -999999 -999999 -999999 -999999 -999999 -999999 -999999 -999999 -999999 -999999 -999999 -999999 -999999 -999999 -999999 
