EUROPEAN CLIMATE ASSESSMENT & DATASET (ECA&D), file created on: 13-11-2019
THESE DATA CAN BE USED FOR NON-COMMERCIAL RESEARCH AND EDUCATION PROVIDED THAT THE FOLLOWING SOURCE IS ACKNOWLEDGED: 

Klein Tank, A.M.G. and Coauthors, 2002. Daily dataset of 20th-century surface
air temperature and precipitation series for the European Climate Assessment.
Int. J. of Climatol., 22, 1441-1453.
Data and metadata available at http://www.ecad.eu

FILE FORMAT (MISSING VALUE CODE = -999999):

THIS FILE HOLDS DATA FOR STATION FINLAND                                  KITTILA LEVITUNTURI                      (STAID:   7841)
LATITUDE: dd:mm:ss +67:47:03
LONGITUDE: ddd:mm:ss +024:51:25
ELEVATION: m  524

DATA IS FOR INDEX Mean of daily mean temperature (TG) with unit 0.01 Temperature (&#176;C)

01-06 SOUID: Source identifier
08-11 YEAR : YYYY
13-20 ANNUAL DATA VALUES
21-28 WINTER HALF YEAR DATA VALUES
29-36 SUMMER HALF YEAR DATA VALUES
37-44 WINTER (DJF) DATA VALUES
45-52 SPRING (MAM) DATA VALUES
53-60 SUMMER (JJA) DATA VALUES
61-68 AUTUMN (SON) DATA VALUES
69-76 JANUARY DATA VALUES
etc. 
157-164 DECEMBER DATA VALUES

7841   1995 -999999 -999999 -999999 -999999 -999999 -999999 -999999 -999999 -999999 -999999 -999999 -999999 -999999 -999999 -999999 -999999 -999999 -999999 -1588   
7841   1996 -999999 -999999 684     -999999 -227    1234    -999999 -836    -999999 -629    -251    197     1005    1294    1402    489     165     -999999 -1104   
7841   1997 -123    -999999 -999999 -1122   -410    -999999 -207    -1157   -1101   -745    -633    141     1048    1443    -999999 516     -336    -790    -812    
7841   1998 -999999 -945    -999999 -1175   -999999 -999999 -999999 -1094   -1666   -958    -393    -999999 -999999 1308    -999999 -999999 -999999 -871    -964    
7841   1999 -93     -999999 644     -1218   -259    1063    76      -1420   -1274   -766    -163    159     1182    1199    793     668     -15     -459    -1050   
7841   2000 -999999 -698    -999999 -992    -197    -999999 -999999 -936    -987    -745    -231    384     856     -999999 -999999 546     409     -999999 -917    
7841   2001 -999999 -999999 -999999 -966    -355    -999999 -100    -750    -1270   -1060   -209    210     1113    -999999 -999999 639     -166    -745    -979    
7841   2002 -49     -751    766     -980    -78     1258    -298    -1019   -938    -678    -71     515     1217    1358    1214    350     -382    -902    -1150   
7841   2003 -5      -855    693     -1108   -121    1140    -17     -1455   -677    -535    -249    418     845     1600    961     552     -164    -397    -928    
7841   2004 -15     -703    663     -1012   -135    1070    -89     -1060   -1052   -630    -99     324     775     1408    1016    529     -123    -671    -648    
7841   2005 0       -676    657     -795    -319    1192    89      -823    -926    -889    -194    130     1017    1431    1105    517     53      -306    -954    
7841   2006 -999999 -722    -999999 -1013   -999999 1231    -121    -961    -1134   -989    -102    -999999 1078    1228    1373    536     -302    -576    -512    
7841   2007 -999999 -689    -999999 -996    -81     -999999 2       -1023   -1521   -291    -203    258     -999999 1173    1089    413     182     -649    -463    
7841   2008 -97     -576    -999999 -698    -354    -999999 -115    -807    -849    -876    -375    190     803     -999999 815     377     -90     -632    -549    
7841   2009 -999999 -701    -999999 -910    -999999 -999999 -999999 -1031   -1176   -772    -318    -999999 851     -999999 -999999 -999999 -303    -434    -999    
7841   2010 -141    -903    655     -1252   -204    989     -91     -1290   -1462   -960    -151    500     781     1291    887     598     -13     -860    -1114   
7841   2011 48      -883    766     -1256   -102    1184    186     -1145   -1537   -692    38      351     1179    1366    1029    696     78      -211    -515    
7841   2012 -141    -622    552     -1020   -213    969     -41     -1157   -1412   -550    -351    258     738     1116    1045    478     -134    -463    -1313   
7841   2013 53      -770    787     -963    -242    1186    -18     -834    -719    -1142   -286    701     1146    1200    1210    724     -130    -646    -636    
7841   2014 29      -620    693     -823    -174    1190    -75     -1227   -582    -499    -260    235     794     1626    1136    599     -225    -594    -698    
7841   2015 40      -651    638     -896    -96     974     137     -1188   -792    -423    -138    272     747     947     1222    763     13      -361    -683    
7841   2016 -999999 -999999 -999999 -999999 -999999 -999999 -999999 -1369   -999999 -999999 -999999 -999999 -999999 -999999 -999999 -999999 -999999 -999999 -999999 
