EUROPEAN CLIMATE ASSESSMENT & DATASET (ECA&D), file created on: 13-11-2019
THESE DATA CAN BE USED FOR NON-COMMERCIAL RESEARCH AND EDUCATION PROVIDED THAT THE FOLLOWING SOURCE IS ACKNOWLEDGED: 

Klein Tank, A.M.G. and Coauthors, 2002. Daily dataset of 20th-century surface
air temperature and precipitation series for the European Climate Assessment.
Int. J. of Climatol., 22, 1441-1453.
Data and metadata available at http://www.ecad.eu

FILE FORMAT (MISSING VALUE CODE = -999999):

THIS FILE HOLDS DATA FOR STATION ITALY                                    VITERBO                                  (STAID:   2237)
LATITUDE: dd:mm:ss +42:25:48
LONGITUDE: ddd:mm:ss +012:03:00
ELEVATION: m  300

DATA IS FOR INDEX Mean of daily mean temperature (TG) with unit 0.01 Temperature (&#176;C)

01-06 SOUID: Source identifier
08-11 YEAR : YYYY
13-20 ANNUAL DATA VALUES
21-28 WINTER HALF YEAR DATA VALUES
29-36 SUMMER HALF YEAR DATA VALUES
37-44 WINTER (DJF) DATA VALUES
45-52 SPRING (MAM) DATA VALUES
53-60 SUMMER (JJA) DATA VALUES
61-68 AUTUMN (SON) DATA VALUES
69-76 JANUARY DATA VALUES
etc. 
157-164 DECEMBER DATA VALUES

2237   1960 1413    -999999 1852    -999999 1260    2173    1471    696     819     952     1182    1656    2125    2174    2219    1731    1530    1148    706     
2237   1961 1449    970     1932    700     1302    2173    1609    585     820     1020    1398    1492    1988    2199    2325    2185    1545    1099    703     
2237   1962 -999999 -999999 -999999 -999999 -999999 -999999 -999999 -999999 -999999 -999999 -999999 -999999 -999999 -999999 -999999 -999999 -999999 -999999 -999999 
2237   1963 1353    -999999 1866    -999999 1205    2158    1569    306     390     810     1244    1564    1917    2345    2203    1908    1465    1338    682     
2237   1964 1394    942     1900    630     1275    2219    1445    517     694     953     1205    1664    2107    2293    2255    1861    1376    1101    680     
2237   1965 1350    -999999 1775    -999999 1166    2114    1461    605     286     935     1062    1474    1928    2239    2170    1756    1487    1138    842     
2237   1966 1370    948     1859    744     1208    2105    1489    457     953     820     1278    1529    2093    2049    2172    2027    1630    803     611     
2237   1967 1389    850     1853    556     1201    2182    1596    376     695     965     1108    1526    1823    2382    2331    1927    1696    1161    631     
2237   1968 1368    936     1852    613     1286    2090    1483    400     821     909     1313    1636    1904    2263    2097    1884    1536    1027    612     
2237   1969 1300    874     1737    606     1162    1950    1523    579     630     832     1035    1616    1700    2051    2092    1909    1526    1134    432     
2237   1970 1318    861     1778    587     1024    2101    1487    749     580     729     1057    1288    1965    2142    2191    2016    1363    1085    603     
2237   1971 1300    805     1826    599     1107    2132    1339    609     583     575     1257    1522    1768    2202    2417    1759    1342    917     623     
2237   1972 -999999 888     -999999 675     1176    -999999 1338    622     785     1023    1113    1391    1845    2143    -999999 1671    1295    1049    736     
2237   1973 1293    828     1802    631     1047    2132    1436    603     547     711     842     1569    1942    2166    2281    2009    1427    892     507     
2237   1974 1270    858     1746    643     1091    2061    1255    658     778     876     1005    1388    1784    2091    2298    1895    1006    873     553     
2237   1975 1283    733     1770    575     1109    2016    1391    595     576     787     1048    1490    1719    2154    2157    2036    1314    826     654     
2237   1976 1253    790     1671    628     1062    1963    1349    485     752     709     981     1495    1900    2102    1887    1644    1485    912     667     
2237   1977 1304    929     1687    728     1191    1965    1335    697     829     975     1065    1528    1761    2109    2018    1620    1467    914     631     
2237   1978 1260    843     1693    605     1054    1998    1335    504     686     830     963     1365    1812    2059    2121    1837    1387    780     741     
2237   1979 1315    831     1776    628     1125    2121    1378    425     727     934     925     1512    2052    2148    2159    1843    1474    814     722     
2237   1980 1234    828     1674    613     1001    1988    1412    457     665     823     889     1287    1750    1968    2237    1898    1401    939     471     
2237   1981 1259    740     1772    373     1183    2041    1346    214     440     955     1213    1383    1911    2027    2182    1906    1410    720     691     
2237   1982 1360    790     1869    626     1064    2212    1521    645     533     714     983     1493    2065    2354    2213    2092    1431    1043    703     
2237   1983 1333    835     1864    551     1178    2196    1415    547     388     865     1147    1520    1903    2477    2198    1917    1429    899     628     
2237   1984 1177    746     1604    499     937     1928    1353    452     411     639     923     1249    1693    2062    2014    1672    1375    1012    605     
2237   1985 1326    745     1867    448     1104    2162    1502    189     560     720     1069    1534    1877    2360    2239    2095    1467    942     821     
2237   1986 1343    833     1875    581     1253    2133    1505    513     391     864     1103    1786    1845    2199    2348    1947    1584    981     482     
2237   1987 1318    763     1832    515     935     2141    1595    459     614     449     1101    1261    1818    2311    2285    2204    1593    989     688     
2237   1988 -999999 893     -999999 682     1148    -999999 1453    735     617     718     1145    1580    -999999 -999999 2336    1917    1679    755     536     
2237   1989 1331    895     1796    599     1245    2105    1316    518     759     1105    1125    1499    1785    2208    2313    1823    1278    849     664     
2237   1990 1307    847     1767    685     1100    2102    1416    517     894     883     873     1538    1875    2219    2205    1871    1510    863     404     
2237   1991 1277    835     1752    501     1017    2176    1395    572     531     1100    843     1102    1813    2330    2374    2029    1310    849     414     
2237   1992 -999999 -999999 -999999 -999999 -999999 -999999 -999999 -999999 -999999 -999999 -999999 -999999 -999999 -999999 -999999 -999999 -999999 -999999 -999999 
2237   1993 -999999 -999999 -999999 -999999 -999999 -999999 -999999 -999999 -999999 -999999 -999999 -999999 -999999 -999999 -999999 -999999 -999999 -999999 -999999 
2237   1994 -999999 -999999 -999999 -999999 -999999 -999999 -999999 -999999 -999999 -999999 -999999 -999999 -999999 -999999 -999999 -999999 -999999 -999999 -999999 
2237   1995 -999999 -999999 -999999 -999999 -999999 -999999 -999999 -999999 -999999 -999999 -999999 -999999 -999999 -999999 -999999 -999999 -999999 -999999 -999999 
2237   1996 -999999 -999999 -999999 -999999 -999999 -999999 -999999 -999999 -999999 -999999 -999999 -999999 -999999 -999999 -999999 -999999 -999999 -999999 -999999 
2237   1997 -999999 -999999 -999999 -999999 -999999 -999999 -999999 -999999 -999999 -999999 -999999 -999999 -999999 -999999 -999999 -999999 -999999 -999999 -999999 
2237   1998 -999999 -999999 -999999 -999999 -999999 -999999 -999999 -999999 -999999 -999999 -999999 -999999 -999999 -999999 -999999 -999999 -999999 -999999 -999999 
2237   1999 -999999 -999999 -999999 -999999 -999999 -999999 -999999 -999999 -999999 -999999 -999999 -999999 -999999 -999999 -999999 -999999 -999999 -999999 -999999 
2237   2000 -999999 -999999 -999999 -999999 -999999 2309    1632    -999999 -999999 -999999 -999999 -999999 2127    2288    2492    2010    1634    1176    902     
2237   2001 -999999 -999999 -999999 827     -999999 2306    1541    862     703     1174    1015    1734    2019    2379    2495    1739    1830    1049    461     
2237   2002 1484    988     1914    599     1405    2224    1542    484     893     1175    1362    1668    2282    2242    2155    1768    1533    1326    853     
2237   2003 1541    953     2195    641     1362    2652    1548    656     390     934     1195    1953    2532    2621    2799    2046    1450    1153    681     
2237   2004 1434    894     1917    638     1152    2293    1625    498     741     841     1171    1445    2054    2432    2390    2048    1758    1064    856     
2237   2005 1381    913     1954    587     1295    2244    1487    482     404     870     1183    1828    2131    2413    2183    1966    1497    999     545     
2237   2006 -999999 -999999 -999999 -999999 -999999 -999999 -999999 402     -999999 -999999 -999999 -999999 -999999 -999999 -999999 -999999 -999999 -999999 -999999 
