EUROPEAN CLIMATE ASSESSMENT & DATASET (ECA&D), file created on: 13-11-2019
THESE DATA CAN BE USED FOR NON-COMMERCIAL RESEARCH AND EDUCATION PROVIDED THAT THE FOLLOWING SOURCE IS ACKNOWLEDGED: 

Klein Tank, A.M.G. and Coauthors, 2002. Daily dataset of 20th-century surface
air temperature and precipitation series for the European Climate Assessment.
Int. J. of Climatol., 22, 1441-1453.
Data and metadata available at http://www.ecad.eu

FILE FORMAT (MISSING VALUE CODE = -999999):

THIS FILE HOLDS DATA FOR STATION RUSSIAN FEDERATION                       KOLPASEVO                                (STAID:   3226)
LATITUDE: dd:mm:ss +58:18:00
LONGITUDE: ddd:mm:ss +082:52:59
ELEVATION: m   75

DATA IS FOR INDEX Mean of daily mean temperature (TG) with unit 0.01 Temperature (&#176;C)

01-06 SOUID: Source identifier
08-11 YEAR : YYYY
13-20 ANNUAL DATA VALUES
21-28 WINTER HALF YEAR DATA VALUES
29-36 SUMMER HALF YEAR DATA VALUES
37-44 WINTER (DJF) DATA VALUES
45-52 SPRING (MAM) DATA VALUES
53-60 SUMMER (JJA) DATA VALUES
61-68 AUTUMN (SON) DATA VALUES
69-76 JANUARY DATA VALUES
etc. 
157-164 DECEMBER DATA VALUES

3226   1936 -109    -999999 937     -999999 -332    1445    130     -2006   -1738   -1261   -364    628     1289    1744    1298    999     300     -914    -1339   
3226   1937 -242    -1161   927     -1602   -459    1509    -63     -1746   -1733   -1581   -614    813     1568    1804    1157    803     102     -1100   -2472   
3226   1938 -131    -1391   1114    -2158   125     1547    -10     -2377   -1566   -942    370     955     1485    1665    1489    697     -155    -568    -2680   
3226   1939 8       -1287   1126    -2002   5       1591    -115    -2056   -1191   -1042   347     721     1781    1709    1289    900     7       -1257   -1174   
3226   1940 -135    -1309   1167    -1922   26      1695    -87     -2889   -1687   -879    309     658     1610    1897    1576    931     -369    -814    -1975   
3226   1941 -213    -1402   987     -2084   -258    1563    -88     -2034   -2261   -1026   -401    650     1606    1597    1487    955     95      -1319   -2055   
3226   1942 -26     -1365   1148    -1909   -218    1721    66      -1824   -1841   -1293   -60     705     1636    2005    1520    1059    -84     -772    -1475   
3226   1943 -18     -1215   1231    -1751   79      1632    -59     -2124   -1644   -1219   391     1075    1545    1746    1602    1002    46      -1228   -1510   
3226   1944 50      -988    1155    -1400   204     1598    -134    -1511   -1164   -581    395     805     1554    1753    1485    919     159     -1489   -1770   
3226   1945 -118    -1457   1211    -2070   50      1602    29      -2214   -2244   -1259   334     1085    1446    1767    1587    1023    261     -1203   -2140   
3226   1946 -155    -1216   995     -1752   -159    1560    -159    -1814   -1254   -1148   34      642     1256    1962    1453    586     37      -1106   -2568   
3226   1947 -211    -1599   1092    -2526   34      1537    -57     -2905   -2062   -1020   132     992     1498    1610    1501    790     429     -1407   -2206   
3226   1948 -69     -1270   1069    -1916   -63     1575    31      -1727   -1808   -943    70      686     1344    2034    1340    911     194     -1017   -1973   
3226   1949 -158    -1124   1029    -1600   -84     1517    -172    -1324   -1494   -1165   296     630     1325    1592    1626    680     211     -1421   -2933   
3226   1950 -103    -1535   1125    -2362   -178    1749    -154    -2440   -1643   -990    -259    712     1661    1928    1656    1021    45      -1536   -1498   
3226   1951 -92     -1466   1148    -2143   86      1537    17      -2231   -2760   -946    303     909     1458    1900    1251    1046    22      -1016   -1228   
3226   1952 -250    -1179   1099    -1575   -292    1667    -465    -1718   -1792   -1376   -448    942     1612    1913    1476    1065    -145    -2326   -2276   
3226   1953 -89     -1584   1237    -2032   67      1698    -346    -1991   -1809   -1003   246     964     1550    2054    1486    1095    -108    -2033   -1644   
3226   1954 -264    -1604   1023    -2099   -282    1603    -38     -2345   -2330   -1251   -176    583     1617    1638    1555    897     276     -1299   -2468   
3226   1955 -96     -1427   1113    -2092   -120    1695    39      -1586   -2236   -1324   -38     1004    1736    1787    1564    594     207     -688    -2317   
3226   1956 -146    -1353   1062    -2126   -168    1633    -67     -1998   -2057   -1286   -272    1051    1325    1975    1589    657     64      -927    -1956   
3226   1957 -106    -1328   1079    -1934   -316    1660    -83     -1996   -1841   -1347   -259    659     1664    1820    1496    1072    2       -1324   -1335   
3226   1958 -163    -1305   962     -1712   -386    1620    -10     -2135   -1660   -1412   -380    633     1461    1861    1532    627     18      -676    -1917   
3226   1959 -188    -1136   1045    -1843   -60     1563    -259    -1876   -1725   -685    -207    706     1605    1725    1362    1057    -265    -1570   -2483   
3226   1960 -288    -1694   995     -2212   -395    1480    -289    -2493   -1623   -1722   -131    676     1454    1638    1349    962     -135    -1698   -1770   
3226   1961 -79     -1259   1074    -1690   99      1511    -284    -1861   -1413   -704    169     833     1295    1817    1415    889     -587    -1145   -1734   
3226   1962 48      -1182   1182    -1497   64      1710    -185    -1466   -1271   -894    -60     1141    1651    1991    1485    847     -194    -1208   -1535   
3226   1963 -39     -1173   942     -1545   -284    1554    82      -1825   -1246   -1037   -384    567     1474    1790    1395    779     153     -687    -1522   
3226   1964 -121    -1196   1056    -1682   -423    1672    -65     -1317   -2243   -1610   -578    912     1495    1963    1552    949     -270    -868    -1521   
3226   1965 -99     -1202   1143    -1822   86      1693    -188    -2044   -1910   -658    -205    1113    1652    1985    1432    856     111     -1531   -2068   
3226   1966 -346    -1584   1020    -2265   -371    1594    -198    -2325   -2415   -1297   -416    600     1489    1812    1479    1127    -281    -1436   -2615   
3226   1967 -6      -1507   1083    -2236   106     1598    36      -2072   -1998   -687    302     708     1468    2023    1300    672     418     -994    -1359   
3226   1968 -286    -1035   963     -1715   103     1472    -543    -2166   -1612   -531    -32     866     1142    1855    1409    493     -62     -2075   -2780   
3226   1969 -334    -2031   984     -2962   -374    1676    -15     -3095   -3016   -1253   -305    439     1534    2232    1259    712     -158    -593    -1932   
3226   1970 -204    -1278   966     -1931   -213    1427    -129    -2149   -1687   -1165   -22     554     1389    1631    1261    966     -226    -1125   -1950   
3226   1971 -99     -1418   1041    -2003   -182    1553    193     -1572   -2539   -1196   -26     683     1519    1658    1481    909     148     -475    -1939   
3226   1972 -298    -1370   896     -2209   -233    1427    -186    -2740   -1930   -1293   152     454     1380    1583    1315    471     30      -1067   -1965   
3226   1973 -14     -1323   1084    -2023   -80     1641    96      -2245   -1842   -894    9       648     1525    1749    1645    904     -59     -551    -1168   
3226   1974 -330    -1334   1043    -2052   -168    1541    -411    -2575   -2453   -1279   109     676     1349    1764    1503    829     -363    -1699   -1966   
3226   1975 -62     -1286   999     -1657   -119    1563    -114    -1428   -1566   -735    -132    509     1367    1961    1355    906     -39     -1211   -1837   
3226   1976 -181    -1340   1141    -1851   -122    1693    -372    -1576   -2160   -1265   144     764     1840    1752    1492    836     -622    -1322   -2108   
3226   1977 -135    -1662   1141    -2400   40      1663    13      -2715   -2374   -891    169     847     1803    1841    1351    813     -178    -590    -1827   
3226   1978 -19     -1150   1037    -1740   -132    1589    135     -1483   -1928   -952    9       553     1615    1981    1174    873     106     -575    -1723   
3226   1979 -135    -1301   1047    -2116   -279    1676    41      -2793   -1801   -1047   -465    668     1609    2005    1413    1019    -19     -877    -1432   
3226   1980 -105    -1251   1013    -1822   -259    1578    38      -2105   -1937   -1169   -320    709     1586    1708    1440    928     86      -901    -1354   
3226   1981 40      -1017   1161    -1525   74      1715    -171    -1681   -1544   -755    199     783     1802    1616    1729    818     -172    -1160   -1255   
3226   1982 0       -1287   1218    -1687   -25     1728    -66     -2162   -1640   -1365   378     925     1833    1784    1569    797     -345    -642    -1212   
3226   1983 124     -893    971     -1272   -239    1755    149     -1316   -1287   -584    -403    266     1948    1845    1480    670     351     -581    -997    
3226   1984 -285    -913    916     -1507   -329    1596    -363    -1649   -1900   -753    -877    625     1485    1723    1576    927     -165    -1858   -2634   
3226   1985 -173    -1635   1023    -2272   -166    1568    -106    -1779   -2416   -1039   37      510     1469    1785    1446    867     85      -1278   -1918   
3226   1986 -82     -1234   990     -1805   -107    1530    66      -1839   -1641   -855    -55     591     1297    1891    1395    788     53      -643    -2064   
3226   1987 -188    -1317   1053    -2087   -108    1550    -324    -2383   -1786   -1105   -191    971     1105    1860    1671    860     -123    -1716   -1552   
3226   1988 0       -1331   1037    -1824   -12     1529    153     -1886   -2048   -717    96      589     1274    1824    1481    932     130     -601    -1145   
3226   1989 38      -844    1040    -1411   99      1624    -51     -1717   -1368   -407    -280    971     1358    1985    1521    642     95      -896    -1564   
3226   1990 25      -1089   1165    -1832   288     1681    -25     -2260   -1655   -300    144     1016    1601    1937    1501    755     198     -1036   -1724   
3226   1991 -21     -1225   1223    -1690   -76     1652    119     -1478   -1886   -1480   332     933     1638    1949    1369    1098    142     -884    -2096   
3226   1992 -45     -1051   923     -1545   -125    1477    -166    -1176   -1352   -952    -437    1003    1075    1805    1539    497     202     -1209   -1613   
3226   1993 -5      -1057   1102    -1547   -60     1754    -224    -1581   -1436   -746    -29     597     1639    1998    1622    755     72      -1507   -1555   
3226   1994 -24     -1297   1161    -1863   -10     1776    69      -1840   -2229   -822    -95     884     1875    1948    1506    816     361     -981    -1870   
3226   1995 184     -944    1185    -1472   278     1578    148     -1584   -909    -679    498     1023    1118    1932    1668    834     178     -568    -1375   
3226   1996 -190    -1164   935     -1870   -261    1605    -156    -2474   -1754   -1012   -329    556     1555    2130    1129    534     -123    -881    -1664   
3226   1997 -1      -1044   1143    -1695   486     1398    -15     -1937   -1462   -235    692     1008    1332    1534    1324    952     251     -1258   -2298   
3226   1998 -84     -1312   1051    -2027   -147    1771    -411    -2238   -1495   -848    -304    707     1455    2051    1795    556     -87     -1712   -1013   
3226   1999 -13     -1292   1120    -1457   -116    1595    -72     -2224   -1099   -1610   -120    1382    1272    2066    1437    629     170     -1024   -1109   
3226   2000 -88     -994    1161    -1536   192     1660    -294    -2242   -1239   -539    113     998     1695    1726    1561    849     -234    -1500   -2275   
3226   2001 -32     -1518   1184    -2254   216     1610    90      -2746   -1685   -685    45      1282    1618    1573    1639    918     -41     -604    -1789   
3226   2002 65      -802    1078    -1251   115     1586    -48     -1115   -805    -451    -313    1095    1659    1727    1375    891     -41     -992    -2295   
3226   2003 83      -1204   1224    -1799   83      1760    -100    -1545   -1532   -843    -66     1154    1925    1688    1674    941     169     -1417   -1277   
3226   2004 -15     -1156   1135    -1513   -50     1645    162     -1909   -1342   -1180   -225    1248    1834    1721    1386    811     109     -433    -2225   
3226   2005 64      -1107   1195    -1941   152     1732    185     -1549   -2060   -554    101     908     1684    1919    1590    942     345     -736    -1976   
3226   2006 -122    -1379   1060    -2431   -154    1706    -38     -3382   -1880   -672    -523    721     1978    1913    1236    1012    -135    -989    -848    
3226   2007 129     -951    1184    -1280   166     1609    149     -1081   -1980   -773    552     731     1365    2029    1426    979     165     -697    -1314   
3226   2008 70      -947    1068    -1588   105     1596    279     -2165   -1264   -417    -179    903     1517    1875    1394    865     368     -399    -1699   
3226   2009 -169    -1137   1102    -2017   46      1574    -56     -2023   -2364   -799    274     670     1296    1861    1557    929     86      -1189   -2470   
3226   2010 -244    -1608   989     -2589   -82     1505    134     -2709   -2586   -860    74      544     1427    1612    1475    780     349     -733    -2445   
3226   2011 72      -1202   1195    -2108   292     1574    166     -2284   -1541   -573    537     920     1947    1456    1331    979     491     -984    -1496   
3226   2012 -19     -1049   1323    -1758   214     1867    -64     -2071   -1703   -570    332     883     2101    2079    1430    1101    -3      -1291   -2544   
3226   2013 55      -1461   1078    -2157   -118    1650    209     -2165   -1719   -1064   217     505     1357    1953    1630    776     95      -241    -798    
