EUROPEAN CLIMATE ASSESSMENT & DATASET (ECA&D), file created on: 13-11-2019
THESE DATA CAN BE USED FOR NON-COMMERCIAL RESEARCH AND EDUCATION PROVIDED THAT THE FOLLOWING SOURCE IS ACKNOWLEDGED: 

Klein Tank, A.M.G. and Coauthors, 2002. Daily dataset of 20th-century surface
air temperature and precipitation series for the European Climate Assessment.
Int. J. of Climatol., 22, 1441-1453.
Data and metadata available at http://www.ecad.eu

FILE FORMAT (MISSING VALUE CODE = -999999):

THIS FILE HOLDS DATA FOR STATION FRANCE                                   TOUL-ROSIERES                            (STAID:   3628)
LATITUDE: dd:mm:ss +48:46:59
LONGITUDE: ddd:mm:ss +005:58:36
ELEVATION: m  285

DATA IS FOR INDEX Mean of daily mean temperature (TG) with unit 0.01 Temperature (&#176;C)

01-06 SOUID: Source identifier
08-11 YEAR : YYYY
13-20 ANNUAL DATA VALUES
21-28 WINTER HALF YEAR DATA VALUES
29-36 SUMMER HALF YEAR DATA VALUES
37-44 WINTER (DJF) DATA VALUES
45-52 SPRING (MAM) DATA VALUES
53-60 SUMMER (JJA) DATA VALUES
61-68 AUTUMN (SON) DATA VALUES
69-76 JANUARY DATA VALUES
etc. 
157-164 DECEMBER DATA VALUES

3628   1968 -999999 -999999 1395    -999999 890     1619    988     -999999 -999999 563     971     1139    1525    1693    1635    1399    1161    399     -38     
3628   1969 907     379     1456    72      869     1689    1048    301     -61     468     812     1325    1416    1898    1746    1519    1074    549     -237    
3628   1970 903     322     1420    8       712     1715    1056    119     155     265     644     1226    1760    1625    1760    1495    974     702     65      
3628   1971 924     360     1504    92      894     1720    907     5       218     194     1050    1444    1440    1935    1775    1358    1032    326     255     
3628   1972 862     451     1312    217     870     1593    821     -5      414     679     788     1140    1402    1755    1615    1151    850     462     80      
3628   1973 921     330     1500    55      825     1804    980     -26     118     483     636     1351    1684    1771    1954    1584    913     444     82      
3628   1974 981     511     1405    328     945     1644    829     494     416     705     936     1195    1515    1611    1801    1361    589     546     563     
3628   1975 945     489     1469    477     777     1763    935     534     319     371     792     1169    1506    1816    1958    1556    808     444     20      
3628   1976 988     350     1569    145     872     1926    1010    193     227     400     839     1375    1928    2054    1797    1404    1106    516     -8      
3628   1977 977     527     1359    246     888     1649    1004    259     512     777     657     1221    1554    1761    1629    1315    1145    546     308     
3628   1978 877     477     1333    177     856     1559    910     135     78      614     767     1183    1475    1627    1572    1361    1010    355     280     
3628   1979 901     335     1404    28      831     1664    1001    -355    173     530     754     1206    1694    1721    1580    1458    1100    443     463     
3628   1980 876     499     1376    307     816     1588    927     -42     512     514     763     1169    1463    1534    1763    1552    898     333     51      
3628   1981 941     381     1459    45      1038    1668    976     18      70      885     938     1289    1531    1715    1753    1513    911     506     100     
3628   1982 1001    370     1549    90      877     1815    1146    -64     248     509     785     1332    1725    1974    1742    1724    1033    683     271     
3628   1983 999     499     1562    238     833     1969    972     394     29      543     887     1069    1691    2234    1973    1495    1010    411     169     
3628   1984 908     388     1366    170     728     1679    1036    204     136     380     805     1002    1478    1753    1801    1344    1063    698     207     
3628   1985 856     325     1459    -81     874     1650    899     -462    22      401     924     1299    1416    1854    1673    1571    971     153     391     
3628   1986 884     276     1409    27      819     1716    997     147     -509    420     631     1400    1688    1761    1698    1252    1112    624     265     
3628   1987 887     326     1466    -17     774     1665    1112    -418    115     246     1051    1033    1482    1763    1743    1719    1100    519     260     
3628   1988 1017    525     1501    344     967     1719    969     477     290     486     965     1449    1601    1706    1847    1422    1118    362     444     
3628   1989 1046    561     1532    327     1054    1790    1035    240     296     877     731     1543    1583    1918    1864    1529    1224    346     334     
3628   1990 1047    614     1486    429     1021    1777    1022    235     748     804     768     1482    1564    1805    1955    1317    1198    547     118     
3628   1991 961     472     1509    69      916     1820    1026    152     -78     846     819     1079    1403    2019    2025    1687    950     445     100     
3628   1992 1030    434     1585    180     1020    1882    966     102     347     655     895     1505    1703    1935    2001    1450    760     696     289     
3628   1993 979     465     1533    248     1054    1746    796     431     -1      580     1118    1467    1736    1749    1753    1363    858     164     452     
3628   1994 1111    497     1559    362     997     1935    1106    355     271     852     818     1316    1706    2213    1879    1396    1014    910     532     
3628   1995 1046    639     1530    468     911     1874    1070    275     612     494     909     1329    1540    2133    1938    1304    1355    540     90      
3628   1996 889     417     1437    67      838     1744    926     33      79      389     960     1167    1684    1742    1805    1249    1042    482     12      
3628   1997 1037    457     1558    119     1012    1850    1037    -166    553     829     836     1366    1649    1810    2085    1579    941     595     338     
3628   1998 -999999 560     -999999 369     1034    1783    -999999 337     437     700     915     1484    1719    1759    1869    -999999 -999999 -999999 -999999 
