EUROPEAN CLIMATE ASSESSMENT & DATASET (ECA&D), file created on: 13-11-2019
THESE DATA CAN BE USED FOR NON-COMMERCIAL RESEARCH AND EDUCATION PROVIDED THAT THE FOLLOWING SOURCE IS ACKNOWLEDGED: 

Klein Tank, A.M.G. and Coauthors, 2002. Daily dataset of 20th-century surface
air temperature and precipitation series for the European Climate Assessment.
Int. J. of Climatol., 22, 1441-1453.
Data and metadata available at http://www.ecad.eu

FILE FORMAT (MISSING VALUE CODE = -999999):

THIS FILE HOLDS DATA FOR STATION GERMANY                                  BROMBACHTAL-KIRCH-BROMBACH               (STAID:   4900)
LATITUDE: dd:mm:ss +49:44:08
LONGITUDE: ddd:mm:ss +008:57:24
ELEVATION: m  290

DATA IS FOR INDEX Mean of daily mean temperature (TG) with unit 0.01 Temperature (&#176;C)

01-06 SOUID: Source identifier
08-11 YEAR : YYYY
13-20 ANNUAL DATA VALUES
21-28 WINTER HALF YEAR DATA VALUES
29-36 SUMMER HALF YEAR DATA VALUES
37-44 WINTER (DJF) DATA VALUES
45-52 SPRING (MAM) DATA VALUES
53-60 SUMMER (JJA) DATA VALUES
61-68 AUTUMN (SON) DATA VALUES
69-76 JANUARY DATA VALUES
etc. 
157-164 DECEMBER DATA VALUES

4900   1958 870     -999999 1402    -999999 661     1650    946     15      345     18      583     1381    1477    1724    1745    1481    895     463     285     
4900   1959 964     412     1523    129     1011    1790    891     68      24      704     1005    1325    1640    1997    1727    1430    904     340     336     
4900   1960 901     395     1383    176     924     1622    946     22      170     579     861     1332    1702    1545    1620    1223    959     657     119     
4900   1961 942     490     1428    213     951     1563    1039    38      513     660     1126    1071    1540    1518    1631    1687    1057    372     83      
4900   1962 761     315     1325    127     651     1586    800     229     63      63      882     1015    1481    1566    1708    1286    876     235     -307    
4900   1963 758     10      1431    -483    844     1665    983     -626    -520    362     930     1244    1578    1816    1599    1408    784     766     -317    
4900   1964 881     223     1507    -138    839     1745    931     -260    185     194     904     1421    1698    1879    1658    1470    759     569     82      
4900   1965 808     294     1300    28      742     1542    804     165     -182    335     708     1182    1591    1532    1505    1269    897     243     378     
4900   1966 911     383     1419    259     896     1600    911     -201    635     365     968     1357    1665    1533    1604    1377    1151    196     271     
4900   1967 942     450     1438    244     883     1727    983     130     341     594     741     1309    1510    1945    1719    1382    1182    377     25      
4900   1968 846     369     1377    47      860     1606    919     -34     157     493     938     1152    1603    1639    1575    1347    1058    346     -135    
4900   1969 832     261     1426    -53     818     1671    947     140     -176    295     761     1397    1472    1893    1643    1367    957     516     -351    
4900   1970 838     204     1387    -155    665     1706    991     -122    26      192     619     1183    1735    1642    1743    1390    965     618     18      
4900   1971 886     307     1457    29      847     1690    852     -82     164     154     938     1453    1394    1858    1808    1264    935     355     334     
4900   1972 812     393     1306    158     828     1614    737     -132    279     576     794     1114    1440    1802    1594    1073    699     440     46      
4900   1973 862     286     1436    46      776     1741    882     8       87      420     580     1323    1649    1740    1829    1476    766     407     6       
4900   1974 942     436     1368    259     900     1598    813     417     363     647     897     1156    1456    1576    1758    1349    549     548     541     
4900   1975 931     469     1468    431     810     1748    879     479     257     419     813     1196    1502    1844    1888    1547    742     351     78      
4900   1976 935     299     1526    139     814     1888    949     223     114     272     781     1387    1907    2062    1697    1305    1025    516     -99     
4900   1977 911     451     1319    150     835     1622    930     144     431     687     634     1179    1552    1693    1618    1218    1039    528     169     
4900   1978 818     394     1295    73      813     1523    847     106     -69     550     735     1152    1500    1574    1496    1299    884     356     169     
4900   1979 838     244     1358    -109    798     1637    905     -486    -1      519     658     1214    1726    1662    1525    1353    948     412     474     
4900   1980 824     430     1329    222     787     1570    845     -129    329     538     664     1154    1469    1505    1733    1435    786     315     72      
4900   1981 858     293     1412    -55     981     1633    917     -187    -49     789     856     1294    1567    1658    1671    1417    830     508     -113    
4900   1982 915     246     1480    -113    795     1783    1051    -236    24      450     693     1239    1691    1923    1732    1587    931     639     251     
4900   1983 927     438     1502    182     821     1882    861     395     -129    492     895     1078    1692    2106    1842    1383    925     273     83      
4900   1984 831     296     1297    103     657     1598    939     161     60      258     687     1027    1432    1679    1677    1263    1042    508     148     
4900   1985 791     227     1400    -199    868     1585    792     -485    -267    380     846     1379    1394    1747    1608    1409    851     114     438     
4900   1986 855     241     1391    26      829     1696    896     112     -524    377     667     1438    1691    1718    1679    1129    972     584     306     
