EUROPEAN CLIMATE ASSESSMENT & DATASET (ECA&D), file created on: 13-11-2019
THESE DATA CAN BE USED FOR NON-COMMERCIAL RESEARCH AND EDUCATION PROVIDED THAT THE FOLLOWING SOURCE IS ACKNOWLEDGED: 

Klein Tank, A.M.G. and Coauthors, 2002. Daily dataset of 20th-century surface
air temperature and precipitation series for the European Climate Assessment.
Int. J. of Climatol., 22, 1441-1453.
Data and metadata available at http://www.ecad.eu

FILE FORMAT (MISSING VALUE CODE = -999999):

THIS FILE HOLDS DATA FOR STATION SPAIN                                    MELILLA                                  (STAID:   1389)
LATITUDE: dd:mm:ss +35:16:40
LONGITUDE: ddd:mm:ss -002:57:19
ELEVATION: m   47

DATA IS FOR INDEX Mean of daily mean temperature (TG) with unit 0.01 Temperature (&#176;C)

01-06 SOUID: Source identifier
08-11 YEAR : YYYY
13-20 ANNUAL DATA VALUES
21-28 WINTER HALF YEAR DATA VALUES
29-36 SUMMER HALF YEAR DATA VALUES
37-44 WINTER (DJF) DATA VALUES
45-52 SPRING (MAM) DATA VALUES
53-60 SUMMER (JJA) DATA VALUES
61-68 AUTUMN (SON) DATA VALUES
69-76 JANUARY DATA VALUES
etc. 
157-164 DECEMBER DATA VALUES

1389   1961 -999999 -999999 -999999 -999999 -999999 2377    2054    -999999 -999999 -999999 -999999 2069    2167    2464    2493    2430    2028    1705    -999999 
1389   1962 1876    -999999 2201    -999999 1681    2381    2052    1455    1340    1491    1630    1921    2012    2518    2600    2510    2140    1518    1379    
1389   1963 1852    1526    2123    1364    1637    2376    2026    1386    1323    1490    1633    1787    2128    2518    2493    2223    2046    1812    1476    
1389   1964 1869    1593    2203    1400    1707    2400    2025    1328    1396    1564    1531    2019    2217    2448    2530    2458    1983    1635    1305    
1389   1965 -999999 -999999 2117    -999999 1877    2241    2102    -999999 1731    1837    1825    1967    -999999 2255    2341    2213    2101    1996    1722    
1389   1966 1951    1847    2175    1767    1811    2304    2002    1721    1868    1682    1842    1921    2180    2256    2471    2359    2067    1617    1477    
1389   1967 -999999 -999999 -999999 -999999 -999999 -999999 -999999 -999999 1390    1498    1549    -999999 -999999 -999999 -999999 2287    -999999 -999999 1295    
1389   1968 -999999 -999999 -999999 -999999 -999999 -999999 2054    -999999 1394    -999999 1576    -999999 2149    2473    -999999 2325    2096    1740    1434    
1389   1969 -999999 -999999 -999999 -999999 -999999 2309    -999999 -999999 -999999 -999999 -999999 -999999 2083    2348    2488    2144    1929    -999999 -999999 
1389   1970 -999999 -999999 -999999 -999999 -999999 -999999 1967    1469    1405    -999999 1638    1756    -999999 -999999 -999999 2351    1889    1665    1264    
1389   1971 1774    1458    2070    1302    1504    2302    1975    1315    1328    1277    1525    1702    1979    2375    2542    2290    2131    1493    1268    
1389   1972 1755    1477    2032    1285    1540    2257    1918    1258    1332    1364    1547    1708    2037    2358    2371    2162    1932    1659    1317    
1389   1973 1790    1460    2129    1276    1552    2358    1986    1261    1247    1333    1483    1839    2145    2420    2501    2373    1920    1667    1259    
1389   1974 1801    1495    2122    1323    1587    2340    1918    1382    1327    1404    1453    1899    2126    2389    2498    2351    1852    1555    1341    
1389   1975 1817    1487    2123    1360    1560    2407    1933    1360    1381    1427    1518    1734    2071    2527    2612    2260    1998    1538    1332    
1389   1976 1790    1462    2121    1284    1527    2413    1885    1182    1342    1375    1470    1734    2170    2473    2589    2273    1906    1476    1471    
1389   1977 1812    1527    2061    1429    1679    2200    1916    1353    1467    1484    1721    1835    2058    2253    2284    2208    1904    1638    1520    
1389   1978 1836    1567    2084    1456    1616    2283    1954    1328    1528    1483    1630    1735    2009    2360    2470    2291    1910    1663    1605    
1389   1979 1856    1609    2148    1548    1631    2385    1922    1559    1471    1436    1601    1855    2201    2395    2553    2272    1941    1553    1405    
1389   1980 1837    1511    2182    1356    1651    2412    1978    1268    1400    1495    1596    1861    2255    2378    2597    2393    1960    1581    1251    
1389   1981 1838    1473    2095    1220    1678    2275    2043    1158    1254    1610    1577    1843    2140    2299    2381    2322    2060    1746    1608    
1389   1982 1836    1629    2145    1483    1635    2392    1928    1422    1411    1507    1590    1806    2274    2494    2405    2289    1909    1587    1306    
1389   1983 1860    1474    2144    1272    1661    2331    2112    1294    1212    1517    1639    1826    2179    2402    2407    2401    2114    1823    1457    
1389   1984 1812    1565    2104    1356    1588    2290    2012    1308    1299    1384    1684    1699    1986    2450    2425    2373    1917    1750    1451    
1389   1985 1877    1529    2188    1373    1614    2413    2116    1210    1467    1383    1677    1783    2217    2487    2529    2429    2146    1773    1399    
1389   1986 1861    1575    2179    1370    1607    2414    2050    1348    1364    1408    1459    1950    2145    2460    2629    2412    2078    1658    1376    
1389   1987 1936    1577    2261    1371    1765    2445    2089    1340    1399    1597    1757    1942    2254    2511    2565    2529    2077    1661    1567    
1389   1988 1921    1624    2241    1462    1755    2455    2072    1452    1359    1610    1731    1924    2162    2495    2697    2425    2053    1740    1385    
1389   1989 1990    1577    2316    1376    1699    2628    2150    1336    1409    1531    1624    1939    2341    2696    2837    2443    2181    1824    1667    
1389   1990 1975    1696    2332    1516    1751    2559    2165    1326    1560    1610    1662    1979    2324    2623    2722    2671    2109    1715    1379    
1389   1991 1884    1547    2258    1314    1648    2517    2029    1287    1272    1501    1594    1846    2269    2580    2693    2555    1936    1599    1431    
1389   1992 1867    1499    2215    1342    1702    2399    2009    1256    1337    1428    1694    1982    2063    2500    2622    2414    1938    1679    1474    
1389   1993 1848    1527    2189    1362    1645    2458    1932    1272    1338    1449    1630    1855    2237    2524    2606    2267    1928    1602    1428    
1389   1994 1942    1543    2271    1380    1763    2536    2063    1320    1395    1572    1668    2046    2224    2695    2685    2301    2074    1814    1487    
1389   1995 1921    1632    2165    1459    1683    2397    2088    1378    1518    1519    1581    1945    2130    2434    2618    2266    2135    1863    1634    
1389   1996 1864    1664    2146    1505    1674    2376    1930    1514    1360    1468    1691    1865    2190    2431    2502    2185    1883    1722    1535    
1389   1997 1926    1595    2188    1465    1751    2358    2123    1409    1450    1562    1716    1975    2296    2313    2464    2357    2184    1825    1526    
1389   1998 1892    1668    2212    1485    1695    2444    2007    1439    1490    1532    1692    1861    2258    2516    2552    2380    1929    1714    1313    
1389   1999 1899    1511    2269    1309    1741    2498    2005    1329    1284    1482    1724    2015    2286    2531    2671    2375    2082    1555    1408    
1389   2000 1873    1535    2219    1340    1722    2452    1949    1167    1451    1539    1655    1969    2302    2512    2536    2330    1874    1644    1477    
1389   2001 1925    1603    2235    1440    1798    2478    2004    1446    1393    1764    1756    1874    2370    2492    2569    2343    2114    1551    1390    
1389   2002 1895    1555    2181    1368    1693    2400    2059    1320    1396    1540    1676    1862    2194    2500    2500    2344    2036    1798    1537    
1389   2003 1936    1586    2320    1378    1708    2628    2059    1294    1295    1533    1626    1961    2423    2715    2739    2437    2083    1655    1421    
1389   2004 1886    1572    2218    1418    1603    2501    2028    1441    1391    1435    1573    1799    2301    2546    2650    2426    2081    1576    1391    
1389   2005 1848    1460    2237    1226    1712    2467    1977    1148    1132    1407    1670    2056    2268    2591    2535    2288    2054    1588    1380    
1389   2006 1902    1512    2236    1295    1749    2443    2109    1234    1269    1525    1763    1960    2200    2573    2549    2357    2144    1826    1385    
1389   2007 1877    1611    2193    1392    1682    2430    1996    1270    1535    1505    1548    1989    2242    2513    2531    2322    2022    1642    1385    
1389   2008 1914    1584    2287    1420    1765    2529    1964    1397    1481    1573    1798    1925    2251    2626    2700    2407    1993    1490    1306    
1389   2009 1962    1484    2295    1306    1708    2589    2129    1301    1310    1489    1665    1970    2369    2750    2642    2360    2150    1875    1618    
1389   2010 1958    1700    2290    1551    1734    2540    2036    1451    1587    1513    1737    1954    2283    2612    2718    2421    2029    1659    1505    
1389   2011 1938    1582    2296    1433    1751    2536    2057    1411    1378    1495    1761    1996    2346    2562    2693    2409    2084    1676    1408    
1389   2012 1911    1509    2300    1283    1692    2594    2048    1265    1167    1434    1658    1983    2413    2595    2767    2371    2036    1737    1474    
1389   2013 1900    1608    2195    1423    1730    2395    2065    1467    1319    1590    1688    1910    2128    2427    2622    2382    2189    1619    1406    
1389   2014 1958    1604    2287    1441    1754    2484    2145    1453    1468    1479    1817    1967    2308    2490    2648    2484    2150    1800    1405    
1389   2015 1963    1596    2322    1360    1768    2590    2083    1346    1327    1532    1705    2064    2271    2757    2730    2384    2150    1714    1526    
1389   2016 1962    1653    2278    1515    1731    2504    2113    1525    1493    1503    1745    1946    2308    2537    2660    2463    2186    1688    1465    
1389   2017 1954    1616    2309    1417    1771    2562    2084    1275    1519    1556    1717    2038    2412    2617    2652    2407    2135    1706    1385    
1389   2018 1906    1587    2230    1349    1701    2479    2046    1383    1271    1616    1612    1873    2213    2567    2647    2453    2052    1633    1501    
1389   2019 -999999 1588    2283    1421    1777    2497    -999999 1372    1388    1563    1689    2078    2229    2561    2694    2431    2112    -999999 -999999 
