EUROPEAN CLIMATE ASSESSMENT & DATASET (ECA&D), file created on: 13-11-2019
THESE DATA CAN BE USED FOR NON-COMMERCIAL RESEARCH AND EDUCATION PROVIDED THAT THE FOLLOWING SOURCE IS ACKNOWLEDGED: 

Klein Tank, A.M.G. and Coauthors, 2002. Daily dataset of 20th-century surface
air temperature and precipitation series for the European Climate Assessment.
Int. J. of Climatol., 22, 1441-1453.
Data and metadata available at http://www.ecad.eu

FILE FORMAT (MISSING VALUE CODE = -999999):

THIS FILE HOLDS DATA FOR STATION GREENLAND [DENMARK]                      STATION NORD                             (STAID:   8015)
LATITUDE: dd:mm:ss +81:36:00
LONGITUDE: ddd:mm:ss -016:38:59
ELEVATION: m   36

DATA IS FOR INDEX Mean of daily mean temperature (TG) with unit 0.01 Temperature (&#176;C)

01-06 SOUID: Source identifier
08-11 YEAR : YYYY
13-20 ANNUAL DATA VALUES
21-28 WINTER HALF YEAR DATA VALUES
29-36 SUMMER HALF YEAR DATA VALUES
37-44 WINTER (DJF) DATA VALUES
45-52 SPRING (MAM) DATA VALUES
53-60 SUMMER (JJA) DATA VALUES
61-68 AUTUMN (SON) DATA VALUES
69-76 JANUARY DATA VALUES
etc. 
157-164 DECEMBER DATA VALUES

8015   1961 -1705   -999999 -710    -999999 -2352   137     -1649   -2893   -3273   -3243   -2232   -1579   -199    354     245     -889    -1710   -2345   -2806   
8015   1962 -1575   -2561   -588    -2881   -2003   164     -1617   -2966   -2869   -2693   -2322   -1004   -133    372     244     -731    -1863   -2250   -2824   
8015   1963 -1725   -2682   -675    -2988   -2132   136     -1889   -3062   -3083   -3039   -2260   -1101   -153    223     336     -1109   -1942   -2616   -2932   
8015   1964 -1738   -2741   -740    -3025   -2175   106     -2001   -3053   -3094   -2831   -2329   -1392   -153    209     252     -1073   -2170   -2754   -2574   
8015   1965 -1602   -2711   -632    -2795   -2069   77      -1575   -3076   -2729   -2967   -2289   -966    -120    252     93      -861    -1875   -1978   -2799   
8015   1966 -1761   -2713   -612    -2965   -2327   190     -1927   -3251   -2832   -3529   -2520   -937    -5      391     177     -828    -2369   -2571   -2924   
8015   1967 -1603   -2918   -414    -3171   -1813   178     -1761   -3147   -3472   -3067   -1863   -509    -139    408     255     -683    -1938   -2656   -2566   
8015   1968 -1786   -2794   -673    -3000   -2154   68      -1924   -3101   -3355   -3178   -2444   -851    -95     173     122     -990    -2041   -2737   -3008   
8015   1969 -1649   -2865   -593    -3002   -2312   269     -1690   -2871   -3140   -3418   -2615   -913    -123    643     274     -885    -1761   -2422   -2677   
8015   1970 -1757   -2732   -745    -3050   -2213   -38     -1675   -3216   -3277   -3082   -2553   -1016   -201    177     -95     -826    -1656   -2544   -2916   
8015   1971 -1722   -2724   -576    -3052   -2076   162     -1925   -3526   -2678   -3013   -2064   -1120   136     235     115     -811    -2064   -2897   -3015   
8015   1972 -999999 -2722   -999999 -2938   -999999 -999999 -999999 -2464   -3376   -2587   -2663   -999999 -999999 -999999 -999999 -999999 -999999 -999999 -999999 
8015   1973 -999999 -999999 -999999 -999999 -999999 -999999 -999999 -999999 -999999 -999999 -999999 -999999 -999999 -999999 -999999 -999999 -999999 -999999 -999999 
8015   1974 -999999 -999999 -999999 -999999 -999999 -999999 -999999 -999999 -999999 -999999 -999999 -999999 -999999 -999999 -999999 -999999 -999999 -999999 -999999 
8015   1975 -999999 -999999 -999999 -999999 -999999 -999999 -999999 -999999 -999999 -999999 -999999 -999999 -999999 -999999 -999999 -999999 -999999 -999999 -999999 
8015   1976 -999999 -999999 -999999 -999999 -999999 -999999 -999999 -999999 -999999 -999999 -999999 -999999 -999999 -999999 -999999 -999999 -999999 -999999 -999999 
8015   1977 -999999 -999999 -999999 -999999 -999999 -999999 -999999 -999999 -999999 -999999 -999999 -999999 -999999 -999999 -999999 -999999 -999999 -999999 -999999 
8015   1978 -999999 -999999 -999999 -999999 -999999 -999999 -999999 -999999 -999999 -999999 -999999 -999999 -999999 -999999 -999999 -999999 -999999 -999999 -999999 
8015   1979 -999999 -999999 -999999 -999999 -999999 -999999 -999999 -999999 -999999 -999999 -999999 -999999 -999999 -999999 -999999 -999999 -999999 -999999 -999999 
8015   1980 -999999 -999999 -999999 -999999 -999999 -999999 -999999 -999999 -999999 -999999 -999999 -999999 -999999 -999999 -999999 -999999 -999999 -999999 -999999 
8015   1981 -999999 -999999 -999999 -999999 -999999 -999999 -999999 -999999 -999999 -999999 -999999 -999999 -999999 -999999 -999999 -999999 -999999 -999999 -999999 
8015   1982 -999999 -999999 -999999 -999999 -999999 -999999 -999999 -999999 -999999 -999999 -999999 -999999 -999999 -999999 -999999 -999999 -999999 -999999 -999999 
8015   1983 -999999 -999999 -999999 -999999 -999999 -999999 -999999 -999999 -999999 -999999 -999999 -999999 -999999 -999999 -999999 -999999 -999999 -999999 -999999 
8015   1984 -999999 -999999 -999999 -999999 -999999 -999999 -999999 -999999 -999999 -999999 -999999 -999999 -999999 -999999 -999999 -999999 -999999 -999999 -999999 
8015   1985 -999999 -999999 -999999 -999999 -999999 -999999 -999999 -999999 -999999 -999999 -999999 -999999 -999999 -999999 -999999 -999999 -999999 -999999 -999999 
8015   1986 -999999 -999999 -999999 -999999 -999999 -999999 -999999 -999999 -999999 -999999 -999999 -999999 -999999 -999999 -999999 -999999 -999999 -999999 -999999 
8015   1987 -999999 -999999 -999999 -999999 -999999 -999999 -999999 -999999 -999999 -999999 -999999 -999999 -999999 -999999 -999999 -999999 -999999 -999999 -999999 
8015   1988 -999999 -999999 -999999 -999999 -999999 -999999 -999999 -999999 -999999 -999999 -999999 -999999 -999999 -999999 -999999 -999999 -999999 -999999 -999999 
8015   1989 -999999 -999999 -999999 -999999 -999999 -999999 -999999 -999999 -999999 -999999 -999999 -999999 -999999 -999999 -999999 -999999 -999999 -999999 -999999 
8015   1990 -999999 -999999 -999999 -999999 -999999 -999999 -999999 -999999 -999999 -999999 -999999 -999999 110     431     -999999 -999999 -999999 -999999 -999999 
8015   1991 -999999 -999999 -999999 -999999 -999999 -999999 -999999 -999999 -999999 -2898   -999999 -999999 -999999 -999999 -999999 -999999 -999999 -999999 -999999 
8015   1992 -999999 -999999 -999999 -999999 -999999 -999999 -999999 -999999 -999999 -999999 -999999 -999999 -999999 -999999 -999999 -999999 -999999 -2347   -2896   
8015   1993 -999999 -999999 -999999 -999999 -999999 -999999 -999999 -999999 -999999 -3428   -999999 -1039   -999999 581     288     -854    -999999 -2264   -3076   
8015   1994 -999999 -999999 -999999 -999999 -999999 -999999 -999999 -3068   -2822   -999999 -2359   -1007   -999999 -999999 -999999 -999999 -999999 -999999 -999999 
8015   1995 -999999 -999999 -999999 -999999 -1854   -999999 -999999 -999999 -2969   -3226   -1503   -868    -11     -999999 293     -999999 -999999 -999999 -3090   
8015   1996 -999999 -999999 -999999 -999999 -999999 -999999 -999999 -2870   -999999 -999999 -999999 -999999 -999999 -999999 -999999 -863    -1923   -999999 -2777   
8015   1997 -999999 -999999 -999999 -999999 -999999 -999999 -999999 -999999 -999999 -999999 -999999 -999999 -999999 -999999 -999999 -999999 -999999 -2454   -2554   
8015   1998 -999999 -999999 -999999 -999999 -999999 -999999 -999999 -2617   -999999 -999999 -999999 -999999 143     -999999 -999999 -999999 -999999 -999999 -999999 
8015   1999 -999999 -999999 -999999 -999999 -999999 -999999 -999999 -2956   -3316   -2777   -999999 -999999 -999999 -999999 -999999 -999999 -999999 -999999 -999999 
8015   2000 -999999 -999999 -999999 -999999 -999999 -999999 -999999 -999999 -999999 -999999 -999999 -999999 -999999 -999999 -999999 -999999 -999999 -999999 -999999 
8015   2001 -999999 -999999 -999999 -999999 -999999 -999999 -999999 -999999 -999999 -3262   -2298   -999999 -999999 -999999 -999999 -999999 -999999 -999999 -999999 
8015   2002 -999999 -999999 -999999 -999999 -999999 -999999 -999999 -999999 -999999 -999999 -999999 -823    -999999 -999999 -999999 -999999 -1130   -2230   -2031   
8015   2003 -999999 -2445   -999999 -2659   -2077   -999999 -999999 -2733   -3271   -3182   -2211   -809    122     788     507     -999999 -999999 -999999 -999999 
8015   2004 -999999 -999999 -999999 -999999 -999999 -999999 -999999 -999999 -999999 -999999 -999999 -999999 -999999 -999999 -999999 -999999 -999999 -999999 -999999 
8015   2005 -999999 -999999 -999999 -999999 -999999 -999999 -999999 -999999 -999999 -999999 -999999 -999999 -999999 -999999 -999999 -999999 -1777   -2361   -2168   
8015   2006 -999999 -999999 -999999 -2488   -1726   -999999 -999999 -2154   -3243   -2894   -1524   -721    -999999 304     102     -561    -999999 -2333   -2887   
8015   2007 -999999 -999999 -999999 -999999 -999999 -999999 -1577   -2948   -2523   -999999 -999999 -999999 -999999 -999999 163     -759    -1740   -2216   -2537   
8015   2008 -999999 -999999 -999999 -999999 -999999 -999999 -1450   -999999 -999999 -999999 -999999 -999999 -999999 -999999 -999999 -438    -1747   -2190   -2603   
8015   2009 -999999 -999999 -456    -999999 -999999 237     -1488   -2488   -999999 -999999 -2356   -547    -41     460     287     -678    -1509   -2333   -2326   
8015   2010 -1417   -2454   -342    -2682   -1722   337     -1546   -2880   -2864   -2860   -1774   -571    52      567     390     -652    -1653   -2418   -2366   
8015   2011 -1368   -2273   -445    -2372   -1799   316     -1530   -2629   -2094   -2465   -2236   -710    236     435     274     -711    -1750   -2142   -2743   
8015   2012 -999999 -999999 -999999 -2685   -2029   346     -999999 -2474   -2839   -3010   -2200   -1000   214     565     251     -549    -1654   -999999 -999999 
8015   2013 -999999 -999999 -999999 -999999 -999999 -999999 -999999 -999999 -999999 -999999 -999999 -999999 -999999 -999999 -999999 -999999 -999999 -999999 -999999 
8015   2014 -999999 -999999 -999999 -999999 -999999 -999999 -1572   -999999 -999999 -999999 -999999 -999999 -999999 -999999 -999999 -657    -1647   -2477   -2480   
8015   2015 -999999 -999999 -999999 -999999 -999999 253     -1535   -2441   -999999 -2729   -2002   -999999 75      359     308     -696    -1567   -2403   -2734   
8015   2016 -999999 -2443   -999999 -2652   -2007   -999999 -999999 -2573   -2651   -2705   -2341   -996    35      549     -999999 -999999 -999999 -999999 -999999 
8015   2017 -999999 -999999 -999999 -999999 -999999 -999999 -999999 -999999 -999999 -999999 -999999 -999999 -999999 -999999 -999999 -999999 -999999 -999999 -999999 
8015   2018 -999999 -999999 -999999 -999999 -999999 -999999 -1568   -999999 -999999 -999999 -999999 -999999 -999999 -999999 334     -815    -1439   -2483   -2686   
