EUROPEAN CLIMATE ASSESSMENT & DATASET (ECA&D), file created on: 13-11-2019
THESE DATA CAN BE USED FOR NON-COMMERCIAL RESEARCH AND EDUCATION PROVIDED THAT THE FOLLOWING SOURCE IS ACKNOWLEDGED: 

Klein Tank, A.M.G. and Coauthors, 2002. Daily dataset of 20th-century surface
air temperature and precipitation series for the European Climate Assessment.
Int. J. of Climatol., 22, 1441-1453.
Data and metadata available at http://www.ecad.eu

FILE FORMAT (MISSING VALUE CODE = -999999):

THIS FILE HOLDS DATA FOR STATION SWEDEN                                   DINGLE                                   (STAID:   5382)
LATITUDE: dd:mm:ss +58:31:48
LONGITUDE: ddd:mm:ss +011:34:12
ELEVATION: m   20

DATA IS FOR INDEX Mean of daily mean temperature (TG) with unit 0.01 Temperature (&#176;C)

01-06 SOUID: Source identifier
08-11 YEAR : YYYY
13-20 ANNUAL DATA VALUES
21-28 WINTER HALF YEAR DATA VALUES
29-36 SUMMER HALF YEAR DATA VALUES
37-44 WINTER (DJF) DATA VALUES
45-52 SPRING (MAM) DATA VALUES
53-60 SUMMER (JJA) DATA VALUES
61-68 AUTUMN (SON) DATA VALUES
69-76 JANUARY DATA VALUES
etc. 
157-164 DECEMBER DATA VALUES

5382   1945 761     -999999 1326    -999999 710     1692    763     -311    -78     421     692     1017    1434    1792    1841    1156    774     360     -31     
5382   1946 672     89      1295    -186    603     1528    698     -286    -246    -57     685     1185    1333    1732    1514    1305    397     403     44      
5382   1947 637     -157    1462    -466    515     1795    738     -385    -1118   -357    492     1408    1681    1820    1879    1468    689     58      -126    
5382   1948 740     52      1333    -274    768     1592    723     -484    -208    369     776     1158    1493    1733    1547    1277    668     225     287     
5382   1949 866     292     1390    260     638     1639    951     207     287     72      616     1224    1522    1889    1501    1571    876     410     185     
5382   1950 720     256     1330    -39     755     1601    708     -258    -45     347     624     1288    1512    1638    1651    1250    766     105     -295    
5382   1951 723     4       1260    -222    436     1569    876     -285    -73     -200    489     1020    1515    1559    1632    1330    800     500     341     
5382   1952 606     222     1204    51      548     1472    514     -166    -26     -123    704     1067    1252    1632    1523    1022    515     4       -155    
5382   1953 810     48      1335    -199    707     1668    911     -175    -274    337     628     1154    1754    1665    1586    1208    971     551     235     
5382   1954 653     175     1248    -193    588     1529    707     -319    -529    85      411     1264    1505    1566    1515    1207    710     205     131     
5382   1955 607     -26     1290    -305    338     1717    790     -478    -595    -175    365     825     1318    1981    1838    1389    655     329     -258    
5382   1956 552     -73     1143    -469    459     1425    628     -290    -884    -27     353     1048    1350    1617    1305    1168    672     44      204     
5382   1957 661     154     1141    63      452     1484    698     68      -98     8       460     887     1333    1622    1492    1027    800     275     11      
5382   1958 574     -35     1155    -322    297     1481    869     -388    -619    -333    331     895     1351    1618    1470    1251    879     476     -117    
5382   1959 740     151     1315    -246    676     1648    785     -492    -117    260     635     1131    1431    1789    1718    1163    712     481     109     
5382   1960 620     92      1213    -250    588     1488    665     -387    -487    100     500     1160    1497    1464    1503    1137    579     281     50      
5382   1961 758     214     1239    -10     699     1478    933     -250    189     438     632     1026    1520    1525    1390    1331    1081    382     -201    
5382   1962 588     156     1101    -71     371     1366    695     -3      -3      -327    573     874     1323    1437    1335    1054    861     164     -265    
5382   1963 539     -156    1195    -592    435     1483    823     -878    -638    -215    429     1092    1519    1437    1493    1186    880     400     -307    
5382   1964 649     114     1180    -197    574     1422    705     -55     -230    -15     610     1129    1383    1416    1465    1063    663     389     -55     
5382   1965 549     104     1118    -122    435     1361    659     -99     -221    -75     516     867     1300    1427    1353    1233    901     -164    -503    
5382   1966 565     -183    1196    -667    467     1592    698     -615    -906    120     234     1039    1655    1687    1435    1110    712     271     -66     
5382   1967 698     151     1204    -174    639     1485    893     -392    -51     417     467     1028    1384    1541    1527    1262    902     517     -264    
5382   1968 602     75      1236    -391    583     1569    593     -543    -365    191     656     903     1611    1524    1574    1136    661     -19     -136    
5382   1969 -999999 -999999 -999999 -999999 -999999 -999999 -999999 -163    -999999 -999999 -999999 -999999 -999999 -999999 -999999 -999999 -999999 -999999 -999999 
5382   1970 -999999 -999999 -999999 -999999 -999999 -999999 -999999 -999999 -999999 -999999 -999999 -999999 -999999 -999999 -999999 -999999 -999999 -999999 -999999 
5382   1971 -999999 -999999 -999999 -999999 -999999 -999999 -999999 -999999 -999999 -999999 -999999 -999999 -999999 -999999 -999999 -999999 -999999 -999999 -999999 
5382   1972 -999999 -999999 -999999 -999999 -999999 -999999 -999999 -999999 -999999 -999999 -999999 -999999 -999999 -999999 -999999 -999999 -999999 -999999 -999999 
5382   1973 -999999 -999999 -999999 -999999 -999999 -999999 -999999 -999999 -999999 -999999 -999999 -999999 -999999 -999999 -999999 -999999 -999999 -999999 -999999 
5382   1974 -999999 -999999 -999999 -999999 -999999 -999999 -999999 -999999 -999999 -999999 -999999 -999999 -999999 -999999 -999999 -999999 -999999 -999999 -999999 
5382   1975 -999999 -999999 -999999 -999999 -999999 -999999 -999999 -999999 -999999 -999999 -999999 -999999 -999999 -999999 -999999 -999999 -999999 -999999 -999999 
5382   1976 -999999 -999999 -999999 -999999 -999999 -999999 -999999 -999999 -999999 -999999 -999999 -999999 -999999 -999999 -999999 -999999 -999999 -999999 -999999 
5382   1977 -999999 -999999 -999999 -999999 -999999 -999999 -999999 -999999 -999999 -999999 -999999 -999999 -999999 -999999 -999999 -999999 -999999 -999999 -999999 
5382   1978 -999999 -999999 -999999 -999999 -999999 -999999 -999999 -999999 -999999 -999999 -999999 -999999 -999999 -999999 -999999 -999999 -999999 -999999 -999999 
5382   1979 -999999 -999999 -999999 -999999 -999999 -999999 -999999 -999999 -999999 -999999 -999999 -999999 -999999 -999999 -999999 -999999 -999999 -999999 -999999 
5382   1980 -999999 -999999 -999999 -999999 -999999 -999999 -999999 -999999 -999999 -999999 -999999 -999999 -999999 -999999 -999999 -999999 -999999 -999999 -999999 
5382   1981 -999999 -999999 -999999 -999999 -999999 -999999 -999999 -999999 -999999 -999999 -999999 -999999 -999999 -999999 -999999 -999999 -999999 -999999 -999999 
5382   1982 -999999 -999999 -999999 -999999 -999999 -999999 -999999 -999999 -999999 -999999 -999999 -999999 -999999 -999999 -999999 -999999 -999999 -999999 -999999 
5382   1983 -999999 -999999 -999999 -999999 -999999 -999999 -999999 -999999 -999999 -999999 -999999 -999999 -999999 -999999 -999999 -999999 -999999 -999999 -999999 
5382   1984 -999999 -999999 -999999 -999999 -999999 -999999 -999999 -999999 -999999 -999999 -999999 -999999 -999999 -999999 -999999 -999999 -999999 -999999 -999999 
5382   1985 -999999 -999999 -999999 -999999 -999999 -999999 -999999 -999999 -999999 -999999 -999999 -999999 -999999 -999999 -999999 -999999 -999999 -999999 -999999 
5382   1986 -999999 -999999 -999999 -999999 -999999 -999999 -999999 -999999 -999999 -999999 -999999 -999999 -999999 -999999 -999999 -999999 -999999 -999999 -999999 
5382   1987 -999999 -999999 -999999 -999999 -999999 -999999 -999999 -999999 -999999 -999999 -999999 -999999 -999999 -999999 -999999 -999999 -999999 -999999 -999999 
5382   1988 -999999 -999999 -999999 -999999 -999999 -999999 -999999 -999999 -999999 -999999 -999999 -999999 -999999 -999999 -999999 -999999 -999999 -999999 -999999 
5382   1989 -999999 -999999 -999999 -999999 -999999 -999999 -999999 -999999 -999999 -999999 -999999 -999999 -999999 -999999 -999999 -999999 -999999 -999999 -999999 
5382   1990 -999999 -999999 -999999 -999999 -999999 -999999 -999999 -999999 -999999 -999999 -999999 -999999 -999999 -999999 -999999 -999999 -999999 -999999 -999999 
5382   1991 -999999 -999999 -999999 -999999 -999999 -999999 -999999 -999999 -999999 -999999 -999999 -999999 -999999 -999999 -999999 -999999 -999999 -999999 -999999 
5382   1992 -999999 -999999 -999999 -999999 -999999 -999999 -999999 -999999 -999999 -999999 -999999 -999999 -999999 -999999 -999999 -999999 -999999 -999999 -999999 
5382   1993 -999999 -999999 -999999 -999999 -999999 -999999 -999999 -999999 -999999 -999999 -999999 -999999 -999999 -999999 -999999 -999999 -999999 -999999 -999999 
5382   1994 691     -999999 1261    -999999 609     1589    684     -76     -633    140     623     1064    1280    1873    1604    1097    599     358     251     
5382   1995 677     217     1220    43      538     1584    750     -264    151     206     470     937     1444    1617    1688    1147    983     112     -396    
5382   1996 563     -32     1151    -426    449     1514    712     -361    -527    -27     513     864     1368    1449    1720    974     823     336     -412    
5382   1997 711     122     1296    -227    527     1737    634     -340    102     230     434     915     1550    1761    1894    1200    470     237     42      
5382   1998 681     209     1177    136     578     1390    626     30      358     132     503     1098    1291    1485    1390    1283    662     -69     -15     
5382   1999 734     106     1263    -52     595     1514    889     -75     -67     180     704     905     1358    1659    1522    1421    759     491     -88     
5382   2000 820     266     1240    59      697     1461    944     87      186     166     736     1190    1355    1569    1454    1119    1046    664     242     
5382   2001 662     257     1219    -37     496     1529    831     -62     -318    -72     473     1087    1333    1686    1561    1152    1073    260     -301    
5382   2002 -999999 277     1383    12      729     1709    -999999 100     262     267     673     1246    1516    1712    1893    1236    446     -999999 -999999 
