EUROPEAN CLIMATE ASSESSMENT & DATASET (ECA&D), file created on: 13-11-2019
THESE DATA CAN BE USED FOR NON-COMMERCIAL RESEARCH AND EDUCATION PROVIDED THAT THE FOLLOWING SOURCE IS ACKNOWLEDGED: 

Klein Tank, A.M.G. and Coauthors, 2002. Daily dataset of 20th-century surface
air temperature and precipitation series for the European Climate Assessment.
Int. J. of Climatol., 22, 1441-1453.
Data and metadata available at http://www.ecad.eu

FILE FORMAT (MISSING VALUE CODE = -999999):

THIS FILE HOLDS DATA FOR STATION SWEDEN                                   GLOMMEN                                  (STAID:   5250)
LATITUDE: dd:mm:ss +56:55:48
LONGITUDE: ddd:mm:ss +012:21:36
ELEVATION: m    6

DATA IS FOR INDEX Mean of daily mean temperature (TG) with unit 0.01 Temperature (&#176;C)

01-06 SOUID: Source identifier
08-11 YEAR : YYYY
13-20 ANNUAL DATA VALUES
21-28 WINTER HALF YEAR DATA VALUES
29-36 SUMMER HALF YEAR DATA VALUES
37-44 WINTER (DJF) DATA VALUES
45-52 SPRING (MAM) DATA VALUES
53-60 SUMMER (JJA) DATA VALUES
61-68 AUTUMN (SON) DATA VALUES
69-76 JANUARY DATA VALUES
etc. 
157-164 DECEMBER DATA VALUES

5250   1964 -999999 -999999 1220    -999999 607     1440    757     -999999 -156    -36     685     1175    1436    1454    1431    1123    687     462     22      
5250   1965 610     136     1169    -83     456     1400    705     26      -319    -93     539     925     1425    1385    1391    1341    805     -34     -129    
5250   1966 624     -28     1188    -367    499     1529    761     -504    -478    131     279     1080    1574    1574    1442    1162    811     309     24      
5250   1967 757     232     1232    -55     681     1479    953     -246    68      414     500     1123    1308    1607    1516    1318    1044    494     -110    
5250   1968 711     205     1278    -204    653     1569    811     -291    -210    285     730     946     1602    1484    1621    1276    792     366     -92     
5250   1969 686     90      1292    -174    452     1638    870     -114    -330    -113    464     1005    1541    1655    1716    1354    886     369     -265    
5250   1970 659     -24     1248    -458    434     1620    874     -466    -663    -56     263     1091    1646    1562    1653    1256    941     421     166     
5250   1971 808     276     1278    90      555     1592    893     0       107     12      504     1146    1397    1707    1665    1227    985     462     431     
5250   1972 800     313     1283    54      650     1622    859     -276    3       256     574     1118    1447    1823    1591    1123    839     616     455     
5250   1973 800     438     1303    247     667     1652    742     91      189     419     524     1055    1521    1837    1593    1273    644     311     103     
5250   1974 855     307     1293    174     688     1538    886     203     222     352     686     1025    1461    1527    1625    1425    698     543     453     
5250   1975 904     418     1363    347     608     1686    968     422     146     222     471     1126    1440    1748    1862    1510    918     479     437     
5250   1976 728     270     1288    102     483     1655    836     -77     -66     -89     475     1062    1480    1807    1672    1212    790     507     -58     
5250   1977 777     217     1238    -90     587     1578    930     -64     -154    256     394     1105    1580    1590    1565    1177    1031    579     189     
5250   1978 749     297     1258    12      588     1575    963     91      -270    118     499     1145    1559    1563    1602    1160    977     752     -279    
5250   1979 652     105     1228    -386    497     1534    822     -439    -447    36      450     1004    1571    1498    1536    1300    690     480     78      
5250   1980 707     119     1294    -151    514     1609    808     -212    -332    -11     505     1048    1528    1691    1605    1374    797     253     198     
5250   1981 723     214     1305    33      634     1553    906     -85     -20     122     497     1278    1429    1622    1602    1379    865     476     -537    
5250   1982 792     49      1336    -430    597     1674    1017    -509    -223    210     569     1010    1435    1819    1761    1400    976     675     315     
5250   1983 858     433     1346    218     680     1642    938     424     -117    278     655     1105    1453    1769    1699    1379    999     433     144     
5250   1984 826     279     1310    57      625     1620    962     41      -18     63      583     1230    1494    1656    1707    1169    1116    596     238     
5250   1985 643     131     1249    -349    545     1576    817     -642    -674    88      362     1178    1405    1676    1642    1206    1037    202     129     
5250   1986 720     113     1241    -220    545     1578    940     -248    -575    67      411     1154    1509    1690    1532    1126    968     726     190     
5250   1987 642     139     1172    -217    430     1416    896     -691    -143    -225    543     974     1228    1551    1463    1260    970     456     266     
5250   1988 860     389     1379    265     618     1698    857     323     203     105     502     1243    1720    1739    1635    1420    847     306     250     
5250   1989 943     479     1353    393     780     1637    968     469     465     529     645     1163    1558    1772    1579    1387    1024    492     200     
5250   1990 942     523     1381    351     860     1672    854     366     500     554     800     1226    1608    1662    1744    1228    933     398     257     
5250   1991 836     331     1301    98      640     1605    950     184     -173    339     640     941     1237    1789    1778    1401    897     554     358     
5250   1992 879     449     1388    290     711     1751    779     246     264     368     500     1259    1798    1806    1649    1298    579     467     294     
5250   1993 767     309     1253    193     777     1449    664     196     79      221     716     1393    1405    1481    1458    1048    724     220     207     
5250   1994 854     224     1374    60      676     1702    890     196     -252    204     716     1109    1330    1962    1803    1301    807     564     412     
5250   1995 779     397     1321    238     632     1676    819     6       301     289     633     975     1472    1756    1794    1277    1050    123     -358    
5250   1996 647     29      -999999 -349    -999999 1581    799     -278    -414    27      656     -999999 1414    1510    1815    1030    928     434     -198    
5250   1997 785     206     1391    -140    590     1834    739     -296    98      266     500     1000    1613    1846    2036    1326    584     312     91      
5250   1998 -999999 -999999 -999999 -999999 -999999 -999999 -999999 -999999 -999999 -999999 -999999 -999999 -999999 -999999 -999999 -999999 -999999 -999999 -16     
5250   1999 875     -999999 1414    8       712     1665    1031    90      -56     286     789     1062    1474    1822    1693    1634    925     537     180     
5250   2000 943     403     1379    214     848     1580    1070    215     249     308     907     1332    1463    1649    1625    1285    1140    784     331     
5250   2001 828     409     1373    132     -999999 1664    958     147     -104    -999999 -999999 1186    1379    1869    1735    1297    1168    402     -56     
5250   2002 934     406     1523    161     833     1854    762     188     373     360     765     1372    1662    1868    2026    1424    570     299     -999999 
5250   2003 -999999 -999999 -999999 -999999 656     -999999 -999999 -178    -255    146     651     1171    1627    -999999 -999999 -999999 -999999 -999999 -999999 
