EUROPEAN CLIMATE ASSESSMENT & DATASET (ECA&D), file created on: 13-11-2019
THESE DATA CAN BE USED FOR NON-COMMERCIAL RESEARCH AND EDUCATION PROVIDED THAT THE FOLLOWING SOURCE IS ACKNOWLEDGED: 

Klein Tank, A.M.G. and Coauthors, 2002. Daily dataset of 20th-century surface
air temperature and precipitation series for the European Climate Assessment.
Int. J. of Climatol., 22, 1441-1453.
Data and metadata available at http://www.ecad.eu

FILE FORMAT (MISSING VALUE CODE = -999999):

THIS FILE HOLDS DATA FOR STATION FINLAND                                  KEMINMAA KEMI-TORNION LENTOASEMA         (STAID:   7724)
LATITUDE: dd:mm:ss +65:46:59
LONGITUDE: ddd:mm:ss +024:34:59
ELEVATION: m   19

DATA IS FOR INDEX Mean of daily mean temperature (TG) with unit 0.01 Temperature (&#176;C)

01-06 SOUID: Source identifier
08-11 YEAR : YYYY
13-20 ANNUAL DATA VALUES
21-28 WINTER HALF YEAR DATA VALUES
29-36 SUMMER HALF YEAR DATA VALUES
37-44 WINTER (DJF) DATA VALUES
45-52 SPRING (MAM) DATA VALUES
53-60 SUMMER (JJA) DATA VALUES
61-68 AUTUMN (SON) DATA VALUES
69-76 JANUARY DATA VALUES
etc. 
157-164 DECEMBER DATA VALUES

7724   1959 198     -999999 904     -999999 120     1392    156     -1248   -544    -240    -81     675     1204    1540    1425    633     169     -334    -870    
7724   1960 141     -738    1074    -1196   73      1561    31      -1396   -1330   -691    -45     950     1383    1829    1466    829     -244    -482    -639    
7724   1961 290     -548    934     -724    -23     1474    554     -893    -630    -405    -225    554     1401    1698    1320    832     781     40      -1051   
7724   1962 44      -628    838     -1033   -260    1179    342     -1123   -914    -1505   128     609     1071    1316    1146    739     401     -117    -1261   
7724   1963 101     -813    999     -1346   -77     1324    327     -1438   -1340   -1153   19      906     1147    1388    1433    1076    340     -437    -830    
7724   1964 164     -574    852     -846    -94     1275    309     -527    -1205   -823    -97     639     1030    1448    1339    723     552     -356    -822    
7724   1965 37      -578    844     -969    -158    1259    131     -986    -1113   -787    -49     364     1200    1379    1196    962     258     -832    -1223   
7724   1966 -60     -1159   848     -1737   -342    1425    226     -1893   -2134   -1212   -302    490     1409    1589    1278    601     109     -28     -769    
7724   1967 136     -600    971     -1156   123     1400    472     -1870   -793    -251    23      595     1183    1457    1552    996     298     128     -1718   
7724   1968 -44     -886    799     -1712   -107    1284    -101    -1886   -1519   -624    -42     347     1257    1356    1236    623     -319    -599    -406    
7724   1969 41      -876    899     -1087   -264    1439    204     -1315   -1590   -1085   -157    453     1267    1511    1534    760     319     -472    -852    
7724   1970 94      -723    945     -1252   -37     1496    86      -1173   -1781   -475    -229    588     1399    1653    1432    796     232     -774    -694    
7724   1971 24      -746    836     -930    -300    1337    -16     -915    -1209   -1165   -239    506     1232    1434    1342    713     90      -855    -745    
7724   1972 258     -682    1025    -926    0       1577    152     -990    -1050   -570    21      551     1453    1858    1417    825     203     -572    -106    
7724   1973 128     -383    948     -481    32      1509    -110    -513    -861    -503    9       588     1365    1910    1247    537     -168    -697    -1453   
7724   1974 314     -678    995     -914    25      1435    299     -677    -581    -485    23      537     1400    1549    1354    1090    195     -385    -309    
7724   1975 238     -352    885     -555    123     1221    343     -775    -584    -278    -69     711     1050    1401    1207    990     256     -215    -891    
7724   1976 26      -717    857     -1154   -54     1282    7       -1607   -950    -896    -62     794     1138    1386    1316    538     -47     -467    -864    
7724   1977 59      -716    781     -1077   -96     1235    144     -1030   -1366   -576    -176    462     1096    1405    1200    674     135     -378    -843    
7724   1978 -45     -732    862     -1197   -7      1294    90      -1129   -1665   -594    -180    748     1254    1421    1205    696     102     -526    -1985   
7724   1979 116     -962    935     -1650   0       1454    201     -1589   -1349   -450    -134    579     1320    1598    1440    778     30      -201    -726    
7724   1980 25      -761    1013    -1174   -47     1487    -10     -1339   -1478   -880    143     601     1517    1623    1320    858     66      -956    -1226   
7724   1981 -23     -937    825     -1156   -251    1224    194     -1037   -1211   -1285   -50     589     986     1493    1185    720     277     -417    -1597   
7724   1982 153     -785    869     -1427   71      1274    327     -1777   -852    -339    19      532     939     1524    1348    824     238     -77     -607    
7724   1983 142     -499    1004    -853    158     1326    82      -800    -1186   -614    243     847     1191    1561    1223    937     251     -948    -1098   
7724   1984 188     -767    949     -1006   40      1319    211     -1291   -604    -908    71      959     1305    1422    1231    682     327     -380    -578    
7724   1985 -105    -900    882     -1581   -143    1411    215     -2119   -2095   -653    -252    474     1268    1574    1388    817     342     -518    -1618   
7724   1986 67      -841    853     -1557   103     1339    301     -1645   -1393   -255    -114    670     1443    1496    1082    515     382     3       -1470   
7724   1987 -52     -892    798     -1623   -149    1192    302     -2036   -1334   -912    -118    584     1163    1356    1055    729     682     -516    -1360   
7724   1988 161     -606    1020    -1089   -12     1535    143     -885    -1017   -566    -153    678     1458    1839    1305    965     216     -755    -1200   
7724   1989 301     -514    1017    -817    281     1401    253     -614    -619    -130    248     723     1333    1484    1384    912     129     -278    -1014   
7724   1990 256     -511    960     -844    127     1412    76      -1306   -144    -409    121     667     1282    1543    1406    712     288     -779    -343    
7724   1991 193     -633    900     -892    -39     1388    327     -952    -1433   -659    79      466     1113    1566    1477    670     325     -13     -450    
7724   1992 218     -247    900     -537    111     1289    -82     -650    -508    -194    -214    731     1398    1327    1144    993     -554    -671    -210    
7724   1993 177     -542    832     -528    77      1290    52      -673    -718    -448    -113    785     1016    1582    1263    424     -44     -221    -803    
7724   1994 144     -786    981     -1263   8       1451    187     -1348   -1677   -691    219     504     1247    1653    1447    793     177     -409    -325    
7724   1995 -999999 -344    -999999 -537    83      -999999 -999999 -670    -626    -238    -55     537     -999999 -999999 -999999 -999999 -999999 -999999 -999999 
7724   1996 118     -999999 836     -999999 -64     1318    280     -696    -1392   -601    -62     472     1092    1343    1511    633     392     -187    -1158   
7724   1997 161     -556    915     -1032   -109    1486    135     -1031   -895    -477    -299    442     1286    1725    1439    869     -35     -423    -748    
7724   1998 69      -707    856     -977    -170    1319    138     -865    -1354   -873    -185    546     1185    1577    1189    799     244     -631    -912    
7724   1999 157     -706    927     -1131   43      1339    401     -1389   -1088   -495    153     475     1416    1524    1080    908     319     -21     -1060   
7724   2000 313     -495    985     -916    106     1395    520     -914    -763    -530    74      773     1240    1617    1324    857     636     64      -661    
7724   2001 -999999 -447    1000    -821    -115    1460    -999999 -579    -1268   -936    37      559     1382    1626    1370    1007    352     -999999 -1224   
7724   2002 158     -999999 1112    -1011   129     1616    -100    -1155   -615    -632    222     799     1532    1714    1600    781     -170    -908    -1309   
7724   2003 223     -828    992     -1246   148     1503    260     -1713   -660    -196    -55     689     1205    1932    1361    784     164     -164    -733    
7724   2004 230     -551    1000    -916    83      1402    251     -985    -1036   -568    91      727     1194    1632    1374    958     228     -432    -472    
7724   2005 320     -479    1037    -605    -85     1539    517     -569    -791    -866    91      526     1364    1751    1497    970     471     111     -786    
7724   2006 244     -548    1076    -926    -39     1495    220     -773    -1251   -1106   216     779     1270    1533    1676    958     60      -351    -197    
7724   2007 284     -520    972     -873    178     1428    350     -959    -1525   -237    105     665     1296    1562    1421    759     571     -287    -116    
7724   2008 290     -256    876     -404    20      1281    279     -563    -544    -615    50      627     1186    1474    1180    717     396     -281    -187    
7724   2009 236     -408    1026    -695    99      1427    337     -853    -1082   -503    -41     836     1251    1531    1493    1057    -46     14      -910    
7724   2010 49      -786    1033    -1291   106     1384    132     -1460   -1524   -837    161     996     1196    1690    1260    863     388     -862    -1396   
7724   2011 339     -854    1113    -1389   123     1561    575     -1113   -1685   -535    226     680     1497    1777    1405    1072    505     151     -63     
7724   2012 157     -314    916     -747    82      1355    331     -947    -1267   -308    -108    656     1190    1542    1329    863     180     -45     -1256   
7724   2013 307     -651    1103    -993    -34     1513    405     -971    -726    -1073   -67     1036    1535    1538    1467    1087    338     -207    -342    
7724   2014 377     -273    1070    -550    223     1525    339     -1075   -200    -140    115     691     1156    1870    1538    1017    176     -171    -488    
7724   2015 401     -300    1002    -567    256     1335    505     -884    -305    -126    209     682     1115    1403    1481    1103    294     126     -325    
7724   2016 294     -342    1070    -743    278     1442    297     -1362   -527    -257    185     903     1264    1712    1344    988     325     -421    -653    
7724   2017 225     -445    864     -725    -43     1332    325     -752    -774    -423    -118    410     1165    1500    1326    879     262     -163    -677    
7724   2018 291     -608    1110    -968    11      1577    478     -931    -1331   -863    -15     910     1156    2036    1525    1007    340     91      -552    
7724   2019 -999999 -474    967     -952    134     1357    -999999 -1446   -847    -446    174     675     1286    1442    1341    868     82      -999999 -999999 
