EUROPEAN CLIMATE ASSESSMENT & DATASET (ECA&D), file created on: 13-11-2019
THESE DATA CAN BE USED FOR NON-COMMERCIAL RESEARCH AND EDUCATION PROVIDED THAT THE FOLLOWING SOURCE IS ACKNOWLEDGED: 

Klein Tank, A.M.G. and Coauthors, 2002. Daily dataset of 20th-century surface
air temperature and precipitation series for the European Climate Assessment.
Int. J. of Climatol., 22, 1441-1453.
Data and metadata available at http://www.ecad.eu

FILE FORMAT (MISSING VALUE CODE = -999999):

THIS FILE HOLDS DATA FOR STATION SWEDEN                                   LANGVATTNET                              (STAID:   5755)
LATITUDE: dd:mm:ss +65:05:59
LONGITUDE: ddd:mm:ss +016:41:24
ELEVATION: m  420

DATA IS FOR INDEX Mean of daily mean temperature (TG) with unit 0.01 Temperature (&#176;C)

01-06 SOUID: Source identifier
08-11 YEAR : YYYY
13-20 ANNUAL DATA VALUES
21-28 WINTER HALF YEAR DATA VALUES
29-36 SUMMER HALF YEAR DATA VALUES
37-44 WINTER (DJF) DATA VALUES
45-52 SPRING (MAM) DATA VALUES
53-60 SUMMER (JJA) DATA VALUES
61-68 AUTUMN (SON) DATA VALUES
69-76 JANUARY DATA VALUES
etc. 
157-164 DECEMBER DATA VALUES

5755   1960 -999999 -999999 -999999 -999999 -999999 -999999 -999999 -999999 -999999 -999999 -999999 -999999 -999999 -999999 -999999 -999999 -999999 -999999 -999999 
5755   1961 130     -999999 757     -999999 -69     1169    404     -1157   -587    -429    -264    479     1181    1227    1100    802     605     -200    -1235   
5755   1962 -24     -688    678     -1112   -255    991     175     -1044   -1052   -1221   16      448     834     1125    1008    619     415     -517    -986    
5755   1963 59      -746    891     -1177   20      1172    129     -1255   -1302   -879    38      901     1117    1146    1250    871     293     -782    -787    
5755   1964 79      -571    680     -777    -9      975     118     -436    -1129   -626    3       596     848     1114    961     539     379     -575    -790    
5755   1965 -50     -607    741     -948    -86     1068    78      -1274   -762    -633    50      328     1069    1100    1034    856     337     -969    -1762   
5755   1966 -158    -1191   694     -1892   -290    1227    -20     -1818   -2120   -897    -394    417     1402    1259    1026    431     54      -548    -846    
5755   1967 18      -678    776     -1113   34      1132    294     -1775   -676    -270    -102    471     960     1208    1222    878     151     -144    -1720   
5755   1968 -999999 -999999 733     -1483   -999999 1139    -232    -1490   -1223   -999999 56      269     1114    1209    1093    644     -387    -949    -602    
5755   1969 -19     -914    858     -1133   -140    1382    -1      -1284   -1553   -774    -45     403     1316    1276    1550    624     266     -901    -1218   
5755   1970 13      -917    823     -1470   -52     1315    -6      -1488   -1731   -507    -266    610     1471    1306    1174    625     85      -733    -529    
5755   1971 6       -686    718     -779    -278    1128    -48     -863    -964    -1139   -204    510     1045    1234    1103    600     79      -828    -570    
5755   1972 143     -678    840     -971    18      1319    97      -1475   -860    -432    -30     514     1310    1517    1131    578     190     -479    -286    
5755   1973 77      -327    757     -504    39      1273    -187    -354    -913    -179    -197    487     1139    1655    1022    409     -168    -801    -1258   
5755   1974 180     -646    876     -810    111     1184    76      -537    -616    -497    169     663     1220    1209    1124    857     34      -661    -859    
5755   1975 181     -514    746     -719    34      1091    261     -877    -389    -322    -156    575     919     1227    1120    765     229     -210    -745    
5755   1976 -14     -623    761     -999    -40     1168    -67     -1518   -714    -772    -139    788     1026    1243    1229    386     -70     -517    -1131   
5755   1977 -21     -800    639     -1301   -91     1062    55      -1302   -1489   -351    -301    373     899     1194    1088    555     171     -565    -650    
5755   1978 -121    -729    700     -1104   -163    1150    14      -1171   -1532   -698    -240    447     1123    1291    1036    522     85      -567    -1839   
5755   1979 -49     -964    760     -1611   -43     1203    -37     -1725   -1234   -517    -120    504     1201    1295    1113    544     -94     -560    -1065   
5755   1980 -67     -923    915     -1343   -74     1350    -155    -1524   -1448   -870    113     542     1356    1486    1208    771     -128    -1107   -1245   
5755   1981 -109    -979    771     -1169   -160    1074    -19     -1138   -1117   -1154   -50     728     887     1288    1043    706     53      -819    -1795   
5755   1982 64      -852    730     -1349   39      1092    106     -1518   -667    -349    13      451     799     1308    1160    623     130     -435    -796    
5755   1983 59      -584    782     -884    44      1086    12      -993    -859    -573    7       697     961     1270    1023    712     60      -737    -922    
5755   1984 75      -756    843     -1024   93      1127    -8      -1531   -591    -803    141     944     1068    1220    1090    569     132     -730    -628    
5755   1985 -226    -943    685     -1496   -225    1190    9       -1783   -2138   -617    -395    330     1102    1310    1156    584     354     -924    -1833   
5755   1986 -27     -942    744     -1621   62      1187    115     -1881   -1100   -286    -268    730     1379    1275    912     410     255     -324    -1487   
5755   1987 -81     -951    682     -1585   -189    1034    209     -1974   -1262   -922    -63     421     987     1229    885     619     427     -426    -959    
5755   1988 -999999 -626    846     -999    -166    1355    3       -965    -1078   -780    -371    647     1317    1604    1141    710     0       -702    -999999 
5755   1989 191     -999999 834     -999999 88      1176    182     -429    -536    -380    -53     693     1174    1263    1090    817     6       -271    -1127   
5755   1990 213     -519    822     -888    125     1229    111     -1210   -267    -214    33      554     1149    1327    1209    640     240     -551    -390    
5755   1991 125     -542    772     -832    -22     1239    112     -695    -1474   -474    70      342     971     1472    1266    484     129     -277    -437    
5755   1992 -999999 -305    -999999 -483    -999999 1077    -199    -506    -507    -242    -359    -999999 1243    1013    980     623     -481    -731    -999999 
5755   1993 -1      -628    675     -999999 105     -999999 -100    -844    -784    -371    -24     706     783     -999999 994     470     -100    -669    -1146   
5755   1994 -999999 -978    -999999 -1469   -106    -999999 32      -1531   -1758   -729    -13     428     -999999 1531    1058    603     15      -520    -522    
5755   1995 47      -496    678     -731    -17     1077    41      -961    -709    -300    -176    419     1105    1120    1007    578     234     -695    -1107   
5755   1996 -999999 -745    -999999 -1112   -999999 -999999 16      -886    -1358   -697    -999999 437     -999999 1206    1359    625     264     -851    -1278   
5755   1997 -999999 -611    -999999 -899    -178    -999999 -999999 -576    -837    -415    -457    329     -999999 -999999 1323    -999999 -73     -578    -815    
5755   1998 -999999 -652    -999999 -860    -196    -999999 -999999 -836    -938    -700    -309    416     -999999 -999999 -999999 718     -999999 -999999 -999999 
5755   1999 -999999 -999999 -999999 -999999 -999999 -999999 -999999 -1261   -999999 -999999 -999999 -999999 -999999 -999999 -999999 -999999 -999999 -999999 -999999 
