EUROPEAN CLIMATE ASSESSMENT & DATASET (ECA&D), file created on: 13-11-2019
THESE DATA CAN BE USED FOR NON-COMMERCIAL RESEARCH AND EDUCATION PROVIDED THAT THE FOLLOWING SOURCE IS ACKNOWLEDGED: 

Klein Tank, A.M.G. and Coauthors, 2002. Daily dataset of 20th-century surface
air temperature and precipitation series for the European Climate Assessment.
Int. J. of Climatol., 22, 1441-1453.
Data and metadata available at http://www.ecad.eu

FILE FORMAT (MISSING VALUE CODE = -999999):

THIS FILE HOLDS DATA FOR STATION ITALY                                    PANTELLERIA                              (STAID:   2105)
LATITUDE: dd:mm:ss +36:49:12
LONGITUDE: ddd:mm:ss +011:58:12
ELEVATION: m  191

DATA IS FOR INDEX Mean of daily mean temperature (TG) with unit 0.01 Temperature (&#176;C)

01-06 SOUID: Source identifier
08-11 YEAR : YYYY
13-20 ANNUAL DATA VALUES
21-28 WINTER HALF YEAR DATA VALUES
29-36 SUMMER HALF YEAR DATA VALUES
37-44 WINTER (DJF) DATA VALUES
45-52 SPRING (MAM) DATA VALUES
53-60 SUMMER (JJA) DATA VALUES
61-68 AUTUMN (SON) DATA VALUES
69-76 JANUARY DATA VALUES
etc. 
157-164 DECEMBER DATA VALUES

2105   1951 1724    -999999 2092    -999999 1462    2400    1877    1097    1174    1292    1393    1699    2190    2384    2619    2250    1811    1574    1170    
2105   1952 1777    1295    2235    1033    1499    2582    1973    976     946     1282    1452    1755    2462    2579    2701    2453    1991    1475    1204    
2105   1953 1681    1249    2080    990     1419    2303    1933    815     947     1042    1542    1678    2097    2468    2336    2352    1980    1465    1404    
2105   1954 1650    1340    1991    1095    1393    2239    1897    915     951     1293    1306    1577    2304    2170    2245    2344    1839    1511    1310    
2105   1955 1749    1445    2055    1330    1516    2335    1787    1330    1353    1323    1345    1875    2118    2462    2419    2092    1783    1486    1362    
2105   1956 1631    1295    2031    1125    1429    2238    1810    1229    761     1119    1427    1741    1872    2344    2487    2302    1756    1373    1113    
2105   1957 1675    1272    2014    1099    1373    2323    1878    980     1214    1190    1374    1554    2196    2311    2457    2185    1915    1533    1167    
2105   1958 1717    1345    2051    1134    1457    2281    1927    1021    1224    1205    1287    1874    2100    2253    2485    2290    1955    1533    1342    
2105   1959 1723    1402    2080    1182    1494    2318    1909    1083    1115    1362    1418    1699    2099    2381    2465    2405    1837    1486    1285    
2105   1960 1763    1394    2070    1248    1510    2321    1993    1143    1320    1290    1369    1865    2142    2299    2515    2212    2058    1707    1225    
2105   1961 1773    1407    2142    1150    1572    2314    2024    1068    1156    1211    1617    1889    2152    2406    2379    2400    1983    1691    1284    
2105   1962 1733    -999999 2073    1191    -999999 2301    1931    1220    1056    -999999 1441    1753    1988    2477    2428    2336    1990    1464    1091    
2105   1963 1694    1282    2039    1040    1325    2374    1919    1042    983     1102    1380    1495    2097    2491    2524    2231    1747    1784    1409    
2105   1964 1700    1405    2050    1194    1511    2310    1851    1064    1102    1315    1410    1804    2149    2350    2426    2147    1834    1572    1207    
2105   1965 1697    1287    2060    1047    1386    2404    1945    1087    824     1162    1284    1710    2150    2618    2441    2203    1983    1649    1311    
2105   1966 1732    1425    2087    1270    1423    2362    1911    1153    1355    1102    1485    1683    2189    2376    2515    2261    2044    1422    1177    
2105   1967 1772    1366    2096    1147    1528    2335    2056    1115    1149    1272    1444    1865    1974    2426    2592    2253    2127    1785    1220    
2105   1968 1766    1439    2132    1165    1596    2313    1947    1047    1231    1224    1584    1981    2056    2442    2433    2282    1898    1662    1330    
2105   1969 1718    1409    2069    1196    1560    2253    1934    1116    1137    1291    1425    1960    2002    2260    2488    2263    1861    1679    1098    
2105   1970 1735    1392    2055    1180    1461    2288    1933    1249    1196    1260    1493    1632    2104    2276    2479    2339    1858    1605    1296    
2105   1971 1710    1348    2122    1173    1477    2384    1826    1147    1066    1098    1506    1828    2104    2358    2682    2240    1778    1462    1202    
2105   1972 1708    1361    2019    1186    1472    2277    1880    1149    1209    1360    1382    1671    2144    2334    2350    2224    1795    1623    1244    
2105   1973 1736    1307    2144    1137    1418    2406    1978    1130    1026    1008    1321    1923    2184    2547    2480    2391    2041    1501    1227    
2105   1974 1729    1416    2092    1195    1519    2329    1847    1183    1169    1314    1426    1813    2189    2341    2454    2315    1747    1483    1189    
2105   1975 1747    1333    2090    1157    1508    2303    1966    1187    1087    1282    1439    1801    2082    2374    2445    2387    1960    1549    1326    
2105   1976 1693    1372    2038    1189    1427    2307    1848    1119    1116    1148    1379    1754    2134    2391    2389    2167    1959    1413    1316    
2105   1977 1798    1455    2099    1310    1589    2353    1934    1268    1350    1409    1523    1832    2078    2495    2477    2173    1958    1669    1304    
2105   1978 1739    1431    2093    1223    1498    2357    1824    1101    1268    1276    1422    1792    2171    2369    2526    2266    1805    1401    1437    
2105   1979 1758    1411    2079    1293    1514    2398    1851    1210    1226    1368    1374    1795    2283    2414    2494    2100    1990    1457    1338    
2105   1980 1691    1403    2010    1234    1391    2292    1910    1179    1182    1256    1306    1607    2137    2268    2467    2262    1853    1616    1143    
2105   1981 1746    1335    2116    1060    1580    2334    1941    954     1084    1345    1547    1847    2254    2279    2466    2292    2084    1442    1311    
2105   1982 1840    1408    2257    1238    1465    2620    2068    1294    1095    1194    1405    1793    2481    2755    2619    2477    2099    1595    1209    
2105   1983 1824    1417    2245    1177    1636    2514    1954    1137    1185    1295    1663    1951    2253    2736    2545    2305    1942    1615    1213    
2105   1984 1740    1373    2079    1166    1479    2315    1963    1212    1068    1175    1385    1875    2055    2451    2431    2260    1917    1713    1309    
2105   1985 1802    1420    2162    1225    1537    2430    1970    1069    1304    1206    1543    1860    2220    2568    2495    2272    1953    1686    1416    
2105   1986 1804    1447    2196    1255    1602    2414    2007    1181    1159    1267    1582    1957    2161    2431    2641    2388    2057    1574    1201    
2105   1987 1859    1379    2261    1183    1441    2568    2136    1169    1179    1083    1542    1711    2240    2727    2725    2592    2228    1586    1467    
2105   1988 1840    1520    -999999 1348    1604    -999999 2038    1375    1192    1251    1579    1994    2265    -999999 2617    2308    2176    1624    1237    
2105   1989 1825    1481    2160    1204    1586    2428    1985    1166    1209    1444    1549    1765    2139    2515    2617    2387    1874    1698    1543    
2105   1990 1867    1526    2208    1403    1590    2442    2149    1254    1413    1372    1511    1885    2318    2485    2519    2522    2301    1620    1182    
2105   1991 1794    1492    2115    1172    1479    2411    2107    1175    1156    1493    1358    1584    2112    2492    2618    2514    2140    1668    1167    
2105   1992 1828    1453    2159    1178    1585    2384    2098    1206    1159    1364    1579    1810    2154    2324    2665    2417    2151    1737    1388    
2105   1993 -999999 1471    2245    1249    1586    2490    -999999 1240    1106    1222    1531    2002    2324    2504    2645    2481    2206    1676    1343    
2105   1994 -999999 -999999 -999999 -999999 -999999 -999999 -999999 1277    1232    1460    1370    2123    2250    2502    -999999 2590    2143    -999999 1448    
2105   1995 1796    -999999 2145    1286    1520    2417    1945    1111    1305    1259    1449    1860    2193    2448    2604    2303    1933    1600    1472    
2105   1996 1801    1467    2135    1328    1532    2422    1936    1344    1156    1280    1474    1842    2099    2478    2666    2233    1881    1704    1441    
2105   1997 1863    1502    2206    1371    1587    2485    2024    1380    1284    1305    1410    2041    2394    2478    2581    2331    2038    1713    1391    
2105   1998 -999999 -999999 2226    1319    -999999 2537    -999999 1260    1304    1231    1600    1813    2466    2564    2576    2334    1973    1521    1237    
2105   1999 -999999 -999999 -999999 1156    1636    2584    -999999 1226    984     1283    1568    2081    2359    2476    2920    -999999 2329    1647    1344    
2105   2000 -999999 -999999 -999999 -999999 -999999 2507    2048    1114    1175    -999999 -999999 2038    2206    2561    2726    2361    2002    1783    1481    
2105   2001 -999999 -999999 -999999 -999999 -999999 2500    2117    -999999 -999999 -999999 -999999 -999999 2290    2552    2642    2339    2252    1736    1174    
2105   2002 -999999 -999999 2202    -999999 1659    2465    1998    1111    1316    1466    1594    1921    2353    2519    2508    2261    1978    1737    -999999 
2105   2003 -999999 -999999 -999999 -999999 -999999 -999999 2120    1251    1024    1246    1579    -999999 2606    2813    -999999 2420    2186    1803    1377    
2105   2004 1840    1501    2156    1257    1506    2443    2117    1139    1253    1263    1505    1750    2172    2469    2679    2348    2303    1706    1498    
2105   2005 1851    1475    2267    1189    1622    2526    2134    1076    971     1307    1530    2026    2377    2609    2589    2455    2143    1803    1266    
2105   2006 -999999 -999999 -999999 -999999 -999999 -999999 -999999 1120    -999999 -999999 -999999 -999999 -999999 -999999 -999999 -999999 -999999 -999999 -999999 
