EUROPEAN CLIMATE ASSESSMENT & DATASET (ECA&D), file created on: 13-11-2019
THESE DATA CAN BE USED FOR NON-COMMERCIAL RESEARCH AND EDUCATION PROVIDED THAT THE FOLLOWING SOURCE IS ACKNOWLEDGED: 

Klein Tank, A.M.G. and Coauthors, 2002. Daily dataset of 20th-century surface
air temperature and precipitation series for the European Climate Assessment.
Int. J. of Climatol., 22, 1441-1453.
Data and metadata available at http://www.ecad.eu

FILE FORMAT (MISSING VALUE CODE = -999999):

THIS FILE HOLDS DATA FOR STATION GERMANY                                  KR. MARBURG-BIEDENKOPF COLBE             (STAID:   4388)
LATITUDE: dd:mm:ss +50:51:01
LONGITUDE: ddd:mm:ss +008:46:27
ELEVATION: m  182

DATA IS FOR INDEX Mean of daily mean temperature (TG) with unit 0.01 Temperature (&#176;C)

01-06 SOUID: Source identifier
08-11 YEAR : YYYY
13-20 ANNUAL DATA VALUES
21-28 WINTER HALF YEAR DATA VALUES
29-36 SUMMER HALF YEAR DATA VALUES
37-44 WINTER (DJF) DATA VALUES
45-52 SPRING (MAM) DATA VALUES
53-60 SUMMER (JJA) DATA VALUES
61-68 AUTUMN (SON) DATA VALUES
69-76 JANUARY DATA VALUES
etc. 
157-164 DECEMBER DATA VALUES

4388   1946 871     -999999 1482    -999999 988     1651    877     -222    311     439     1070    1456    1474    1855    1617    1404    788     440     -202    
4388   1947 911     65      1661    -406    937     1920    1012    -394    -644    343     1001    1468    1822    1932    2002    1729    772     543     250     
4388   1948 929     460     1455    265     1036    1638    849     381     157     643     1058    1409    1619    1676    1619    1335    839     375     10      
4388   1949 927     296     1470    90      869     1609    1026    139     124     277     1096    1242    1400    1762    1659    1652    1055    369     295     
4388   1950 852     417     1411    181     850     1715    826     -65     328     510     672     1362    1723    1755    1667    1267    773     441     -233    
4388   1951 877     298     1356    91      722     1613    926     260     262     287     700     1180    1496    1704    1636    1407    733     644     185     
4388   1952 819     326     1422    67      899     1721    639     24      -13     371     1065    1266    1532    1876    1751    1019    708     186     4       
4388   1953 910     254     1417    -3      963     1628    942     -55     46      611     914     1361    1597    1669    1618    1328    1035    461     274     
4388   1954 800     306     1295    -67     807     1515    910     -273    -217    512     668     1236    1573    1419    1553    1311    994     423     331     
4388   1955 750     247     1319    -22     625     1609    806     -226    -188    110     773     997     1455    1747    1619    1310    770     339     231     
4388   1956 719     167     1271    -178    777     1452    815     45      -852    412     603     1309    1308    1660    1382    1345    803     297     238     
4388   1957 873     415     1312    220     835     1627    860     26      414     710     821     975     1663    1752    1467    1183    912     484     42      
4388   1958 836     279     1351    91      639     1583    932     -14     261     -3      594     1324    1419    1646    1679    1421    913     463     292     
4388   1959 946     401     1518    113     987     1789    876     17      19      664     1010    1288    1624    1975    1764    1432    875     322     286     
4388   1960 855     363     1320    143     883     1519    934     15      128     538     823     1286    1601    1465    1495    1241    934     626     94      
4388   1961 894     449     1386    148     923     1519    1006    -77     457     664     1084    1027    1566    1448    1546    1646    1016    356     -13     
4388   1962 713     280     1244    87      612     1477    767     200     74      31      842     969     1417    1476    1536    1219    882     196     -321    
4388   1963 716     -19     1389    -516    814     1613    931     -723    -503    314     918     1214    1549    1731    1558    1350    735     714     -335    
4388   1964 840     182     1468    -165    798     1726    859     -267    125     136     870     1391    1700    1851    1625    1359    706     517     55      
4388   1965 810     290     1308    52      752     1552    762     159     -68     345     711     1198    1619    1507    1531    1269    817     197     366     
4388   1966 938     364     1450    240     939     1650    935     -174    557     436     1004    1378    1759    1583    1610    1358    1165    273     289     
4388   1967 965     493     1447    297     889     1733    988     227     384     602     758     1304    1576    1939    1678    1409    1156    393     112     
4388   1968 888     397     1443    93      904     1684    948     -15     188     532     970     1211    1641    1700    1709    1419    1059    362     -136    
4388   1969 872     270     1476    -14     801     1762    992     204     -121    215     815     1375    1564    1980    1736    1366    1031    576     -344    
4388   1970 862     231     1417    -172    739     1725    982     -145    -11     267     664     1285    1798    1623    1758    1363    985     599     106     
4388   1971 906     341     1475    79      883     1712    831     -122    271     211     944     1497    1451    1883    1792    1261    862     371     405     
4388   1972 844     404     1346    199     855     1653    772     -109    308     583     797     1185    1485    1848    1621    1119    748     451     79      
4388   1973 918     343     1491    109     829     1828    898     93      159     513     620     1346    1745    1824    1912    1480    805     410     54      
4388   1974 961     459     1382    283     938     1600    833     412     392     671     926     1215    1463    1598    1734    1342    608     556     579     
4388   1975 981     490     1538    436     847     1853    911     523     181     467     823     1251    1586    1935    2029    1584    778     375     178     
4388   1976 966     337     1555    194     829     1917    979     284     115     276     827     1384    1935    2097    1721    1346    1015    574     -15     
4388   1977 952     479     1377    179     877     1681    975     163     410     724     648     1252    1625    1758    1658    1303    1035    586     223     
4388   1978 865     439     1356    127     893     1583    874     180     -37     608     800     1269    1556    1626    1566    1305    918     398     125     
4388   1979 840     219     1402    -156    826     1658    892     -475    -114    436     751     1290    1757    1673    1545    1383    916     375     477     
4388   1980 849     419     1361    235     810     1602    865     -112    347     506     745     1177    1536    1570    1696    1428    798     370     120     
4388   1981 883     326     1452    -11     1027    1667    918     -143    -8      789     936     1353    1581    1724    1692    1413    825     519     -147    
4388   1982 950     245     1533    -126    860     1833    1070    -239    23      475     762     1339    1687    2014    1792    1587    983     643     269     
4388   1983 963     471     1541    217     856     1935    884     434     -80     531     921     1119    1749    2138    1911    1390    914     346     96      
4388   1984 880     338     1345    136     730     1650    950     184     128     345     752     1094    1476    1705    1763    1265    1066    514     231     
4388   1985 794     256     1402    -163    898     1578    794     -439    -293    412     849     1431    1396    1747    1586    1388    900     90      379     
4388   1986 869     238     1411    14      836     1724    916     130     -519    368     673     1462    1729    1765    1680    1137    1022    584     279     
4388   1987 814     249     1400    -59     704     1612    991     -475    27      48      1030    1043    1458    1765    1608    1488    945     540     257     
4388   1988 970     467     1462    315     891     1697    906     420     267     361     832     1479    1592    1729    1765    1355    1024    337     441     
4388   1989 999     520     1499    330     1003    1744    948     232     316     746     753     1501    1625    1853    1751    1489    1053    297     310     
4388   1990 996     552     1440    394     1002    1728    904     308     581     757     806     1435    1559    1732    1889    1194    1021    492     147     
4388   1991 -999999 -999999 -999999 -999999 -999999 -999999 -999999 -999999 -999999 -999999 -999999 -999999 -999999 -999999 -999999 -999999 -999999 -999999 -999999 
4388   1992 -999999 -999999 -999999 -999999 -999999 -999999 -999999 -999999 -999999 -999999 -999999 -999999 -999999 -999999 -999999 -999999 -999999 -999999 -999999 
4388   1993 -999999 -999999 1474    -999999 -999999 1668    703     -999999 -999999 -999999 1081    1505    1680    1701    1623    1242    806     57      386     
4388   1994 1010    394     1512    265     938     1867    942     346     42      684     855     1272    1698    2151    1747    1327    745     759     418     
4388   1995 934     468     1485    317     852     1803    926     57      494     348     966     1247    1487    2047    1866    1273    1161    335     -100    
4388   1996 758     206     1338    -166    725     1642    846     -271    -124    217     831     1131    1607    1629    1690    1127    914     494     -178    
4388   1997 916     344     1446    -38     922     1768    836     -351    464     735     699     1325    1602    1735    1960    1332    752     427     277     
4388   1998 929     449     1436    308     969     1641    833     256     400     573     897     1434    1654    1632    1638    1349    885     264     129     
4388   1999 990     399     1534    203     977     1748    961     345     129     614     901     1413    1595    1962    1684    1633    861     393     284     
4388   2000 -999999 465     -999999 294     1045    -999999 -999999 181     427     637     1030    1468    1748    1497    -999999 -999999 -999999 -999999 -999999 
4388   2001 -999999 -999999 -999999 -999999 -999999 -999999 -999999 -999999 -999999 -999999 -999999 -999999 -999999 -999999 -999999 -999999 -999999 -999999 -999999 
4388   2002 -999999 -999999 -999999 -999999 -999999 -999999 -999999 -999999 -999999 -999999 -999999 -999999 -999999 -999999 -999999 -999999 -999999 -999999 -999999 
4388   2003 -999999 -999999 -999999 -999999 -999999 -999999 -999999 -999999 -999999 -999999 -999999 -999999 -999999 -999999 -999999 -999999 -999999 -999999 -999999 
4388   2004 -999999 -999999 -999999 -999999 -999999 -999999 -999999 -999999 -999999 -999999 -999999 -999999 -999999 -999999 -999999 -999999 -999999 -999999 -999999 
4388   2005 -999999 -999999 -999999 -999999 -999999 -999999 -999999 -999999 -999999 -999999 -999999 -999999 -999999 -999999 -999999 -999999 -999999 -999999 -999999 
4388   2006 -999999 -999999 -999999 -999999 -999999 -999999 1205    -999999 -999999 -999999 -999999 -999999 -999999 2175    1556    1669    1211    733     446     
4388   2007 1017    669     1520    476     1089    1732    854     527     453     624     1188    1457    1790    1735    1674    1268    848     448     162     
4388   2008 967     446     1484    295     921     1788    885     419     306     485     748     1525    1733    1845    1783    1247    875     533     75      
4388   2009 948     298     1558    -42     1045    1742    1030    -316    131     483     1237    1420    1533    1853    1833    1457    852     786     73      
4388   2010 849     331     1466    -59     844     1832    898     -263    20      502     927     1106    1717    2076    1699    1257    838     602     -335    
4388   2011 1004    340     1556    1       1067    1727    937     175     182     573     1217    1415    1710    1665    1806    1517    898     399     441     
4388   2012 957     449     1477    203     1035    1730    907     269     -123    770     856     1474    1557    1758    1868    1327    852     544     280     
4388   2013 924     313     1488    133     724     1816    968     109     -5      76      890     1211    1645    1996    1802    1369    1070    462     390     
4388   2014 1071    578     1525    402     1047    1741    1107    357     464     709     1155    1279    1633    1979    1606    1488    1175    654     312     
4388   2015 1032    515     1520    243     892     1887    969     246     162     509     879     1287    1649    2011    1993    1279    875     756     671     
4388   2016 987     555     1564    419     886     1815    992     218     365     437     813     1404    1733    1898    1812    1710    875     395     172     
4388   2017 993     385     1503    85      1000    1819    988     -236    344     757     795     1442    1813    1867    1778    1304    1125    532     345     
4388   2018 1077    445     1715    224     1072    1984    981     439     -149    323     1270    1628    1845    2099    2004    1426    983     532     431     
4388   2019 -999999 521     -999999 294     968     -999999 -999999 117     339     706     1027    1171    2004    1929    -999999 1394    1102    -999999 -999999 
