EUROPEAN CLIMATE ASSESSMENT & DATASET (ECA&D), file created on: 13-11-2019
THESE DATA CAN BE USED FOR NON-COMMERCIAL RESEARCH AND EDUCATION PROVIDED THAT THE FOLLOWING SOURCE IS ACKNOWLEDGED: 

Klein Tank, A.M.G. and Coauthors, 2002. Daily dataset of 20th-century surface
air temperature and precipitation series for the European Climate Assessment.
Int. J. of Climatol., 22, 1441-1453.
Data and metadata available at http://www.ecad.eu

FILE FORMAT (MISSING VALUE CODE = -999999):

THIS FILE HOLDS DATA FOR STATION SWEDEN                                   LANNA                                    (STAID:   5362)
LATITUDE: dd:mm:ss +58:21:00
LONGITUDE: ddd:mm:ss +013:07:48
ELEVATION: m   80

DATA IS FOR INDEX Mean of daily mean temperature (TG) with unit 0.01 Temperature (&#176;C)

01-06 SOUID: Source identifier
08-11 YEAR : YYYY
13-20 ANNUAL DATA VALUES
21-28 WINTER HALF YEAR DATA VALUES
29-36 SUMMER HALF YEAR DATA VALUES
37-44 WINTER (DJF) DATA VALUES
45-52 SPRING (MAM) DATA VALUES
53-60 SUMMER (JJA) DATA VALUES
61-68 AUTUMN (SON) DATA VALUES
69-76 JANUARY DATA VALUES
etc. 
157-164 DECEMBER DATA VALUES

5362   1961 709     -999999 1205    -999999 669     1450    862     -296    156     380     631     996     1518    1497    1338    1244    1024    311     -320    
5362   1962 511     57      1034    -170    259     1309    640     -74     -110    -497    482     798     1311    1389    1228    987     806     122     -344    
5362   1963 511     -237    1212    -710    443     1504    758     -997    -797    -257    444     1142    1503    1529    1480    1158    761     354     -269    
5362   1964 619     60      1177    -218    550     1403    661     -63     -329    -109    616     1146    1372    1424    1413    1074    605     304     -59     
5362   1965 532     56      1128    -166    444     1376    585     -150    -301    -88     519     903     1419    1372    1340    1211    747     -207    -434    
5362   1966 523     -236    1165    -670    425     1548    657     -659    -943    12      203     1052    1636    1585    1424    1070    671     230     -114    
5362   1967 664     106     1193    -216    605     1503    812     -425    -96     358     452     1000    1353    1623    1528    1184    839     412     -315    
5362   1968 598     16      1269    -426    555     1607    594     -540    -422    108     685     876     1624    1565    1634    1223    595     -37     -163    
5362   1969 556     -178    1283    -342    257     1687    693     -233    -660    -615    438     954     1641    1717    1701    1232    765     80      -430    
5362   1970 469     -262    1154    -751    327     1552    608     -768    -1089   -200    154     1019    1691    1464    1505    1071    667     85      -85     
5362   1971 652     59      1182    -80     466     1497    627     -117    -35     -168    386     1177    1355    1647    1484    1016    750     111     162     
5362   1972 -999999 77      -999999 -161    -999999 -999999 -999999 -509    -157    46      -999999 -999999 -999999 -999999 -999999 -999999 660     326     325     
5362   1973 -999999 293     -999999 127     -999999 -999999 -999999 -10     60      377     -999999 -999999 -999999 -999999 -999999 -999999 371     -100    -137    
5362   1974 -999999 99      -999999 44      -999999 -999999 -999999 129     150     171     -999999 -999999 -999999 -999999 -999999 -999999 518     360     179     
5362   1975 -999999 230     -999999 129     -999999 -999999 -999999 237     -46     99      -999999 -999999 -999999 -999999 -999999 -999999 766     298     185     
5362   1976 -999999 67      -999999 -127    -999999 -999999 -999999 -397    -173    -287    -999999 -999999 -999999 -999999 -999999 -999999 692     363     -317    
5362   1977 -999999 -2      -999999 -391    -999999 -999999 -999999 -353    -514    81      -999999 -999999 -999999 -999999 -999999 -999999 884     288     34      
5362   1978 -999999 94      -999999 -181    -999999 -999999 -999999 -55     -559    -52     -999999 -999999 -999999 -999999 -999999 -999999 795     586     -619    
5362   1979 -999999 -115    -999999 -704    -999999 -999999 -999999 -652    -856    5       -999999 -999999 -999999 -999999 -999999 -999999 681     315     -96     
5362   1980 -999999 -56     -999999 -388    -999999 -999999 -999999 -418    -667    -183    -999999 -999999 -999999 -999999 -999999 -999999 585     60      62      
5362   1981 -999999 55      -999999 -105    -999999 -999999 -999999 -217    -165    -19     -999999 -999999 -999999 -999999 -999999 -999999 667     233     -605    
5362   1982 -999999 -65     -999999 -539    -999999 -999999 -999999 -775    -204    291     594     -999999 -999999 -999999 -999999 -999999 795     432     63      
5362   1983 -999999 213     -999999 -42     -999999 -999999 713     247     -479    167     576     -999999 1420    1751    -999999 1177    767     194     -14     
5362   1984 -999999 83      -999999 -131    575     -999999 -999999 -233    -147    -78     599     1206    -999999 -999999 -999999 -999999 901     366     88      
5362   1985 -999999 -99     -999999 -601    -999999 -999999 -999999 -856    -1080   -89     -999999 -999999 -999999 -999999 1504    -999999 853     -27     -253    
5362   1986 -999999 -90     -999999 -508    -999999 -999999 -999999 -438    -859    107     -999999 -999999 -999999 -999999 -999999 -999999 736     515     -58     
5362   1987 -999999 -135    -999999 -515    -999999 -999999 -999999 -1112   -359    -534    -999999 -999999 -999999 -999999 -999999 -999999 760     213     -69     
5362   1988 -999999 -999999 -999999 -999999 -999999 -999999 -999999 -999999 -999999 -999999 -999999 -999999 -999999 -999999 -999999 -999999 -999999 -999999 -999999 
5362   1989 -999999 -999999 -999999 -999999 -999999 -999999 -999999 -999999 -999999 -999999 -999999 -999999 -999999 -999999 -999999 -999999 -999999 -999999 -999999 
5362   1990 -999999 -999999 -999999 -999999 -999999 -999999 -999999 -999999 -999999 -999999 -999999 -999999 -999999 -999999 -999999 -999999 -999999 -999999 -999999 
5362   1991 -999999 -999999 -999999 -999999 -999999 -999999 -999999 -999999 -999999 -999999 -999999 -999999 -999999 -999999 -999999 -999999 -999999 -999999 -999999 
5362   1992 -999999 -999999 -999999 -999999 -999999 -999999 -999999 -999999 -999999 -999999 -999999 -999999 -999999 -999999 -999999 -999999 -999999 -999999 -999999 
5362   1993 -999999 -999999 -999999 -999999 -999999 -999999 -999999 -999999 -999999 -999999 -999999 -999999 -999999 -999999 -999999 -999999 -999999 -999999 -999999 
5362   1994 -999999 -999999 -999999 -999999 -999999 -999999 -999999 -999999 -999999 -999999 -999999 -999999 -999999 -999999 -999999 -999999 -999999 -999999 -999999 
5362   1995 -999999 -999999 -999999 -999999 -999999 -999999 -999999 -999999 -999999 -999999 -999999 -999999 -999999 -999999 -999999 -999999 -999999 -999999 -999999 
5362   1996 537     -999999 1152    -999999 440     1520    683     -393    -611    -74     581     817     1376    1448    1733    940     801     303     -521    
5362   1997 690     79      1287    -298    525     1721    626     -359    18      235     411     927     1513    1714    1930    1203    489     192     -38     
5362   1998 645     171     1160    82      558     1378    577     -5      312     89      471     1111    1311    1466    1356    1233    620     -124    -122    
5362   1999 724     45      1296    -133    605     1540    885     -126    -155    150     713     954     1400    1692    1522    1485    739     437     -172    
5362   2000 800     226     1232    6       712     1440    895     64      134     155     765     1219    1346    1508    1464    1075    999     609     244     
5362   2001 669     241     1240    -29     511     1552    810     -38     -321    -90     500     1122    1341    1727    1581    1148    996     278     -293    
5362   2002 744     259     1385    1       719     1710    565     67      255     249     675     1233    1509    1710    1906    1253    376     72      -408    
5362   2003 679     -67     1291    -370    611     1643    697     -352    -348    238     513     1080    -999999 1808    1625    1289    405     408     143     
5362   2004 697     97      1270    -120    661     1507    697     -397    -106    126     710     1148    1339    1467    1710    1226    702     164     239     
5362   2005 727     162     1273    72      510     1567    831     119     -167    -115    634     1015    1376    1757    1563    1274    781     438     -6      
5362   2006 741     -46     1393    -298    341     1734    1011    -485    -414    -612    517     1124    1569    1930    1697    1502    988     543     457     
5362   2007 774     411     1281    161     758     1561    680     154     -159    432     784     1060    1563    1537    1582    1150    629     262     229     
5362   2008 787     299     1293    255     681     1596    735     245     293     132     697     1214    -999999 1745    1508    1110    784     307     45      
5362   2009 705     152     1328    -120    715     1568    749     -104    -321    161     886     1104    1408    1682    1608    1265    488     502     -276    
5362   2010 462     -163    1254    -601    476     1595    554     -842    -694    -187    619     1002    1403    1795    1580    1107    573     -20     -860    
5362   2011 779     -125    1364    -489    720     1612    876     -234    -361    134     947     1086    1548    1735    1552    1307    782     543     243     
5362   2012 667     289     1207    -23     712     1464    753     -79     -246    468     478     1184    1267    1593    1526    1172    644     446     -487    
5362   2013 700     -42     1277    -352    469     1586    792     -251    -316    -301    432     1274    1471    1698    1586    1174    825     374     358     
5362   2014 852     367     1338    174     790     1621    909     -107    281     464     760     1145    1438    1904    1515    1246    968     509     59      
5362   2015 797     352     1220    88      639     1504    830     109     96      348     655     915     1288    1561    1656    1231    740     521     395     
5362   2016 754     252     1346    2       702     1573    781     -414    26      240     624     1238    1564    1658    1496    1482    671     195     251     
5362   2017 760     241     1250    84      663     1532    776     -19     14      313     529     1144    1486    1589    1518    1216    813     298     161     
5362   2018 814     127     1496    -54     696     1792    825     25      -380    -197    720     1567    1650    2041    1682    1291    819     366     99      
5362   2019 -999999 276     1319    35      698     1650    -999999 -201    226     345     761     990     1622    1683    1642    1204    676     -999999 -999999 
