EUROPEAN CLIMATE ASSESSMENT & DATASET (ECA&D), file created on: 13-11-2019
THESE DATA CAN BE USED FOR NON-COMMERCIAL RESEARCH AND EDUCATION PROVIDED THAT THE FOLLOWING SOURCE IS ACKNOWLEDGED: 

Klein Tank, A.M.G. and Coauthors, 2002. Daily dataset of 20th-century surface
air temperature and precipitation series for the European Climate Assessment.
Int. J. of Climatol., 22, 1441-1453.
Data and metadata available at http://www.ecad.eu

FILE FORMAT (MISSING VALUE CODE = -999999):

THIS FILE HOLDS DATA FOR STATION SWITZERLAND                              SION 2                                   (STAID:   1662)
LATITUDE: dd:mm:ss +46:13:00
LONGITUDE: ddd:mm:ss +007:19:59
ELEVATION: m  482

DATA IS FOR INDEX Mean of daily mean temperature (TG) with unit 0.01 Temperature (&#176;C)

01-06 SOUID: Source identifier
08-11 YEAR : YYYY
13-20 ANNUAL DATA VALUES
21-28 WINTER HALF YEAR DATA VALUES
29-36 SUMMER HALF YEAR DATA VALUES
37-44 WINTER (DJF) DATA VALUES
45-52 SPRING (MAM) DATA VALUES
53-60 SUMMER (JJA) DATA VALUES
61-68 AUTUMN (SON) DATA VALUES
69-76 JANUARY DATA VALUES
etc. 
157-164 DECEMBER DATA VALUES

1662   1978 819     -999999 1387    -999999 863     1649    704     -27     87      542     816     1230    1575    1741    1628    1320    728     62      73      
1662   1979 906     248     1458    24      896     1752    908     -232    254     594     759     1331    1735    1865    1655    1387    1074    258     141     
1662   1980 817     342     1402    71      811     1668    827     -163    246     490     718     1221    1527    1637    1836    1456    759     268     -212    
1662   1981 913     206     1554    -192    1070    1791    873     -290    -61     746     1109    1355    1769    1777    1826    1477    864     279     36      
1662   1982 929     323     1514    124     865     1800    911     120     225     404     878     1314    1717    2003    1678    1480    805     452     27      
1662   1983 910     289     1551    -41     878     1931    847     81      -253    576     932     1126    1711    2224    1850    1445    873     224     39      
1662   1984 886     242     1451    -3      776     1808    942     -21     -27     348     854     1127    1669    1947    1804    1289    905     633     69      
1662   1985 868     261     1541    -131    878     1814    883     -458    8       395     915     1325    1601    2050    1784    1551    969     125     87      
1662   1986 941     277     1561    -1      963     1830    994     6       -107    538     763     1583    1778    1932    1778    1512    1056    410     -37     
1662   1987 923     263     1544    -83     833     1802    1057    -360    172     334     1028    1142    1596    1941    1862    1682    1084    403     156     
1662   1988 1011    429     1633    206     1046    1882    917     291     168     455     1117    1569    1720    2000    1920    1453    1100    192     111     
1662   1989 997     390     1614    72      1085    1904    949     -127    248     797     882     1570    1761    2036    1910    1501    1016    326     -20     
1662   1990 1018    422     1603    139     1087    1889    988     -72     548     744     882     1627    1669    2032    1958    1425    1136    398     -167    
1662   1991 978     380     1634    -66     1022    1970    976     13      -43     902     918     1242    1690    2122    2089    1724    862     345     -200    
1662   1992 1022    292     1676    -67     1120    1956    978     -188    206     722     1010    1625    1700    2020    2141    1534    854     551     64      
1662   1993 1034    393     1666    110     1114    1926    914     189     74      602     1126    1614    1876    1914    1986    1462    940     340     215     
1662   1994 1118    512     1656    263     1123    2032    1049    220     363     977     860     1525    1867    2233    1990    1436    990     723     174     
1662   1995 1024    459     1600    186     983     1931    990     -13     419     466     1053    1432    1674    2203    1908    1308    1201    455     139     
1662   1996 995     447     1588    165     1026    1897    905     252     99      512     1114    1455    1946    1911    1834    1255    998     458     78      
1662   1997 1067    470     1633    171     1106    1879    1038    55      401     822     984     1507    1743    1843    2045    1656    986     474     247     
1662   1998 1027    472     1669    214     1104    1978    876     83      322     702     978     1628    1875    2061    1995    1457    991     177     -6      
1662   1999 1017    320     1679    15      1106    1909    1009    112     -70     671     974     1670    1718    2087    1917    1687    1077    262     14      
1662   2000 1079    365     1702    45      1156    1937    1054    -217    358     693     1100    1673    2010    1805    1997    1617    1016    529     346     
1662   2001 1042    553     1605    297     1137    1929    961     187     365     854     849     1700    1732    2029    2019    1269    1308    293     -166    
1662   2002 1095    449     1642    70      1110    1959    1049    -88     505     843     1089    1397    2038    1983    1858    1478    1033    637     339     
1662   2003 1135    472     1850    107     1177    2269    1001    34      -69     811     1089    1628    2335    2206    2267    1558    827     623     224     
1662   2004 1043    446     1673    204     1034    1960    1065    128     262     606     1076    1421    1894    2002    1981    1647    1196    348     -76     
1662   2005 980     306     1688    -142    1105    1938    1038    -215    -136    675     1060    1579    2027    2025    1766    1662    1099    352     -206    
1662   2006 1062    266     1721    -113    1004    1987    1234    -219    108     448     1080    1487    1947    2333    1680    1787    1276    638     126     
1662   2007 1085    584     1694    281     1260    1879    937     298     433     718     1525    1545    1860    1918    1859    1452    994     365     14      
1662   2008 1077    443     1681    216     1115    1964    995     245     401     635     1016    1690    1920    2010    1962    1469    1069    445     31      
1662   2009 1074    329     1772    -53     1154    2020    1127    -275    101     587     1237    1640    1844    2051    2160    1680    1033    673     102     
1662   2010 1013    407     1664    33      1061    1971    1021    -146    154     608     1184    1396    1889    2175    1847    1481    1032    549     -64     
1662   2011 1138    439     1793    76      1303    1949    1115    24      288     795     1416    1703    1884    1861    2101    1780    1044    522     189     
1662   2012 1104    447     1745    60      1204    2056    1125    152     -175    913     1088    1608    2005    2034    2128    1587    1153    635     61      
1662   2013 1046    427     1686    64      985     2023    1096    87      42      556     1121    1284    1820    2192    2052    1631    1267    383     46      
1662   2014 1177    539     1700    235     1192    1923    1265    260     417     844     1280    1455    2011    1925    1835    1688    1298    808     268     
1662   2015 1153    579     1809    180     1192    2188    1046    139     127     795     1222    1560    2063    2404    2095    1491    1052    594     217     
1662   2016 1123    531     1772    290     1086    2039    1166    225     436     657     1134    1468    1869    2147    2097    1906    1006    591     -75     
1662   2017 1142    476     1801    85      1258    2170    1027    -154    526     971     1157    1642    2175    2205    2130    1475    1182    417     -61     
1662   2018 1248    442     1936    139     1235    2210    1265    391     80      605     1431    1677    2110    2332    2185    1869    1242    684     290     
1662   2019 -999999 573     1788    227     1088    2170    -999999 1       408     799     1140    1326    2116    2296    2097    1743    1291    -999999 -999999 
