EUROPEAN CLIMATE ASSESSMENT & DATASET (ECA&D), file created on: 13-11-2019
THESE DATA CAN BE USED FOR NON-COMMERCIAL RESEARCH AND EDUCATION PROVIDED THAT THE FOLLOWING SOURCE IS ACKNOWLEDGED: 

Klein Tank, A.M.G. and Coauthors, 2002. Daily dataset of 20th-century surface
air temperature and precipitation series for the European Climate Assessment.
Int. J. of Climatol., 22, 1441-1453.
Data and metadata available at http://www.ecad.eu

FILE FORMAT (MISSING VALUE CODE = -999999):

THIS FILE HOLDS DATA FOR STATION GERMANY                                  SCHWABACH (A)                            (STAID:   4625)
LATITUDE: dd:mm:ss +49:19:37
LONGITUDE: ddd:mm:ss +011:00:47
ELEVATION: m  343

DATA IS FOR INDEX Mean of daily mean temperature (TG) with unit 0.01 Temperature (&#176;C)

01-06 SOUID: Source identifier
08-11 YEAR : YYYY
13-20 ANNUAL DATA VALUES
21-28 WINTER HALF YEAR DATA VALUES
29-36 SUMMER HALF YEAR DATA VALUES
37-44 WINTER (DJF) DATA VALUES
45-52 SPRING (MAM) DATA VALUES
53-60 SUMMER (JJA) DATA VALUES
61-68 AUTUMN (SON) DATA VALUES
69-76 JANUARY DATA VALUES
etc. 
157-164 DECEMBER DATA VALUES

4625   1951 886     -999999 1452    -999999 758     1740    893     128     197     254     759     1261    1591    1832    1792    1459    657     572     92      
4625   1952 838     262     1515    3       875     1894    652     -13     -73     326     1008    1295    1683    2066    1927    1083    706     166     -164    
4625   1953 882     165     1485    -110    924     1722    865     -145    -11     419     946     1407    1651    1844    1669    1379    911     302     149     
4625   1954 779     182     1348    -207    776     1610    879     -438    -346    469     612     1243    1688    1500    1644    1389    924     323     259     
4625   1955 762     212     1359    -46     657     1669    767     -263    -143    139     704     1128    1592    1774    1638    1304    729     271     211     
4625   1956 690     85      1324    -256    727     1552    780     0       -1028   262     626     1290    1391    1770    1491    1358    795     186     57      
4625   1957 862     320     1369    84      810     1737    822     -143    364     660     749     1019    1793    1883    1538    1223    847     393     -14     
4625   1958 840     213     1430    23      673     1692    900     -109    209     -44     578     1480    1546    1794    1731    1430    847     424     149     
4625   1959 900     332     1501    17      977     1813    745     -21     -85     643     958     1330    1710    2006    1719    1261    713     262     227     
4625   1960 876     269     1430    45      902     1708    895     -95     0       492     832     1378    1788    1674    1663    1230    895     562     67      
4625   1961 917     396     1482    96      952     1646    1013    -136    386     607     1164    1092    1668    1604    1667    1701    1015    322     -99     
4625   1962 734     224     1367    -17     657     1663    761     86      -40     38      888     1051    1547    1650    1787    1266    797     218     -520    
4625   1963 723     -114    1475    -652    807     1738    961     -767    -672    215     924     1284    1670    1905    1637    1416    749     726     -486    
4625   1964 815     106     1498    -321    814     1771    837     -476    22      118     930     1397    1784    1916    1613    1334    702     478     -50     
4625   1965 758     196     1312    -82     701     1589    690     68      -285    225     679     1197    1629    1615    1524    1212    676     183     298     
4625   1966 871     268     1413    143     870     1621    870     -372    541     305     1018    1293    1736    1573    1556    1295    1129    176     195     
4625   1967 872     368     1399    122     809     1711    917     -21     200     509     651     1262    1504    1958    1664    1332    1101    314     -70     
4625   1968 790     279     1367    -48     792     1642    831     -177    114     384     801     1191    1654    1669    1605    1270    944     276     -266    
4625   1969 -999999 161     1406    -169    786     1656    886     -28     -217    225     729     1401    1483    1869    1610    1324    861     473     -999999 
4625   1970 -999999 -999999 1353    -999999 -999999 1697    910     -999999 -999999 -999999 581     1122    1761    1690    1641    1309    868     555     -85     
4625   1971 803     187     1426    -121    779     1711    704     -315    53      48      859     1433    1409    1881    1835    1108    696     309     260     
4625   1972 745     273     1313    41      800     1635    622     -254    121     494     755     1149    1497    1800    1603    1053    470     348     -115    
4625   1973 774     150     1382    -80     712     1693    755     -143    29      305     514     1311    1629    1682    1766    1370    642     256     -126    
4625   1974 865     321     1326    130     818     1599    718     281     245     621     732     1099    1451    1587    1754    1314    473     375     395     
4625   1975 864     339     1435    269     776     1679    861     315     80      374     701     1251    1478    1776    1777    1610    748     229     -26     
4625   1976 864     208     1485    48      748     1831    889     153     15      117     742     1385    1836    2051    1607    1267    948     449     -235    
4625   1977 897     357     1365    26      845     1691    890     16      324     639     611     1276    1644    1765    1663    1211    995     461     108     
4625   1978 783     326     1307    -14     800     1555    788     39      -209    511     745     1141    1536    1619    1510    1279    802     282     67      
4625   1979 818     193     1370    -145    805     1669    813     -498    11      476     639     1294    1804    1612    1594    1264    843     332     389     
4625   1980 774     338     1313    121     731     1584    793     -263    246     477     594     1119    1539    1479    1733    1402    750     229     -33     
4625   1981 849     226     1436    -134    966     1663    927     -278    -86     742     855     1298    1626    1660    1704    1460    883     441     -180    
4625   1982 892     190     1503    -211    784     1827    1010    -329    -115    420     613     1312    1727    1995    1757    1596    902     536     226     
4625   1983 905     377     1550    117     853     1935    800     338     -247    450     924     1186    1744    2226    1830    1371    864     164     -79     
4625   1984 787     180     1313    -48     635     1625    884     29      -97     183     659     1065    1483    1658    1729    1268    973     409     50      
4625   1985 748     123     1422    -320    820     1656    731     -615    -402    281     790     1388    1386    1858    1715    1368    761     62      286     
4625   1986 828     143     1463    -99     875     1750    836     31      -669    308     783     1532    1667    1799    1779    1190    884     432     85      
4625   1987 772     110     1422    -200    630     1668    943     -576    -100    -75     953     1023    1514    1853    1631    1549    889     394     162     
4625   1988 932     344     1507    179     889     1759    849     238     134     236     889     1543    1570    1879    1821    1317    1043    180     292     
4625   1989 932     433     1471    212     954     1765    825     110     237     710     723     1421    1593    1907    1790    1370    946     154     163     
4625   1990 958     421     1468    245     975     1766    882     94      503     666     740     1510    1635    1750    1909    1237    973     432     10      
4625   1991 863     323     1477    -45     819     1844    842     115     -282    635     775     1046    1545    2059    1918    1497    696     338     -78     
4625   1992 954     282     1582    62      948     1901    864     46      229     462     801     1576    1722    1904    2071    1388    684     528     13      
4625   1993 894     266     1529    16      1009    1717    705     202     -185    323     1107    1599    1677    1739    1734    1300    770     44      338     
4625   1994 1040    376     1595    229     951     2003    962     279     54      729     767     1349    1780    2281    1941    1428    737     727     325     
4625   1995 920     411     1504    235     861     1827    876     -54     455     289     977     1319    1474    2143    1854    1228    1168    222     -69     
4625   1996 754     163     1400    -191    751     1723    815     -300    -207    139     844     1273    1775    1671    1724    1099    906     436     -345    
4625   1997 908     277     1488    -112    899     1811    841     -331    388     623     689     1379    1677    1756    1995    1409    737     380     160     
4625   1998 943     369     1536    188     978     1812    815     122     291     518     940     1475    1794    1775    1867    1347    941     153     42      
4625   1999 955     301     1593    44      993     1813    914     133     -52     553     903     1522    1623    1991    1820    1680    851     213     153     
4625   2000 1023    355     1590    162     1060    1823    1008    -21     367     561     1051    1569    1881    1660    1931    1433    1046    543     242     
4625   2001 939     447     1506    164     982     1827    885     27      228     576     744     1619    1566    1935    1972    1169    1213    262     -109    
4625   2002 997     392     1558    101     960     1912    909     -43     494     543     865     1467    1957    1864    1918    1260    862     606     144     
4625   2003 980     322     1714    -45     1003    2155    800     -44     -255    570     881     1555    2199    2032    2236    1360    574     473     91      
4625   2004 918     305     1504    116     891     1791    894     4       263     426     1005    1246    1632    1830    1907    1386    935     359     8       
4625   2005 923     266     1567    -21     923     1823    951     92      -179    340     1012    1421    1910    1915    1645    1488    1028    334     0       
4625   2006 969     203     1613    -129    839     1892    1159    -332    -47     217     902     1401    1840    2297    1537    1688    1176    614     279     
4625   2007 1010    580     1602    367     1143    1833    762     427     398     571     1276    1587    1868    1848    1785    1231    797     258     35      
4625   2008 970     347     1538    210     933     1870    831     295     306     384     809     1602    1882    1929    1801    1183    800     510     109     
