EUROPEAN CLIMATE ASSESSMENT & DATASET (ECA&D), file created on: 13-11-2019
THESE DATA CAN BE USED FOR NON-COMMERCIAL RESEARCH AND EDUCATION PROVIDED THAT THE FOLLOWING SOURCE IS ACKNOWLEDGED: 

Klein Tank, A.M.G. and Coauthors, 2002. Daily dataset of 20th-century surface
air temperature and precipitation series for the European Climate Assessment.
Int. J. of Climatol., 22, 1441-1453.
Data and metadata available at http://www.ecad.eu

FILE FORMAT (MISSING VALUE CODE = -999999):

THIS FILE HOLDS DATA FOR STATION GERMANY                                  BUCHENBACH                               (STAID:   4938)
LATITUDE: dd:mm:ss +47:57:47
LONGITUDE: ddd:mm:ss +007:59:56
ELEVATION: m  445

DATA IS FOR INDEX Mean of daily mean temperature (TG) with unit 0.01 Temperature (&#176;C)

01-06 SOUID: Source identifier
08-11 YEAR : YYYY
13-20 ANNUAL DATA VALUES
21-28 WINTER HALF YEAR DATA VALUES
29-36 SUMMER HALF YEAR DATA VALUES
37-44 WINTER (DJF) DATA VALUES
45-52 SPRING (MAM) DATA VALUES
53-60 SUMMER (JJA) DATA VALUES
61-68 AUTUMN (SON) DATA VALUES
69-76 JANUARY DATA VALUES
etc. 
157-164 DECEMBER DATA VALUES

4938   1990 -999999 -999999 -999999 -999999 -999999 -999999 -999999 -999999 -999999 -999999 -999999 -999999 -999999 -999999 -999999 -999999 1147    437     37      
4938   1991 897     406     1435    32      818     1764    960     159     -114    722     743     986     1416    1944    1922    1579    833     471     23      
4938   1992 976     347     1541    70      939     1845    967     -30     228     551     815     1447    1603    1880    2045    1428    777     701     238     
4938   1993 918     431     1459    228     951     1673    716     502     -87     411     1045    1400    1631    1672    1715    1276    804     66      493     
4938   1994 1051    472     1490    346     973     1857    1022    286     250     898     713     1301    1681    2061    1822    1339    939     791     468     
4938   1995 945     541     1430    377     837     1741    966     102     581     376     869     1267    1444    2016    1752    1208    1283    397     12      
4938   1996 817     322     1370    -19     777     1697    843     -57     -12     292     914     1128    1679    1702    1709    1070    961     494     -96     
4938   1997 969     398     1466    50      955     1722    991     -212    501     751     747     1360    1576    1651    1935    1509    927     540     318     
4938   1998 942     520     1439    371     912     1693    824     336     469     526     825     1381    1660    1723    1694    1334    969     163     190     
4938   1999 971     389     1512    198     962     1699    971     365     21      580     872     1431    1482    1854    1754    1664    963     286     303     
4938   2000 1049    448     1521    285     1005    1728    1079    109     453     571     986     1456    1749    1576    1858    1487    1059    691     572     
4938   2001 979     620     1447    418     977     1762    921     309     368     697     701     1524    1499    1874    1905    1149    1318    284     49      
4938   2002 1017    503     1438    239     935     1735    1011    104     600     664     864     1275    1803    1730    1675    1273    1026    734     435     
4938   2003 963     453     1615    88      955     2044    851     -23     -175    669     872     1320    2053    1905    2174    1348    628     584     128     
4938   2004 928     346     1462    147     844     1720    1020    122     195     417     973     1147    1595    1764    1797    1487    1137    432     53      
4938   2005 934     369     1497    40      915     1734    1035    149     -95     499     926     1321    1817    1790    1597    1524    1161    417     31      
4938   2006 1003    297     1562    -52     838     1824    1263    -197    15      330     853     1330    1764    2238    1469    1707    1288    793     382     
4938   2007 1018    685     1522    484     1113    1699    849     524     554     561     1313    1470    1690    1726    1681    1240    951     351     123     
4938   2008 968     455     1466    315     930     1736    906     388     444     469     779     1537    1687    1789    1731    1249    983     483     60      
4938   2009 991     311     1589    -16     1024    1793    1089    -132    29      423     1134    1517    1592    1823    1958    1495    949     827     216     
4938   2010 867     398     1443    43      838     1772    896     -220    141     463     947     1109    1667    1986    1661    1273    862     554     -78     
4938   2011 1045    414     1574    120     1127    1702    1046    166     288     686     1194    1502    1665    1593    1849    1636    976     528     416     
4938   2012 983     455     1518    144     1024    1800    989     286     -298    776     868     1423    1696    1765    1934    1405    951     613     314     
4938   2013 932     359     1480    109     743     1815    1032    89      -96     250     917     1068    1603    2021    1815    1444    1196    450     353     
4938   2014 1094    614     1515    425     1034    1734    1173    416     515     742     1087    1275    1768    1812    1622    1520    1267    728     346     
4938   2015 1082    561     1595    240     985     1964    1003    279     81      624     968     1362    1723    2143    2019    1331    919     762     691     
4938   2016 991     595     1536    477     852     1813    1023    299     438     459     829     1267    1652    1904    1879    1673    894     506     79      
4938   2017 1012    407     1554    52      1046    1913    966     -355    473     854     817     1459    1908    1916    1916    1290    1128    476     222     
4938   2018 1112    460     1725    226     1086    1978    1073    524     -98     454     1292    1518    1797    2084    2046    1597    1071    550     415     
4938   2019 -999999 551     1553    306     904     1951    -999999 30      492     744     880     1086    1940    2016    1898    1486    1189    -999999 -999999 
