EUROPEAN CLIMATE ASSESSMENT & DATASET (ECA&D), file created on: 13-11-2019
THESE DATA CAN BE USED FOR NON-COMMERCIAL RESEARCH AND EDUCATION PROVIDED THAT THE FOLLOWING SOURCE IS ACKNOWLEDGED: 

Klein Tank, A.M.G. and Coauthors, 2002. Daily dataset of 20th-century surface
air temperature and precipitation series for the European Climate Assessment.
Int. J. of Climatol., 22, 1441-1453.
Data and metadata available at http://www.ecad.eu

FILE FORMAT (MISSING VALUE CODE = -999999):

THIS FILE HOLDS DATA FOR STATION SWEDEN                                   SATENAS_D                                (STAID:   5375)
LATITUDE: dd:mm:ss +58:26:24
LONGITUDE: ddd:mm:ss +012:41:24
ELEVATION: m   55

DATA IS FOR INDEX Mean of daily mean temperature (TG) with unit 0.01 Temperature (&#176;C)

01-06 SOUID: Source identifier
08-11 YEAR : YYYY
13-20 ANNUAL DATA VALUES
21-28 WINTER HALF YEAR DATA VALUES
29-36 SUMMER HALF YEAR DATA VALUES
37-44 WINTER (DJF) DATA VALUES
45-52 SPRING (MAM) DATA VALUES
53-60 SUMMER (JJA) DATA VALUES
61-68 AUTUMN (SON) DATA VALUES
69-76 JANUARY DATA VALUES
etc. 
157-164 DECEMBER DATA VALUES

5375   1949 -999999 -999999 -999999 -999999 -999999 -999999 -999999 117     189     -15     -999999 -999999 -999999 -999999 -999999 -999999 841     433     168     
5375   1950 -999999 197     -999999 -115    -999999 -999999 -999999 -354    -156    199     -999999 -999999 -999999 -999999 -999999 -999999 754     153     -257    
5375   1951 649     -35     1179    -242    287     1525    818     -315    -146    -353    346     869     1423    1550    1597    1273    750     433     307     
5375   1952 564     168     1122    19      441     1409    505     -152    -105    -235    636     929     1237    1540    1444    928     537     50      -68     
5375   1953 762     65      1274    -177    661     1600    864     -156    -320    311     585     1084    1640    1626    1535    1163    948     478     178     
5375   1954 607     135     1170    -214    503     1446    693     -301    -553    2       375     1129    1410    1453    1474    1161    707     209     128     
5375   1955 582     -34     1229    -270    238     1661    795     -343    -629    -329    259     785     1291    1891    1788    1335    688     365     -210    
5375   1956 530     -71     1128    -465    385     1459    609     -309    -903    -97     169     1078    1367    1666    1340    1125    691     7       158     
5375   1957 660     131     1141    40      419     1509    711     63      -118    -43     446     854     1363    1652    1506    1020    807     304     35      
5375   1958 565     -28     1132    -274    223     1455    877     -313    -574    -472    245     897     1338    1590    1434    1269    917     445     -71     
5375   1959 761     185     1336    -174    655     1672    818     -333    -112    246     643     1075    1465    1786    1758    1268    738     451     92      
5375   1960 631     83      1227    -229    517     1529    706     -304    -493    -14     457     1105    1561    1508    1521    1195    608     318     67      
5375   1961 753     226     1239    -15     693     1503    921     -244    148     452     601     1023    1554    1532    1424    1294    1071    395     -242    
5375   1962 545     114     1045    -110    241     1335    707     -24     -59     -463    404     787     1299    1408    1298    1065    885     163     -255    
5375   1963 525     -190    1202    -652    380     1521    802     -945    -766    -268    374     1034    1493    1565    1502    1226    800     379     -174    
5375   1964 644     102     1184    -154    526     1422    717     -33     -260    -116    564     1132    1367    1455    1443    1127    659     368     -9      
5375   1965 554     101     1113    -103    399     1374    660     -108    -201    -123    470     852     1398    1370    1355    1224    861     -110    -390    
5375   1966 519     -189    1137    -641    368     1521    693     -612    -953    1       116     980     1579    1558    1429    1139    685     254     -62     
5375   1967 687     135     1189    -178    595     1502    859     -379    -83     379     454     946     1337    1615    1549    1215    896     465     -197    
5375   1968 621     80      1255    -337    548     1582    654     -455    -363    114     663     870     1591    1555    1600    1240    680     40      -115    
5375   1969 562     -150    1264    -327    211     1664    766     -235    -661    -650    383     904     1613    1668    1709    1293    839     163     -364    
5375   1970 496     -208    1154    -692    295     1564    662     -680    -1068   -208    134     954     1675    1477    1542    1127    733     123     21      
5375   1971 682     103     1179    -26     427     1502    723     -89     -10     -170    360     1087    1336    1657    1508    1098    834     232     278     
5375   1972 671     140     1194    -92     499     1552    702     -416    -139    35      498     965     1408    1767    1477    1029    712     367     324     
5375   1973 692     315     1233    141     600     1619    527     6       86      377     406     1012    1530    1796    1529    1103    447     34      -65     
5375   1974 743     137     1222    63      601     1478    716     108     154     145     651     1009    1417    1508    1506    1229    557     366     230     
5375   1975 810     256     1312    168     550     1666    825     255     3       104     429     1113    1418    1720    1851    1319    813     343     281     
5375   1976 626     135     1233    -54     451     1613    671     -282    -167    -189    469     1075    1479    1757    1598    999     634     381     -265    
5375   1977 614     6       1126    -360    448     1474    771     -328    -501    81      243     1014    1479    1509    1436    1056    878     375     37      
5375   1978 595     125     1137    -162    433     1487    816     -36     -521    -39     333     1001    1499    1483    1478    1011    810     628     -582    
5375   1979 516     -99     1140    -675    421     1459    669     -635    -824    -38     360     937     1496    1485    1395    1155    559     295     -87     
5375   1980 580     -77     1231    -375    420     1554    656     -399    -656    -201    472     992     1511    1623    1526    1245    600     124     78      
5375   1981 569     65      1151    -80     496     1378    676     -182    -142    -110    455     1142    1238    1479    1413    1159    627     245     -532    
5375   1982 670     -55     1220    -488    567     1539    812     -697    -208    228     532     939     1303    1702    1605    1217    762     459     136     
5375   1983 721     258     1216    48      564     1527    761     301     -329    168     542     980     1338    1666    1569    1179    814     289     44      
5375   1984 682     142     1168    -67     508     1474    767     -148    -98     -59     497     1085    1318    1557    1542    986     916     392     154     
5375   1985 478     -5      1077    -444    378     1429    650     -675    -853    -35     207     955     1324    1520    1439    993     897     53      -199    
5375   1986 592     -19     1106    -412    497     1455    735     -362    -703    137     231     1115    1470    1549    1348    898     747     558     17      
5375   1987 451     -72     1019    -406    259     1268    654     -907    -321    -529    474     839     1119    1422    1258    989     732     238     59      
5375   1988 690     187     1242    82      460     1566    664     148     36      -96     356     1118    1601    1618    1480    1264    624     106     -4      
5375   1989 830     331     1253    265     713     1539    785     430     379     448     562     1124    1470    1704    1442    1198    823     332     15      
5375   1990 837     407     1277    247     807     1569    686     291     455     528     698     1189    1488    1598    1617    1050    743     264     93      
5375   1991 733     199     1219    -36     597     1516    788     31      -253    274     570     945     1151    1748    1636    1239    723     403     245     
5375   1992 767     334     1298    183     680     1632    608     158     143     321     426     1285    1699    1702    1498    1158    417     255     115     
5375   1993 648     169     1142    58      671     1353    540     53      0       159     589     1261    1329    1417    1312    922     579     117     -18     
5375   1994 703     13      1297    -256    601     1652    713     -83     -711    128     651     1025    1318    1963    1664    1134    641     366     224     
5375   1995 686     225     1222    49      518     1596    755     -207    140     185     416     951     1389    1643    1748    1162    979     116     -333    
5375   1996 566     -33     1158    -405    397     1546    726     -342    -548    -98     494     797     1384    1483    1767    1005    831     338     -364    
5375   1997 719     135     1304    -216    534     1738    675     -301    41      261     437     901     1505    1755    1946    1258    555     217     5       
5375   1998 660     205     1156    105     543     1396    609     25      304     133     426     1067    1302    1490    1394    1241    662     -77     -75     
5375   1999 738     77      1279    -99     586     1528    923     -103    -122    155     673     933     1372    1686    1521    1479    793     503     -82     
5375   2000 815     271     1237    50      693     1461    925     96      141     174     693     1212    1362    1530    1488    1118    1024    629     281     
5375   2001 692     255     1252    -5      488     1577    853     -30     -294    -119    475     1107    1364    1758    1601    1184    1022    347     -184    
5375   2002 778     304     1413    54      711     1753    626     86      284     271     645     1213    1580    1745    1927    1347    446     90      -325    
5375   2003 740     -18     1342    -301    611     1702    747     -251    -329    235     508     1087    1567    1830    1706    1332    510     406     204     
5375   2004 744     145     1315    -65     681     1560    773     -330    -69     146     717     1180    1398    1528    1750    1298    753     270     262     
5375   2005 776     217     1308    121     524     1614    902     201     -125    -88     624     1040    1430    1803    1603    1330    866     510     56      
5375   2006 795     55      1413    -194    381     1769    1052    -352    -296    -476    494     1129    1588    1969    1744    1537    1027    592     513     
5375   2007 808     435     1328    200     761     1604    744     209     -158    371     819     1095    1603    1583    1627    1227    699     308     242     
5375   2008 832     333     1327    269     704     1626    781     250     318     177     694     1239    1507    1807    1559    1133    841     365     69      
5375   2009 744     191     1367    -78     715     1620    801     -55     -265    154     842     1152    1475    1732    1650    1334    567     511     -230    
5375   2010 504     -92     1262    -522    498     1615    595     -716    -631    -84     582     998     1479    1796    1572    1140    620     25      -760    
5375   2011 790     -95     1370    -456    701     1628    911     -239    -358    122     906     1083    1556    1754    1571    1341    830     565     276     
5375   2012 691     317     1213    5       703     1485    778     -48     -228    479     474     1148    1279    1618    1551    1187    690     461     -352    
5375   2013 719     7       1282    -288    463     1606    825     -234    -276    -262    428     1222    1473    1735    1606    1203    850     421     389     
5375   2014 862     389     1347    188     778     1644    929     -102    289     476     726     1131    1470    1908    1547    1281    987     517     75      
5375   2015 821     366     1241    107     647     1525    874     132     116     349     674     919     1321    1591    1658    1272    787     567     420     
5375   2016 771     283     1350    21      694     1592    816     -383    27      271     614     1196    1576    1680    1520    1500    736     214     283     
5375   2017 777     268     1261    108     664     1552    803     13      19      316     540     1130    1500    1615    1540    1226    856     324     182     
5375   2018 833     156     1495    -21     671     1803    882     38      -311    -191    669     1536    1682    2040    1683    1334    882     430     115     
5375   2019 -999999 314     1332    63      705     1659    -999999 -150    243     361     767     991     1609    1717    1649    1245    705     -999999 -999999 
