EUROPEAN CLIMATE ASSESSMENT & DATASET (ECA&D), file created on: 13-11-2019
THESE DATA CAN BE USED FOR NON-COMMERCIAL RESEARCH AND EDUCATION PROVIDED THAT THE FOLLOWING SOURCE IS ACKNOWLEDGED: 

Klein Tank, A.M.G. and Coauthors, 2002. Daily dataset of 20th-century surface
air temperature and precipitation series for the European Climate Assessment.
Int. J. of Climatol., 22, 1441-1453.
Data and metadata available at http://www.ecad.eu

FILE FORMAT (MISSING VALUE CODE = -999999):

THIS FILE HOLDS DATA FOR STATION SWEDEN                                   LATNIVAARA_A                             (STAID:   5843)
LATITUDE: dd:mm:ss +67:15:36
LONGITUDE: ddd:mm:ss +020:16:12
ELEVATION: m  453

DATA IS FOR INDEX Mean of daily mean temperature (TG) with unit 0.01 Temperature (&#176;C)

01-06 SOUID: Source identifier
08-11 YEAR : YYYY
13-20 ANNUAL DATA VALUES
21-28 WINTER HALF YEAR DATA VALUES
29-36 SUMMER HALF YEAR DATA VALUES
37-44 WINTER (DJF) DATA VALUES
45-52 SPRING (MAM) DATA VALUES
53-60 SUMMER (JJA) DATA VALUES
61-68 AUTUMN (SON) DATA VALUES
69-76 JANUARY DATA VALUES
etc. 
157-164 DECEMBER DATA VALUES

5843   1995 -999999 -999999 -999999 -999999 -999999 -999999 -999999 -999999 -999999 -999999 -999999 -999999 -999999 -999999 -999999 -999999 -999999 -999999 -1602   
5843   1996 -160    -999999 603     -1326   -310    1100    -222    -938    -1445   -810    -247    130     881     1150    1263    419     27      -1120   -1292   
5843   1997 -104    -898    659     -1173   -398    1237    -190    -1069   -1157   -809    -641    248     1116    1441    1151    609     -202    -976    -1041   
5843   1998 -230    -976    557     -1223   -408    1009    -253    -1128   -1529   -1032   -458    265     822     1286    915     487     -138    -1113   -1246   
5843   1999 -129    -1058   675     -1443   -214    1043    120     -1638   -1445   -806    -95     263     1174    1194    766     740     -61     -312    -1391   
5843   2000 -25     -800    670     -1220   -176    1070    147     -1145   -1118   -778    -241    488     904     1275    1026    539     251     -353    -1188   
5843   2001 -132    -802    683     -1164   -415    1132    -999999 -824    -1515   -1237   -344    338     1135    1193    1067    688     -999999 -773    -1280   
5843   2002 -113    -934    853     -1238   -35     1304    -425    -1363   -1055   -834    64      669     1239    1349    1321    453     -551    -1173   -1528   
5843   2003 -68     -1069   743     -1429   -41     1208    -161    -1908   -788    -441    -199    511     964     1565    1087    497     -195    -783    -1174   
5843   2004 -117    -938    698     -1317   -102    1067    -216    -1467   -1309   -716    -33     445     814     1330    1048    557     -165    -1043   -916    
5843   2005 -50     -879    709     -1036   -264    1165    18      -978    -1234   -977    -55     246     999     1390    1102    550     81      -579    -1221   
5843   2006 -40     -885    788     -1213   -259    1230    -109    -1129   -1298   -1196   -99     524     1075    1272    1338    593     -312    -601    -735    
5843   2007 -50     -855    670     -1277   -59     1124    -125    -1485   -1648   -416    -139    375     1047    1249    1074    392     81      -855    -999999 
5843   2008 -60     -999999 603     -999999 -292    1028    -197    -999999 -953    -970    -231    326     957     1271    855     421     -125    -891    -909    
5843   2009 -98     -891    749     -1189   -103    1114    -101    -1132   -1560   -793    -177    659     939     1218    1181    650     -441    -500    -1321   
5843   2010 -256    -1066   676     -1487   -208    1036    -303    -1371   -1798   -1018   -125    523     830     1296    974     533     -50     -1402   -1590   
5843   2011 26      -1161   839     -1602   -59     1242    173     -1467   -1764   -758    111     474     1261    1413    1053    706     73      -257    -654    
5843   2012 -191    -660    565     -1111   -173    996     -143    -1224   -1480   -457    -359    292     809     1153    1019    448     -224    -650    -1672   
5843   2013 -59     -1020   802     -1341   -255    1187    -88     -1284   -1039   -1241   -284    759     1187    1225    1150    751     -131    -883    -977    
5843   2014 -2      -789    766     -1087   -84     1244    -108    -1740   -487    -488    -126    362     920     1677    1126    606     -100    -829    -970    
5843   2015 9       -763    700     -1070   -58     1036    76      -1456   -753    -471    -39     336     800     1109    1192    785     -4      -551    -878    
5843   2016 -59     -802    757     -1251   8       1081    -89     -1776   -1089   -524    -124    666     944     1350    944     738     -55     -951    -874    
5843   2017 -131    -778    575     -986    -324    1037    -142    -1034   -1058   -729    -392    146     966     1177    966     568     -99     -895    -1249   
5843   2018 -85     -1077   808     -1447   -159    1185    -16     -1512   -1595   -1154   -96     777     810     1664    1069    590     -172    -460    -1046   
5843   2019 -999999 -891    746     -1298   -117    1163    -999999 -1636   -1203   -845    57      443     1068    1291    1127    471     -497    -999999 -999999 
