EUROPEAN CLIMATE ASSESSMENT & DATASET (ECA&D), file created on: 13-11-2019
THESE DATA CAN BE USED FOR NON-COMMERCIAL RESEARCH AND EDUCATION PROVIDED THAT THE FOLLOWING SOURCE IS ACKNOWLEDGED: 

Klein Tank, A.M.G. and Coauthors, 2002. Daily dataset of 20th-century surface
air temperature and precipitation series for the European Climate Assessment.
Int. J. of Climatol., 22, 1441-1453.
Data and metadata available at http://www.ecad.eu

FILE FORMAT (MISSING VALUE CODE = -999999):

THIS FILE HOLDS DATA FOR STATION ITALY                                    MILANO (V.BRERA)                         (STAID:  11493)
LATITUDE: dd:mm:ss +45:28:23
LONGITUDE: ddd:mm:ss +009:11:21
ELEVATION: m  122

DATA IS FOR INDEX Mean of daily mean temperature (TG) with unit 0.01 Temperature (&#176;C)

01-06 SOUID: Source identifier
08-11 YEAR : YYYY
13-20 ANNUAL DATA VALUES
21-28 WINTER HALF YEAR DATA VALUES
29-36 SUMMER HALF YEAR DATA VALUES
37-44 WINTER (DJF) DATA VALUES
45-52 SPRING (MAM) DATA VALUES
53-60 SUMMER (JJA) DATA VALUES
61-68 AUTUMN (SON) DATA VALUES
69-76 JANUARY DATA VALUES
etc. 
157-164 DECEMBER DATA VALUES

11493  1951 1301    -999999 1919    -999999 1181    2213    1402    407     559     723     1246    1575    2110    2267    2258    2047    1297    866     215     
11493  1952 1267    580     2013    180     1329    2376    1169    100     228     759     1449    1784    2292    2531    2301    1703    1212    590     216     
11493  1953 1307    543     1932    174     1380    2149    1351    12      314     897     1381    1846    1921    2313    2206    1905    1501    643     625     
11493  1954 1241    655     1869    258     1251    2133    1342    -12     128     935     1183    1631    2132    2184    2082    1994    1271    763     390     
11493  1955 1276    666     1899    423     1221    2175    1279    415     466     666     1309    1690    2086    2313    2121    1857    1255    725     350     
11493  1956 1172    517     1867    124     1186    2147    1242    226     -218    704     1083    1769    1914    2270    2248    1898    1213    615     184     
11493  1957 1274    621     1861    277     1257    2198    1297    91      582     1026    1243    1503    2086    2277    2227    1815    1257    822     219     
11493  1958 1293    604     1939    320     1136    2232    1441    146     614     539     978     1886    2004    2339    2344    2057    1372    897     301     
11493  1959 1325    728     1942    336     1341    2273    1287    231     493     1055    1299    1668    2148    2451    2214    1853    1237    773     417     
11493  1960 1271    620     1911    268     1346    2188    1285    157     228     888     1327    1822    2200    2168    2196    1737    1281    838     372     
11493  1961 1379    723     2029    362     1448    2255    1462    53      694     1100    1571    1678    2195    2258    2311    2154    1441    790     270     
11493  1962 1246    635     1923    332     1129    2248    1325    305     430     560     1218    1612    2037    2252    2447    1957    1339    678     24      
11493  1963 1183    432     1887    -51     1213    2165    1362    -175    5       676     1289    1677    2028    2337    2124    1853    1299    935     80      
11493  1964 1277    552     1986    119     1302    2267    1301    -94     380     694     1363    1850    2244    2388    2166    1890    1272    743     357     
11493  1965 1218    607     1858    278     1231    2167    1200    207     268     767     1217    1708    2114    2277    2109    1705    1250    642     283     
11493  1966 1273    607     1940    282     1338    2178    1329    -75     676     874     1377    1763    2219    2181    2137    1953    1547    479     122     
11493  1967 1262    591     1897    154     1296    2219    1335    35      323     1011    1158    1715    1988    2440    2220    1838    1424    739     186     
11493  1968 1236    637     1848    237     1297    2091    1329    81      457     925     1364    1604    1978    2278    2013    1837    1377    772     125     
11493  1969 1177    517     1866    49      1238    2123    1329    -93     121     770     1145    1796    1911    2292    2158    1874    1365    746     -37     
11493  1970 1212    540     1880    162     1081    2215    1340    198     343     615     1105    1523    2147    2279    2217    1998    1260    765     50      
11493  1971 1231    513     1920    154     1196    2232    1265    50      383     566     1354    1673    1924    2368    2393    1786    1273    735     213     
11493  1972 1204    674     1766    354     1244    2104    1098    253     613     955     1181    1595    2000    2214    2094    1491    1132    670     233     
11493  1973 1259    586     1909    299     1169    2251    1303    244     434     791     1003    1707    2132    2260    2357    1972    1235    703     210     
11493  1974 1291    701     1904    450     1228    2250    1156    449     716     895     1190    1599    1998    2363    2382    1871    912     695     383     
11493  1975 1302    624     1941    436     1266    2201    1326    410     522     812     1316    1672    1986    2371    2238    2050    1268    664     266     
11493  1976 1250    620     1856    362     1220    2183    1221    280     553     684     1243    1734    2223    2348    1980    1594    1320    747     273     
11493  1977 1216    661     1773    301     1210    2080    1295    103     551     965     1146    1515    1982    2213    2041    1722    1451    706     154     
11493  1978 1172    610     1798    191     1158    2101    1204    282     131     894     1085    1492    1948    2200    2152    1895    1251    466     190     
11493  1979 1228    519     1866    166     1209    2192    1253    -124    459     864     1061    1699    2141    2288    2145    1846    1306    606     392     
11493  1980 1194    614     1823    322     1125    2123    1263    124     460     783     1098    1495    1913    2123    2325    1969    1229    592     191     
11493  1981 1241    582     1885    208     1296    2168    1285    123     321     1013    1296    1580    2116    2143    2242    1922    1296    638     143     
11493  1982 1301    551     1992    199     1232    2303    1378    203     256     745     1212    1737    2246    2453    2206    2084    1249    806     354     
11493  1983 1278    636     1956    293     1227    2322    1304    321     195     856     1236    1590    2114    2606    2237    1931    1384    593     187     
11493  1984 1198    549     1811    199     1061    2179    1274    148     268     699     1190    1314    2004    2367    2161    1736    1347    736     374     
11493  1985 1255    533     1966    108     1216    2267    1383    -237    184     743     1241    1666    2012    2477    2303    2079    1465    602     405     
11493  1986 -999999 -999999 -999999 -999999 1285    -999999 1378    224     -999999 729     1136    1972    2051    2298    2308    1923    1431    778     286     
11493  1987 1265    -999999 1940    175     1133    2226    1459    -31     296     546     1271    1548    2003    2408    2267    2166    1400    814     456     
11493  1988 -999999 774     1962    497     1344    2246    1373    474     564     916     1335    1795    1975    2424    2349    1917    1578    549     316     
11493  1989 1338    -999999 1909    497     1372    2204    1253    349     843     1135    1182    1823    2043    2295    2270    1827    1266    665     275     
11493  1990 1489    855     2100    591     1583    2410    1374    486     1023    1367    1315    2058    2237    2516    2471    1976    1458    684     236     
11493  1991 1499    740     2203    325     1420    2638    1533    378     364     1283    1329    1645    2283    2837    2783    2320    1416    868     397     
11493  1992 1445    799     2080    457     1505    2343    1428    336     650     1116    1406    1990    1964    2424    2630    2041    1274    976     502     
11493  1993 1432    826     2044    557     1445    2365    1319    517     662     1015    1387    1931    2319    2285    2490    1832    1344    780     567     
11493  1994 1512    874     2111    574     1530    2511    1411    628     523     1363    1352    1869    2234    2679    2611    1894    1356    985     565     
11493  1995 1392    825     1964    567     1335    2300    1386    414     738     889     1371    1746    1979    2607    2304    1753    1545    855     451     
11493  1996 1347    744     1952    416     1337    2267    1339    378     418     801     1425    1787    2281    2285    2235    1683    1405    928     512     
11493  1997 1471    903     2030    579     1507    2272    1507    461     783     1317    1331    1868    2052    2360    2398    2155    1481    885     514     
11493  1998 1445    883     2063    621     1393    2430    1370    460     918     1043    1259    1871    2260    2499    2524    1940    1429    740     361     
11493  1999 1437    778     2082    484     1453    2351    1439    505     596     1019    1408    1929    2187    2487    2375    2089    1446    780     362     
11493  2000 1435    789     2039    479     1448    2306    1423    360     731     1052    1334    1955    2286    2236    2394    2012    1426    832     577     
11493  2001 1395    827     1994    549     1394    2361    1360    379     706     1029    1246    1903    2175    2391    2512    1708    1626    737     273     
11493  2002 1417    805     1958    411     1412    2298    1417    313     673     1195    1299    1738    2349    2316    2231    1803    1425    1024    590     
11493  2003 1528    832     2269    466     1508    2729    1389    391     413     1118    1315    2085    2695    2633    2857    2003    1246    922     575     
11493  2004 1445    759     2063    497     1310    2415    1534    356     563     881     1361    1689    2301    2457    2482    2076    1557    968     626     
11493  2005 1404    837     2078    493     1414    2392    1407    405     442     988     1278    1972    2399    2519    2257    2023    1419    779     302     
11493  2006 1491    692     2143    347     1401    2448    1638    275     475     881     1447    1875    2381    2739    2223    2181    1659    1074    623     
11493  2007 1529    1004    2148    701     1655    2396    1389    678     813     1162    1821    1987    2258    2600    2325    1882    1422    861     495     
11493  2008 1525    889     2111    634     1474    2458    1533    624     794     1133    1369    1917    2294    2526    2547    1988    1633    974     468     
11493  2009 1564    863     2275    468     1630    2558    1596    298     658     1132    1546    2208    2346    2615    2704    2207    1559    1024    408     
11493  2010 1408    797     2070    403     1412    2421    1404    277     537     959     1482    1797    2327    2681    2251    1866    1371    975     318     
11493  2011 1607    819     2298    481     1689    2473    1652    393     758     1096    1842    2135    2282    2409    2721    2386    1597    975     644     
11493  2012 1589    941     2239    522     1591    2670    1625    508     407     1482    1389    1897    2514    2690    2802    2119    1580    1175    456     
11493  2013 1492    844     2127    486     1315    2498    1582    526     475     827     1434    1689    2258    2680    2549    2132    1570    1043    656     
11493  2014 1591    1012    2105    715     1593    2335    1688    675     823     1288    1580    1910    2357    2332    2317    2123    1730    1210    702     
11493  2015 1624    1032    2270    680     1594    2652    1550    665     671     1184    1584    2015    2458    2920    2573    2049    1492    1111    695     
11493  2016 1577    970     2241    698     1513    2532    1589    584     822     1111    1615    1816    2294    2678    2616    2415    1412    945     591     
11493  2017 1569    903     2230    556     1639    2630    1512    362     732     1358    1583    1974    2525    2643    2718    1913    1657    961     345     
11493  2018 1515    795     2224    451     1429    2506    1645    591     415     770     1582    2001    2383    2580    2557    2216    1652    1068    455     
