EUROPEAN CLIMATE ASSESSMENT & DATASET (ECA&D), file created on: 13-11-2019
THESE DATA CAN BE USED FOR NON-COMMERCIAL RESEARCH AND EDUCATION PROVIDED THAT THE FOLLOWING SOURCE IS ACKNOWLEDGED: 

Klein Tank, A.M.G. and Coauthors, 2002. Daily dataset of 20th-century surface
air temperature and precipitation series for the European Climate Assessment.
Int. J. of Climatol., 22, 1441-1453.
Data and metadata available at http://www.ecad.eu

FILE FORMAT (MISSING VALUE CODE = -999999):

THIS FILE HOLDS DATA FOR STATION ITALY                                    BRESCIA (V.BROLETTO)                     (STAID:  11533)
LATITUDE: dd:mm:ss +45:32:29
LONGITUDE: ddd:mm:ss +010:13:22
ELEVATION: m  149

DATA IS FOR INDEX Mean of daily mean temperature (TG) with unit 0.01 Temperature (&#176;C)

01-06 SOUID: Source identifier
08-11 YEAR : YYYY
13-20 ANNUAL DATA VALUES
21-28 WINTER HALF YEAR DATA VALUES
29-36 SUMMER HALF YEAR DATA VALUES
37-44 WINTER (DJF) DATA VALUES
45-52 SPRING (MAM) DATA VALUES
53-60 SUMMER (JJA) DATA VALUES
61-68 AUTUMN (SON) DATA VALUES
69-76 JANUARY DATA VALUES
etc. 
157-164 DECEMBER DATA VALUES

11533  1989 -999999 -999999 -999999 -999999 -999999 -999999 -999999 298     -999999 1314    1393    -999999 -999999 2493    2401    -999999 1425    837     519     
11533  1990 -999999 900     -999999 606     1609    -999999 -999999 395     934     1313    1371    2086    -999999 -999999 2476    2070    1602    906     540     
11533  1991 -999999 -999999 -999999 -999999 -999999 -999999 -999999 -999999 534     1542    -999999 -999999 -999999 -999999 -999999 -999999 -999999 -999999 -999999 
11533  1992 -999999 -999999 -999999 -999999 -999999 -999999 -999999 -999999 -999999 -999999 -999999 -999999 -999999 -999999 -999999 2080    -999999 952     416     
11533  1993 -999999 -999999 -999999 -999999 -999999 2366    -999999 -999999 -999999 -999999 -999999 -999999 2282    2357    2476    -999999 1108    671     327     
11533  1994 -999999 -999999 -999999 502     -999999 -999999 -999999 686     487     -999999 1543    2164    -999999 -999999 -999999 -999999 -999999 -999999 -999999 
11533  1995 1428    -999999 2052    -999999 1384    2407    1469    253     615     919     1416    1818    2084    2732    2363    1879    1616    908     544     
11533  1996 1489    837     2059    504     1539    2274    1555    489     474     931     1602    2047    2473    2078    2279    1895    1620    1148    632     
11533  1997 1195    916     -999999 570     1179    1972    1216    647     424     949     1011    1593    1813    2037    2061    1842    1175    633     263     
11533  1998 1229    603     1837    351     1074    2212    1271    175     643     734     963     1521    1947    2199    2481    1888    1322    601     240     
11533  1999 1278    625     1871    334     1212    2123    1360    356     415     793     1138    1704    2017    2243    2105    2007    1342    732     420     
11533  2000 1390    733     1983    443     1409    2254    1389    281     639     977     1346    1903    2236    2220    2305    1873    1407    885     583     
11533  2001 1330    834     1907    557     1359    2256    1290    426     671     1019    1210    1845    2114    2281    2368    1599    1543    720     107     
11533  2002 1461    736     2064    293     1547    2376    1468    128     680     1231    1466    1940    2470    2402    2255    1844    1472    1087    537     
11533  2003 1314    750     2042    347     1275    2521    1170    267     224     876     1077    1865    2492    2330    2735    1738    1028    748     339     
11533  2004 1328    534     1950    257     1078    2363    1495    144     290     646     1134    1457    2220    2423    2442    2011    1581    891     661     
11533  2005 1598    875     2213    543     1548    2498    1728    395     577     1116    1447    2076    2520    2619    2355    2247    1711    1225    823     
11533  2006 1420    828     2079    408     1322    2385    1582    62      331     783     1369    1815    2361    2663    2130    2121    1620    1004    713     
11533  2007 1405    977     1998    716     1546    2214    1258    693     746     1065    1700    1878    2100    2389    2149    1758    1293    722     328     
11533  2008 1305    704     1869    432     1268    2191    1312    435     540     894     1203    1705    2013    2289    2264    1718    1409    804     349     
11533  2009 1534    695     2210    336     1400    2511    1771    192     482     916     1347    1934    2120    2606    2795    2434    1729    1152    621     
11533  2010 1325    932     1960    585     1311    2324    1245    525     611     930     1315    1687    2232    2528    2210    1772    1142    823     83      
11533  2011 1425    591     2169    227     1489    2400    1447    141     483     872     1567    2031    2243    2386    2567    2205    1373    764     416     
11533  2012 1458    720     2176    298     1485    2616    1492    241     233     1263    1325    1862    2481    2605    2757    2004    1475    997     203     
11533  2013 1416    697     2091    302     1287    2462    1513    357     351     777     1415    1674    2271    2643    2466    2060    1564    914     422     
11533  2014 1531    912     2061    601     1521    2304    1616    601     799     1160    1572    1832    2330    2315    2270    2039    1643    1166    603     
11533  2015 1541    913     2273    526     1517    2674    1473    458     518     1060    1490    2001    2438    2963    2612    2106    1448    866     457     
11533  2016 1490    835     2162    543     1474    2470    1493    388     799     1050    1593    1783    2284    2692    2427    2182    1363    938     370     
11533  2017 -999999 795     2244    370     1612    2668    1390    90      718     1279    1547    2009    2609    2655    2738    1883    1466    817     -999999 
