EUROPEAN CLIMATE ASSESSMENT & DATASET (ECA&D), file created on: 13-11-2019
THESE DATA CAN BE USED FOR NON-COMMERCIAL RESEARCH AND EDUCATION PROVIDED THAT THE FOLLOWING SOURCE IS ACKNOWLEDGED: 

Klein Tank, A.M.G. and Coauthors, 2002. Daily dataset of 20th-century surface
air temperature and precipitation series for the European Climate Assessment.
Int. J. of Climatol., 22, 1441-1453.
Data and metadata available at http://www.ecad.eu

FILE FORMAT (MISSING VALUE CODE = -999999):

THIS FILE HOLDS DATA FOR STATION GERMANY                                  LEIPZIG-SCHKEUDITZ                       (STAID:    482)
LATITUDE: dd:mm:ss +51:26:09
LONGITUDE: ddd:mm:ss +012:14:29
ELEVATION: m  131

DATA IS FOR INDEX Mean of daily mean temperature (TG) with unit 0.01 Temperature (&#176;C)

01-06 SOUID: Source identifier
08-11 YEAR : YYYY
13-20 ANNUAL DATA VALUES
21-28 WINTER HALF YEAR DATA VALUES
29-36 SUMMER HALF YEAR DATA VALUES
37-44 WINTER (DJF) DATA VALUES
45-52 SPRING (MAM) DATA VALUES
53-60 SUMMER (JJA) DATA VALUES
61-68 AUTUMN (SON) DATA VALUES
69-76 JANUARY DATA VALUES
etc. 
157-164 DECEMBER DATA VALUES

482    1934 1041    -999999 1606    -999999 1012    1816    1052    100     175     515     1126    1400    1766    1914    1768    1651    1041    464     510     
482    1935 907     412     1472    229     720     1813    1000    -52     228     264     819     1081    1818    1872    1751    1483    930     589     72      
482    1936 905     429     1436    165     842     1750    819     375     42      548     679     1293    1726    1808    1715    1378    686     399     176     
482    1937 922     281     1546    75      955     1761    942     -170    233     358     902     1602    1740    1776    1767    1472    990     361     -14     
482    1938 920     407     1411    94      812     1780    1044    199     98      774     501     1151    1656    1770    1910    1460    921     757     -213    
482    1939 885     370     1465    104     730     1788    887     309     228     217     913     1065    1697    1808    1856    1439    661     570     -170    
482    1940 684     -50     1408    -621    826     1662    876     -1085   -607    313     892     1276    1791    1686    1513    1285    764     583     -233    
482    1941 758     152     1343    -262    644     1724    774     -557    32      323     608     999     1686    1912    1572    1266    837     218     158     
482    1942 785     0       1471    -385    732     1687    1058    -778    -550    72      795     1329    1475    1688    1892    1627    1155    387     235     
482    1943 951     451     1526    172     991     1781    931     -25     321     618     1004    1351    1517    1869    1949    1450    1053    286     -26     
482    1944 894     288     1502    83      762     1824    921     363     -102    131     918     1242    1518    1880    2065    1370    929     464     -86     
482    1945 -999999 345     -999999 -16     -999999 -999999 -999999 -356    439     690     -999999 -999999 -999999 -999999 -999999 -999999 -999999 396     158     
482    1946 885     -999999 1553    76      997     1742    857     -170    256     390     1073    1531    1562    1958    1701    1475    692     410     -289    
482    1947 897     -45     1717    -561    961     1946    1067    -543    -882    273     1038    1575    1915    1975    1948    1838    808     563     146     
482    1948 -999999 401     -999999 173     -999999 1728    962     359     2       508     -999999 -999999 1713    1721    1748    1484    923     480     165     
482    1949 987     370     1539    187     898     1704    1072    175     224     241     1101    1358    1434    1838    1831    1659    1134    422     381     
482    1950 -999999 440     -999999 202     -999999 -999999 -999999 -110    350     451     743     -999999 -999999 -999999 -999999 -999999 -999999 -999999 -999999 
482    1951 -999999 -999999 -999999 -999999 -999999 -999999 -999999 -999999 -999999 -999999 -999999 -999999 -999999 -999999 -999999 -999999 -999999 -999999 -999999 
482    1952 -999999 -999999 -999999 -999999 -999999 -999999 -999999 -999999 -999999 -999999 -999999 -999999 -999999 -999999 -999999 -999999 -999999 -999999 -999999 
482    1953 -999999 -999999 -999999 -999999 -999999 -999999 -999999 -999999 -999999 -999999 -999999 -999999 -999999 -999999 -999999 -999999 -999999 -999999 -999999 
482    1954 -999999 -999999 -999999 -999999 -999999 -999999 -999999 -999999 -999999 -999999 -999999 -999999 -999999 -999999 -999999 -999999 -999999 -999999 -999999 
482    1955 -999999 -999999 -999999 -999999 -999999 -999999 -999999 -999999 -999999 -999999 -999999 -999999 -999999 -999999 -999999 -999999 -999999 -999999 -999999 
482    1956 -999999 -999999 -999999 -999999 -999999 -999999 -999999 -999999 -999999 -999999 -999999 -999999 -999999 -999999 -999999 -999999 -999999 -999999 -999999 
482    1957 -999999 -999999 -999999 -999999 -999999 -999999 -999999 -999999 -999999 -999999 -999999 -999999 -999999 -999999 -999999 -999999 -999999 -999999 -999999 
482    1958 -999999 -999999 -999999 -999999 -999999 -999999 -999999 -999999 -999999 -999999 -999999 -999999 -999999 -999999 -999999 -999999 -999999 -999999 -999999 
482    1959 -999999 -999999 -999999 -999999 -999999 -999999 -999999 -999999 -999999 -999999 -999999 -999999 -999999 -999999 -999999 -999999 -999999 -999999 -999999 
482    1960 -999999 -999999 -999999 -999999 -999999 -999999 -999999 -999999 -999999 -999999 -999999 -999999 -999999 -999999 -999999 -999999 -999999 -999999 -999999 
482    1961 -999999 -999999 -999999 -999999 -999999 -999999 -999999 -999999 -999999 -999999 -999999 -999999 -999999 -999999 -999999 -999999 -999999 -999999 -999999 
482    1962 -999999 -999999 -999999 -999999 -999999 -999999 -999999 -999999 -999999 -999999 -999999 -999999 -999999 -999999 -999999 -999999 -999999 -999999 -999999 
482    1963 -999999 -999999 -999999 -999999 -999999 -999999 -999999 -999999 -999999 -999999 -999999 -999999 -999999 -999999 -999999 -999999 -999999 -999999 -999999 
482    1964 -999999 -999999 -999999 -999999 -999999 -999999 -999999 -999999 -999999 -999999 -999999 -999999 -999999 -999999 -999999 -999999 -999999 -999999 -999999 
482    1965 -999999 -999999 -999999 -999999 -999999 -999999 -999999 -999999 -999999 -999999 -999999 -999999 -999999 -999999 -999999 -999999 -999999 -999999 -999999 
482    1966 -999999 -999999 -999999 -999999 -999999 -999999 -999999 -999999 -999999 -999999 -999999 -999999 -999999 -999999 -999999 -999999 -999999 -999999 -999999 
482    1967 -999999 -999999 -999999 -999999 -999999 -999999 -999999 -999999 -999999 -999999 -999999 -999999 -999999 -999999 -999999 -999999 -999999 -999999 -999999 
482    1968 -999999 -999999 -999999 -999999 -999999 -999999 -999999 -999999 -999999 -999999 -999999 -999999 -999999 -999999 -999999 -999999 -999999 -999999 -999999 
482    1969 -999999 -999999 -999999 -999999 -999999 -999999 -999999 -999999 -999999 -999999 -999999 -999999 -999999 -999999 -999999 -999999 -999999 -999999 -999999 
482    1970 -999999 -999999 -999999 -999999 -999999 -999999 -999999 -999999 -999999 -999999 -999999 -999999 -999999 -999999 -999999 -999999 -999999 -999999 -999999 
482    1971 -999999 -999999 -999999 -999999 -999999 -999999 -999999 -999999 -999999 -999999 -999999 -999999 -999999 -999999 -999999 -999999 -999999 -999999 -999999 
482    1972 -999999 -999999 -999999 -999999 -999999 1688    761     -999999 -999999 -999999 -999999 1221    1553    1871    1636    1144    662     481     86      
482    1973 879     313     1448    81      780     1778    871     0       164     476     572     1285    1653    1819    1858    1481    754     381     57      
482    1974 939     417     1370    258     835     1618    868     371     356     574     790     1141    1435    1614    1799    1427    630     554     536     
482    1975 951     457     1515    387     778     1820    925     500     98      391     706     1236    1507    1935    2007    1675    797     309     177     
482    1976 888     261     1497    116     719     1846    932     136     30      105     726     1326    1767    2045    1723    1377    933     485     -20     
482    1977 913     407     1335    120     818     1651    969     69      333     640     616     1190    1612    1691    1651    1235    1091    578     206     
482    1978 834     415     1329    75      819     1608    885     123     -122    570     693     1191    1565    1631    1626    1249    968     435     9       
482    1979 829     185     1422    -238    814     1687    887     -419    -310    388     726     1324    1782    1577    1705    1409    839     413     433     
482    1980 806     324     1351    118     690     1640    877     -328    257     328     642     1099    1592    1578    1747    1437    880     314     121     
482    1981 878     331     1460    5       976     1695    958     -120    15      747     772     1403    1633    1733    1715    1484    896     496     -296    
482    1982 982     239     1566    -167    851     1871    1157    -189    -1      512     717     1321    1731    1966    1910    1734    1063    677     275     
482    1983 967     474     1549    186     910     1871    958     454     -207    523     947     1261    1662    2068    1876    1462    1003    407     57      
482    1984 857     316     1354    80      718     1626    972     168     9       232     729     1194    1440    1616    1816    1312    1104    497     125     
482    1985 814     203     1458    -243    863     1680    827     -526    -336    314     843     1431    1432    1832    1767    1423    938     117     435     
482    1986 850     190     1438    -89     848     1731    959     39      -810    321     691     1527    1630    1815    1744    1195    1023    657     228     
482    1987 770     168     1405    -208    649     1633    986     -738    -103    -70     971     1058    1494    1785    1616    1498    947     514     226     
482    1988 978     440     1519    290     882     1768    935     392     249     298     853     1494    1574    1860    1863    1449    1000    353     314     
482    1989 1039    518     1540    320     1015    1791    1021    287     365     770     812     1455    1660    1859    1851    1588    1174    295     292     
482    1990 1040    588     1490    422     1012    1791    980     327     670     769     791     1468    1643    1756    1969    1289    1107    539     113     
482    1991 912     414     1461    36      819     1789    989     200     -230    694     741     1019    1452    2035    1869    1632    899     440     106     
482    1992 1016    414     1630    196     987     1976    885     125     368     541     906     1512    1864    1987    2072    1419    692     550     129     
482    1993 891     336     1484    117     1040    1646    674     262     -56     409     1116    1598    1626    1656    1655    1235    832     -52     331     
482    1994 1042    360     1587    223     978     1950    969     356     -45     684     913     1336    1698    2281    1863    1410    805     699     417     
482    1995 950     472     1520    314     841     1863    976     36      506     379     877     1268    1495    2129    1954    1369    1249    301     -194    
482    1996 739     129     1386    -290    712     1698    883     -419    -253    72      915     1157    1624    1646    1820    1136    995     515     -361    
482    1997 945     323     1522    -69     885     1860    893     -271    477     602     681     1365    1662    1817    2094    1489    813     380     204     
482    1998 991     459     1548    338     1027    1774    840     306     521     533     1029    1519    1759    1776    1786    1406    919     193     111     
482    1999 1032    379     1613    181     995     1816    1059    334     89      596     974     1415    1601    2009    1831    1835    965     381     285     
482    2000 1061    460     1582    281     1082    1786    1077    125     444     558     1110    1578    1810    1639    1908    1432    1158    637     317     
482    2001 951     474     1493    212     889     1797    1007    107     212     395     801     1470    1473    1949    1958    1278    1281    452     -31     
482    2002 984     489     1557    210     932     1889    923     145     548     542     779     1470    1755    1879    2028    1409    862     501     -133    
482    2003 979     255     1668    -120    966     2040    907     -26     -210    502     868     1525    1985    2013    2119    1475    628     626     167     
482    2004 939     353     1484    132     875     1756    991     -52     292     461     965     1203    1566    1749    1947    1460    1056    455     146     
482    2005 953     367     1525    108     888     1745    1065    257     -98     342     982     1343    1657    1905    1670    1583    1149    460     113     
482    2006 1016    256     1634    -93     812     1917    1273    -315    -75     179     885     1373    1743    2343    1659    1788    1256    774     508     
482    2007 1054    696     1585    488     1104    1838    872     527     423     666     1126    1519    1860    1866    1789    1336    874     407     206     
482    2008 1034    477     1559    360     954     1884    951     444     436     493     835     1530    1814    1944    1893    1315    986     550     144     
482    2009 982     344     1619    -7      1071    1817    1068    -253    96      523     1260    1436    1518    1923    2001    1559    841     810     24      
482    2010 828     272     1506    -177    832     1896    889     -483    -60     483     918     1098    1731    2183    1768    1317    836     516     -415    
482    2011 1031    275     1620    -82     1071    1800    1015    154     25      519     1225    1474    1800    1729    1871    1613    1015    418     458     
482    2012 987     434     1574    131     1069    1820    1014    207     -299    755     919     1528    1628    1878    1947    1526    945     573     179     
482    2013 932     261     1537    51      693     1878    1004    10      -44     -118    896     1308    1667    2048    1912    1373    1125    508     431     
482    2014 1096    579     1587    356     1076    1817    1171    143     510     746     1178    1309    1667    2061    1718    1577    1267    664     282     
482    2015 1077    537     1586    236     929     1959    1016    290     127     558     886     1342    1667    2059    2143    1391    850     813     722     
482    2016 1039    550     1664    391     935     1933    1052    79      370     461     873     1470    1872    2022    1903    1833    913     416     239     
482    2017 1037    409     1569    107     1034    1896    1057    -193    291     778     805     1511    1853    1924    1909    1391    1202    573     337     
482    2018 1127    435     1814    206     1068    2070    1104    409     -164    196     1326    1689    1896    2154    2155    1646    1126    538     451     
482    2019 -999999 569     1667    331     974     2093    -999999 98      456     730     996     1197    2189    2005    2088    1519    1150    -999999 -999999 
