EUROPEAN CLIMATE ASSESSMENT & DATASET (ECA&D), file created on: 13-11-2019
THESE DATA CAN BE USED FOR NON-COMMERCIAL RESEARCH AND EDUCATION PROVIDED THAT THE FOLLOWING SOURCE IS ACKNOWLEDGED: 

Klein Tank, A.M.G. and Coauthors, 2002. Daily dataset of 20th-century surface
air temperature and precipitation series for the European Climate Assessment.
Int. J. of Climatol., 22, 1441-1453.
Data and metadata available at http://www.ecad.eu

FILE FORMAT (MISSING VALUE CODE = -999999):

THIS FILE HOLDS DATA FOR STATION NETHERLANDS                              DE BILT                                  (STAID:    162)
LATITUDE: dd:mm:ss +52:05:56
LONGITUDE: ddd:mm:ss +005:10:46
ELEVATION: m    2

DATA IS FOR INDEX Mean of daily mean temperature (TG) with unit 0.01 Temperature (&#176;C)

01-06 SOUID: Source identifier
08-11 YEAR : YYYY
13-20 ANNUAL DATA VALUES
21-28 WINTER HALF YEAR DATA VALUES
29-36 SUMMER HALF YEAR DATA VALUES
37-44 WINTER (DJF) DATA VALUES
45-52 SPRING (MAM) DATA VALUES
53-60 SUMMER (JJA) DATA VALUES
61-68 AUTUMN (SON) DATA VALUES
69-76 JANUARY DATA VALUES
etc. 
157-164 DECEMBER DATA VALUES

162    1901 878     -999999 1402    -999999 817     1624    990     -26     -86     351     903     1199    1435    1807    1623    1431    1013    525     298     
162    1902 825     474     1263    253     765     1505    837     465     -31     526     847     924     1534    1524    1458    1287    854     370     78      
162    1903 917     481     1276    308     847     1475    1020    301     570     718     556     1257    1398    1525    1500    1403    1090    564     92      
162    1904 893     418     1350    156     838     1575    893     84      300     375     958     1185    1408    1746    1565    1222    911     545     402     
162    1905 871     494     1345    297     812     1651    765     132     364     597     663     1172    1642    1743    1567    1269    651     379     243     
162    1906 914     381     1335    283     794     1569    1072    363     240     398     755     1227    1403    1655    1645    1307    1142    765     23      
162    1907 860     447     1259    91      820     1407    1009    172     77      476     753     1229    1345    1378    1496    1345    1105    575     313     
162    1908 843     435     1329    186     756     1571    920     -113    370     359     612     1292    1587    1629    1499    1339    968     452     114     
162    1909 832     335     1271    92      752     1452    947     91      68      294     849     1115    1304    1463    1585    1298    1083    455     321     
162    1910 940     528     1337    363     848     1557    898     360     411     522     782     1239    1593    1502    1577    1320    1017    354     557     
162    1911 974     491     1437    346     868     1705    978     123     361     519     710     1370    1440    1797    1870    1407    946     581     506     
162    1912 918     568     1293    372     925     1553    803     204     407     752     866     1155    1480    1782    1396    1067    793     550     536     
162    1913 955     532     1307    375     939     1455    1081    236     351     708     860     1248    1401    1461    1501    1362    1071    811     417     
162    1914 958     579     1384    324     913     1606    948     6       573     604     1000    1139    1397    1728    1686    1342    995     505     492     
162    1915 875     511     1308    379     794     1528    778     325     315     414     749     1217    1525    1530    1530    1285    759     292     516     
162    1916 915     485     1301    469     867     1443    960     602     278     444     873     1284    1212    1507    1604    1310    1001    569     265     
162    1917 822     308     1387    23      697     1660    980     -61     -151    191     459     1434    1767    1630    1585    1429    806     710     7       
162    1918 924     447     1327    232     882     1491    884     290     416     458     823     1363    1326    1581    1559    1291    927     434     572     
162    1919 806     436     1289    275     800     1450    759     199     30      417     631     1346    1413    1375    1561    1396    695     187     365     
162    1920 921     493     1335    442     974     1504    809     424     543     737     921     1264    1534    1585    1395    1304    795     329     211     
162    1921 979     494     1403    385     953     1616    913     627     310     669     873     1314    1445    1754    1645    1369    1230    129     319     
162    1922 822     390     1267    178     780     1478    791     44      170     420     604     1309    1481    1491    1463    1241    642     495     456     
162    1923 869     496     1272    391     820     1515    879     403     307     657     779     1022    1156    1829    1547    1281    1051    298     50      
162    1924 845     302     1303    36      767     1491    969     13      45      339     659     1300    1459    1596    1416    1371    1044    490     379     
162    1925 902     525     1367    414     840     1619    807     386     483     360     806     1354    1479    1779    1594    1167    970     278     135     
162    1926 952     471     1374    324     876     1569    974     226     641     587     994     1053    1364    1724    1613    1487    785     656     293     
162    1927 882     514     1315    325     853     1537    939     390     288     657     776     1123    1302    1663    1639    1373    1029    411     -116    
162    1928 918     436     1295    239     780     1540    989     364     486     447     825     1068    1372    1670    1573    1247    972     747     238     
162    1929 821     285     1326    -132    718     1537    1053    -125    -548    361     543     1243    1356    1667    1582    1549    1006    604     505     
162    1930 955     546     1390    388     841     1638    1034    475     164     487     881     1156    1718    1580    1619    1377    1013    712     231     
162    1931 865     434     1310    208     765     1550    890     260     125     239     725     1331    1491    1617    1540    1140    874     656     331     
162    1932 924     461     1394    305     748     1662    968     413     161     316     727     1200    1458    1695    1825    1439    923     543     351     
162    1933 886     470     1407    215     905     1652    943     15      286     684     837     1192    1510    1755    1686    1450    974     406     -205    
162    1934 1003    371     1435    114     897     1616    1063    229     339     484     1020    1190    1546    1716    1583    1546    1100    542     699     
162    1935 951     599     1374    481     786     1661    1013    300     441     496     778     1084    1603    1714    1665    1386    955     699     265     
162    1936 935     549     1355    324     853     1615    919     476     223     662     616     1273    1601    1604    1641    1377    869     514     331     
162    1937 936     467     1405    356     867     1614    949     266     485     339     873     1389    1527    1624    1686    1317    1069    457     171     
162    1938 950     541     1342    305     855     1603    1071    405     342     779     686     1094    1500    1576    1728    1454    928     836     33      
162    1939 944     507     1417    271     848     1646    975     435     352     452     914     1181    1583    1651    1701    1461    757     714     103     
162    1940 798     238     1352    -193    904     1547    932     -551    -128    523     891     1297    1609    1546    1487    1271    868     658     83      
162    1941 856     334     1336    -7      702     1656    926     -246    160     476     674     955     1631    1858    1479    1410    950     419     464     
162    1942 818     203     1379    -149    793     1571    1053    -513    -425    267     920     1197    1408    1567    1732    1438    1155    564     422     
162    1943 951     586     1399    379     998     1573    937     274     447     641     1036    1319    1412    1667    1635    1311    1026    472     138     
162    1944 931     455     1376    286     811     1626    955     522     191     364     939     1135    1379    1642    1850    1295    947     624     251     
162    1945 983     500     1443    224     1028    1628    1012    -148    608     736     1013    1334    1552    1727    1602    1417    1125    489     320     
162    1946 896     476     1385    267     899     1534    989     33      466     421     1016    1265    1366    1690    1542    1417    913     640     -33     
162    1947 928     200     1567    -234    894     1805    1074    -143    -556    322     890     1471    1695    1821    1895    1617    915     694     414     
162    1948 973     589     1396    415     973     1572    950     515     310     673     994     1252    1490    1622    1602    1409    958     483     344     
162    1949 986     493     1429    366     849     1591    1094    373     384     405     1028    1120    1413    1694    1659    1652    1107    524     440     
162    1950 923     565     1396    362     894     1672    940     111     555     654     765     1258    1674    1680    1663    1321    912     589     -120    
162    1951 962     428     1365    218     769     1584    1075    404     387     400     712     1194    1498    1649    1603    1521    867     844     431     
162    1952 886     521     1396    307     947     1621    756     247     239     490     1032    1321    1480    1708    1669    1147    822     297     145     
162    1953 971     355     1397    168     873     1622    1074    127     237     485     846     1287    1553    1681    1630    1369    1134    717     538     
162    1954 904     501     1302    181     851     1498    1071    17      -34     586     671     1291    1500    1428    1566    1342    1194    673     545     
162    1955 881     445     1376    197     676     1661    1002    14      14      193     842     997     1427    1756    1792    1428    925     655     465     
162    1956 815     366     1267    18      780     1445    985     218     -672    545     570     1219    1282    1645    1402    1470    976     508     536     
162    1957 991     626     1355    471     907     1649    1006    366     514     838     851     1030    1629    1759    1560    1290    1083    644     295     
162    1958 936     473     1386    291     699     1621    1063    210     377     227     642     1225    1470    1665    1722    1576    1106    505     469     
162    1959 1015    510     1520    240     1012    1743    1062    166     68      702     989     1344    1599    1846    1778    1552    1127    506     436     
162    1960 969     540     1387    343     924     1579    1065    279     313     564     905     1303    1623    1542    1575    1363    1078    755     310     
162    1961 985     612     1419    371     954     1565    1089    199     628     710     1050    1105    1540    1557    1598    1662    1137    466     163     
162    1962 813     434     1246    263     664     1457    935     346     280     197     802     998     1373    1468    1527    1302    1079    420     -67     
162    1963 787     182     1350    -302    819     1569    1058    -519    -321    460     903     1095    1564    1625    1519    1384    966     827     -113    
162    1964 906     391     1423    93      856     1606    944     63      346     266     874     1429    1535    1683    1598    1407    794     635     237     
162    1965 867     434     1289    243     796     1496    849     275     213     433     769     1185    1470    1489    1529    1280    995     268     446     
162    1966 940     451     1382    300     883     1593    972     36      432     522     838     1289    1666    1541    1573    1377    1102    433     442     
162    1967 992     582     1392    420     895     1640    1035    310     516     677     739     1265    1440    1823    1650    1415    1177    507     338     
162    1968 916     503     1394    233     881     1629    1036    205     150     616     929     1099    1538    1631    1715    1444    1169    491     -20     
162    1969 926     388     1445    141     766     1703    1132    437     -9      224     788     1286    1518    1815    1770    1476    1274    641     -170    
162    1970 914     371     1400    -4      741     1675    1085    60      110     297     612     1309    1758    1572    1696    1437    1068    751     251     
162    1971 952     493     1392    284     818     1611    982     229     381     274     806     1374    1390    1724    1713    1327    1045    573     544     
162    1972 886     535     1294    318     858     1539    894     53      361     622     772     1178    1341    1723    1546    1186    899     596     327     
162    1973 931     491     1396    301     780     1691    956     285     289     530     607     1196    1599    1705    1767    1487    874     510     274     
162    1974 971     534     1335    417     879     1553    870     519     461     560     913     1165    1477    1539    1640    1268    696     651     725     
162    1975 985     582     1444    559     774     1761    963     620     309     468     745     1109    1506    1781    1987    1520    848     524     353     
162    1976 999     457     1500    354     792     1844    1060    415     289     300     745     1328    1798    1934    1798    1376    1116    687     170     
162    1977 987     579     1331    314     858     1590    1060    296     494     707     667     1192    1458    1699    1611    1341    1153    684     500     
162    1978 906     574     1311    308     856     1525    1032    298     106     659     690     1214    1501    1539    1535    1374    1088    631     175     
162    1979 855     330     1327    -79     798     1547    1014    -323    -91     468     778     1146    1492    1592    1555    1390    1087    561     541     
162    1980 925     527     1390    344     832     1593    987     16      483     470     797     1229    1499    1580    1698    1527    943     493     356     
162    1981 926     511     1397    265     992     1581    996     274     154     814     831     1326    1435    1632    1671    1469    852     673     -70     
162    1982 1008    393     1483    99      857     1759    1161    108     275     520     762     1285    1662    1892    1721    1560    1109    815     339     
162    1983 1015    598     1469    357     829     1822    1025    617     89      574     852     1062    1636    2012    1813    1421    1038    614     377     
162    1984 947     497     1331    308     746     1595    1114    344     198     396     785     1056    1376    1589    1812    1352    1169    817     433     
162    1985 859     417     1389    25      863     1570    912     -305    -60     415     855     1319    1374    1741    1590    1440    1028    265     574     
162    1986 906     373     1341    168     791     1641    1032    239     -361    420     617     1330    1642    1721    1559    1156    1144    791     511     
162    1987 888     437     1376    148     771     1563    1080    -273    211     230     1073    1018    1376    1684    1622    1478    1081    682     438     
162    1988 1037    627     1411    494     938     1583    1036    586     456     507     869     1437    1481    1601    1664    1397    1094    615     702     
162    1989 1079    706     1473    562     997     1704    1117    448     534     824     692     1464    1574    1812    1723    1556    1235    557     483     
162    1990 1090    743     1443    599     1045    1683    1045    569     762     846     889     1393    1501    1694    1850    1309    1202    620     417     
162    1991 957     570     1391    230     910     1661    1018    319     -76     876     853     1001    1272    1901    1799    1502    1021    531     394     
162    1992 1055    567     1541    384     1041    1778    1019    272     494     686     871     1561    1723    1826    1782    1464    800     800     369     
162    1993 966     553     1431    378     1040    1574    809     506     244     579     1115    1430    1586    1613    1523    1309    897     218     509     
162    1994 1064    511     1472    400     930     1802    1103    518     148     732     817     1236    1504    2135    1757    1361    935     1018    530     
162    1995 1047    679     1517    522     917     1822    1125    383     668     550     920     1282    1475    2012    1969    1422    1268    681     -88     
162    1996 858     373     1366    -16     776     1642    972     -9      56      321     939     1073    1567    1625    1730    1249    1077    586     60      
162    1997 1029    502     1483    173     955     1799    1023    -120    624     800     783     1276    1595    1740    2055    1430    974     665     499     
162    1998 1042    668     1469    533     1065    1621    953     474     635     755     941     1494    1581    1630    1650    1505    986     368     456     
162    1999 1094    567     1552    431     1047    1722    1155    520     306     733     984     1420    1497    1913    1750    1735    1063    671     477     
162    2000 1090    652     1493    497     1051    1632    1164    433     586     680     999     1473    1600    1552    1742    1582    1132    779     507     
162    2001 1040    605     1471    403     913     1742    1162    261     447     495     828     1414    1516    1853    1848    1343    1422    712     286     
162    2002 1076    716     1501    472     998     1756    1061    442     711     722     933     1337    1650    1755    1860    1455    946     787     289     
162    2003 1038    535     1552    242     1014    1865    977     249     181     732     993     1318    1784    1884    1925    1392    746     800     400     
162    2004 1035    563     1483    412     951     1704    1093    359     482     592     1035    1229    1552    1670    1884    1518    1131    629     324     
162    2005 1068    589     1489    367     983     1687    1198    525     239     654     1039    1257    1676    1765    1619    1572    1334    685     398     
162    2006 1124    544     1615    277     914     1847    1355    146     289     393     898     1450    1668    2231    1635    1792    1358    916     651     
162    2007 1123    842     1544    656     1170    1720    1025    709     604     796     1306    1412    1748    1701    1711    1379    1007    691     378     
162    2008 1061    639     1506    514     1018    1732    1018    650     514     590     893     1567    1649    1805    1739    1361    1008    685     245     
162    2009 1053    499     1555    215     1077    1741    1170    80      331     633     1218    1385    1564    1808    1845    1496    1069    947     223     
162    2010 916     503     1450    111     888     1771    993     -45     160     644     972     1049    1644    1987    1679    1355    1040    581     -115    
162    2011 1093    487     1528    224     1102    1630    1142    352     458     605     1312    1397    1612    1589    1689    1564    1142    719     648     
162    2012 1037    657     1463    413     1040    1688    1050    488     80      829     838     1445    1487    1725    1846    1415    1050    684     504     
162    2013 985     479     1446    295     735     1753    1113    202     166     245     813     1149    1525    1919    1807    1445    1217    673     593     
162    2014 1171    759     1555    601     1125    1735    1250    565     650     841     1211    1324    1618    1975    1609    1585    1343    817     485     
162    2015 1090    673     1456    414     917     1750    1104    402     349     616     899     1236    1560    1838    1845    1340    989     988     963     
162    2016 1070    737     1561    637     953     1770    1084    478     458     536     868     1451    1682    1837    1788    1726    989     541     467     
162    2017 1097    588     1510    372     1073    1774    1145    156     505     859     856     1497    1804    1795    1725    1368    1334    726     488     
162    2018 1140    617     1670    383     1109    1892    1117    562     68      474     1215    1643    1750    2070    1851    1475    1194    681     614     
162    2019 -999999 712     1543    522     1027    1845    -999999 351     609     814     1092    1172    1813    1879    1843    1453    1156    -999999 -999999 
