EUROPEAN CLIMATE ASSESSMENT & DATASET (ECA&D), file created on: 13-11-2019
THESE DATA CAN BE USED FOR NON-COMMERCIAL RESEARCH AND EDUCATION PROVIDED THAT THE FOLLOWING SOURCE IS ACKNOWLEDGED: 

Klein Tank, A.M.G. and Coauthors, 2002. Daily dataset of 20th-century surface
air temperature and precipitation series for the European Climate Assessment.
Int. J. of Climatol., 22, 1441-1453.
Data and metadata available at http://www.ecad.eu

FILE FORMAT (MISSING VALUE CODE = -999999):

THIS FILE HOLDS DATA FOR STATION FRANCE                                   MEYTHET                                  (STAID:  11322)
LATITUDE: dd:mm:ss +45:55:41
LONGITUDE: ddd:mm:ss +006:05:38
ELEVATION: m  455

DATA IS FOR INDEX Mean of daily mean temperature (TG) with unit 0.01 Temperature (&#176;C)

01-06 SOUID: Source identifier
08-11 YEAR : YYYY
13-20 ANNUAL DATA VALUES
21-28 WINTER HALF YEAR DATA VALUES
29-36 SUMMER HALF YEAR DATA VALUES
37-44 WINTER (DJF) DATA VALUES
45-52 SPRING (MAM) DATA VALUES
53-60 SUMMER (JJA) DATA VALUES
61-68 AUTUMN (SON) DATA VALUES
69-76 JANUARY DATA VALUES
etc. 
157-164 DECEMBER DATA VALUES

11322  1970 -999999 -999999 -999999 -999999 -999999 -999999 974     -999999 -999999 -999999 -999999 -999999 -999999 -999999 1845    1516    890     539     5       
11322  1971 874     222     1534    -71     795     1793    936     -362    158     86      996     1336    1488    1940    1940    1411    1057    337     35      
11322  1972 902     409     1383    135     876     1701    898     58      323     635     797     1193    1531    1850    1718    1190    877     627     6       
11322  1973 901     318     1510    9       755     1851    956     -9      32      358     586     1314    1696    1883    1968    1594    849     430     49      
11322  1974 941     462     1428    257     899     1731    781     327     410     701     879     1117    1507    1724    1954    1368    503     481     281     
11322  1975 -999999 386     1450    307     761     1761    -999999 301     343     406     696     1180    1496    1858    1921    1530    -999999 568     184     
11322  1976 976     -999999 1490    204     902     1806    1026    113     324     477     921     1309    1859    1901    1658    1280    1273    516     65      
11322  1977 993     581     1417    303     982     1633    1020    305     565     757     906     1279    1492    1700    1703    1406    1121    530     119     
11322  1978 915     417     1413    98      836     1676    953     61      115     529     731     1245    1551    1787    1685    1460    952     447     359     
11322  1979 957     432     1459    172     879     1748    1024    -219    397     654     728     1250    1760    1835    1649    1520    1148    401     320     
11322  1980 859     475     1364    255     741     1636    944     -19     478     522     698     1003    1444    1621    1838    1569    906     358     -108    
11322  1981 -999999 -999999 -999999 -999999 -999999 -999999 -999999 -999999 -999999 -999999 -999999 -999999 -999999 -999999 -999999 -999999 -999999 -999999 -999999 
11322  1982 -999999 -999999 -999999 -999999 -999999 -999999 -999999 -999999 -999999 -999999 -999999 -999999 -999999 -999999 -999999 -999999 -999999 -999999 -999999 
11322  1983 -999999 -999999 -999999 -999999 -999999 -999999 -999999 -999999 -999999 -999999 -999999 -999999 -999999 -999999 -999999 -999999 -999999 -999999 -999999 
11322  1984 -999999 -999999 -999999 -999999 -999999 -999999 -999999 -999999 -999999 -999999 -999999 -999999 -999999 -999999 -999999 -999999 -999999 -999999 -999999 
11322  1985 -999999 -999999 -999999 -999999 -999999 -999999 -999999 -999999 -999999 -999999 -999999 -999999 -999999 -999999 -999999 -999999 -999999 -999999 -999999 
11322  1986 -999999 -999999 -999999 -999999 -999999 -999999 -999999 -999999 -999999 -999999 -999999 -999999 -999999 -999999 -999999 -999999 -999999 -999999 -999999 
11322  1987 -999999 -999999 -999999 -999999 -999999 -999999 -999999 -999999 -999999 -999999 -999999 -999999 -999999 -999999 -999999 -999999 -999999 -999999 -999999 
11322  1988 -999999 -999999 -999999 -999999 -999999 -999999 -999999 -999999 -999999 -999999 -999999 -999999 -999999 -999999 -999999 -999999 -999999 -999999 -999999 
11322  1989 -999999 -999999 -999999 -999999 -999999 -999999 -999999 -999999 -999999 -999999 -999999 -999999 -999999 -999999 -999999 -999999 -999999 -999999 -999999 
11322  1990 -999999 -999999 -999999 -999999 -999999 -999999 -999999 -999999 -999999 -999999 -999999 -999999 -999999 -999999 -999999 -999999 -999999 -999999 -999999 
11322  1991 -999999 -999999 -999999 -999999 -999999 -999999 -999999 -999999 -999999 -999999 -999999 -999999 -999999 -999999 -999999 -999999 -999999 -999999 -999999 
11322  1992 -999999 -999999 -999999 -999999 -999999 1926    1077    -999999 -999999 -999999 -999999 -999999 1651    1967    2151    1574    929     732     286     
11322  1993 1030    509     1584    262     1044    1843    920     352     137     587     1062    1485    1764    1808    1954    1415    941     403     387     
11322  1994 1170    568     1653    353     1083    2049    1163    278     399     980     770     1490    1763    2264    2112    1490    1158    842     420     
11322  1995 1072    596     1575    360     944     1907    1122    114     566     481     993     1361    1612    2149    1950    1360    1429    566     239     
11322  1996 995     529     1522    213     969     1824    962     296     97      519     1009    1379    1815    1835    1822    1256    1074    552     245     
11322  1997 1120    559     1644    285     1092    1893    1156    82      555     847     942     1481    1691    1837    2143    1750    1109    609     359     
11322  1998 1070    601     1631    395     1042    1937    983     316     523     683     894     1545    1787    2009    2009    1520    1100    324     90      
11322  1999 1089    431     1682    140     1103    1898    1123    254     69      709     938     1658    1662    2047    1976    1792    1165    410     303     
11322  2000 1128    516     1668    267     1123    1892    1157    65      444     703     1063    1600    1881    1764    2032    1655    1153    665     490     
11322  2001 1100    674     1582    432     1129    1898    1071    307     505     906     847     1625    1677    1968    2042    1304    1482    413     56      
11322  2002 1119    572     1591    237     1027    1914    1133    95      594     788     1022    1271    1957    1932    1855    1499    1162    737     492     
11322  2003 1175    574     1880    230     1148    2340    1043    117     63      826     1054    1560    2357    2222    2443    1621    881     631     243     
11322  2004 1093    485     1649    269     976     1959    1179    217     351     585     988     1355    1829    2025    2017    1663    1332    536     193     
11322  2005 1048    476     1659    99      1033    1932    1170    96      -1      653     971     1474    1998    1990    1810    1699    1277    528     7       
11322  2006 1152    439     1724    82      1016    1999    1365    68      180     550     1049    1450    1918    2401    1675    1839    1425    829     374     
11322  2007 1115    722     1664    457     1219    1840    998     436     571     687     1460    1517    1830    1845    1845    1479    1105    406     165     
11322  2008 1081    524     1609    349     1035    1896    1060    406     486     570     922     1610    1803    1969    1912    1415    1171    591     97      
11322  2009 1149    445     1793    92      1166    2040    1220    -2      191     603     1216    1682    1853    2090    2172    1726    1131    807     258     
11322  2010 1017    486     1641    123     1004    1973    1050    -75     192     585     1117    1313    1802    2228    1885    1486    1058    606     -46     
11322  2011 1184    509     1736    195     1256    1879    1230    237     416     775     1340    1655    1800    1779    2055    1779    1189    724     409     
11322  2012 1114    562     1695    176     1158    1998    1174    277     -181    910     1039    1521    1882    1977    2131    1603    1206    712     226     
11322  2013 1042    462     1621    104     907     1959    1164    74      4       514     1059    1153    1720    2175    1975    1631    1336    520     273     
11322  2014 1191    642     1648    379     1126    1868    1339    379     498     830     1202    1349    1929    1860    1819    1726    1432    856     381     
11322  2015 1184    650     1767    275     1139    2152    1091    250     184     758     1139    1520    2002    2358    2091    1473    1031    770     558     
11322  2016 1128    651     1693    505     980     1977    1178    443     517     585     999     1357    1802    2075    2048    1863    1025    650     163     
11322  2017 1145    546     1724    204     1180    2109    1064    -132    620     959     1045    1532    2119    2117    2091    1419    1229    539     173     
11322  2018 -999999 538     -999999 289     1159    -999999 1298    539     139     568     1327    1588    1957    -999999 -999999 1870    1291    735     465     
