EUROPEAN CLIMATE ASSESSMENT & DATASET (ECA&D), file created on: 13-11-2019
THESE DATA CAN BE USED FOR NON-COMMERCIAL RESEARCH AND EDUCATION PROVIDED THAT THE FOLLOWING SOURCE IS ACKNOWLEDGED: 

Klein Tank, A.M.G. and Coauthors, 2002. Daily dataset of 20th-century surface
air temperature and precipitation series for the European Climate Assessment.
Int. J. of Climatol., 22, 1441-1453.
Data and metadata available at http://www.ecad.eu

FILE FORMAT (MISSING VALUE CODE = -999999):

THIS FILE HOLDS DATA FOR STATION SPAIN                                    CEUTA (MONTE HACHO)                      (STAID:   3927)
LATITUDE: dd:mm:ss +35:53:31
LONGITUDE: ddd:mm:ss -005:17:21
ELEVATION: m  200

DATA IS FOR INDEX Mean of daily mean temperature (TG) with unit 0.01 Temperature (&#176;C)

01-06 SOUID: Source identifier
08-11 YEAR : YYYY
13-20 ANNUAL DATA VALUES
21-28 WINTER HALF YEAR DATA VALUES
29-36 SUMMER HALF YEAR DATA VALUES
37-44 WINTER (DJF) DATA VALUES
45-52 SPRING (MAM) DATA VALUES
53-60 SUMMER (JJA) DATA VALUES
61-68 AUTUMN (SON) DATA VALUES
69-76 JANUARY DATA VALUES
etc. 
157-164 DECEMBER DATA VALUES

3927   1935 1789    -999999 2089    -999999 1626    2274    1907    1266    1273    1429    1713    1738    2065    2406    2345    2262    1853    1606    1475    
3927   1936 -999999 1552    -999999 1465    1579    -999999 -999999 1473    1447    1455    1623    1661    2017    -999999 -999999 -999999 -999999 -999999 -999999 
3927   1937 -999999 -999999 -999999 -999999 -999999 -999999 -999999 -999999 -999999 -999999 -999999 -999999 -999999 -999999 -999999 -999999 -999999 -999999 -999999 
3927   1938 -999999 -999999 -999999 -999999 -999999 -999999 -999999 -999999 -999999 -999999 -999999 -999999 -999999 -999999 -999999 -999999 -999999 -999999 -999999 
3927   1939 -999999 -999999 -999999 -999999 -999999 -999999 -999999 -999999 -999999 -999999 1388    1568    -999999 2113    -999999 -999999 1811    1578    -999999 
3927   1940 1370    -999999 1617    -999999 1253    1768    1419    1202    1021    1119    1263    1376    1530    1803    1963    1760    1355    1143    885     
3927   1941 1497    1002    1780    860     1083    2077    1828    828     867     926     1043    1279    1825    2140    2256    2123    1903    1455    1269    
3927   1942 1688    1360    1975    1146    1516    2180    1841    1079    1082    1348    1457    1742    1977    2244    2315    2105    1895    1523    -999999 
3927   1943 1724    -999999 2040    -999999 1570    2253    1793    1299    1279    1348    1572    1789    2183    2233    2342    2116    1826    1437    1234    
3927   1944 1675    1370    1987    1220    1561    2136    1788    1266    1155    1291    1626    1768    1961    2216    2224    2116    1742    1508    1215    
3927   1945 1777    1365    2068    1181    1665    2185    1955    990     1355    1382    1743    1873    2055    2255    2239    2239    1886    1742    1542    
3927   1946 1676    1504    1933    1357    1430    2172    1849    1170    1359    1321    1426    1544    1917    2250    2340    2109    1922    1513    1223    
3927   1947 1755    1427    2017    1218    1567    2218    1966    1187    1247    1456    1566    1678    2075    2277    2298    2203    1971    1725    1347    
3927   1948 1737    1515    1990    1323    1541    2195    1858    1335    1284    1421    1526    1677    2072    2172    2336    2150    1863    1562    1427    
3927   1949 1708    1437    1981    1301    1471    2195    1913    1186    1288    1287    1504    1624    1989    2191    2405    2179    1937    1622    1276    
3927   1950 1758    1456    2036    1253    1485    2297    2001    1231    1252    1406    1457    1592    1945    2479    2456    2275    1964    1766    1235    
3927   1951 1695    1440    1955    1184    1476    2160    1877    1140    1177    1344    1512    1574    1988    2196    2291    2164    1888    1578    1457    
3927   1952 -999999 1471    -999999 1303    -999999 2099    1811    1216    1232    1443    1380    -999999 2012    2184    2100    1927    1887    1617    1265    
3927   1953 1706    1379    2013    1169    1502    2192    1897    1062    1180    1254    1418    1832    1918    2275    2375    2244    1881    1565    1422    
3927   1954 1669    1394    1905    1207    1473    2056    1940    1101    1087    1286    1392    1739    1882    2124    2157    2128    2014    1677    1395    
3927   1955 1767    1519    2047    1355    1607    2204    1886    1395    1268    1349    1565    1905    2038    2272    2297    2191    1898    1568    1422    
3927   1956 1620    1398    1899    1203    1451    2113    1762    1245    923     1310    1394    1647    1914    2154    2264    2007    1880    1393    1273    
3927   1957 1682    1413    1960    1240    1514    2142    1842    1094    1364    1471    1428    1640    1841    2258    2316    2266    1796    1465    1224    
3927   1958 1671    1391    1911    1242    1497    2039    1851    1199    1310    1344    1420    1726    1856    2057    2197    2203    1855    1496    1365    
3927   1959 1650    1422    1918    1289    1462    2111    1785    1303    1191    1304    1485    1597    1926    2162    2238    2094    1822    1440    1204    
3927   1960 1691    1388    1996    1222    1584    2173    1809    1148    1322    1388    1613    1753    2046    2212    2257    2091    1762    1575    1118    
3927   1961 -999999 -999999 -999999 1169    -999999 -999999 1858    1104    1299    -999999 -999999 -999999 -999999 2357    2330    2247    1846    1483    1452    
3927   1962 1692    1455    1981    1355    1508    2147    1828    1327    1279    1327    1469    1726    1858    2228    2345    2249    1918    1313    1229    
3927   1963 1626    1327    1893    1136    1460    2103    1787    1134    1035    1303    1458    1620    1937    2221    2146    1965    1822    1574    1261    
3927   1964 1615    1402    1917    1220    1492    2084    1725    1176    1224    1352    1317    1802    1894    2161    2190    2127    1704    1345    1070    
3927   1965 1613    1246    1907    1055    1469    2117    1720    1052    1041    1247    1456    1705    1954    2150    2242    1921    1761    1478    1309    
3927   1966 1649    1444    1917    1344    1534    2072    1667    1346    1380    1387    1540    1675    1939    2026    2247    2069    1656    1277    1222    
3927   1967 1560    1229    1840    1114    1246    2113    1783    1064    1051    1091    1091    1546    1775    2230    2322    2032    1852    1463    1134    
3927   1968 1688    1353    1986    1183    1507    2173    1853    1211    1205    1237    1487    1788    2004    2280    2228    2116    1909    1532    1231    
3927   1969 -999999 -999999 1825    -999999 1426    2018    1675    1210    -999999 1285    1369    1624    1755    2083    2199    1907    1699    1418    1081    
3927   1970 1588    1298    1890    1172    1373    2131    1681    1220    1221    1154    1426    1534    1853    2311    2227    1992    1620    1434    1049    
3927   1971 1537    1225    1866    1064    1286    2126    1690    994     1159    1095    1284    1479    1868    2209    2296    2060    1860    1149    991     
3927   1972 1550    1157    1891    962     1359    2113    1690    882     1016    1055    1422    1603    1866    2177    2287    1978    1675    1419    1197    
3927   1973 1509    1265    1799    1112    1353    1969    1656    1088    1044    1150    1318    1590    1818    2028    2057    1975    1633    1362    1014    
3927   1974 1510    1215    1772    1066    1251    1993    1639    1142    1040    1087    1134    1529    1823    2028    2124    1982    1598    1338    1257    
3927   1975 1499    1264    1766    1172    1292    2011    1586    1142    1112    1123    1305    1448    1776    2087    2164    1805    1672    1279    1027    
3927   1976 1512    1211    1818    1049    1287    2130    1538    1025    1098    1151    1146    1558    1972    2261    2152    1802    1523    1290    1142    
3927   1977 1570    1242    1796    1106    1455    1920    1738    1069    1107    1309    1448    1606    1712    1977    2065    1959    1720    1535    1296    
3927   1978 1609    1379    1827    1242    1366    2028    1755    1111    1327    1263    1324    1490    1823    2087    2166    2062    1734    1469    1365    
3927   1979 1672    1396    1974    1298    1496    2182    1744    1269    1257    1269    1490    1728    2006    2210    2324    2076    1702    1457    1242    
3927   1980 1686    1370    1998    1231    1548    2184    1795    1153    1302    1364    1541    1740    2071    2155    2322    2155    1779    1451    1189    
3927   1981 1744    1385    1997    1187    1603    2170    1912    1165    1209    1503    1524    1781    2111    2148    2248    2165    1890    1682    1472    
3927   1982 1680    1526    1954    1367    1598    2130    1723    1305    1320    1471    1496    1823    2113    2193    2083    2009    1739    1420    1169    
3927   1983 1764    1347    2006    1166    1498    2218    2054    1214    1110    1407    1448    1636    2115    2297    2237    2296    2061    1806    1502    
3927   1984 1768    1583    1997    1419    1565    2147    1929    1384    1369    1373    1665    1660    1955    2218    2263    2215    1908    1666    1532    
3927   1985 1830    1552    2065    1430    1622    2241    2031    1284    1479    1443    1664    1760    2106    2301    2310    2241    2092    1759    1499    
3927   1986 -999999 -999999 2063    -999999 -999999 2247    1993    -999999 -999999 -999999 1417    1852    2100    2265    2372    2253    2025    1698    1445    
