EUROPEAN CLIMATE ASSESSMENT & DATASET (ECA&D), file created on: 13-11-2019
THESE DATA CAN BE USED FOR NON-COMMERCIAL RESEARCH AND EDUCATION PROVIDED THAT THE FOLLOWING SOURCE IS ACKNOWLEDGED: 

Klein Tank, A.M.G. and Coauthors, 2002. Daily dataset of 20th-century surface
air temperature and precipitation series for the European Climate Assessment.
Int. J. of Climatol., 22, 1441-1453.
Data and metadata available at http://www.ecad.eu

FILE FORMAT (MISSING VALUE CODE = -999999):

THIS FILE HOLDS DATA FOR STATION RUSSIAN FEDERATION                       BUDENNOVSK                               (STAID:   1369)
LATITUDE: dd:mm:ss +44:48:00
LONGITUDE: ddd:mm:ss +044:06:00
ELEVATION: m  136

DATA IS FOR INDEX Mean of daily mean temperature (TG) with unit 0.01 Temperature (&#176;C)

01-06 SOUID: Source identifier
08-11 YEAR : YYYY
13-20 ANNUAL DATA VALUES
21-28 WINTER HALF YEAR DATA VALUES
29-36 SUMMER HALF YEAR DATA VALUES
37-44 WINTER (DJF) DATA VALUES
45-52 SPRING (MAM) DATA VALUES
53-60 SUMMER (JJA) DATA VALUES
61-68 AUTUMN (SON) DATA VALUES
69-76 JANUARY DATA VALUES
etc. 
157-164 DECEMBER DATA VALUES

1369   1924 -999999 -999999 -999999 -999999 -999999 -999999 1149    -999999 -999999 -999999 -999999 1839    2577    -999999 2308    2072    1005    289     -598    
1369   1925 1053    94      1886    -449    1105    2221    1065    -603    -113    591     903     1808    2028    2282    2346    1891    972     361     116     
1369   1926 1025    186     1820    -135    928     2222    1062    -180    -362    164     913     1706    2044    2385    2232    1582    1002    603     111     
1369   1927 1004    71      2018    -472    1016    2434    1232    -782    -774    201     1152    1699    2384    2439    2476    1942    1433    314     -549    
1369   1928 865     -115    1808    -627    649     2187    1077    -602    -736    -577    906     1627    2021    2481    2054    1734    895     609     -80     
1369   1929 899     -116    1909    -577    705     2401    1105    -282    -1455   -490    668     1935    2116    2449    2629    1615    1235    459     -275    
1369   1930 1040    200     1924    -312    1031    2402    1057    -215    -461    403     923     1762    2029    2560    2605    1628    1041    503     -411    
1369   1931 907     11      1892    -557    903     2319    1026    -556    -721    155     780     1766    2279    2470    2207    1789    1064    195     -682    
1369   1932 948     -125    1895    -635    932     2209    1080    -457    -776    -114    1096    1818    2207    2190    2230    1809    1225    202     -111    
1369   1933 859     9       1784    -460    823     2144    1073    -714    -566    -34     924     1581    1902    2306    2217    1749    1071    398     -614    
1369   1934 1035    99      1854    -415    1017    2259    1127    -448    -157    330     871     1845    2085    2433    2254    1605    1135    641     -261    
1369   1935 1096    145     2004    -352    1015    2386    1158    -595    -181    117     1217    1718    2140    2503    2507    1917    1373    179     170     
1369   1936 1073    310     1879    30      860     2428    1035    123     -218    197     900     1485    2122    2623    2530    1581    955     572     -48     
1369   1937 1034    62      1902    -440    863     2289    1298    -741    -541    136     827     1624    1828    2665    2360    2075    1158    665     242     
1369   1938 1108    341     1994    45      901     2443    1263    45      -171    69      1007    1631    2176    2626    2520    1976    1287    524     -482    
1369   1939 1035    181     1880    -304    975     2310    922     -252    -166    152     989     1784    2271    2499    2158    1552    822     396     133     
1369   1940 997     17      1979    -386    866     2462    1113    -819    -477    29      1138    1440    2181    2566    2629    1895    863     588     -108    
1369   1941 904     159     1848    -239    980     2239    766     -544    -48     197     1142    1605    2172    2428    2114    1610    820     -132    -573    
1369   1942 -999999 -250    -999999 -671    736     -999999 -999999 -957    -462    -215    762     1662    2180    -999999 -999999 -999999 -999999 -999999 -999999 
1369   1943 -999999 -999999 1875    -999999 947     2226    1107    -999999 -456    -10     1085    1772    2119    2286    2270    1695    1124    501     -65     
1369   1944 1058    323     1824    -81     1021    2194    1125    -215    46      537     970     1555    2106    2413    2062    1821    990     567     -176    
1369   1945 875     94      1820    -400    879     2247    908     -460    -583    176     846     1614    2030    2480    2225    1693    867     166     -657    
1369   1946 1010    10      1983    -454    1032    2403    1021    -597    -71     347     962     1784    2319    2378    2508    1921    762     388     -643    
1369   1947 1042    -21     1881    -643    1065    2352    1020    -865    -396    603     1045    1548    2250    2559    2242    1615    869     581     361     
1369   1948 1054    340     1971    186     906     2519    889     137     52      28      812     1875    2488    2559    2509    1548    914     205     -523    
1369   1949 977     -68     1869    -514    840     2380    969     -399    -631    -17     817     1719    2285    2537    2314    1511    824     576     76      
1369   1950 965     -53     1963    -667    1149    2206    1122    -1397   -682    244     1339    1870    2117    2318    2181    1937    1021    410     131     
1369   1951 1035    166     1998    -271    1153    2364    944     -399    -573    339     1388    1740    2109    2515    2461    1753    627     461     -108    
1369   1952 1095    147     1869    -81     789     2319    1281    -157    30      35      820     1514    1952    2450    2544    1902    1432    504     72      
1369   1953 972     308     1948    -56     919     2432    763     -194    -45     49      936     1773    2274    2490    2525    1658    869     -241    -504    
1369   1954 950     -420    2002    -1002   787     2489    1277    -970    -1612   -209    780     1789    2329    2683    2450    1950    1298    584     60      
1369   1955 1143    388     1947    85      937     2392    1217    -40     250     169     792     1845    2345    2554    2276    1843    1488    310     -182    
1369   1956 831     40      1783    -451    740     2238    881     -244    -960    -229    993     1464    2133    2158    2420    1506    1140    -11     -474    
1369   1957 1126    2       2108    -446    1141    2437    1159    -699    -136    180     1287    1961    2306    2465    2535    2072    992     419     56      
1369   1958 1025    291     1826    32      955     2263    919     -51     98      220     851     1791    2200    2241    2346    1501    971     285     -217    
1369   1959 939     112     1914    -218    939     2386    739     59      -524    43      1075    1702    2146    2561    2444    1521    632     68      -565    
1369   1960 1012    -88     1804    -348    743     2269    1094    -121    -359    -195    914     1517    2149    2453    2202    1562    1243    471     259     
1369   1961 1096    357     1890    -6      1064    2326    977     -225    -58     415     1023    1751    2246    2322    2408    1559    988     383     254     
1369   1962 1158    346     1979    23      1147    2399    1148    -181    -9      605     1094    1740    2215    2582    2394    1826    1100    519     -74     
1369   1963 1018    193     1886    -161    878     2258    1156    -401    7       -1      947     1689    1989    2478    2299    1883    1114    471     -324    
1369   1964 982     63      1875    -394    876     2266    1051    -589    -261    -41     1009    1665    2298    2398    2103    1756    1014    386     8       
1369   1965 991     91      1855    -351    814     2339    1023    -575    -503    172     607     1658    2228    2471    2315    1772    765     524     276     
1369   1966 -999999 -999999 1992    -999999 1183    2401    1235    -999999 -999999 544     1263    1724    2018    2700    2483    1759    1254    692     85      
1369   1967 1011    209     1861    -270    1029    2167    1126    -165    -778    86      1058    1943    1927    2311    2256    1641    1187    547     -20     
1369   1968 1087    271     1957    -157    1145    2216    1152    -325    -124    343     1063    2026    2074    2396    2173    1983    1113    361     -77     
1369   1969 897     -105    1926    -683    802     2340    1060    -993    -1009   -96     983     1647    2352    2276    2392    1789    864     534     14      
1369   1970 1074    262     1924    -97     1165    2294    1043    -308    14      447     1337    1695    2035    2586    2235    1638    924     572     -303    
1369   1971 1113    174     1967    -261    944     2361    1236    -151    -336    299     832     1721    2089    2645    2340    2141    991     583     114     
1369   1972 999     -105    2101    -712    1013    2551    1198    -1486   -768    -81     1318    1813    2449    2618    2583    1804    1216    573     -101    
1369   1973 -999999 214     -999999 -294    1100    -999999 964     -798    49      345     1156    1777    2070    -999999 -999999 1461    1093    334     -80     
1369   1974 -999999 -999999 -999999 -999999 -999999 -999999 -999999 -999999 -999999 -999999 -999999 -999999 -999999 -999999 -999999 -999999 -999999 -999999 -999999 
1369   1975 1165    -999999 2140    -999999 1199    2504    1047    -65     -294    227     1411    1966    2529    2608    2377    1931    989     224     -64     
1369   1976 -999999 -999999 -999999 -999999 -999999 -999999 -999999 -999999 -999999 -999999 -999999 -999999 -999999 -999999 -999999 -999999 -999999 -999999 -999999 
1369   1977 987     -999999 1933    -999999 1181    2279    985     -1175   79      494     1262    1789    2155    2373    2305    1694    696     574     -438    
1369   1978 1011    125     1802    -352    980     2162    1121    -406    -197    507     972     1462    1934    2390    2155    1881    1088    394     -125    
1369   1979 1159    258     2017    -162    1141    2399    1177    -309    -41     518     981     1917    2235    2423    2534    1985    989     564     27      
1369   1980 -999999 110     -999999 -327    919     -999999 -999999 -752    -251    73      1021    1667    -999999 -999999 -999999 -999999 -999999 -999999 -999999 
1369   1981 -999999 -999999 -999999 -999999 -999999 -999999 -999999 -999999 -999999 -999999 -999999 -999999 -999999 -999999 -999999 -999999 -999999 -999999 -999999 
1369   1982 -999999 -999999 -999999 -999999 -999999 -999999 -999999 -999999 -999999 -999999 -999999 -999999 -999999 -999999 -999999 -999999 -999999 -999999 -999999 
1369   1983 -999999 -999999 -999999 -999999 -999999 -999999 -999999 -999999 -999999 -999999 -999999 -999999 -999999 -999999 -999999 -999999 -999999 -999999 -118    
1369   1984 1011    -999999 1883    -160    1006    2218    1103    146     -530    293     949     1775    2057    2500    2091    1899    1059    352     -524    
1369   1985 962     -38     1910    -464    882     2272    970     -352    -520    -278    1103    1829    2066    2217    2527    1687    870     355     -63     
1369   1986 1052    108     2007    -239    990     2406    1015    39      -740    114     1294    1571    2220    2454    2538    1951    958     138     -45     
1369   1987 929     52      1820    -223    788     2249    954     -342    -288    -136    765     1734    2189    2416    2141    1646    814     407     -279    
1369   1988 1000    42      1927    -428    996     2364    977     -485    -526    293     1161    1537    2267    2509    2313    1752    1039    138     -53     
1369   1989 1114    260     1916    -68     1097    2331    1089    -162    20      552     1245    1498    2169    2423    2396    1746    1107    414     -105    
1369   1990 1141    310     1905    -115    1117    2288    1213    -281    57      648     1143    1561    2126    2504    2229    1847    1065    732     -5      
1369   1991 1061    196     1948    -296    972     2405    1183    -250    -669    234     1139    1547    2248    2644    2317    1770    1329    446     -147    
1369   1992 957     217     1774    -257    884     2194    1040    -268    -364    276     884     1493    2033    2239    2305    1667    1011    444     -276    
1369   1993 872     140     1783    -306    925     2174    671     -287    -359    271     916     1587    1976    2252    2287    1657    1008    -663    -288    
1369   1994 1043    -74     1949    -315    984     2250    1247    50      -750    115     1226    1620    1970    2458    2314    2091    1356    292     -356    
1369   1995 1184    328     2021    -69     1170    2394    1194    -98     280     488     1216    1806    2313    2478    2390    1902    1112    571     -295    
1369   1996 1059    134     1913    -335    979     2303    1151    -469    -234    111     897     1925    2018    2599    2281    1719    1070    666     78      
1369   1997 1005    203     1883    -255    1032    2310    1007    -524    -326    218     1013    1865    2222    2365    2341    1461    1184    371     -220    
1369   1998 1166    154     2126    -313    1102    2600    1169    -378    -344    271     1270    1794    2549    2649    2600    1858    1249    397     -1      
1369   1999 1195    401     2015    57      1077    2521    1033    48      132     553     1211    1471    2323    2679    2555    1831    1212    51      189     
1369   2000 1142    318     2023    77      1106    2474    976     -133    180     394     1459    1476    2167    2728    2517    1771    889     270     -43     
1369   2001 1189    294     2033    -28     1169    2482    1181    -56     19      658     1223    1627    2137    2715    2582    1887    1032    631     -264    
1369   2002 1089    352     1908    -91     1061    2307    1265    -352    390     688     928     1562    2065    2617    2231    2020    1202    574     -892    
1369   2003 1039    26      1904    -546    920     2282    1170    -172    -577    -19     822     1955    2024    2321    2491    1776    1278    453     -6      
1369   2004 1169    405     1934    25      1111    2324    1198    -30     118     599     1052    1681    2134    2347    2485    1881    1169    546     3       
1369   2005 1189    291     2041    -62     1023    2429    1231    201     -424    189     1051    1829    2101    2622    2553    2060    1087    552     320     
1369   2006 1132    226     2060    -255    1064    2555    1225    -729    -366    443     1159    1594    2404    2422    2833    1926    1257    489     56      
1369   2007 1208    367     2072    16      1025    2544    1247    166     -195    377     888     1806    2313    2603    2710    2080    1390    265     -26     
1369   2008 1090    182     2002    -453    1213    2433    1199    -910    -421    756     1314    1572    2134    2539    2617    1810    1200    586     -167    
1369   2009 1134    304     1886    -133    923     2388    1231    -338    131     405     798     1561    2412    2619    2133    1770    1309    612     138     
1369   2010 1254    289     2183    -184    1070    2710    1295    -453    -243    333     1039    1836    2590    2750    2785    2067    1031    795     415     
1369   2011 1049    307     1972    -77     921     2472    924     -286    -391    227     875     1661    2195    2787    2423    1859    1023    -113    215     
1369   2012 1163    -3      2207    -374    1277    2511    1399    -383    -995    169     1581    2091    2473    2532    2526    2020    1536    636     -300    
1369   2013 1155    388     1991    -141    1216    2390    1077    -292    201     536     1165    1946    2325    2498    2346    1637    982     616     -160    
1369   2014 -999999 -999999 -999999 -999999 -999999 -999999 -999999 -999999 -999999 -999999 -999999 -999999 -999999 -999999 -999999 -999999 -999999 -999999 -999999 
1369   2015 -999999 -999999 -999999 -999999 -999999 -999999 -999999 -999999 -999999 -999999 -999999 -999999 -999999 -999999 -999999 -999999 -999999 -999999 -999999 
1369   2016 -999999 -999999 -999999 -999999 -999999 -999999 -999999 -999999 -999999 -999999 -999999 -999999 -999999 -999999 -999999 -999999 -999999 -999999 -999999 
1369   2017 -999999 -999999 -999999 -999999 -999999 -999999 -999999 -999999 -999999 -999999 -999999 -999999 -999999 -999999 -999999 -999999 -999999 -999999 -999999 
