EUROPEAN CLIMATE ASSESSMENT & DATASET (ECA&D), file created on: 13-11-2019
THESE DATA CAN BE USED FOR NON-COMMERCIAL RESEARCH AND EDUCATION PROVIDED THAT THE FOLLOWING SOURCE IS ACKNOWLEDGED: 

Klein Tank, A.M.G. and Coauthors, 2002. Daily dataset of 20th-century surface
air temperature and precipitation series for the European Climate Assessment.
Int. J. of Climatol., 22, 1441-1453.
Data and metadata available at http://www.ecad.eu

FILE FORMAT (MISSING VALUE CODE = -999999):

THIS FILE HOLDS DATA FOR STATION NETHERLANDS                              ARCEN                                    (STAID:    464)
LATITUDE: dd:mm:ss +51:29:49
LONGITUDE: ddd:mm:ss +006:11:45
ELEVATION: m   20

DATA IS FOR INDEX Mean of daily mean temperature (TG) with unit 0.01 Temperature (&#176;C)

01-06 SOUID: Source identifier
08-11 YEAR : YYYY
13-20 ANNUAL DATA VALUES
21-28 WINTER HALF YEAR DATA VALUES
29-36 SUMMER HALF YEAR DATA VALUES
37-44 WINTER (DJF) DATA VALUES
45-52 SPRING (MAM) DATA VALUES
53-60 SUMMER (JJA) DATA VALUES
61-68 AUTUMN (SON) DATA VALUES
69-76 JANUARY DATA VALUES
etc. 
157-164 DECEMBER DATA VALUES

464    1963 -999999 -999999 -999999 -999999 -999999 -999999 -999999 -999999 -999999 -999999 -999999 -999999 -999999 -999999 -999999 -999999 970     909     -96     
464    1964 964     420     1517    105     930     1710    984     50      380     323     954     1514    1647    1794    1687    1494    811     652     258     
464    1965 908     447     1353    236     852     1566    899     296     144     495     797     1261    1599    1521    1580    1352    1027    313     456     
464    1966 985     482     1455    346     951     1647    995     26      580     492     968     1392    1739    1591    1614    1416    1152    410     417     
464    1967 1019    581     1456    418     923     1723    1051    334     513     648     786     1330    1551    1917    1695    1440    1202    507     259     
464    1968 963     505     1459    220     955     1687    1059    194     207     642     1062    1166    1612    1721    1724    1461    1194    517     36      
464    1969 964     423     1498    160     862     1744    1140    420     8       325     868     1391    1574    1920    1732    1483    1280    652     -156    
464    1970 952     387     1462    15      787     1746    1109    89      123     315     653     1387    1829    1638    1773    1476    1078    773     244     
464    1971 1000    506     1482    297     905     1705    968     267     389     280     926     1510    1482    1846    1780    1328    1054    520     565     
464    1972 942     572     1354    374     928     1618    901     104     458     720     821     1239    1451    1796    1602    1197    917     589     384     
464    1973 985     512     1483    326     850     1796    991     301     291     572     676     1295    1718    1781    1886    1526    914     536     276     
464    1974 1024    571     1413    436     961     1637    900     552     485     653     995     1236    1575    1599    1734    1328    697     680     711     
464    1975 1047    614     1535    602     847     1852    1018    666     410     500     817     1222    1601    1896    2051    1606    905     547     293     
464    1976 1050    480     1585    349     877     1938    1087    393     363     372     837     1420    1904    2056    1852    1425    1160    673     122     
464    1977 1018    591     1380    310     903     1661    1065    295     534     761     686     1255    1543    1751    1685    1343    1184    663     477     
464    1978 943     576     1378    307     928     1593    1020    294     132     666     790     1324    1568    1640    1570    1362    1104    591     220     
464    1979 919     355     1420    -39     893     1650    1038    -282    -57     523     842     1312    1651    1701    1598    1405    1142    563     561     
464    1980 970     569     1459    385     900     1669    1002    54      550     545     844     1308    1572    1633    1798    1589    940     479     325     
464    1981 990     510     1499    239     1093    1693    1018    201     186     900     942     1432    1575    1746    1755    1527    900     631     33      
464    1982 1069    433     1571    152     945     1826    1220    111     328     591     851     1391    1726    1992    1755    1697    1147    820     370     
464    1983 1075    617     1575    365     915     1954    1050    604     93      625     953     1167    1762    2169    1925    1455    1065    628     379     
464    1984 996     519     1412    325     823     1684    1128    340     250     439     881     1152    1471    1698    1876    1375    1176    833     433     
464    1985 916     437     1478    37      960     1661    938     -283    -46     473     945     1462    1459    1852    1666    1469    1076    263     573     
464    1986 982     412     1458    194     917     1772    1069    270     -310    528     697     1517    1782    1840    1695    1194    1200    808     458     
464    1987 924     453     1446    136     855     1616    1085    -296    256     284     1178    1114    1469    1732    1642    1533    1110    612     429     
464    1988 1048    612     1453    484     981     1625    1024    604     416     488     933     1519    1531    1643    1700    1379    1096    594     639     
464    1989 1108    692     1531    526     1057    1770    1114    437     498     865     745     1550    1647    1877    1781    1567    1216    554     499     
464    1990 1086    735     1463    592     1072    1715    1013    525     768     843     890     1479    1562    1707    1871    1250    1196    587     326     
464    1991 955     537     1421    187     919     1696    1015    313     -106    845     842     1068    1345    1927    1803    1522    997     525     293     
464    1992 1046    525     1561    315     1040    1811    992     208     453     668     874     1575    1714    1877    1838    1468    753     765     345     
464    1993 977     515     1474    331     1078    1623    801     497     133     566     1160    1510    1670    1674    1526    1295    888     216     515     
464    1994 1087    510     1526    392     980     1867    1087    482     155     760     876     1300    1606    2199    1789    1364    924     980     537     
464    1995 1055    656     1549    505     929     1868    1105    329     663     515     949     1324    1512    2105    1975    1406    1285    618     -46     
464    1996 857     375     1383    2       800     1660    936     9       44      324     947     1134    1590    1661    1728    1224    1023    556     14      
464    1997 1016    474     1485    139     964     1806    985     -193    646     817     765     1304    1617    1739    2056    1404    937     614     463     
464    1998 1032    628     1483    493     1061    1647    936     434     591     725     943     1510    1607    1648    1684    1495    969     342     401     
464    1999 1096    545     1589    404     1064    1760    1131    514     288     727     1016    1446    1562    1960    1751    1786    1037    573     433     
464    2000 1104    614     1530    460     1092    1670    1162    384     569     685     1071    1519    1667    1563    1780    1574    1122    791     513     
464    2001 1051    619     1507    408     966     1791    1119    263     454     560     839     1494    1540    1919    1906    1316    1428    602     236     
464    2002 1088    679     1522    442     1006    1791    1072    401     715     696     933     1386    1729    1781    1860    1427    985     809     319     
464    2003 1068    547     1617    235     1058    1941    999     222     156     762     1007    1402    1888    1946    1988    1455    734     817     384     
464    2004 1042    552     1525    389     973     1753    1093    327     461     592     1084    1248    1605    1720    1929    1552    1151    575     242     
464    2005 1079    562     1539    307     1037    1740    1183    478     190     698     1066    1349    1755    1845    1622    1593    1331    621     342     
464    2006 1131    504     1650    218     930     1895    1368    92      220     396     911     1483    1742    2322    1616    1811    1401    892     621     
464    2007 1134    834     1589    636     1209    1765    1003    675     608     787     1358    1487    1809    1754    1732    1385    998     626     360     
464    2008 1070    623     1537    501     1041    1776    1002    632     511     604     892     1623    1696    1839    1790    1358    998     649     227     
464    2009 1061    460     1604    164     1118    1783    1159    -40     319     600     1284    1475    1606    1859    1879    1506    1020    956     233     
464    2010 934     491     1504    108     899     1859    989     -66     163     623     973     1104    1768    2095    1711    1360    1012    595     -169    
464    2011 1114    470     1589    184     1153    1698    1144    305     442     635     1320    1508    1693    1634    1766    1606    1115    711     595     
464    2012 1051    631     1512    365     1087    1754    1033    437     41      848     886     1519    1558    1777    1921    1389    1032    678     473     
464    2013 1009    462     1511    269     784     1830    1107    205     114     246     897     1215    1622    1997    1864    1456    1234    628     567     
464    2014 1177    754     1568    590     1143    1754    1251    551     658     872     1243    1318    1650    1981    1627    1578    1341    830     443     
464    2015 1112    650     1527    368     949     1848    1098    362     292     601     949     1296    1662    1935    1942    1360    978     959     938     
464    2016 1092    719     1617    618     984     1835    1100    463     442     526     907     1517    1753    1911    1838    1761    974     568     425     
464    2017 1118    585     1570    343     1115    1854    1130    85      539     914     843     1580    1902    1880    1781    1419    1298    667     465     
464    2018 1180    595     1758    365     1169    1997    1135    572     25      489     1303    1717    1819    2208    1960    1521    1200    682     571     
464    2019 -999999 689     1614    472     1051    1951    -999999 267     590     815     1131    1209    1978    1961    1915    1480    1201    -999999 -999999 
