EUROPEAN CLIMATE ASSESSMENT & DATASET (ECA&D), file created on: 13-11-2019
THESE DATA CAN BE USED FOR NON-COMMERCIAL RESEARCH AND EDUCATION PROVIDED THAT THE FOLLOWING SOURCE IS ACKNOWLEDGED: 

Klein Tank, A.M.G. and Coauthors, 2002. Daily dataset of 20th-century surface
air temperature and precipitation series for the European Climate Assessment.
Int. J. of Climatol., 22, 1441-1453.
Data and metadata available at http://www.ecad.eu

FILE FORMAT (MISSING VALUE CODE = -999999):

THIS FILE HOLDS DATA FOR STATION GERMANY                                  MAISACH-GALGEN                           (STAID:   4871)
LATITUDE: dd:mm:ss +48:12:29
LONGITUDE: ddd:mm:ss +011:12:16
ELEVATION: m  530

DATA IS FOR INDEX Mean of daily mean temperature (TG) with unit 0.01 Temperature (&#176;C)

01-06 SOUID: Source identifier
08-11 YEAR : YYYY
13-20 ANNUAL DATA VALUES
21-28 WINTER HALF YEAR DATA VALUES
29-36 SUMMER HALF YEAR DATA VALUES
37-44 WINTER (DJF) DATA VALUES
45-52 SPRING (MAM) DATA VALUES
53-60 SUMMER (JJA) DATA VALUES
61-68 AUTUMN (SON) DATA VALUES
69-76 JANUARY DATA VALUES
etc. 
157-164 DECEMBER DATA VALUES

4871   1951 846     -999999 1413    -999999 741     1681    889     43      98      263     782     1180    1531    1756    1752    1463    685     527     35      
4871   1952 807     218     1486    -85     869     1860    630     -102    -194    340     1035    1237    1645    2023    1904    1048    742     98      -142    
4871   1953 845     147     1441    -172    922     1655    894     -261    -107    527     938     1302    1504    1786    1670    1431    984     262     35      
4871   1954 734     162     1278    -262    705     1541    882     -448    -385    476     549     1087    1556    1474    1593    1400    953     292     186     
4871   1955 730     182     1322    -70     614     1594    745     -269    -133    36      696     1113    1502    1676    1600    1330    740     164     250     
4871   1956 653     66      1291    -256    688     1502    765     28      -1102   244     586     1230    1281    1697    1522    1411    771     112     -35     
4871   1957 823     293     1303    38      788     1638    814     -208    391     727     721     912     1663    1747    1505    1259    867     314     -46     
4871   1958 805     183     1407    -7      629     1661    866     -166    213     -78     510     1450    1472    1749    1756    1478    794     330     118     
4871   1959 860     273     1452    -52     932     1718    792     -131    -153    643     924     1230    1578    1900    1672    1393    833     148     202     
4871   1960 812     239     1348    9       831     1594    870     -210    37      411     779     1303    1630    1527    1626    1208    857     545     11      
4871   1961 887     366     1455    54      911     1617    1018    -203    385     610     1116    1015    1592    1591    1667    1750    1031    273     -196    
4871   1962 707     178     1353    -85     620     1637    761     37      -97     -6      874     1001    1430    1629    1844    1327    831     122     -554    
4871   1963 689     -139    1405    -689    742     1674    973     -798    -719    236     867     1126    1567    1826    1626    1406    807     711     -473    
4871   1964 785     91      1489    -346    769     1759    832     -496    -51     56      909     1346    1668    1953    1654    1386    655     459     -133    
4871   1965 725     140     1266    -166    623     1562    732     47      -437    205     610     1056    1595    1568    1523    1236    771     188     247     
4871   1966 840     268     1385    126     820     1565    885     -409    584     254     983     1227    1648    1541    1508    1401    1120    126     92      
4871   1967 855     324     1385    61      772     1696    956     -69     171     480     631     1200    1460    1927    1694    1378    1193    291     -147    
4871   1968 777     275     1352    -88     830     1578    844     -214    109     407     933     1152    1588    1616    1529    1282    953     293     -336    
4871   1969 758     143     1390    -214    776     1593    935     -106    -198    223     719     1385    1368    1812    1591    1445    914     447     -561    
4871   1970 759     106     1352    -284    571     1705    897     -210    -61     101     556     1056    1737    1678    1699    1371    816     508     -184    
4871   1971 815     126     1452    -188    776     1701    817     -290    -81     -22     980     1376    1382    1868    1841    1243    917     288     209     
4871   1972 741     314     1293    23      815     1609    645     -225    89      589     716     1136    1469    1734    1619    1062    568     309     -192    
4871   1973 776     114     1408    -157    701     1707    805     -195    -77     259     488     1349    1590    1657    1869    1475    675     269     -110    
4871   1974 860     322     1340    110     830     1607    717     233     219     637     764     1088    1387    1637    1791    1358    429     374     354     
4871   1975 835     319     1412    249     774     1629    843     324     49      357     681     1280    1392    1759    1728    1613    715     205     -141    
4871   1976 811     173     1416    -31     751     1735    842     51      0       199     731     1322    1786    1934    1486    1219    934     369     -326    
4871   1977 863     328     1312    -16     817     1632    883     -35     348     683     581     1180    1561    1743    1588    1202    983     462     18      
4871   1978 743     261     1275    -104    722     1532    792     -92     -251    405     698     1061    1478    1590    1526    1285    829     261     55      
4871   1979 812     204     1344    -133    785     1615    848     -482    45      503     560     1285    1664    1619    1563    1358    867     319     389     
4871   1980 748     317     1278    110     635     1573    824     -307    258     373     469     1056    1447    1500    1769    1408    811     252     -69     
4871   1981 820     216     1410    -180    944     1650    894     -334    -133    738     866     1227    1582    1646    1718    1406    877     400     -212    
4871   1982 870     171     1468    -228    771     1761    1007    -338    -123    398     607     1304    1678    1922    1681    1598    895     534     215     
4871   1983 -999999 366     -999999 97      827     1873    -999999 339     -303    458     880     1145    1635    2189    1787    -999999 -999999 159     -61     
4871   1984 735     -999999 1269    -96     592     1583    834     16      -254    144     611     1023    1456    1660    1628    1221    915     364     -10     
4871   1985 718     77      1403    -358    766     1652    699     -709    -354    220     755     1323    1397    1856    1695    1372    723     1       250     
4871   1986 772     99      1392    -152    827     1648    808     -18     -745    297     709     1472    1553    1668    1720    1210    851     363     64      
4871   1987 753     103     1378    -194    607     1601    956     -556    -79     -32     893     970     1440    1761    1596    1604    904     363     133     
4871   1988 875     328     1437    142     843     1680    813     209     80      263     850     1417    1525    1781    1731    1298    975     162     176     
4871   1989 867     386     1379    143     926     1635    762     28      234     717     722     1334    1427    1762    1708    1300    891     90      135     
4871   1990 871     343     1377    134     899     1678    833     -147    445     647     641     1400    1502    1685    1841    1168    957     371     -95     
4871   1991 771     253     1366    -136    718     1713    809     14      -346    565     691     895     1435    1904    1792    1463    687     282     -216    
4871   1992 905     206     1532    -62     884     1878    852     -65     107     439     754     1455    1655    1898    2075    1327    696     538     -51     
4871   1993 844     244     1451    -12     924     1631    679     241     -249    248     1021    1506    1594    1628    1671    1273    768     -6      339     
4871   1994 995     367     1514    205     943     1893    941     224     35      799     726     1296    1675    2104    1894    1364    710     757     278     
4871   1995 862     392     1424    200     813     1721    841     -118    465     277     888     1277    1398    2036    1720    1202    1151    160     -140    
4871   1996 707     121     1340    -226    700     1656    751     -319    -218    71      827     1207    1679    1636    1655    1023    849     377     -330    
4871   1997 851     236     1407    -140    838     1703    819     -363    317     578     610     1318    1578    1666    1860    1389    749     321     156     
4871   1998 890     332     1473    162     897     1754    783     70      270     420     876     1395    1698    1762    1799    1291    948     103     -1      
4871   1999 889     257     1509    -18     938     1706    882     61      -125    512     845     1453    1536    1835    1742    1626    854     165     84      
4871   2000 952     303     1505    88      990     1734    941     -155    352     514     997     1461    1781    1568    1856    1356    981     483     217     
4871   2001 888     407     1430    113     958     1731    853     -76     206     616     704     1547    1488    1828    1870    1109    1218    219     -142    
4871   2002 952     374     1469    76      907     1822    883     -73     481     544     804     1368    1886    1790    1792    1158    900     592     153     
4871   2003 917     281     1665    -122    966     2092    764     -114    -434    528     870     1497    2145    1923    2208    1326    575     398     -12     
4871   2004 868     232     1447    36      784     1736    930     -40     167     305     916     1135    1597    1750    1855    1415    1029    344     -75     
4871   2005 -999999 -999999 1434    -999999 800     1661    895     -999999 -345    252     883     1266    1669    1753    1561    1460    965     257     -132    
4871   2006 883     120     1497    -228    754     1757    1103    -395    -148    155     829     1280    1681    2113    1476    1591    1153    563     239     
4871   2007 931     551     1481    350     1019    1714    708     412     405     521     1136    1405    1726    1760    1655    1194    776     154     -11     
4871   2008 891     305     1423    161     856     1729    810     221     280     402     768     1394    1692    1743    1751    1171    899     356     -15     
4871   2009 879     181     1537    -168    950     1733    972     -343    -145    307     1140    1408    1516    1790    1885    1468    815     639     3       
4871   2010 774     241     1391    -132    771     1730    795     -321    -71     366     850     1100    1602    1915    1670    1196    739     452     -261    
4871   2011 928     250     1515    -69     990     1696    877     -24     95      493     1102    1378    1605    1599    1882    1514    819     299     320     
4871   2012 893     295     1493    -6      964     1781    893     100     -467    653     851     1385    1687    1791    1862    1363    851     467     109     
4871   2013 836     221     1437    -40     690     1769    894     -19     -229    108     855     1113    1531    1973    1795    1334    973     372     143     
4871   2014 977     442     1442    219     939     1687    1009    203     320     627     1004    1187    1673    1792    1594    1391    1104    528     265     
4871   2015 973     395     1544    78      885     1934    920     130     -185    477     868     1309    1688    2086    2019    1271    799     693     433     
4871   2016 923     473     1489    322     809     1764    921     166     369     376     819     1231    1643    1875    1771    1581    818     367     44      
4871   2017 924     287     1495    -71     948     1873    896     -497    274     719     730     1390    1869    1870    1880    1210    1048    425     126     
4871   2018 1013    338     1671    87      1032    1896    965     389     -293    276     1291    1536    1728    1934    2021    1502    999     393     275     
4871   2019 -999999 416     1524    151     880     1911    -999999 -81     271     624     961     1057    1942    1921    1872    1383    1090    -999999 -999999 
