EUROPEAN CLIMATE ASSESSMENT & DATASET (ECA&D), file created on: 13-11-2019
THESE DATA CAN BE USED FOR NON-COMMERCIAL RESEARCH AND EDUCATION PROVIDED THAT THE FOLLOWING SOURCE IS ACKNOWLEDGED: 

Klein Tank, A.M.G. and Coauthors, 2002. Daily dataset of 20th-century surface
air temperature and precipitation series for the European Climate Assessment.
Int. J. of Climatol., 22, 1441-1453.
Data and metadata available at http://www.ecad.eu

FILE FORMAT (MISSING VALUE CODE = -999999):

THIS FILE HOLDS DATA FOR STATION GERMANY                                  NORVENICH (FLUGPLATZ)                    (STAID:   4473)
LATITUDE: dd:mm:ss +50:49:44
LONGITUDE: ddd:mm:ss +006:39:33
ELEVATION: m  111

DATA IS FOR INDEX Mean of daily mean temperature (TG) with unit 0.01 Temperature (&#176;C)

01-06 SOUID: Source identifier
08-11 YEAR : YYYY
13-20 ANNUAL DATA VALUES
21-28 WINTER HALF YEAR DATA VALUES
29-36 SUMMER HALF YEAR DATA VALUES
37-44 WINTER (DJF) DATA VALUES
45-52 SPRING (MAM) DATA VALUES
53-60 SUMMER (JJA) DATA VALUES
61-68 AUTUMN (SON) DATA VALUES
69-76 JANUARY DATA VALUES
etc. 
157-164 DECEMBER DATA VALUES

4473   2000 -999999 -999999 -999999 -999999 -999999 -999999 1169    -999999 -999999 -999999 -999999 -999999 -999999 1564    1853    1588    1143    777     534     
4473   2001 1075    645     1546    433     1024    1844    1093    305     462     636     881     1552    1582    1959    1982    1292    1407    568     211     
4473   2002 1123    666     1571    424     1053    1858    1068    371     719     721     981     1455    1841    1841    1891    1402    998     807     424     
4473   2003 1117    566     1703    266     1099    2047    1048    226     134     773     1046    1478    1986    2023    2130    1536    765     853     396     
4473   2004 1050    564     1546    389     977     1785    1111    304     471     597     1072    1263    1646    1765    1940    1578    1171    581     190     
4473   2005 1089    548     1575    266     1053    1782    1199    457     139     713     1080    1367    1806    1885    1655    1647    1328    616     311     
4473   2006 1127    483     1660    178     923     1911    1385    28      197     393     925     1450    1778    2320    1630    1842    1419    895     590     
4473   2007 1144    834     1616    631     1222    1797    1005    693     609     778     1361    1530    1822    1829    1743    1402    1000    614     316     
4473   2008 1075    605     1550    472     1035    1809    1020    601     500     590     881     1630    1739    1842    1845    1343    1043    673     185     
4473   2009 1104    -999999 1639    -999999 1129    1837    1183    -73     -999999 610     1293    1474    1626    1927    1950    1549    1027    978     262     
4473   2010 939     495     1514    110     907     1868    996     -106    180     614     1001    1111    1749    2117    1734    1361    993     635     -165    
4473   2011 1126    479     1605    181     1171    1710    1165    298     434     678     1325    1515    1683    1643    1804    1654    1118    723     593     
4473   2012 1057    630     1528    352     1092    1771    1054    435     5       865     900     1505    1581    1780    1947    1436    1050    677     447     
4473   2013 1010    455     1527    255     788     1845    1105    212     90      224     932     1211    1621    2022    1884    1473    1237    602     547     
4473   2014 1170    740     1568    578     1137    1754    1233    555     639     844     1226    1344    1652    1967    1638    1575    1317    804     452     
4473   2015 1119    644     1545    365     973     1870    1095    363     272     627     965     1327    1676    1976    1953    1349    971     969     914     
4473   2016 1097    712     1629    611     959     1857    1126    455     455     498     900     1478    1726    1944    1898    1816    970     598     401     
4473   2017 1121    579     1581    320     1109    1894    1127    16      567     921     840     1558    1950    1927    1809    1399    1302    675     476     
4473   2018 1173    597     1756    364     1153    1999    1135    600     -21     493     1314    1656    1787    2182    2020    1556    1186    661     544     
4473   2019 -999999 669     1613    453     998     1979    -999999 225     606     787     1057    1154    1985    1990    1963    1522    1204    -999999 -999999 
