EUROPEAN CLIMATE ASSESSMENT & DATASET (ECA&D), file created on: 13-11-2019
THESE DATA CAN BE USED FOR NON-COMMERCIAL RESEARCH AND EDUCATION PROVIDED THAT THE FOLLOWING SOURCE IS ACKNOWLEDGED: 

Klein Tank, A.M.G. and Coauthors, 2002. Daily dataset of 20th-century surface
air temperature and precipitation series for the European Climate Assessment.
Int. J. of Climatol., 22, 1441-1453.
Data and metadata available at http://www.ecad.eu

FILE FORMAT (MISSING VALUE CODE = -999999):

THIS FILE HOLDS DATA FOR STATION FINLAND                                  PUDASJARVI LENTOKENTTA                   (STAID:   7694)
LATITUDE: dd:mm:ss +65:23:57
LONGITUDE: ddd:mm:ss +026:58:00
ELEVATION: m  121

DATA IS FOR INDEX Mean of daily mean temperature (TG) with unit 0.01 Temperature (&#176;C)

01-06 SOUID: Source identifier
08-11 YEAR : YYYY
13-20 ANNUAL DATA VALUES
21-28 WINTER HALF YEAR DATA VALUES
29-36 SUMMER HALF YEAR DATA VALUES
37-44 WINTER (DJF) DATA VALUES
45-52 SPRING (MAM) DATA VALUES
53-60 SUMMER (JJA) DATA VALUES
61-68 AUTUMN (SON) DATA VALUES
69-76 JANUARY DATA VALUES
etc. 
157-164 DECEMBER DATA VALUES

7694   1959 189     -999999 926     -999999 148     1429    114     -1267   -582    -220    -67     725     1326    1542    1415    584     111     -368    -1054   
7694   1960 165     -791    1123    -1276   161     1597    11      -1359   -1423   -639    76      1045    1431    1907    1448    799     -261    -497    -617    
7694   1961 274     -531    939     -666    -23     1512    420     -811    -560    -445    -215    584     1546    1705    1286    702     688     -139    -1116   
7694   1962 -999999 -669    -999999 -1080   -999999 1145    275     -1171   -938    -1347   -999999 646     1058    1276    1097    710     269     -154    -1354   
7694   1963 87      -900    1034    -1436   -4      1319    289     -1540   -1410   -1238   72      1156    1150    1412    1391    996     261     -389    -910    
7694   1964 163     -593    876     -892    -39     1310    200     -577    -1208   -765    -110    757     1157    1496    1272    653     447     -534    -725    
7694   1965 45      -609    878     -956    -89     1287    52      -869    -1309   -730    41      425     1278    1362    1220    926     149     -922    -1123   
7694   1966 -66     -1178   877     -1724   -244    1415    167     -1963   -2123   -1168   -254    689     1505    1547    1195    554     17      -72     -852    
7694   1967 182     -586    991     -1118   189     1431    415     -1717   -780    -177    108     634     1219    1475    1594    894     300     54      -1676   
7694   1968 -16     -834    816     -1635   -53     1306    -106    -1892   -1327   -528    -61     429     1379    1304    1239    587     -389    -505    -521    
7694   1969 22      -894    874     -1162   -230    1429    162     -1481   -1520   -999    -128    441     1275    1529    1479    622     228     -366    -926    
7694   1970 98      -719    962     -1275   2       1531    57      -1298   -1637   -392    -189    580     1540    1653    1399    765     127     -724    -782    
7694   1971 6       -758    814     -971    -270    1341    -76     -882    -1278   -1057   -287    535     1272    1444    1306    584     6       -823    -854    
7694   1972 267     -705    1045    -956    24      1628    108     -1004   -1016   -567    22      616     1554    1879    1449    722     103     -499    -115    
7694   1973 115     -426    961     -563    77      1533    -182    -696    -911    -485    22      694     1463    1927    1205    426     -222    -750    -1367   
7694   1974 317     -675    985     -886    0       1483    277     -807    -441    -443    -67     506     1445    1636    1365    1005    211     -383    -275    
7694   1975 210     -378    907     -625    195     1227    240     -844    -770    -246    -18     842     1120    1422    1135    920     128     -323    -913    
7694   1976 -11     -793    847     -1222   -25     1264    -110    -1673   -1072   -907    -42     875     1082    1403    1303    425     -291    -460    -809    
7694   1977 71      -726    812     -1020   -34     1276    75      -1038   -1232   -566    -114    577     1200    1498    1129    556     9       -337    -921    
7694   1978 -44     -742    843     -1203   10      1283    59      -1087   -1644   -548    -202    773     1253    1445    1150    611     7       -439    -1958   
7694   1979 112     -935    946     -1600   51      1437    117     -1470   -1346   -426    -223    794     1379    1538    1393    767     -135    -273    -758    
7694   1980 49      -765    1021    -1122   -1      1504    -60     -1298   -1324   -820    181     643     1639    1602    1276    771     64      -1018   -1165   
7694   1981 43      -923    881     -1128   -174    1288    189     -971    -1259   -1221   -123    824     1084    1595    1178    699     292     -428    -1244   
7694   1982 126     -763    865     -1382   122     1237    272     -1917   -944    -341    49      654     883     1545    1271    756     128     -63     -576    
7694   1983 140     -521    1014    -873    186     1334    25      -785    -1299   -591    245     905     1246    1598    1154    918     187     -1034   -977    
7694   1984 219     -733    996     -924    179     1308    197     -1149   -625    -801    176     1161    1292    1439    1194    686     279     -377    -670    
7694   1985 -100    -909    878     -1638   -64     1397    169     -2315   -1960   -495    -193    492     1279    1546    1362    757     287     -540    -1548   
7694   1986 69      -857    885     -1579   164     1386    253     -1702   -1476   -214    -80     777     1568    1561    1036    422     331     4       -1500   
7694   1987 -69     -902    814     -1630   -104    1191    221     -2062   -1295   -897    -65     649     1195    1336    1041    710     614     -675    -1453   
7694   1988 146     -662    1029    -1124   28      1534    60      -918    -994    -570    -152    801     1473    1846    1282    897     151     -872    -1245   
7694   1989 322     -539    1060    -820    363     1428    214     -658    -530    -87     315     858     1455    1509    1322    885     94      -332    -1010   
7694   1990 227     -531    945     -855    173     1368    2       -1380   -101    -405    258     668     1253    1482    1365    620     166     -787    -435    
7694   1991 172     -686    904     -940    -18     1384    294     -1107   -1316   -701    152     502     1170    1525    1451    600     299     -17     -604    
7694   1992 201     -310    922     -663    143     1308    -112    -748    -636    -167    -286    869     1448    1364    1115    1004    -583    -742    -262    
7694   1993 131     -573    820     -565    134     1243    -96     -715    -735    -425    -80     900     961     1540    1220    339     -115    -514    -881    
7694   1994 133     -817    966     -1244   80      1415    94      -1271   -1618   -573    281     540     1249    1643    1347    715     106     -539    -416    
7694   1995 187     -377    933     -547    150     1387    51      -675    -552    -211    34      622     1518    1374    1272    763     324     -942    -1337   
7694   1996 157     -753    882     -1133   -8      1375    285     -704    -1371   -533    -12     520     1201    1376    1542    639     333     -118    -1055   
7694   1997 160     -572    948     -1061   -97     1547    120     -1139   -980    -495    -296    492     1432    1748    1455    825     -36     -424    -745    
7694   1998 81      -733    880     -1032   -163    1353    150     -905    -1474   -896    -200    605     1263    1599    1195    795     258     -606    -912    
7694   1999 175     -714    1001    -1177   108     1433    341     -1469   -1147   -445    269     504     1601    1573    1131    921     331     -229    -1003   
7694   2000 312     -523    1001    -914    138     1432    442     -913    -820    -515    111     818     1308    1674    1310    757     582     -18     -593    
7694   2001 138     -472    1023    -804    -94     1480    199     -593    -1270   -1001   153     573     1469    1685    1286    954     249     -607    -1335   
7694   2002 145     -680    1105    -1065   198     1584    -138    -1176   -645    -562    266     892     1503    1731    1515    695     -238    -921    -1429   
7694   2003 206     -908    1012    -1361   161     1493    274     -1832   -763    -251    -81     808     1172    1951    1345    843     168     -186    -766    
7694   2004 223     -567    1015    -949    108     1414    230     -1014   -1074   -553    140     737     1229    1670    1337    955     173     -438    -541    
7694   2005 294     -552    1070    -691    -63     1560    472     -605    -953    -984    141     660     1409    1792    1474    921     379     118     -902    
7694   2006 221     -646    1107    -1058   -35     1538    192     -886    -1420   -1215   237     882     1437    1582    1591    888     123     -433    -247    
7694   2007 269     -514    992     -905    256     1448    236     -961    -1570   -97     123     739     1309    1547    1483    722     439     -459    -206    
7694   2008 252     -347    844     -477    -53     1266    268     -608    -626    -641    29      552     1222    1434    1141    619     395     -213    -265    
7694   2009 184     -450    1011    -776    91      1406    257     -1034   -1055   -579    -69     916     1265    1495    1453    977     -141    -53     -1042   
7694   2010 64      -842    1077    -1351   147     1444    126     -1598   -1420   -827    219     1051    1205    1831    1288    838     295     -760    -1458   
7694   2011 323     -871    1143    -1429   196     1581    459     -1070   -1795   -522    308     805     1550    1813    1380    985     412     -19     -129    
7694   2012 120     -419    931     -827    72      1362    291     -1080   -1302   -441    -99     749     1201    1593    1287    830     191     -145    -1393   
7694   2013 294     -699    1121    -1021   -47     1550    339     -952    -686    -1188   -21     1070    1608    1555    1490    998     210     -186    -426    
7694   2014 333     -338    1073    -635    253     1527    220     -1218   -222    -172    131     797     1141    1912    1515    911     6       -251    -589    
7694   2015 359     -389    988     -661    276     1308    448     -960    -409    -129    179     776     1126    1372    1419    1035    258     57      -461    
7694   2016 289     -412    1116    -836    354     1474    217     -1517   -508    -291    253     1098    1321    1754    1341    901     237     -487    -655    
7694   2017 220     -490    853     -769    -80     1364    281     -788    -874    -412    -168    337     1192    1555    1339    842     182     -176    -469    
7694   2018 304     -589    1167    -867    109     1583    413     -809    -1373   -954    111     1170    1203    2038    1494    948     263     35      -600    
7694   2019 -999999 -508    1010    -945    152     1407    -999999 -1408   -814    -536    276     699     1418    1458    1344    848     60      -999999 -999999 
