EUROPEAN CLIMATE ASSESSMENT & DATASET (ECA&D), file created on: 13-11-2019
THESE DATA CAN BE USED FOR NON-COMMERCIAL RESEARCH AND EDUCATION PROVIDED THAT THE FOLLOWING SOURCE IS ACKNOWLEDGED: 

Klein Tank, A.M.G. and Coauthors, 2002. Daily dataset of 20th-century surface
air temperature and precipitation series for the European Climate Assessment.
Int. J. of Climatol., 22, 1441-1453.
Data and metadata available at http://www.ecad.eu

FILE FORMAT (MISSING VALUE CODE = -999999):

THIS FILE HOLDS DATA FOR STATION FINLAND                                  JUUPAJOKI HYYTIALA                       (STAID:   7285)
LATITUDE: dd:mm:ss +61:50:44
LONGITUDE: ddd:mm:ss +024:17:26
ELEVATION: m  153

DATA IS FOR INDEX Mean of daily mean temperature (TG) with unit 0.01 Temperature (&#176;C)

01-06 SOUID: Source identifier
08-11 YEAR : YYYY
13-20 ANNUAL DATA VALUES
21-28 WINTER HALF YEAR DATA VALUES
29-36 SUMMER HALF YEAR DATA VALUES
37-44 WINTER (DJF) DATA VALUES
45-52 SPRING (MAM) DATA VALUES
53-60 SUMMER (JJA) DATA VALUES
61-68 AUTUMN (SON) DATA VALUES
69-76 JANUARY DATA VALUES
etc. 
157-164 DECEMBER DATA VALUES

7285   1959 401     -999999 1067    -999999 323     1523    364     -735    -328    -80     237     810     1378    1695    1490    763     325     4       -799    
7285   1960 307     -496    1098    -965    233     1524    242     -1091   -1006   -428    105     1017    1513    1677    1383    865     106     -242    -270    
7285   1961 444     -223    1023    -350    274     1440    544     -565    -201    -166    90      893     1544    1509    1270    813     749     63      -710    
7285   1962 229     -350    896     -665    29      1179    438     -596    -691    -938    294     738     1103    1307    1124    792     529     -9      -957    
7285   1963 255     -623    1109    -1107   122     1399    450     -1122   -1256   -967    174     1159    1249    1506    1438    1100    414     -162    -581    
7285   1964 312     -411    978     -699    122     1334    408     -402    -1144   -629    171     826     1265    1469    1265    849     584     -216    -389    
7285   1965 249     -320    968     -593    67      1318    286     -520    -891    -538    190     554     1380    1311    1264    1100    434     -679    -691    
7285   1966 178     -749    979     -1266   90      1464    362     -1541   -1600   -495    -78     837     1569    1577    1249    693     330     54      -666    
7285   1967 333     -369    1048    -896    309     1441    614     -1301   -671    -3      127     797     1258    1559    1500    1026    621     196     -1199   
7285   1968 235     -497    1017    -1193   223     1446    153     -1677   -669    -245    283     632     1516    1413    1411    832     15      -401    -330    
7285   1969 187     -615    1020    -886    96      1478    345     -1200   -1154   -657    187     761     1441    1539    1447    808     387     -164    -987    
7285   1970 255     -590    1040    -1162   188     1500    270     -1098   -1427   -316    34      841     1625    1529    1352    841     271     -302    -417    
7285   1971 297     -387    994     -540    83      1427    202     -406    -823    -685    25      908     1310    1573    1393    727     264     -387    -422    
7285   1972 412     -425    1108    -674    160     1624    364     -991    -604    -420    77      820     1590    1820    1460    853     331     -92     54      
7285   1973 324     -141    1053    -294    277     1572    53      -332    -638    -215    155     886     1535    1848    1332    532     78      -451    -963    
7285   1974 462     -358    997     -521    172     1387    485     -428    -151    -236    116     633     1376    1446    1340    1060    356     29      -69     
7285   1975 472     -89     1088    -271    349     1411    482     -328    -427    -128    176     994     1214    1596    1415    1106    362     -18     -395    
7285   1976 170     -481    950     -842    125     1324    148     -1311   -819    -715    51      1038    1185    1421    1362    610     -31     -128    -651    
7285   1977 275     -477    931     -809    173     1341    370     -761    -1037   -297    25      786     1345    1395    1283    733     366     12      -640    
7285   1978 174     -470    968     -946    199     1371    336     -782    -1467   -387    36      945     1392    1479    1243    689     251     72      -1488   
7285   1979 307     -579    1065    -1205   296     1475    348     -1004   -1114   -224    69      1035    1533    1433    1461    834     248     -35     -655    
7285   1980 261     -536    1096    -905    100     1533    271     -1017   -1052   -721    344     685     1648    1609    1346    934     376     -501    -563    
7285   1981 270     -484    1006    -664    98      1360    378     -589    -859    -805    34      1064    1212    1617    1245    830     483     -182    -888    
7285   1982 332     -453    979     -988    282     1359    435     -1326   -724    -96     144     794     1038    1612    1416    837     277     195     -252    
7285   1983 380     -252    1132    -522    345     1427    347     -357    -1005   -428    398     1068    1310    1619    1349    1030    431     -422    -536    
7285   1984 391     -412    1077    -631    322     1348    454     -729    -628    -604    338     1233    1279    1462    1301    822     563     -27     -359    
7285   1985 114     -619    977     -1333   157     1414    368     -1874   -1814   -297    -20     782     1288    1493    1458    835     569     -306    -893    
7285   1986 263     -516    1006    -1097   343     1435    412     -1140   -1277   -118    97      1041    1580    1555    1175    563     442     231     -1095   
7285   1987 97      -694    869     -1377   27      1211    364     -2073   -917    -744    138     690     1216    1391    1025    739     587     -242    -695    
7285   1988 335     -325    1105    -627    171     1566    255     -539    -648    -433    -10     950     1549    1837    1311    964     342     -544    -803    
7285   1989 501     -203    1115    -358    462     1443    405     -135    -112    29      398     957     1479    1554    1297    987     327     -98     -702    
7285   1990 426     -210    1008    -474    376     1377    245     -663    -13     -87     378     836     1310    1439    1380    681     391     -344    -226    
7285   1991 395     -298    991     -547    215     1426    484     -516    -937    -220    245     620     1193    1601    1477    785     469     199     -275    
7285   1992 410     -52     1047    -326    345     1399    143     -336    -371    -13     -22     1059    1488    1446    1266    1025    -204    -381    -68     
7285   1993 317     -262    912     -279    386     1229    66      -338    -448    -157    162     1148    1017    1458    1205    445     189     -440    -515    
7285   1994 302     -546    1036    -880    195     1438    315     -675    -1511   -415    348     656     1186    1772    1349    882     313     -249    -171    
7285   1995 396     -145    1032    -282    269     1467    398     -449    -221    -101    123     779     1586    1428    1391    869     667     -351    -1011   
7285   1996 273     -511    953     -981    151     1363    455     -690    -1261   -465    171     747     1240    1316    1528    691     544     127     -732    
7285   1997 381     -254    1078    -662    139     1624    298     -668    -577    -238    -32     682     1559    1717    1596    924     131     -156    -433    
7285   1998 303     -374    986     -515    82      1340    306     -390    -745    -679    121     806     1298    1495    1226    947     414     -448    -488    
7285   1999 403     -415    1111    -751    272     1535    529     -866    -916    -237    402     656     1705    1647    1258    991     514     83      -474    
7285   2000 511     -174    1055    -452    357     1400    586     -471    -409    -291    395     967     1335    1538    1325    749     746     257     -45     
7285   2001 341     -158    1123    -451    187     1527    447     -346    -1017   -610    395     783     1325    1822    1415    992     591     -191    -999    
7285   2002 367     -281    1202    -643    417     1628    56      -613    -282    -189    398     1042    1471    1732    1675    864     -147    -541    -1044   
7285   2003 356     -654    1079    -1041   293     1486    418     -1294   -759    -148    100     919     1169    1877    1402    977     201     82      -335    
7285   2004 383     -301    1060    -625    317     1370    422     -913    -626    -223    324     849     1140    1515    1449    1065    368     -165    -225    
7285   2005 443     -293    1121    -391    125     1495    647     -288    -687    -794    313     861     1307    1727    1444    1050    582     312     -576    
7285   2006 468     -357    1217    -737    121     1623    591     -624    -1041   -840    295     913     1483    1682    1701    1205    557     10      167     
7285   2007 462     -142    1111    -532    477     1489    441     -530    -1310   142     360     925     1396    1541    1526    896     554     -131    22      
7285   2008 493     -39     1008    -129    330     1333    475     -220    -192    -277    392     877     1264    1475    1258    759     605     58      -106    
7285   2009 382     -170    1120    -452    342     1412    443     -639    -629    -343    316     1050    1270    1527    1435    1097    135     107     -801    
7285   2010 255     -567    1214    -1097   340     1630    295     -1420   -1066   -382    337     1065    1307    2038    1534    968     346     -431    -1327   
7285   2011 507     -618    1237    -1126   363     1635    664     -733    -1339   -290    450     932     1584    1825    1493    1121    580     294     35      
7285   2012 328     -163    1053    -579    324     1414    500     -806    -993    -126    151     943     1200    1635    1400    960     400     143     -1016   
7285   2013 491     -390    1181    -681    181     1558    546     -645    -351    -850    170     1222    1606    1578    1492    994     469     177     -17     
7285   2014 510     -70     1157    -376    454     1531    492     -982    -104    41      382     937     1185    1859    1536    1015    411     54      -257    
7285   2015 553     -73     1080    -308    402     1394    596     -481    -174    5       357     843     1194    1458    1523    1087    417     289     66      
7285   2016 423     -152    1163    -508    471     1467    356     -1338   -236    -104    328     1184    1386    1606    1406    1044    262     -234    -249    
7285   2017 412     -199    939     -394    245     1323    462     -416    -530    -59     62      725     1212    1392    1371    920     355     114     -121    
7285   2018 489     -305    1287    -534    305     1648    586     -463    -1069   -707    301     1323    1360    1962    1612    1127    478     158     -334    
7285   2019 -999999 -173    1135    -497    378     1515    -999999 -887    -247    -204    463     877     1556    1517    1473    906     309     -999999 -999999 
