EUROPEAN CLIMATE ASSESSMENT & DATASET (ECA&D), file created on: 13-11-2019
THESE DATA CAN BE USED FOR NON-COMMERCIAL RESEARCH AND EDUCATION PROVIDED THAT THE FOLLOWING SOURCE IS ACKNOWLEDGED: 

Klein Tank, A.M.G. and Coauthors, 2002. Daily dataset of 20th-century surface
air temperature and precipitation series for the European Climate Assessment.
Int. J. of Climatol., 22, 1441-1453.
Data and metadata available at http://www.ecad.eu

FILE FORMAT (MISSING VALUE CODE = -999999):

THIS FILE HOLDS DATA FOR STATION GERMANY                                  STUTTGART/ECHTERDINGEN                   (STAID:   2763)
LATITUDE: dd:mm:ss +48:41:21
LONGITUDE: ddd:mm:ss +009:13:31
ELEVATION: m  371

DATA IS FOR INDEX Mean of daily mean temperature (TG) with unit 0.01 Temperature (&#176;C)

01-06 SOUID: Source identifier
08-11 YEAR : YYYY
13-20 ANNUAL DATA VALUES
21-28 WINTER HALF YEAR DATA VALUES
29-36 SUMMER HALF YEAR DATA VALUES
37-44 WINTER (DJF) DATA VALUES
45-52 SPRING (MAM) DATA VALUES
53-60 SUMMER (JJA) DATA VALUES
61-68 AUTUMN (SON) DATA VALUES
69-76 JANUARY DATA VALUES
etc. 
157-164 DECEMBER DATA VALUES

2763   1953 922     -999999 1484    -999999 1006    1682    953     -156    37      604     1009    1406    1534    1783    1723    1436    1027    393     199     
2763   1954 830     294     1337    -89     813     1579    961     -290    -185    574     646     1214    1616    1522    1602    1409    996     477     304     
2763   1955 826     318     1391    74      722     1667    822     -73     -17     193     826     1151    1563    1744    1691    1355    775     337     311     
2763   1956 746     182     1347    -157    817     1531    837     143     -977    430     688     1330    1354    1741    1491    1460    816     234     152     
2763   1957 905     401     1378    175     890     1708    865     -86     491     802     845     1022    1718    1834    1571    1270    903     423     49      
2763   1958 893     287     1461    104     713     1714    952     -9      289     70      594     1470    1554    1796    1788    1542    886     430     268     
2763   1959 978     416     1555    143     1031    1801    923     14      148     723     1015    1354    1645    2005    1747    1547    922     300     259     
2763   1960 916     388     1415    170     946     1651    943     44      209     580     880     1374    1724    1574    1657    1271    928     629     98      
2763   1961 985     482     1495    207     984     1646    1092    12      544     695     1151    1111    1622    1622    1693    1772    1097    407     90      
2763   1962 803     321     1405    97      693     1689    858     147     50      114     917     1056    1567    1664    1832    1385    960     227     -331    
2763   1963 785     31      1470    -478    868     1706    1029    -617    -487    390     985     1235    1604    1872    1639    1476    848     768     -361    
2763   1964 919     224     1588    -170    902     1850    941     -309    184     227     1006    1476    1794    2020    1734    1484    775     571     56      
2763   1965 831     294     1345    5       769     1621    814     164     -228    384     739     1184    1644    1624    1595    1274    885     280     349     
2763   1966 951     388     1484    254     944     1656    971     -212    666     384     1067    1386    1738    1624    1609    1477    1216    213     239     
2763   1967 953     449     1472    215     890     1771    1011    74      345     590     764     1313    1543    2015    1747    1429    1245    352     -35     
2763   1968 872     376     1420    33      915     1648    929     -69     213     536     1019    1193    1619    1698    1626    1359    1085    339     -169    
2763   1969 869     265     1480    -72     863     1716    1023    67      -120    355     789     1442    1486    1945    1709    1488    1024    556     -387    
2763   1970 888     239     1463    -133    702     1794    1043    -45     50      228     666     1211    1799    1754    1829    1506    956     669     -16     
2763   1971 938     295     1569    -5      924     1804    911     -72     84      139     1118    1522    1463    2012    1925    1351    1038    340     274     
2763   1972 865     429     1368    153     910     1681    795     -93     287     718     826     1184    1500    1829    1709    1140    803     441     9       
2763   1973 852     280     1459    -3      820     1737    857     -68     54      426     601     1425    1624    1716    1866    1500    742     333     -57     
2763   1974 932     401     1388    208     905     1642    782     358     336     686     846     1180    1475    1668    1776    1368    513     475     455     
2763   1975 902     404     1454    353     801     1702    886     407     179     372     788     1244    1494    1802    1804    1579    732     353     21      
2763   1976 884     273     1470    91      803     1803    888     138     114     271     779     1360    1844    1986    1581    1254    961     448     -148    
2763   1977 918     411     1346    105     837     1681    925     62      433     713     624     1165    1588    1768    1684    1227    1019    525     164     
2763   1978 798     372     1312    38      813     1557    799     53      -116    544     752     1142    1491    1650    1528    1293    834     268     65      
2763   1979 851     216     1369    -126    806     1655    915     -475    50      537     619     1256    1683    1698    1587    1358    966     421     457     
2763   1980 810     421     1332    221     732     1602    838     -99     312     465     615     1114    1502    1538    1762    1450    801     265     -16     
2763   1981 886     268     1446    -84     972     1673    970     -159    -76     758     891     1264    1574    1698    1744    1492    907     513     -39     
2763   1982 940     280     1509    -74     830     1802    1059    -166    -12     456     729     1303    1719    1955    1728    1602    962     616     321     
2763   1983 943     467     1545    220     858     1930    852     412     -105    545     898     1133    1695    2183    1905    1440    918     195     7       
2763   1984 826     242     1333    31      668     1648    917     96      -12     231     716     1059    1480    1752    1707    1270    999     479     97      
2763   1985 809     191     1466    -231    838     1702    809     -594    -191    330     837     1346    1463    1896    1740    1492    859     73      385     
2763   1986 857     207     1443    -24     858     1729    916     113     -630    359     701     1508    1681    1759    1745    1243    980     525     175     
2763   1987 818     225     1414    -95     678     1642    1015    -497    52      107     954     983     1470    1787    1663    1619    963     465     213     
2763   1988 942     420     1457    247     891     1686    891     342     183     339     891     1443    1556    1725    1773    1333    1039    296     345     
2763   1989 952     487     1465    259     990     1728    864     148     288     779     733     1450    1543    1850    1786    1404    995     188     199     
2763   1990 962     464     1440    289     973     1723    897     128     566     706     752     1453    1512    1774    1876    1245    1045    397     48      
2763   1991 882     362     1459    3       811     1812    912     132     -190    689     749     993     1460    2010    1955    1570    780     390     -34     
2763   1992 974     323     1562    75      968     1859    928     46      222     531     852     1517    1642    1890    2039    1406    748     635     131     
2763   1993 935     371     1524    141     1013    1725    744     369     -100    407     1123    1512    1688    1737    1749    1323    835     71      426     
2763   1994 1075    451     1569    310     996     1945    1030    305     188     843     792     1346    1731    2185    1913    1425    844     827     432     
2763   1995 959     509     1506    334     886     1828    934     33      561     371     965     1325    1508    2123    1842    1246    1236    308     -38     
2763   1996 811     254     1411    -93     794     1724    860     -159    -82     241     937     1209    1694    1728    1748    1138    949     489     -190    
2763   1997 947     357     1490    -12     944     1777    905     -275    475     712     749     1366    1601    1719    2006    1475    822     420     266     
2763   1998 969     445     1528    275     1000    1789    848     208     361     587     927     1483    1748    1800    1819    1377    983     179     112     
2763   1999 990     369     1582    139     1020    1778    979     275     20      604     942     1512    1580    1934    1815    1693    926     319     186     
2763   2000 1048    424     1569    231     1053    1790    1042    68      453     592     1065    1504    1845    1630    1895    1463    1050    612     390     
2763   2001 982     547     1485    308     994     1800    943     190     347     678     742     1555    1500    1903    1989    1190    1306    319     2       
2763   2002 1008    466     1502    164     954     1828    980     -38     568     643     885     1334    1875    1793    1818    1293    952     695     261     
2763   2003 1026    418     1719    49      1028    2146    905     2       -132    688     913     1481    2146    1988    2305    1463    685     574     119     
2763   2004 952     365     1513    160     882     1791    1001    81      288     448     991     1209    1643    1827    1900    1498    1073    431     24      
2763   2005 947     344     1542    26      940     1770    1023    138     -95     454     1005    1364    1829    1849    1632    1568    1108    389     50      
2763   2006 999     268     1598    -66     853     1863    1226    -245    4       283     890     1387    1786    2253    1546    1713    1250    714     343     
2763   2007 1035    649     1584    436     1149    1787    842     478     493     604     1323    1524    1786    1817    1757    1284    903     337     74      
2763   2008 992     428     1522    269     972     1815    897     347     396     506     844     1562    1790    1865    1790    1260    947     484     91      
2763   2009 990     309     1632    -25     1068    1832    1050    -230    74      472     1219    1519    1648    1880    1961    1548    905     704     128     
2763   2010 887     356     1506    7       878     1860    891     -214    117     482     996     1160    1750    2083    1745    1289    833     553     -197    
2763   2011 1060    372     1633    54      1140    1789    1025    124     253     661     1251    1513    1747    1682    1936    1660    976     441     427     
2763   2012 1017    450     1596    153     1089    1878    1000    252     -244    806     919     1536    1751    1850    2029    1471    944     588     240     
2763   2013 948     347     1529    104     770     1875    1016    126     -72     224     934     1157    1668    2089    1861    1450    1114    480     275     
2763   2014 1108    579     1568    354     1089    1797    1147    340     458     791     1165    1315    1794    1938    1661    1526    1234    677     361     
2763   2015 1094    537     1648    223     1007    2028    1026    255     34      619     992     1409    1768    2197    2110    1383    918     782     581     
2763   2016 1025    576     1612    426     906     1892    1028    259     438     474     886     1358    1736    2000    1935    1744    898     447     108     
2763   2017 1040    403     1598    70      1058    1970    985     -282    419     831     855     1483    1990    1972    1949    1322    1121    506     272     
2763   2018 1146    464     1797    236     1144    2046    1096    502     -98     426     1377    1638    1882    2131    2120    1618    1126    543     399     
2763   2019 -999999 553     1616    294     967     2008    -999999 62      434     744     1009    1151    2007    2045    1970    1503    1154    -999999 -999999 
