EUROPEAN CLIMATE ASSESSMENT & DATASET (ECA&D), file created on: 13-11-2019
THESE DATA CAN BE USED FOR NON-COMMERCIAL RESEARCH AND EDUCATION PROVIDED THAT THE FOLLOWING SOURCE IS ACKNOWLEDGED: 

Klein Tank, A.M.G. and Coauthors, 2002. Daily dataset of 20th-century surface
air temperature and precipitation series for the European Climate Assessment.
Int. J. of Climatol., 22, 1441-1453.
Data and metadata available at http://www.ecad.eu

FILE FORMAT (MISSING VALUE CODE = -999999):

THIS FILE HOLDS DATA FOR STATION RUSSIAN FEDERATION                       ERBOGACEN                                (STAID:   3210)
LATITUDE: dd:mm:ss +61:16:00
LONGITUDE: ddd:mm:ss +108:01:00
ELEVATION: m  284

DATA IS FOR INDEX Mean of daily mean temperature (TG) with unit 0.01 Temperature (&#176;C)

01-06 SOUID: Source identifier
08-11 YEAR : YYYY
13-20 ANNUAL DATA VALUES
21-28 WINTER HALF YEAR DATA VALUES
29-36 SUMMER HALF YEAR DATA VALUES
37-44 WINTER (DJF) DATA VALUES
45-52 SPRING (MAM) DATA VALUES
53-60 SUMMER (JJA) DATA VALUES
61-68 AUTUMN (SON) DATA VALUES
69-76 JANUARY DATA VALUES
etc. 
157-164 DECEMBER DATA VALUES

3210   1936 -999999 -999999 876     -999999 -487    1466    -880    -999999 -999999 -1651   -454    644     1075    1955    1354    640     -552    -2740   -2282   
3210   1937 -999999 -999999 -999999 -999999 -999999 -999999 -999999 -999999 -999999 -999999 -999999 -999999 -999999 -999999 -999999 -999999 -999999 -999999 -999999 
3210   1938 -999999 -999999 -999999 -999999 -999999 1545    -666    -999999 -999999 -999999 -999999 -999999 1312    1755    1560    646     -602    -2046   -3458   
3210   1939 -462    -2140   971     -2898   -412    1612    -739    -3243   -1898   -1569   -83     426     1715    1640    1484    623     -642    -2200   -1878   
3210   1940 -721    -2089   857     -2776   -422    1498    -820    -3899   -2536   -1414   -379    528     1562    1598    1335    468     -837    -2089   -3027   
3210   1941 -752    -2491   930     -3245   -844    1679    -558    -3507   -3197   -2343   -733    548     1632    1969    1435    690     -407    -1962   -3300   
3210   1942 -682    -2224   814     -3054   -659    1473    -832    -2835   -3026   -1886   -510    425     1428    1836    1153    520     -800    -2217   -2438   
3210   1943 -445    -1919   1013    -2440   -157    1497    -623    -2743   -2108   -1237   -42     813     1346    1749    1391    789     -265    -2406   -2745   
3210   1944 -999999 -1970   -999999 -2624   -420    -999999 -874    -2805   -2301   -1334   -301    380     1322    -999999 1372    649     -735    -2541   -2996   
3210   1945 -584    -2321   1040    -2985   -314    1569    -410    -3258   -2670   -1770   -53     891     1637    1775    1298    664     -218    -1682   -3735   
3210   1946 -751    -2249   810     -3233   -609    1508    -746    -3183   -2734   -1973   -349    503     1302    1853    1364    144     -331    -2067   -3667   
3210   1947 -696    -2418   982     -3544   -285    1549    -722    -3738   -3194   -1575   -79     806     1635    1882    1133    487     -78     -2597   -3199   
3210   1948 -423    -2017   949     -2745   -278    1542    -417    -2645   -2366   -1256   -94     521     1319    1941    1360    616     -273    -1597   -2661   
3210   1949 -586    -1788   876     -2437   -395    1418    -732    -2235   -2414   -1603   -287    709     1305    1629    1315    553     -256    -2507   -3376   
3210   1950 -727    -2305   855     -3104   -586    1532    -849    -3508   -2356   -1839   -545    628     1563    1619    1415    410     -421    -2550   -3235   
3210   1951 -626    -2364   752     -3218   -553    1245    -399    -3185   -3235   -1646   -601    587     1259    1430    1046    763     -310    -1655   -2146   
3210   1952 -886    -2042   835     -2800   -739    1555    -1129   -3335   -2928   -1921   -715    421     1468    1740    1455    607     -969    -3029   -3497   
3210   1953 -583    -2427   930     -3104   -298    1525    -864    -3194   -2570   -1334   -98     545     1530    1891    1155    533     -526    -2611   -2453   
3210   1954 -751    -2308   838     -3007   -697    1623    -756    -3355   -3235   -1767   -644    323     1598    1739    1531    447     -528    -2195   -3095   
3210   1955 -773    -2316   755     -2959   -819    1441    -654    -2332   -3504   -2352   -716    615     1360    1659    1300    265     -448    -1786   -3525   
3210   1956 -781    -2309   724     -3239   -819    1441    -701    -3496   -2659   -1946   -761    252     1440    1754    1129    501     -530    -2078   -3029   
3210   1957 -737    -2230   763     -2976   -667    1450    -914    -2393   -3562   -1912   -511    428     1404    1659    1286    274     -669    -2354   -2706   
3210   1958 -739    -2295   721     -2858   -843    1421    -614    -3339   -2493   -2228   -830    529     1282    1645    1330    323     -462    -1709   -3027   
3210   1959 -651    -1992   814     -2935   -508    1547    -649    -3409   -2309   -1059   -611    142     1646    1586    1413    682     -648    -1981   -3352   
3210   1960 -796    -2455   782     -3282   -808    1432    -773    -3811   -2641   -2295   -491    372     1521    1606    1172    489     -614    -2201   -2699   
3210   1961 -704    -2059   766     -2836   -361    1295    -761    -3323   -2447   -1113   -461    488     1099    1573    1208    659     -872    -2067   -3291   
3210   1962 -623    -2015   794     -2462   -720    1518    -978    -2041   -2012   -1808   -598    251     1447    1800    1305    530     -771    -2700   -2976   
3210   1963 -519    -2060   743     -2532   -637    1477    -524    -2822   -1720   -1361   -863    305     1239    1805    1379    552     -190    -1943   -2693   
3210   1964 -730    -1936   764     -2522   -812    1492    -831    -2155   -2732   -1955   -918    435     1239    1775    1455    554     -888    -2158   -3488   
3210   1965 -848    -2457   752     -3367   -600    1374    -904    -3169   -3452   -1674   -557    434     1074    1659    1378    484     -348    -2867   -3334   
3210   1966 -950    -2656   717     -3528   -933    1370    -866    -3609   -3654   -2228   -1088   512     1312    1506    1291    731     -662    -2675   -3033   
3210   1967 -514    -2171   825     -2736   -495    1477    -581    -2482   -2687   -1554   -501    571     1541    1807    1085    412     -26     -2147   -2349   
3210   1968 -755    -1907   822     -2847   -107    1423    -1024   -3325   -2868   -796    -58     534     1170    1939    1152    159     -580    -2664   -3801   
3210   1969 -950    -2878   746     -4046   -793    1537    -824    -4004   -4363   -1995   -769    384     1224    1898    1477    214     -768    -1920   -3022   
3210   1970 -722    -2267   804     -2991   -706    1457    -724    -3040   -2901   -2001   -445    336     1340    1891    1136    536     -754    -1952   -2943   
3210   1971 -608    -2272   904     -3010   -636    1596    -374    -2443   -3712   -1954   -547    595     1545    1829    1413    554     -285    -1393   -3115   
3210   1972 -781    -2080   802     -3050   -582    1474    -1071   -3464   -2539   -1687   -417    364     1446    1685    1292    410     -845    -2785   -2887   
3210   1973 -575    -2209   800     -2684   -656    1448    -552    -2439   -2730   -1635   -852    514     1394    1611    1339    758     -501    -1915   -2596   
3210   1974 -932    -2300   760     -3258   -669    1409    -1015   -3589   -3624   -1690   -605    289     1247    1526    1448    624     -1134   -2530   -3327   
3210   1975 -490    -2290   928     -3018   -239    1547    -584    -2751   -2970   -1098   -316    694     1619    1770    1254    515     -376    -1898   -2502   
3210   1976 -793    -2106   799     -2800   -669    1399    -827    -2919   -2992   -1998   -404    403     1286    1715    1192    570     -977    -2068   -3388   
3210   1977 -859    -2581   721     -3600   -647    1341    -722    -4032   -3356   -1724   -606    390     1294    1536    1192    489     -859    -1790   -2987   
3210   1978 -576    -2198   813     -2952   -515    1418    -349    -3297   -2532   -1743   -211    418     1269    1635    1345    394     -437    -1000   -2851   
3210   1979 -839    -2219   769     -3379   -753    1487    -910    -4118   -3145   -1811   -805    356     1656    1639    1172    567     -999    -2295   -2433   
3210   1980 -747    -2362   848     -2930   -851    1620    -625    -3633   -2709   -2122   -685    259     1482    1830    1544    622     -455    -2048   -3103   
3210   1981 -586    -2091   854     -2816   -354    1330    -851    -2579   -2760   -1666   -160    771     1226    1618    1143    495     -796    -2253   -2222   
3210   1982 -731    -2165   876     -2647   -561    1504    -1138   -3285   -2411   -2050   -121    502     1455    1743    1312    337     -1196   -2552   -2607   
3210   1983 -535    -2187   722     -2659   -618    1356    -366    -2575   -2810   -1452   -738    332     1253    1491    1320    641     -534    -1199   -2300   
3210   1984 -750    -1933   835     -2692   -694    1582    -1046   -3075   -2703   -1813   -960    681     1500    1845    1398    500     -1019   -2620   -2814   
3210   1985 -792    -2578   860     -3351   -580    1523    -648    -3566   -3708   -1850   -394    510     1785    1584    1209    442     -393    -2003   -3298   
3210   1986 -545    -2142   946     -2980   -540    1646    -510    -3450   -2106   -1596   -502    481     1500    1991    1440    681     -398    -1816   -2847   
3210   1987 -860    -2176   705     -2954   -828    1383    -1052   -3347   -2636   -2046   -727    291     1053    1689    1397    481     -701    -2948   -2953   
3210   1988 -575    -2389   826     -2946   -638    1378    -335    -2760   -3138   -1900   -490    480     1225    1577    1327    804     -270    -1541   -2301   
3210   1989 -511    -1650   713     -2300   -412    1271    -574    -2778   -1769   -1250   -652    659     1073    1487    1245    423     -394    -1758   -2502   
3210   1990 -456    -1859   933     -2890   22      1507    -510    -3556   -2583   -429    -479    957     1365    1628    1525    556     -204    -1893   -2525   
3210   1991 -633    -2075   926     -2795   -654    1590    -524    -2952   -2921   -2029   -433    507     1334    1963    1466    683     -528    -1727   -3100   
3210   1992 -481    -1829   836     -2442   -501    1564    -784    -1995   -2217   -1432   -926    840     1411    1769    1506    360     -165    -2569   -2464   
3210   1993 -386    -1655   843     -2177   -274    1555    -628    -2085   -1964   -741    -479    393     1277    1921    1458    444     -364    -1974   -2642   
3210   1994 -712    -2162   831     -3078   -566    1548    -611    -3693   -2880   -1482   -595    377     1367    1928    1344    526     -345    -2022   -3211   
3210   1995 -429    -1969   805     -2592   -690    1496    -361    -2378   -2144   -1735   -611    278     1452    1598    1436    644     -243    -1489   -2068   
3210   1996 -684    -1831   803     -2591   -533    1525    -792    -3242   -2453   -1521   -579    499     1343    1980    1245    283     -662    -2001   -3157   
3210   1997 -514    -2133   1034    -2831   -244    1505    -603    -2976   -2309   -1707   283     710     1343    1770    1396    676     -354    -2138   -2962   
3210   1998 -689    -2076   908     -2920   -395    1665    -1183   -3539   -2189   -1289   -282    391     1459    1796    1734    314     -790    -3084   -2894   
3210   1999 -703    -2555   879     -2992   -709    1432    -698    -3664   -2356   -2536   -457    874     1205    1876    1207    523     -766    -1850   -2577   
3210   2000 -823    -2147   898     -2877   -495    1566    -964    -3340   -2704   -1671   -389    578     1656    1609    1435    467     -796    -2569   -4198   
3210   2001 -628    -2681   958     -3675   -631    1783    -425    -3647   -3127   -1786   -713    604     1782    1992    1575    465     -423    -1318   -3092   
3210   2002 -502    -1740   983     -2571   -243    1649    -722    -2453   -2125   -1051   -565    877     1534    1996    1414    595     -610    -2155   -3597   
3210   2003 -432    -2090   927     -2899   -342    1593    -667    -2804   -2231   -1159   -283    418     1503    1852    1421    622     -504    -2127   -2015   
3210   2004 -632    -1920   811     -2446   -565    1447    -473    -2758   -2574   -1593   -469    370     1471    1600    1272    594     -422    -1593   -3524   
3210   2005 -549    -2110   1005    -3109   -296    1584    -547    -2720   -3081   -1397   -352    859     1596    1826    1329    737     -390    -1993   -3179   
3210   2006 -746    -2308   845     -3269   -634    1526    -895    -3779   -2803   -1742   -702    540     1543    1832    1203    623     -895    -2413   -2487   
3210   2007 -441    -2087   947     -2451   -406    1461    -454    -1971   -2943   -1908   64      642     1338    1631    1410    573     -311    -1629   -2355   
3210   2008 -499    -1697   831     -2472   -309    1506    -551    -3041   -1989   -873    -681    615     1702    1558    1264    498     -131    -2034   -2925   
3210   2009 -764    -2177   962     -2991   -543    1560    -818    -2797   -3278   -2001   -18     405     1624    1701    1356    684     -479    -2672   -3848   
3210   2010 -736    -2522   836     -3366   -603    1497    -596    -3222   -2993   -1968   -582    742     1488    1761    1242    325     -563    -1552   -3646   
3210   2011 -414    -2062   1051    -3118   -30     1618    -535    -3076   -2579   -988    47      853     1624    1756    1473    525     -132    -2011   -2614   
3210   2012 -692    -2052   953     -2780   -523    1504    -718    -3226   -2482   -1875   -410    720     1394    1902    1212    868     -705    -2318   -3430   
3210   2013 -493    -2354   948     -3101   -458    1560    -466    -3196   -2632   -1868   -316    815     1608    1639    1433    473     -433    -1438   -2134   
