EUROPEAN CLIMATE ASSESSMENT & DATASET (ECA&D), file created on: 13-11-2019
THESE DATA CAN BE USED FOR NON-COMMERCIAL RESEARCH AND EDUCATION PROVIDED THAT THE FOLLOWING SOURCE IS ACKNOWLEDGED: 

Klein Tank, A.M.G. and Coauthors, 2002. Daily dataset of 20th-century surface
air temperature and precipitation series for the European Climate Assessment.
Int. J. of Climatol., 22, 1441-1453.
Data and metadata available at http://www.ecad.eu

FILE FORMAT (MISSING VALUE CODE = -999999):

THIS FILE HOLDS DATA FOR STATION FINLAND                                  EURAJOKI VERKKOKARI                      (STAID:   7067)
LATITUDE: dd:mm:ss +61:13:59
LONGITUDE: ddd:mm:ss +021:37:59
ELEVATION: m    4

DATA IS FOR INDEX Mean of daily mean temperature (TG) with unit 0.01 Temperature (&#176;C)

01-06 SOUID: Source identifier
08-11 YEAR : YYYY
13-20 ANNUAL DATA VALUES
21-28 WINTER HALF YEAR DATA VALUES
29-36 SUMMER HALF YEAR DATA VALUES
37-44 WINTER (DJF) DATA VALUES
45-52 SPRING (MAM) DATA VALUES
53-60 SUMMER (JJA) DATA VALUES
61-68 AUTUMN (SON) DATA VALUES
69-76 JANUARY DATA VALUES
etc. 
157-164 DECEMBER DATA VALUES

7067   1975 -999999 -999999 -999999 -999999 -999999 -999999 669     -999999 -999999 -999999 -999999 -999999 -999999 1604    1474    1241    527     225     -39     
7067   1976 290     -238    978     -517    189     1334    304     -980    -533    -593    167     990     1179    1448    1371    680     172     65      -508    
7067   1977 391     -305    970     -640    249     1350    513     -486    -956    -166    106     804     1338    1378    1335    838     543     158     -301    
7067   1978 310     -234    992     -611    243     1366    522     -439    -1145   -295    126     896     1384    1422    1291    813     466     287     -1186   
7067   1979 408     -391    1109    -1010   351     1493    526     -848    -995    -106    154     999     1489    1495    1495    1002    415     165     -462    
7067   1980 399     -343    1158    -694    182     1581    454     -731    -904    -563    372     744     1630    1668    1445    1074    494     -206    -282    
7067   1981 379     -284    1053    -463    172     1419    510     -492    -632    -617    93      1038    1267    1624    1362    906     594     28      -693    
7067   1982 447     -308    1052    -833    342     1417    612     -1120   -673    -9      207     824     1107    1589    1544    1014    435     392     -18     
7067   1983 509     -59     1164    -295    411     1428    566     -87     -830    -307    477     1066    1301    1573    1405    1142    657     -104    -291    
7067   1984 507     -206    1136    -415    322     1435    614     -513    -443    -556    327     1195    1371    1518    1415    965     731     142     -102    
7067   1985 225     -441    1017    -1099   162     1461    534     -1573   -1678   -264    -6      750     1318    1516    1546    953     736     -95     -650    
7067   1986 386     -337    1052    -891    396     1462    579     -875    -1175   -36     190     1028    1549    1564    1277    680     634     422     -738    
7067   1987 237     -481    935     -1095   72      1274    541     -1764   -751    -688    195     713     1197    1442    1180    864     715     39      -345    
7067   1988 496     -76     1192    -302    293     1607    462     -229    -334    -314    156     1032    1582    1851    1387    1119    520     -255    -597    
7067   1989 635     -4      1193    -161    567     1492    587     58      80      169     551     979     1466    1582    1428    1140    533     91      -487    
7067   1990 605     35      1122    -203    531     1492    415     -247    161     172     567     856     1374    1555    1542    816     541     -117    -1      
7067   1991 552     -73     1089    -291    375     1482    630     -257    -650    -10     422     713     1191    1624    1622    940     612     338     -20     
7067   1992 565     142     1131    -81     456     1481    350     -63     -165    136     165     1058    1523    1505    1415    1102    24      -66     117     
7067   1993 -999999 -42     -999999 -66     520     -999999 -999999 -95     -236    -17     356     1217    1113    -999999 -999999 -999999 -999999 -999999 -999999 
