EUROPEAN CLIMATE ASSESSMENT & DATASET (ECA&D), file created on: 13-11-2019
THESE DATA CAN BE USED FOR NON-COMMERCIAL RESEARCH AND EDUCATION PROVIDED THAT THE FOLLOWING SOURCE IS ACKNOWLEDGED: 

Klein Tank, A.M.G. and Coauthors, 2002. Daily dataset of 20th-century surface
air temperature and precipitation series for the European Climate Assessment.
Int. J. of Climatol., 22, 1441-1453.
Data and metadata available at http://www.ecad.eu

FILE FORMAT (MISSING VALUE CODE = -999999):

THIS FILE HOLDS DATA FOR STATION GERMANY                                  BRAUNLAGE (AWST)                         (STAID:    824)
LATITUDE: dd:mm:ss +51:43:48
LONGITUDE: ddd:mm:ss +010:36:00
ELEVATION: m  607

DATA IS FOR INDEX Mean of daily mean temperature (TG) with unit 0.01 Temperature (&#176;C)

01-06 SOUID: Source identifier
08-11 YEAR : YYYY
13-20 ANNUAL DATA VALUES
21-28 WINTER HALF YEAR DATA VALUES
29-36 SUMMER HALF YEAR DATA VALUES
37-44 WINTER (DJF) DATA VALUES
45-52 SPRING (MAM) DATA VALUES
53-60 SUMMER (JJA) DATA VALUES
61-68 AUTUMN (SON) DATA VALUES
69-76 JANUARY DATA VALUES
etc. 
157-164 DECEMBER DATA VALUES

824    1931 553     -999999 1109    -999999 536     1331    553     -245    -325    -227    345     1485    1318    1400    1275    802     545     312     -122    
824    1932 631     48      1195    -119    408     1484    688     118     -369    -214    406     1033    1228    1589    1628    1265    621     181     39      
824    1933 539     79      1095    -207    520     1378    629     -414    -249    265     393     899     1151    1554    1423    1131    681     73      -494    
824    1934 751     64      1263    -186    669     1451    786     -76     33      163     787     1059    1423    1544    1385    1375    736     250     287     
824    1935 584     157     1098    -25     406     1425    675     -281    -88     15      436     768     1434    1449    1393    1100    574     356     -180    
824    1936 611     164     1086    -80     523     1387    544     88      -153    281     314     967     1413    1376    1371    1059    402     176     0       
824    1937 622     36      1186    -114    575     1412    685     -288    -48     -27     526     1225    1353    1416    1465    1114    838     96      -251    
824    1938 632     169     1086    -149    508     1426    787     -56     -138    492     213     809     1299    1398    1575    1202    627     537     -424    
824    1939 589     113     1140    -134    407     1455    599     37      -4      -92     554     763     1393    1442    1527    1151    362     291     -378    
824    1940 -999999 -999999 -999999 -999999 -999999 1290    586     -929    -999999 -999999 -999999 884     1436    1295    1145    942     523     296     -476    
824    1941 507     -999999 1007    -999999 283     1389    525     -999999 -276    27      196     622     1393    1596    1178    1041    572     -41     -38     
824    1942 502     -220    1116    -611    437     1341    775     -1019   -792    -52     435     928     1180    1303    1535    1303    882     137     91      
824    1943 675     236     1169    1       676     1398    693     -202    125     369     647     1012    1180    1496    1511    1151    859     62      -155    
824    1944 617     55      1166    -136    411     1480    626     86      -352    -196    549     918     1185    1492    1755    1056    660     161     -72     
824    1945 -999999 -999999 -999999 -999999 -999999 -999999 -999999 -999999 -999999 -999999 -999999 -999999 -999999 -999999 -999999 -999999 -999999 -999999 -999999 
824    1946 -999999 -999999 -999999 -999999 -999999 -999999 602     -999999 -999999 -999999 -999999 -999999 -999999 1576    1301    1140    487     183     -463    
824    1947 602     -241    1342    -714    606     1569    797     -647    -1068   -6      610     1215    1498    1580    1627    1510    626     261     -91     
824    1948 696     185     1176    -72     764     1339    701     87      -221    426     774     1090    1297    1357    1363    1164    618     322     39      
824    1949 700     155     1216    8       564     1365    851     -35     22      -45     742     1001    1115    1515    1457    1457    909     186     35      
824    1950 615     197     1167    -64     580     1492    593     -301    88      254     337     1140    1501    1472    1504    1024    570     184     -430    
824    1951 643     20      1116    -184    402     1386    760     -48     -61     -97     440     865     1247    1447    1458    1224    622     438     143     
824    1952 526     119     1121    -97     552     1408    367     -235    -204    -61     784     940     1204    1505    1507    765     439     -106    -255    
824    1953 716     2       1181    -239    707     1403    805     -254    -203    366     666     1086    1406    1433    1368    1112    915     383     249     
824    1954 538     114     1035    -279    507     1259    700     -565    -548    192     323     1000    1332    1122    1326    1093    791     214     98      
824    1955 530     26      1062    -217    296     1377    667     -306    -466    -215    405     703     1192    1489    1443    1126    609     267     48      
824    1956 449     -67     1001    -430    419     1195    610     -267    -1115   2       238     1011    1028    1438    1115    1158    628     45      35      
824    1957 636     196     1051    18      543     1394    625     -110    141     426     506     696     1455    1512    1217    913     753     204     -112    
824    1958 575     41      1085    -134    307     1340    719     -218    -65     -324    220     1022    1179    1415    1420    1235    743     178     48      
824    1959 731     210     1263    -38     717     1538    724     -195    42      424     709     1016    1381    1712    1515    1227    730     213     -45     
824    1960 602     116     1068    -133    548     1290    720     -199    -157    139     478     1023    1340    1247    1285    1023    735     400     -112    
824    1961 663     230     1130    -59     632     1275    835     -307    275     401     802     700     1352    1182    1293    1458    841     207     -245    
824    1962 457     34      949     -191    295     1174    604     -69     -265    -285    559     621     1123    1163    1235    986     742     80      -445    
824    1963 509     -188    1142    -700    553     1383    763     -959    -693    107     580     972     1335    1486    1325    1143    619     531     -405    
824    1964 590     10      1189    -281    480     1430    627     -257    -174    -250    577     1116    1454    1512    1324    1137    501     248     -124    
824    1965 514     15      1012    -210    411     1235    573     -110    -416    -44     427     851     1288    1183    1235    1080    750     -118    -30     
824    1966 617     48      1138    -143    580     1355    677     -462    86      59      600     1081    1454    1288    1327    1070    906     47      -81     
824    1967 661     179     1131    -54     545     1408    760     -108    35      258     385     988     1202    1627    1388    1175    887     214     -165    
824    1968 591     94      1134    -233    541     1399    726     -321    -213    148     678     801     1359    1362    1475    1121    845     207     -390    
824    1969 559     -27     1154    -303    364     1447    793     -66     -470    -324    416     1002    1266    1645    1425    1152    979     241     -625    
824    1970 540     -51     1070    -468    309     1420    719     -384    -388    -150    181     893     1523    1307    1434    1068    663     429     -155    
824    1971 647     98      1174    -114    528     1431    614     -68     -118    -175    575     1183    1134    1568    1581    977     752     108     179     
824    1972 576     158     1030    -74     524     1346    534     -484    96      294     416     859     1186    1533    1315    851     556     194     77      
824    1973 607     138     1130    -40     450     1465    620     -69     -136    181     198     962     1367    1460    1567    1210    557     95      -165    
824    1974 634     170     1044    12      579     1260    538     140     68      311     585     842     1122    1206    1447    1054    308     262     225     
824    1975 694     191     1213    155     471     1540    696     243     -20     114     375     921     1248    1626    1738    1349    655     86      -70     
824    1976 619     34      1192    -119    416     1547    701     -178    -110    -186    421     1013    1496    1709    1436    1055    782     264     -291    
824    1977 630     162     1017    -141    490     1333    709     -160    46      325     247     891     1304    1352    1343    948     922     251     40      
824    1978 540     155     990     -161    518     1228    654     -172    -371    215     398     936     1175    1264    1244    909     757     293     -237    
824    1979 522     -39     1061    -445    438     1324    632     -617    -483    21      338     953     1429    1238    1307    1088    680     127     119     
824    1980 515     91      1028    -97     390     1278    580     -428    27      16      355     799     1198    1240    1394    1168    552     22      -169    
824    1981 579     42      1130    -252    675     1331    635     -307    -284    409     509     1101    1258    1361    1371    1166    545     196     -429    
824    1982 702     29      1226    -251    522     1522    855     -174    -139    165     388     1009    1387    1689    1485    1383    775     410     -5      
824    1983 693     198     1232    -67     542     1608    686     152     -377    182     588     857     1386    1810    1623    1111    688     261     -48     
824    1984 554     60      1002    -168    373     1274    729     -170    -294    -95     377     837     1066    1261    1487    963     812     410     -39     
824    1985 513     21      1083    -389    545     1271    537     -657    -480    44      453     1136    1046    1421    1337    1084    713     -191    163     
824    1986 550     -56     1075    -314    505     1372    687     -254    -910    53      303     1153    1338    1436    1340    856     770     433     -35     
824    1987 490     -37     1049    -354    318     1254    707     -808    -203    -382    631     715     1103    1396    1260    1179    705     237     17      
824    1988 650     175     1132    46      542     1354    635     171     -56     -36     488     1171    1262    1402    1395    1056    733     113     68      
824    1989 754     273     1181    120     669     1412    771     168     125     413     435     1151    1292    1501    1438    1250    855     204     165     
824    1990 707     347     1124    183     694     1403    638     49      353     455     483     1138    1235    1357    1612    895     805     208     -137    
824    1991 604     141     1080    -211    512     1383    688     -60     -459    434     429     670     1013    1645    1478    1224    606     237     -56     
824    1992 692     168     1250    -4      608     1583    570     -56     107     170     466     1184    1535    1590    1622    1085    367     266     -47     
824    1993 599     93      1127    -63     709     1257    448     -14     -135    102     813     1216    1259    1285    1228    947     555     -161    37      
824    1994 697     72      1205    -89     599     1560    672     17      -346    285     528     981     1292    1892    1486    1027    520     473     120     
824    1995 631     168     1171    11      486     1509    698     -225    153     -21     568     915     1148    1743    1624    1002    980     103     -448    
824    1996 457     -78     1030    -446    372     1333    561     -496    -391    -227    537     811     1247    1277    1471    819     687     171     -450    
824    1997 642     82      1155    -227    540     1489    600     -339    143     290     333     992     1279    1430    1751    1121    514     168     -9      
824    1998 639     192     1140    80      662     1329    508     20      244     219     610     1154    1325    1295    1365    1078    523     -78     -113    
824    1999 696     84      1231    -71     652     1399    764     91      -204    252     633     1070    1205    1624    1362    1481    660     154     -37     
824    2000 725     165     1195    -27     736     1345    785     -130    93      245     753     1209    1363    1203    1469    1163    803     387     128     
824    2001 657     210     1142    1       546     1445    731     -105    -23     51      420     1161    1136    1599    1590    917     1061    203     -189    
824    2002 701     256     1219    1       627     1526    652     -35     250     244     498     1135    1398    1479    1696    1087    533     340     -238    
824    2003 711     78      1311    -254    673     1667    655     -214    -317    334     549     1133    1604    1605    1788    1165    356     456     7       
824    2004 644     120     1147    -81     562     1400    697     -239    -5      149     678     865     1236    1364    1595    1135    752     201     -28     
824    2005 679     119     1197    -122    593     1392    860     -19     -341    107     684     990     1312    1536    1326    1324    983     271     -97     
824    2006 745     75      1303    -233    478     1581    1010    -348    -255    -129    512     1051    1415    2020    1302    1505    1006    520     281     
824    2007 747     430     1234    212     836     1426    587     192     158     402     936     1174    1463    1415    1400    1007    598     156     21      
824    2008 700     195     1189    106     591     1479    661     148     151     91      459     1220    1429    1550    1455    998     687     296     -103    
824    2009 682     95      1272    -195    754     1427    767     -332    -146    151     1019    1100    1185    1503    1585    1229    541     538     -225    
824    2010 538     8       1170    -393    500     1546    604     -633    -315    129     612     763     1406    1818    1409    996     627     189     -594    
824    2011 754     41      1272    -291    783     1422    840     -104    -163    274     956     1126    1423    1351    1491    1280    772     472     113     
824    2012 667     232     1181    -131    756     1410    686     -59     -470    524     545     1192    1209    1450    1564    1106    663     290     -72     
824    2013 617     -12     1176    -219    343     1530    697     -257    -341    -375    483     927     1329    1707    1546    1041    824     223     222     
824    2014 806     332     1247    129     795     1446    922     -31     203     536     888     964     1296    1732    1305    1290    989     485     -14     
824    2015 749     265     1195    -49     576     1546    742     -40     -99     239     565     924     1268    1602    1760    1026    640     564     469     
824    2016 729     288     1301    130     597     1539    765     -117    31      132     512     1143    1482    1616    1517    1524    605     170     116     
824    2017 720     183     1201    -56     708     1499    741     -319    43      468     453     1195    1475    1522    1498    1041    901     277     29      
824    2018 823     132     1480    -112    786     1712    849     78      -480    -69     1022    1412    1524    1856    1749    1299    891     354     147     
824    2019 -999999 315     1302    83      655     1684    -999999 -189    313     375     740     852     1757    1602    1697    1155    877     -999999 -999999 
