EUROPEAN CLIMATE ASSESSMENT & DATASET (ECA&D), file created on: 13-11-2019
THESE DATA CAN BE USED FOR NON-COMMERCIAL RESEARCH AND EDUCATION PROVIDED THAT THE FOLLOWING SOURCE IS ACKNOWLEDGED: 

Klein Tank, A.M.G. and Coauthors, 2002. Daily dataset of 20th-century surface
air temperature and precipitation series for the European Climate Assessment.
Int. J. of Climatol., 22, 1441-1453.
Data and metadata available at http://www.ecad.eu

FILE FORMAT (MISSING VALUE CODE = -999999):

THIS FILE HOLDS DATA FOR STATION SPAIN                                    CALAMOCHA                                (STAID:   3964)
LATITUDE: dd:mm:ss +40:55:33
LONGITUDE: ddd:mm:ss -001:17:35
ELEVATION: m  890

DATA IS FOR INDEX Mean of daily mean temperature (TG) with unit 0.01 Temperature (&#176;C)

01-06 SOUID: Source identifier
08-11 YEAR : YYYY
13-20 ANNUAL DATA VALUES
21-28 WINTER HALF YEAR DATA VALUES
29-36 SUMMER HALF YEAR DATA VALUES
37-44 WINTER (DJF) DATA VALUES
45-52 SPRING (MAM) DATA VALUES
53-60 SUMMER (JJA) DATA VALUES
61-68 AUTUMN (SON) DATA VALUES
69-76 JANUARY DATA VALUES
etc. 
157-164 DECEMBER DATA VALUES

3964   1992 -999999 -999999 -999999 -999999 -999999 -999999 1177    -999999 -999999 -999999 -999999 -999999 -999999 -999999 2163    1756    971     812     398     
3964   1993 1042    543     1589    279     917     1967    975     244     185     623     841     1285    1775    1996    2123    1490    911     528     440     
3964   1994 1213    586     1725    386     1042    2208    1189    253     474     896     719     1502    1826    2448    2336    1483    1197    887     470     
3964   1995 1197    706     1629    498     1001    1996    1246    386     653     643     906     1451    1748    2244    1987    1412    1434    886     570     
3964   1996 1111    738     1557    478     967     1886    1124    558     295     660     932     1309    1760    1995    1900    1426    1174    770     516     
3964   1997 1191    732     1642    544     1089    1854    1311    363     775     796     1046    1425    1598    1846    2109    1814    1368    750     376     
3964   1998 1141    751     1631    506     957     2024    1098    477     681     846     797     1223    1877    2125    2065    1683    1075    535     269     
3964   1999 1130    531     1687    289     1032    1987    1145    297     302     687     888     1516    1731    2065    2155    1741    1281    409     409     
3964   2000 1150    599     1667    380     1037    1946    1178    72      679     745     899     1462    1753    1994    2084    1793    1107    638     561     
3964   2001 1165    735     1689    512     1149    2080    1127    523     445     1104    951     1387    1941    2071    2224    1538    1446    388     -106    
3964   2002 1259    633     1691    348     1080    2034    1274    491     691     884     1038    1316    2021    2088    1991    1681    1307    832     735     
3964   2003 1252    755     1810    498     1101    2241    1223    362     386     875     1020    1405    2167    2235    2317    1700    1120    825     474     
3964   2004 -999999 -999999 -999999 -999999 880     -999999 1276    569     457     619     818     1191    -999999 2082    2147    1830    1424    565     367     
3964   2005 -999999 -999999 -999999 -999999 1164    -999999 -999999 230     -999999 717     1110    1620    2086    2241    2077    1672    1362    646     299     
3964   2006 -999999 -999999 -999999 -999999 -999999 -999999 -999999 307     -999999 -999999 -999999 -999999 -999999 -999999 -999999 -999999 -999999 -999999 -999999 
3964   2007 -999999 -999999 -999999 -999999 -999999 -999999 -999999 -999999 -999999 -999999 -999999 -999999 -999999 -999999 -999999 -999999 -999999 -999999 303     
3964   2008 1173    -999999 1696    491     1061    2016    1096    528     652     709     1120    1356    1729    2137    2173    1643    1172    470     365     
3964   2009 1271    585     1812    355     1082    2222    1374    266     445     778     868     1592    1999    2314    2346    1727    1418    976     463     
3964   2010 1144    712     1684    399     984     2030    -999999 271     469     659     1101    1196    1706    2254    2126    1722    -999999 581     412     
3964   2011 1282    -999999 1840    454     1225    2067    1352    393     567     745     1355    1579    1859    2026    2310    1898    1275    887     444     
3964   2012 1209    640     1786    312     1068    2173    1256    363     116     727     884     1586    2061    2113    2342    1705    1295    767     497     
3964   2013 1169    710     1639    457     927     2011    1310    466     403     805     935     1041    1626    2247    2148    1822    1446    659     372     
3964   2014 1327    742     1820    506     1173    2071    1517    596     555     806     1325    1394    1940    2049    2221    1982    1599    968     444     
3964   2015 1326    763     1887    389     1218    2267    1313    365     354     814     1197    1644    2008    2526    2259    1664    1309    966     728     
3964   2016 1283    817     1795    669     978     2179    1371    686     589     616     947     1370    1934    2303    2291    1904    1466    741     516     
3964   2017 1322    787     1886    497     1258    2280    1288    294     700     997     1087    1684    2239    2302    2298    1684    1489    683     361     
3964   2018 1268    690     1821    401     1080    2140    1349    558     273     738     1109    1393    1838    2304    2269    1996    1230    827     607     
3964   2019 -999999 745     1794    527     1030    2228    -999999 309     681     813     977     1297    2039    2358    2282    1795    1454    -999999 -999999 
