EUROPEAN CLIMATE ASSESSMENT & DATASET (ECA&D), file created on: 13-11-2019
THESE DATA CAN BE USED FOR NON-COMMERCIAL RESEARCH AND EDUCATION PROVIDED THAT THE FOLLOWING SOURCE IS ACKNOWLEDGED: 

Klein Tank, A.M.G. and Coauthors, 2002. Daily dataset of 20th-century surface
air temperature and precipitation series for the European Climate Assessment.
Int. J. of Climatol., 22, 1441-1453.
Data and metadata available at http://www.ecad.eu

FILE FORMAT (MISSING VALUE CODE = -999999):

THIS FILE HOLDS DATA FOR STATION FINLAND                                  VIROLAHTI KOIVUNIEMI                     (STAID:   7210)
LATITUDE: dd:mm:ss +60:31:37
LONGITUDE: ddd:mm:ss +027:40:32
ELEVATION: m    5

DATA IS FOR INDEX Mean of daily mean temperature (TG) with unit 0.01 Temperature (&#176;C)

01-06 SOUID: Source identifier
08-11 YEAR : YYYY
13-20 ANNUAL DATA VALUES
21-28 WINTER HALF YEAR DATA VALUES
29-36 SUMMER HALF YEAR DATA VALUES
37-44 WINTER (DJF) DATA VALUES
45-52 SPRING (MAM) DATA VALUES
53-60 SUMMER (JJA) DATA VALUES
61-68 AUTUMN (SON) DATA VALUES
69-76 JANUARY DATA VALUES
etc. 
157-164 DECEMBER DATA VALUES

7210   1977 372     -999999 1047    -999999 249     1461    491     -795    -988    -300    147     895     1412    1534    1435    836     454     183     -452    
7210   1978 263     -359    1062    -848    298     1435    468     -810    -1329   -279    152     1017    1367    1550    1387    871     347     188     -1408   
7210   1979 385     -528    1121    -1182   290     1552    519     -950    -1189   -195    111     950     1495    1535    1623    987     395     177     -433    
7210   1980 365     -398    1163    -749    117     1612    448     -936    -888    -715    375     700     1683    1672    1484    1054    571     -284    -375    
7210   1981 420     -315    1115    -505    160     1488    584     -473    -683    -681    129     1032    1300    1710    1448    1044    674     31      -568    
7210   1982 450     -301    1096    -824    353     1466    606     -1176   -718    -81     253     884     1139    1695    1552    1023    441     360     -52     
7210   1983 516     -124    1269    -404    442     1577    525     -227    -989    -344    506     1165    1387    1813    1524    1196    580     -202    -342    
7210   1984 506     -276    1207    -531    402     1505    620     -450    -820    -454    373     1284    1435    1584    1493    1047    723     87      -281    
7210   1985 257     -488    1097    -1165   224     1533    535     -1639   -1619   -291    57      899     1348    1552    1693    1003    678     -81     -659    
7210   1986 393     -383    1126    -927    353     1602    552     -851    -1309   -155    255     956     1668    1734    1407    713     572     372     -762    
7210   1987 196     -553    983     -1174   45      1351    479     -1954   -766    -770    77      830     1313    1487    1251    918     684     -172    -590    
7210   1988 485     -211    1274    -512    341     1737    395     -430    -516    -258    107     1167    1747    2007    1457    1130    463     -411    -683    
7210   1989 633     -101    1255    -273    565     1596    585     -99     -11     134     510     1049    1617    1720    1452    1167    525     65      -569    
7210   1990 560     -82     1154    -387    506     1526    431     -602    53      52      527     939     1374    1623    1575    864     546     -122    -140    
7210   1991 514     -178    1124    -435    274     1566    646     -458    -736    -209    242     789     1315    1738    1635    997     595     347     -178    
7210   1992 535     53      1168    -227    392     1549    361     -247    -259    48      147     972     1559    1600    1487    1225    56      -189    -13     
7210   1993 424     -139    1031    -190    452     1367    165     -224    -348    -138    267     1221    1181    1570    1344    570     329     -409    -348    
7210   1994 427     -441    1183    -741    280     1578    504     -478    -1466   -370    423     791     1288    1885    1550    1134    492     -114    -161    
7210   1995 520     -45     1185    -223    380     1623    550     -377    -119    2       243     890     1778    1515    1580    1091    808     -259    -944    
7210   1996 364     -471    1057    -936    129     1493    632     -699    -1182   -590    119     856     1306    1469    1697    867     644     385     -562    
7210   1997 471     -123    1181    -530    227     1731    399     -586    -433    -200    122     755     1610    1849    1731    992     256     -45     -455    
7210   1998 408     -311    1099    -464    125     1470    429     -262    -696    -694    152     916     1451    1607    1352    1094    545     -356    -299    
7210   1999 521     -336    1243    -649    290     1708    671     -757    -917    -292    479     688     1786    1848    1491    1154    696     162     -182    
7210   2000 597     -33     1135    -308    431     1506    685     -407    -337    -140    528     910     1335    1703    1474    837     819     395     17      
7210   2001 485     -46     1239    -327    261     1643    621     -240    -804    -524    482     833     1380    1978    1561    1178    751     -71     -794    
7210   2002 464     -138    1255    -491    439     1718    204     -494    -153    -77     358     1035    1535    1841    1773    961     9       -351    -938    
7210   2003 438     -570    1145    -917    230     1581    562     -1139   -648    -352    132     907     1195    1985    1550    1065    380     246     -138    
7210   2004 481     -201    1179    -546    342     1530    572     -864    -644    -202    291     936     1278    1674    1629    1240    540     -62     -89     
7210   2005 544     -187    1215    -288    155     1617    760     -162    -649    -740    308     902     1384    1814    1646    1214    690     378     -333    
7210   2006 521     -269    1246    -647    166     1656    690     -582    -1065   -755    304     955     1487    1724    1750    1233    732     103     245     
7210   2007 560     -25     1201    -396    519     1595    543     -307    -1206   174     412     966     1415    1672    1693    1024    629     -28     119     
7210   2008 623     76      1115    -2      410     1456    668     -77     -52     -148    448     932     1324    1587    1452    925     799     277     -13     
7210   2009 471     -22     1170    -332    353     1504    582     -419    -588    -232    283     1006    1345    1638    1534    1225    311     219     -655    
7210   2010 373     -491    1317    -1034   362     1762    489     -1425   -1021   -405    345     1146    1398    2158    1705    1116    491     -139    -951    
7210   2011 580     -468    1289    -950    339     1737    765     -638    -1293   -285    396     907     1602    2001    1603    1203    731     362     225     
7210   2012 443     -58     1154    -435    360     1495    677     -513    -1056   -149    244     983     1297    1724    1459    1195    545     295     -762    
7210   2013 583     -287    1283    -595    218     1709    694     -672    -325    -788    184     1258    1743    1738    1646    1100    639     344     79      
7210   2014 593     34      1245    -288    495     1627    595     -847    -76     65      417     1001    1294    1897    1680    1151    470     168     -143    
7210   2015 631     26      1152    -192    456     1466    674     -314    -110    75      416     877     1297    1520    1577    1206    439     385     157     
7210   2016 514     -96     1262    -428    513     1574    495     -1314   -109    -119    406     1248    1461    1695    1562    1173    460     -146    -162    
7210   2017 524     -101    1044    -314    311     1419    587     -353    -437    1       134     792     1212    1506    1532    1062    485     219     60      
7210   2018 578     -170    1346    -377    341     1705    729     -313    -932    -601    369     1258    1393    1988    1725    1314    614     262     -257    
7210   2019 -999999 -65     1193    -394    432     1562    -999999 -779    -119    -103    452     947     1619    1547    1522    1058    462     -999999 -999999 
