EUROPEAN CLIMATE ASSESSMENT & DATASET (ECA&D), file created on: 13-11-2019
THESE DATA CAN BE USED FOR NON-COMMERCIAL RESEARCH AND EDUCATION PROVIDED THAT THE FOLLOWING SOURCE IS ACKNOWLEDGED: 

Klein Tank, A.M.G. and Coauthors, 2002. Daily dataset of 20th-century surface
air temperature and precipitation series for the European Climate Assessment.
Int. J. of Climatol., 22, 1441-1453.
Data and metadata available at http://www.ecad.eu

FILE FORMAT (MISSING VALUE CODE = -999999):

THIS FILE HOLDS DATA FOR STATION GERMANY                                  KLITZSCHEN BEI TORGAU                    (STAID:   4295)
LATITUDE: dd:mm:ss +51:31:13
LONGITUDE: ddd:mm:ss +012:54:28
ELEVATION: m   85

DATA IS FOR INDEX Mean of daily mean temperature (TG) with unit 0.01 Temperature (&#176;C)

01-06 SOUID: Source identifier
08-11 YEAR : YYYY
13-20 ANNUAL DATA VALUES
21-28 WINTER HALF YEAR DATA VALUES
29-36 SUMMER HALF YEAR DATA VALUES
37-44 WINTER (DJF) DATA VALUES
45-52 SPRING (MAM) DATA VALUES
53-60 SUMMER (JJA) DATA VALUES
61-68 AUTUMN (SON) DATA VALUES
69-76 JANUARY DATA VALUES
etc. 
157-164 DECEMBER DATA VALUES

4295   1994 -999999 -999999 -999999 -999999 -999999 -999999 -999999 -999999 -999999 -999999 -999999 -999999 -999999 -999999 -999999 -999999 767     684     424     
4295   1995 953     474     1525    334     854     1863    956     69      528     382     895     1286    1548    2105    1927    1362    1204    294     -196    
4295   1996 737     125     1380    -290    717     1692    887     -422    -249    103     874     1179    1619    1672    1782    1139    997     520     -390    
4295   1997 931     302     1513    -85     857     1871    854     -286    475     522     646     1397    1721    1856    2030    1402    775     386     220     
4295   1998 982     448     1544    334     1016    1777    829     305     492     514     1035    1499    1812    1781    1739    1384    921     179     95      
4295   1999 1015    370     1590    175     976     1803    1025    309     114     570     928     1427    1620    2001    1781    1771    947     361     289     
4295   2000 1073    457     1602    288     1086    1822    1081    130     456     559     1108    1593    1879    1684    1906    1430    1175    633     307     
4295   2001 961     474     1513    209     902     1815    1011    110     210     387     817     1500    1520    1956    1961    1296    1283    446     -23     
4295   2002 1000    504     1585    232     976     1921    901     187     565     568     810     1545    1770    1950    2038    1373    863     468     -168    
4295   2003 998     243     1705    -131    990     2092    895     -11     -223    489     893     1585    2056    2088    2131    1452    618     624     186     
4295   2004 959     360     1516    134     928     1795    974     -83     311     507     1001    1280    1637    1803    1939    1420    1031    468     173     
4295   2005 951     380     1515    139     889     1745    1028    284     -61     343     965     1362    1671    1904    1658    1519    1107    456     133     
4295   2006 1010    247     1633    -102    816     1928    1242    -361    -76     198     903     1348    1752    2336    1690    1751    1211    764     535     
4295   2007 1051    697     1584    504     1105    1840    846     546     424     675     1092    1546    1884    1865    1773    1328    820     391     220     
4295   2008 1032    470     1542    368     941     1870    949     438     452     494     835     1492    1823    1914    1873    1292    976     580     189     
4295   2009 978     353     1603    0       1071    1801    1076    -277    99      537     1233    1447    1538    1908    1949    1528    892     815     19      
4295   2010 821     278     1500    -180    839     1888    865     -492    -56     475     904     1139    1724    2157    1777    1280    795     521     -421    
4295   2011 1006    252     1601    -99     1031    1806    960     146     -15     468     1166    1463    1837    1733    1849    1552    959     368     471     
4295   2012 972     419     1565    147     1067    1806    969     209     -267    728     923     1545    1643    1875    1893    1488    883     540     144     
4295   2013 925     236     1527    38      694     1856    999     -4      -34     -127    895     1319    1681    2012    1868    1363    1103    529     423     
4295   2014 1081    560     1580    336     1052    1813    1150    122     478     700     1139    1319    1672    2060    1702    1578    1224    645     302     
4295   2015 1065    538     1566    259     918     1940    986     321     142     561     859     1334    1666    2028    2117    1364    812     787     709     
4295   2016 1013    528     1625    368     930     1890    1013    18      377     465     840     1483    1845    1984    1839    1745    908     388     245     
4295   2017 1017    378     1558    74      1008    1884    1046    -249    241     724     793     1502    1849    1917    1885    1378    1180    575     345     
4295   2018 1110    422     1806    198     1051    2074    1056    408     -196    167     1309    1686    1934    2140    2143    1603    1067    497     467     
4295   2019 -999999 555     1667    335     989     2089    -999999 124     424     739     1003    1227    2206    2003    2062    1493    1148    -999999 -999999 
