EUROPEAN CLIMATE ASSESSMENT & DATASET (ECA&D), file created on: 13-11-2019
THESE DATA CAN BE USED FOR NON-COMMERCIAL RESEARCH AND EDUCATION PROVIDED THAT THE FOLLOWING SOURCE IS ACKNOWLEDGED: 

Klein Tank, A.M.G. and Coauthors, 2002. Daily dataset of 20th-century surface
air temperature and precipitation series for the European Climate Assessment.
Int. J. of Climatol., 22, 1441-1453.
Data and metadata available at http://www.ecad.eu

FILE FORMAT (MISSING VALUE CODE = -999999):

THIS FILE HOLDS DATA FOR STATION FRANCE                                   NEVERS-MARZY                             (STAID:  11311)
LATITUDE: dd:mm:ss +46:59:53
LONGITUDE: ddd:mm:ss +003:06:45
ELEVATION: m  175

DATA IS FOR INDEX Mean of daily mean temperature (TG) with unit 0.01 Temperature (&#176;C)

01-06 SOUID: Source identifier
08-11 YEAR : YYYY
13-20 ANNUAL DATA VALUES
21-28 WINTER HALF YEAR DATA VALUES
29-36 SUMMER HALF YEAR DATA VALUES
37-44 WINTER (DJF) DATA VALUES
45-52 SPRING (MAM) DATA VALUES
53-60 SUMMER (JJA) DATA VALUES
61-68 AUTUMN (SON) DATA VALUES
69-76 JANUARY DATA VALUES
etc. 
157-164 DECEMBER DATA VALUES

11311  1946 1040    -999999 1545    -999999 1072    1733    1080    86      660     746     1116    1355    1568    1928    1696    1596    999     646     70      
11311  1947 1167    461     1753    86      1196    1989    1266    34      164     832     1215    1543    1812    2056    2091    1783    1142    877     394     
11311  1948 1086    737     1501    478     1159    1682    1023    638     396     956     1101    1417    1595    1678    1771    1432    983     654     376     
11311  1949 1139    556     1650    379     978     1847    1304    382     379     545     1214    1184    1613    1987    1933    1963    1351    595     479     
11311  1950 1098    678     1614    455     1022    1961    1098    228     679     735     861     1465    1963    2050    1869    1455    1086    753     17      
11311  1951 1072    579     1489    336     920     1718    1155    489     518     608     952     1203    1616    1803    1731    1619    974     880     442     
11311  1952 1082    596     1621    270     1179    1927    971     200     162     902     1176    1458    1773    2048    1956    1299    1073    537     354     
11311  1953 1059    475     1556    160     1079    1740    1101    -50     179     734     1042    1459    1559    1838    1818    1603    1179    517     755     
11311  1954 1023    581     1446    329     961     1657    1194    103     108     777     845     1256    1606    1662    1700    1598    1221    763     572     
11311  1955 1072    662     1540    507     905     1821    1018    538     403     451     1004    1263    1678    1898    1882    1505    953     598     642     
11311  1956 933     452     1456    148     976     1602    1038    406     -656    702     814     1407    1430    1774    1598    1697    1014    405     525     
11311  1957 1060    656     1466    500     1011    1767    1041    221     782     994     942     1095    1715    1868    1715    1448    1083    592     251     
11311  1958 1073    573     1541    416     914     1759    1113    375     643     503     780     1454    1588    1794    1890    1722    1059    560     483     
11311  1959 1174    630     1654    416     1130    1895    1199    316     452     887     1070    1432    1749    2051    1881    1728    1189    680     597     
11311  1960 1068    691     1483    460     1086    1707    1122    254     534     878     929     1447    1718    1645    1757    1387    1124    855     272     
11311  1961 1138    693     1577    472     1067    1703    1243    370     809     744     1226    1235    1679    1725    1705    1896    1254    578     428     
11311  1962 963     571     1461    402     831     1714    1036    484     282     373     944     1180    1532    1731    1872    1495    1139    471     9       
11311  1963 946     332     1488    -116    977     1732    1165    -235    -122    689     1022    1221    1638    1868    1685    1483    1080    935     32      
11311  1964 1043    530     1601    189     1010    1815    1081    -14     574     587     1006    1438    1686    1942    1812    1710    897     642     232     
11311  1965 1017    496     1416    237     934     1679    1076    377     89      705     865     1230    1662    1679    1696    1354    1215    655     600     
11311  1966 1083    680     1523    555     1001    1688    1111    225     869     535     1133    1341    1732    1648    1686    1595    1310    422     500     
11311  1967 1065    642     1490    444     953     1776    1191    267     578     759     835     1261    1531    1997    1790    1506    1356    705     164     
11311  1968 1032    611     1457    295     961     1682    1155    271     461     704     1007    1173    1568    1768    1708    1507    1348    602     254     
11311  1969 1031    601     1523    308     1011    1743    1134    455     205     701     954     1375    1526    1917    1779    1568    1190    641     0       
11311  1970 1007    507     1492    257     807     1788    1131    350     437     419     709     1290    1773    1771    1821    1572    1003    822     85      
11311  1971 990     456     1532    200     938     1745    982     232     293     295     1096    1429    1518    1928    1780    1424    1071    448     320     
11311  1972 983     597     1349    408     958     1608    943     305     613     824     859     1187    1373    1763    1682    1209    964     655     340     
11311  1973 1001    478     1549    240     863     1845    1061    163     216     513     683     1388    1700    1792    2037    1674    927     588     278     
11311  1974 1056    616     1442    473     945     1704    966     656     485     749     920     1165    1556    1712    1839    1445    703     758     647     
11311  1975 1012    614     1497    575     854     1779    1022    585     483     498     900     1166    1518    1811    1998    1573    905     591     81      
11311  1976 1052    480     1556    289     900     1902    1049    311     487     510     850     1338    1850    2033    1822    1428    1163    551     263     
11311  1977 1059    657     1381    446     973     1640    1100    371     730     865     797     1250    1517    1764    1634    1308    1316    669     455     
11311  1978 989     650     1383    398     900     1623    974     284     462     697     784     1217    1532    1713    1621    1417    1040    462     595     
11311  1979 1002    535     1432    335     924     1686    1074    -21     439     680     849     1239    1637    1771    1649    1433    1230    553     531     
11311  1980 966     618     1438    436     868     1672    1000    149     641     604     814     1183    1502    1649    1859    1609    978     414     188     
11311  1981 1039    504     1483    206     1103    1673    1071    253     173     985     1035    1287    1489    1757    1765    1552    1100    559     440     
11311  1982 1141    633     1589    514     922     1864    1243    574     531     580     846     1337    1812    2036    1743    1749    1129    855     468     
11311  1983 1082    642     1592    395     918     1963    1083    482     217     667     908     1177    1746    2248    1889    1566    1081    603     333     
11311  1984 993     532     1395    349     769     1701    1150    404     308     451     851     1007    1520    1821    1756    1402    1109    939     333     
11311  1985 937     482     1492    121     881     1712    991     -288    340     463     966     1216    1508    1911    1711    1630    1098    240     414     
11311  1986 999     423     1459    207     864     1768    1138    352     -182    549     686     1351    1752    1837    1715    1398    1276    735     429     
11311  1987 1013    490     1541    151     884     1747    1245    -273    312     448     1111    1100    1559    1874    1801    1797    1299    638     451     
11311  1988 1105    696     1530    532     1026    1738    1099    671     468     631     1041    1407    1622    1755    1834    1505    1275    510     505     
11311  1989 1117    682     1552    450     1104    1791    1122    323     530     931     854     1519    1562    1951    1853    1553    1245    563     468     
11311  1990 1133    726     1541    576     1062    1811    1146    389     904     800     874     1506    1568    1871    1987    1414    1332    687     241     
11311  1991 1033    618     1516    234     938     1835    1127    346     103     950     817     1044    1513    1950    2032    1725    1017    642     181     
11311  1992 1059    498     1567    202     1034    1838    1065    75      360     709     871     1516    1611    1891    2005    1483    874     846     445     
11311  1993 1039    597     1519    410     1023    1756    906     547     220     623     1047    1400    1723    1768    1776    1385    1015    315     582     
11311  1994 1181    649     1577    531     1066    1921    1187    495     515     949     854     1386    1687    2143    1927    1438    1179    944     595     
11311  1995 1096    739     1503    568     941     1817    1139    413     708     601     916     1305    1512    2039    1890    1330    1446    630     329     
11311  1996 1003    633     1450    376     917     1751    980     539     252     577     934     1240    1699    1794    1759    1257    1080    601     272     
11311  1997 1142    599     1587    348     1053    1884    1177    116     689     845     880     1427    1641    1847    2156    1548    1123    862     538     
11311  1998 1083    702     1563    485     1053    1800    1028    463     451     758     947     1450    1724    1829    1845    1569    1117    394     397     
11311  1999 1151    603     1654    430     1140    1844    1150    496     393     794     1055    1569    1592    2002    1930    1760    1196    493     464     
11311  2000 1175    622     1615    460     1066    1824    1237    330     595     649     1012    1536    1796    1725    1950    1658    1188    868     781     
11311  2001 1109    820     1531    628     1120    1828    1077    574     520     960     861     1531    1596    1914    1966    1288    1503    426     106     
11311  2002 1177    691     1535    448     1053    1819    1164    500     768     844     993     1319    1832    1795    1831    1428    1158    905     728     
11311  2003 1177    703     1757    421     1129    2169    1079    211     314     871     1070    1443    2145    2019    2341    1506    935     802     415     
11311  2004 1091    598     1557    415     934     1843    1204    426     404     599     972     1232    1742    1853    1931    1603    1367    638     305     
11311  2005 1112    604     1627    297     1058    1881    1236    387     190     700     1061    1414    1910    1972    1763    1635    1542    522     184     
11311  2006 1175    570     1680    214     1020    1951    1413    217     243     680     967     1412    1821    2325    1702    1842    1498    897     429     
11311  2007 1137    810     1610    583     1208    1787    985     574     764     699     1381    1550    1803    1817    1740    1361    1069    521     340     
11311  2008 1096    625     1553    486     1077    1802    1043    535     588     691     941     1594    1727    1852    1825    1357    1095    674     255     
11311  2009 1125    519     1650    221     1116    1875    1219    121     294     656     1167    1525    1700    1919    2000    1572    1110    980     407     
11311  2010 1025    599     1549    268     983     1861    1075    47      358     681     1074    1195    1715    2036    1829    1428    1077    719     103     
11311  2011 1217    595     1665    310     1201    1820    1320    336     511     821     1260    1524    1770    1748    1940    1739    1230    993     687     
11311  2012 1137    715     1613    388     1109    1893    1191    477     -25     891     943     1489    1784    1826    2065    1556    1295    719     565     
11311  2013 1102    634     1588    379     920     1917    1227    345     210     632     988     1142    1675    2156    1912    1638    1419    618     418     
11311  2014 1235    774     1614    591     1082    1863    1365    667     699     809     1113    1325    1880    1958    1752    1648    1432    1012    491     
11311  2015 1200    742     1688    404     1107    2042    1151    381     333     774     1133    1416    1892    2152    2076    1439    1082    935     728     
11311  2016 1140    754     1642    628     965     1922    1192    546     610     619     942     1335    1772    1983    2005    1799    1026    755     271     
11311  2017 1188    631     1678    338     1147    2025    1141    91      685     967     919     1548    2015    2063    1998    1507    1296    614     510     
11311  2018 -999999 698     -999999 492     1193    -999999 1293    778     156     779     1330    1475    1899    -999999 -999999 1717    1317    846     600     
