EUROPEAN CLIMATE ASSESSMENT & DATASET (ECA&D), file created on: 13-11-2019
THESE DATA CAN BE USED FOR NON-COMMERCIAL RESEARCH AND EDUCATION PROVIDED THAT THE FOLLOWING SOURCE IS ACKNOWLEDGED: 

Klein Tank, A.M.G. and Coauthors, 2002. Daily dataset of 20th-century surface
air temperature and precipitation series for the European Climate Assessment.
Int. J. of Climatol., 22, 1441-1453.
Data and metadata available at http://www.ecad.eu

FILE FORMAT (MISSING VALUE CODE = -999999):

THIS FILE HOLDS DATA FOR STATION SWITZERLAND                              PAYERNE                                  (STAID:   2180)
LATITUDE: dd:mm:ss +46:49:00
LONGITUDE: ddd:mm:ss +006:57:00
ELEVATION: m  490

DATA IS FOR INDEX Mean of daily mean temperature (TG) with unit 0.01 Temperature (&#176;C)

01-06 SOUID: Source identifier
08-11 YEAR : YYYY
13-20 ANNUAL DATA VALUES
21-28 WINTER HALF YEAR DATA VALUES
29-36 SUMMER HALF YEAR DATA VALUES
37-44 WINTER (DJF) DATA VALUES
45-52 SPRING (MAM) DATA VALUES
53-60 SUMMER (JJA) DATA VALUES
61-68 AUTUMN (SON) DATA VALUES
69-76 JANUARY DATA VALUES
etc. 
157-164 DECEMBER DATA VALUES

2180   1964 -999999 -999999 -999999 -999999 -999999 -999999 916     -999999 -999999 -999999 -999999 -999999 -999999 -999999 1727    1444    802     506     -56     
2180   1965 811     236     1323    -91     748     1618    831     16      -248    357     704     1181    1615    1636    1603    1182    881     428     300     
2180   1966 917     379     1455    190     876     1648    967     -207    495     369     959     1301    1716    1636    1595    1514    1173    208     195     
2180   1967 895     401     1406    133     827     1727    973     -20     235     592     718     1167    1483    1952    1738    1357    1139    417     -92     
2180   1968 860     346     1365    5       851     1603    940     -60     179     486     921     1146    1552    1713    1543    1303    1142    369     3       
2180   1969 827     309     1408    -33     834     1637    957     -1      -108    412     784     1305    1368    1858    1676    1439    950     482     -309    
2180   1970 828     216     1397    -111    644     1720    945     -151    151     177     614     1139    1686    1737    1735    1456    824     560     -30     
2180   1971 831     189     1488    -104    814     1738    837     -321    55      46      1039    1365    1449    1906    1851    1298    939     270     25      
2180   1972 810     338     1309    77      832     1613    744     -18     232     569     769     1156    1450    1735    1647    1075    693     466     -72     
2180   1973 831     214     1442    -68     741     1749    860     -95     -33     310     574     1334    1623    1738    1883    1476    763     345     -9      
2180   1974 907     396     1388    192     876     1668    749     267     331     669     817     1140    1456    1722    1818    1356    500     401     366     
2180   1975 886     339     1447    258     798     1689    927     266     130     353     814     1229    1452    1810    1799    1562    731     496     -52     
2180   1976 885     280     1470    34      826     1805    888     79      78      340     788     1349    1846    1951    1621    1250    977     434     -124    
2180   1977 894     412     1320    108     840     1609    924     3       483     705     694     1115    1474    1732    1615    1272    1017    479     114     
2180   1978 805     372     1305    80      761     1568    776     29      100     474     692     1115    1482    1668    1552    1311    756     261     171     
2180   1979 852     285     1341    55      765     1641    883     -250    266     502     632     1156    1566    1770    1584    1325    973     349     305     
2180   1980 786     392     1295    180     718     1552    824     -75     318     475     616     1060    1382    1520    1750    1425    805     244     -95     
2180   1981 866     230     1423    -139    959     1645    915     -187    -135    716     965     1197    1541    1628    1763    1433    944     367     85      
2180   1982 936     339     1478    93      812     1751    1005    132     58      419     751     1264    1653    1895    1701    1591    961     464     275     
2180   1983 907     380     1497    107     778     1895    904     157     -134    508     812     1014    1688    2169    1822    1462    931     318     60      
2180   1984 841     281     1343    64      646     1675    937     109     19      233     732     975     1517    1794    1708    1317    962     532     167     
2180   1985 816     236     1453    -142    797     1703    891     -487    -103    322     850     1220    1450    1927    1723    1529    969     171     155     
2180   1986 865     226     1447    -45     799     1727    962     96      -421    321     618     1454    1624    1817    1736    1409    1074    399     144     
2180   1987 876     270     1447    -30     709     1689    1099    -357    140     208     930     996     1448    1837    1775    1684    1078    536     203     
2180   1988 970     466     1500    242     930     1742    942     336     184     441     948     1400    1577    1806    1836    1415    1060    347     250     
2180   1989 962     456     1489    181     979     1771    910     61      236     754     738     1438    1567    1916    1823    1431    1015    280     221     
2180   1990 988     468     1489    260     975     1771    990     5       585     707     744     1468    1547    1860    1899    1389    1109    468     44      
2180   1991 911     399     1481    30      817     1827    976     157     -126    692     755     1001    1527    1971    1973    1640    843     449     -26     
2180   1992 949     316     1537    -5      978     1821    959     -142    166     603     871     1457    1534    1864    2055    1414    812     656     73      
2180   1993 931     367     1505    94      952     1755    793     268     -75     436     994     1428    1677    1761    1825    1326    828     225     395     
2180   1994 1059    483     1526    303     984     1911    1028    263     245     913     700     1331    1673    2091    1962    1371    957     757     377     
2180   1995 945     497     1466    285     858     1799    939     6       492     400     905     1272    1502    2079    1806    1208    1211    387     39      
2180   1996 849     336     1399    21      835     1701    832     25      -4      335     911     1263    1712    1715    1677    1100    930     462     27      
2180   1997 950     398     1479    82      968     1733    934     -168    419     722     827     1352    1578    1675    1939    1487    898     418     216     
2180   1998 952     426     1528    214     941     1845    868     152     279     576     814     1429    1699    1943    1888    1371    1020    207     -8      
2180   1999 959     328     1559    46      986     1769    939     133     10      570     851     1532    1549    1918    1833    1650    928     239     220     
2180   2000 1018    397     1546    195     1017    1774    1033    1       374     615     927     1506    1791    1644    1887    1506    1033    560     356     
2180   2001 987     534     1489    281     1008    1811    940     168     321     744     731     1540    1587    1903    1935    1206    1292    311     32      
2180   2002 1023    478     1497    189     933     1836    992     16      555     663     897     1239    1908    1848    1754    1322    1005    648     397     
2180   2003 1024    456     1733    114     1042    2175    842     33      -109    714     945     1464    2238    2038    2249    1443    681     408     102     
2180   2004 943     319     1494    138     842     1774    1021    123     194     400     912     1216    1661    1811    1845    1505    1147    408     69      
2180   2005 923     341     1542    -25     929     1814    994     -30     -123    531     892     1363    1855    1907    1682    1543    1060    377     -53     
2180   2006 989     275     1586    -66     868     1866    1182    -151    14      382     892     1332    1795    2249    1551    1684    1239    621     201     
2180   2007 1006    584     1549    363     1079    1751    851     429     468     537     1284    1423    1725    1785    1744    1325    931     293     95      
2180   2008 951     397     1484    218     911     1800    894     258     306     490     793     1446    1736    1859    1801    1245    978     457     11      
2180   2009 988     287     1631    -77     1043    1864    1059    -246    14      486     1095    1548    1686    1898    2003    1537    944     702     134     
2180   2010 904     360     1524    14      890     1854    914     -153    67      449     1000    1224    1699    2084    1775    1343    873     526     -89     
2180   2011 1042    387     1602    90      1109    1754    1033    131     245     627     1195    1509    1667    1659    1933    1640    970     491     384     
2180   2012 989     424     1555    107     1010    1865    1020    268     -361    741     893     1394    1766    1863    1963    1433    1025    603     217     
2180   2013 921     355     1512    72      756     1851    1044    69      -87     265     919     1090    1622    2059    1863    1501    1154    472     48      
2180   2014 1055    500     1513    226     993     1745    1137    285     356     671     1071    1240    1770    1769    1697    1525    1235    647     349     
2180   2015 1049    515     1637    183     1013    2026    979     174     9       633     985     1419    1847    2246    1978    1323    900     717     277     
2180   2016 999     518     1581    331     881     1867    1014    309     413     490     888     1265    1676    1985    1933    1721    836     492     -30     
2180   2017 1033    378     1608    29      1050    1988    978     -262    417     821     909     1415    1983    2001    1981    1339    1102    489     156     
2180   2018 1102    437     1718    209     1028    1985    1085    482     -35     386     1217    1487    1846    2054    2052    1638    1055    563     397     
2180   2019 -999999 515     1584    254     896     1978    -999999 76      291     685     885     1116    1913    2098    1921    1558    1175    -999999 -999999 
