EUROPEAN CLIMATE ASSESSMENT & DATASET (ECA&D), file created on: 13-11-2019
THESE DATA CAN BE USED FOR NON-COMMERCIAL RESEARCH AND EDUCATION PROVIDED THAT THE FOLLOWING SOURCE IS ACKNOWLEDGED: 

Klein Tank, A.M.G. and Coauthors, 2002. Daily dataset of 20th-century surface
air temperature and precipitation series for the European Climate Assessment.
Int. J. of Climatol., 22, 1441-1453.
Data and metadata available at http://www.ecad.eu

FILE FORMAT (MISSING VALUE CODE = -999999):

THIS FILE HOLDS DATA FOR STATION SWEDEN                                   VASTERVIK                                (STAID:   5307)
LATITUDE: dd:mm:ss +57:47:24
LONGITUDE: ddd:mm:ss +016:35:24
ELEVATION: m   35

DATA IS FOR INDEX Mean of daily mean temperature (TG) with unit 0.01 Temperature (&#176;C)

01-06 SOUID: Source identifier
08-11 YEAR : YYYY
13-20 ANNUAL DATA VALUES
21-28 WINTER HALF YEAR DATA VALUES
29-36 SUMMER HALF YEAR DATA VALUES
37-44 WINTER (DJF) DATA VALUES
45-52 SPRING (MAM) DATA VALUES
53-60 SUMMER (JJA) DATA VALUES
61-68 AUTUMN (SON) DATA VALUES
69-76 JANUARY DATA VALUES
etc. 
157-164 DECEMBER DATA VALUES

5307   1949 -999999 -999999 -999999 -999999 -999999 -999999 -999999 116     209     21      -999999 -999999 -999999 -999999 -999999 -999999 858     526     187     
5307   1950 -999999 237     -999999 -52     -999999 -999999 -999999 -303    -39     236     -999999 -999999 -999999 -999999 -999999 -999999 783     323     -63     
5307   1951 708     101     1223    -97     377     1565    848     -184    -39     -212    550     798     1414    1638    1639    1286    748     513     299     
5307   1952 596     179     1164    37      409     1498    555     -74     -126    -298    688     845     1373    1613    1503    946     612     106     -55     
5307   1953 813     126     1323    -129    688     1682    890     -116    -224    397     626     1037    1669    1769    1608    1217    983     469     245     
5307   1954 649     167     1201    -186    483     1533    752     -318    -515    81      333     1031    1500    1546    1551    1229    759     266     231     
5307   1955 646     72      1255    -122    271     1687    849     -209    -415    -239    233     817     1335    1866    1848    1406    784     360     -110    
5307   1956 571     -3      1163    -376    426     1493    640     -223    -825    -45     172     1141    1415    1650    1412    1162    755     0       169     
5307   1957 714     184     1190    110     433     1603    742     112     44      6       398     895     1426    1783    1594    1019    851     352     30      
5307   1958 609     6       1182    -246    272     1506    894     -279    -516    -438    234     1020    1361    1625    1527    1305    877     502     12      
5307   1959 811     238     1371    -74     618     1776    872     -237    12      249     577     1026    1505    1949    1866    1281    843     493     111     
5307   1960 669     120     1236    -186    447     1586    789     -271    -413    -68     407     1000    1618    1585    1557    1236    739     393     205     
5307   1961 799     329     1267    92      705     1558    949     -155    238     545     592     975     1586    1581    1508    1353    1118    371     -161    
5307   1962 606     165     1118    -58     330     1424    739     52      -66     -338    497     837     1400    1476    1395    1093    839     280     -229    
5307   1963 598     -109    1262    -520    408     1598    846     -739    -599    -241    370     1092    1502    1694    1596    1299    803     438     -122    
5307   1964 699     106     1294    -156    564     1573    767     -41     -316    -142    613     1221    1560    1642    1516    1196    751     354     2       
5307   1965 603     134     1151    -100    391     1465    736     -36     -283    -16     417     772     1487    1417    1492    1311    879     14      -282    
5307   1966 601     -83     1202    -508    416     1622    750     -543    -721    96      129     1014    1661    1715    1492    1178    762     311     23      
5307   1967 754     211     1273    -99     633     1622    932     -325    16      463     483     950     1430    1750    1678    1327    1005    461     -245    
5307   1968 703     133     1309    -321    612     1656    791     -415    -302    279     699     861     1688    1585    1696    1318    714     345     -56     
5307   1969 635     15      1302    -228    326     1736    802     -195    -454    -299    446     836     1617    1840    1748    1309    841     255     -395    
5307   1970 550     -138    1185    -625    356     1592    700     -596    -910    -85     285     866     1605    1579    1594    1163    738     198     56      
5307   1971 709     131     1228    -6      462     1566    733     -59     -16     -144    408     1121    1355    1722    1613    1122    827     247     254     
5307   1972 733     188     1249    -36     505     1669    750     -328    -32     146     478     890     1522    1875    1607    1100    724     427     354     
5307   1973 740     355     1295    185     618     1717    577     97      96      412     408     1027    1625    1889    1634    1163    524     44      -94     
5307   1974 750     143     1229    48      518     1540    775     117     127     137     553     865     1438    1585    1594    1326    599     405     212     
5307   1975 838     276     1356    177     528     1743    878     265     41      117     423     1040    1445    1812    1964    1429    869     336     251     
5307   1976 635     128     1240    -85     409     1628    728     -381    -128    -192    423     997     1524    1707    1649    1122    700     364     -184    
5307   1977 663     92      1137    -222    459     1504    791     -145    -348    130     331     913     1511    1475    1525    1049    884     437     119     
5307   1978 644     171     1165    -112    422     1557    837     -54     -433    22      328     913     1532    1575    1563    1059    815     639     -307    
5307   1979 575     -2      1211    -473    476     1528    671     -539    -584    -72     362     1135    1634    1478    1476    1170    531     316     -78     
5307   1980 558     -85     1211    -357    350     1558    639     -402    -607    -289    510     833     1517    1642    1514    1240    596     83      17      
5307   1981 581     28      1225    -159    504     1519    669     -336    -158    -52     454     1108    1368    1650    1536    1214    621     173     -651    
5307   1982 683     -99     1274    -553    615     1591    834     -624    -366    238     543     1063    1307    1767    1688    1251    804     448     6       
5307   1983 755     240     1329    -1      565     1730    726     267     -305    172     496     1025    1527    1885    1772    1246    769     161     -51     
5307   1984 711     75      1234    -132    521     1557    819     -167    -180    -93     608     1051    1399    1600    1668    1056    962     436     155     
5307   1985 482     -22     1141    -507    400     1518    642     -759    -963    -39     250     983     1391    1631    1527    1040    812     69      -273    
5307   1986 602     -84     1182    -497    524     1547    735     -442    -806    71      297     1198    1521    1698    1420    933     719     553     -45     
5307   1987 490     -89     1114    -468    332     1398    687     -1016   -329    -415    496     921     1277    1558    1355    1059    772     228     -66     
5307   1988 685     157     1289    30      465     1623    624     124     33      -156    407     1142    1627    1705    1538    1298    613     -37     -93     
5307   1989 841     274     1321    214     742     1610    786     408     339     410     537     1273    1534    1750    1545    1268    829     261     -107    
5307   1990 854     381     1313    205     830     1623    673     251     498     559     730     1197    1571    1624    1674    1065    742     208     105     
5307   1991 732     200     1243    -30     575     1607    750     2       -215    317     531     875     1211    1856    1742    1221    677     353     137     
5307   1992 778     290     1345    138     688     1708    606     127     152     285     447     1323    1707    1775    1642    1151    394     280     31      
5307   1993 691     169     1193    24      695     1460    563     19      23      254     539     1287    1383    1584    1411    931     623     134     43      
5307   1994 740     82      1335    -163    583     1736    747     -49     -518    205     650     896     1434    2035    1730    1245    628     372     161     
5307   1995 700     223     1270    38      529     1679    725     -198    164     212     431     942     1521    1720    1790    1194    973     0       -389    
5307   1996 589     -45     1179    -394    432     1568    728     -265    -539    -80     592     790     1441    1509    1749    976     826     377     -346    
5307   1997 752     170     1339    -166    543     1780    702     -212    84      286     421     918     1512    1804    2016    1337    538     237     29      
5307   1998 672     211     1176    140     498     1458    626     72      338     66      372     1052    1356    1556    1458    1246    690     -60     -107    
5307   1999 794     104     1374    -92     639     1687    900     -62     -110    246     728     946     1557    1881    1620    1501    767     435     -40     
5307   2000 823     265     1254    53      713     1512    909     52      152     220     679     1238    1443    1556    1536    1053    1036    635     244     
5307   2001 727     260     1318    -3      513     1684    828     -5      -274    -117    542     1115    1454    1897    1695    1182    1007    289     -138    
5307   2002 785     301     1403    57      688     1780    652     59      272     311     595     1154    1608    1795    1932    1309    473     180     -295    
5307   2003 739     6       1333    -308    618     1705    751     -243    -396    285     417     1147    1551    1861    1697    1304    486     470     201     
5307   2004 708     162     1274    -63     611     1575    719     -367    -21     202     577     1054    1419    1551    1751    1273    728     157     149     
5307   2005 746     145     1312    47      498     1623    858     161     -193    -166    593     1070    1480    1814    1572    1325    826     425     -15     
5307   2006 818     60      1439    -195    425     1831    1017    -327    -249    -321    524     1076    1657    2072    1759    1524    1023    504     498     
5307   2007 811     420     1354    174     814     1634    705     145     -151    452     812     1178    1616    1618    1667    1221    670     226     202     
5307   2008 823     311     1317    255     679     1625    757     234     335     196     669     1170    1520    1776    1577    1169    796     306     106     
5307   2009 728     182     1328    -52     671     1577    797     -96     -178    126     776     1114    1321    1749    1653    1339    527     533     -185    
5307   2010 578     -24     1323    -428    549     1718    630     -658    -443    58      607     985     1480    1991    1677    1174    581     136     -720    
5307   2011 817     -51     1412    -407    739     1679    909     -171    -321    167     911     1145    1644    1776    1615    1369    809     552     238     
5307   2012 706     294     1253    -44     709     1552    794     -78     -309    519     470     1130    1357    1673    1618    1250    671     465     -340    
5307   2013 722     -7      1309    -282    435     1667    831     -311    -185    -342    447     1201    1582    1766    1649    1189    886     416     308     
5307   2014 863     377     1356    152     783     1659    938     -65     219     483     709     1156    1425    1924    1620    1283    991     538     31      
5307   2015 853     355     1321    73      716     1608    861     84      109     361     783     1007    1468    1672    1680    1307    782     498     440     
5307   2016 802     291     1403    39      727     1697    813     -358    34      341     610     1226    1635    1794    1659    1476    756     209     219     
5307   2017 798     263     1302    75      688     1608    819     -90     99      365     561     1135    1544    1647    1632    1277    858     320     183     
5307   2018 851     151     1550    -46     695     1888    869     5       -355    -146    750     1484    1730    2085    1843    1383    832     394     115     
5307   2019 -999999 314     1368    80      686     1749    -999999 -128    272     398     604     1054    1831    1690    1730    1288    764     -999999 -999999 
