EUROPEAN CLIMATE ASSESSMENT & DATASET (ECA&D), file created on: 13-11-2019
THESE DATA CAN BE USED FOR NON-COMMERCIAL RESEARCH AND EDUCATION PROVIDED THAT THE FOLLOWING SOURCE IS ACKNOWLEDGED: 

Klein Tank, A.M.G. and Coauthors, 2002. Daily dataset of 20th-century surface
air temperature and precipitation series for the European Climate Assessment.
Int. J. of Climatol., 22, 1441-1453.
Data and metadata available at http://www.ecad.eu

FILE FORMAT (MISSING VALUE CODE = -999999):

THIS FILE HOLDS DATA FOR STATION SWITZERLAND                              SCHAFFHAUSEN                             (STAID:   1433)
LATITUDE: dd:mm:ss +47:40:48
LONGITUDE: ddd:mm:ss +008:36:35
ELEVATION: m  438

DATA IS FOR INDEX Mean of daily mean temperature (TG) with unit 0.01 Temperature (&#176;C)

01-06 SOUID: Source identifier
08-11 YEAR : YYYY
13-20 ANNUAL DATA VALUES
21-28 WINTER HALF YEAR DATA VALUES
29-36 SUMMER HALF YEAR DATA VALUES
37-44 WINTER (DJF) DATA VALUES
45-52 SPRING (MAM) DATA VALUES
53-60 SUMMER (JJA) DATA VALUES
61-68 AUTUMN (SON) DATA VALUES
69-76 JANUARY DATA VALUES
etc. 
157-164 DECEMBER DATA VALUES

1433   1960 898     -999999 1432    -999999 982     1666    917     -111    164     649     873     1419    1728    1564    1708    1288    901     563     14      
1433   1961 1010    446     1550    159     1006    1708    1117    -26     526     709     1173    1141    1683    1695    1746    1865    1093    394     105     
1433   1962 827     326     1440    89      733     1718    910     110     50      181     939     1087    1557    1713    1878    1453    1044    229     -364    
1433   1963 820     48      1510    -459    869     1751    1072    -584    -426    350     1024    1238    1627    1930    1692    1534    928     758     -299    
1433   1964 926     268     1596    -129    925     1850    970     -317    252     301     1030    1447    1772    2019    1756    1538    812     564     -67     
1433   1965 838     264     1383    -76     795     1671    832     68      -244    413     750     1221    1677    1666    1669    1299    864     331     266     
1433   1966 944     364     1490    173     955     1650    1017    -262    551     449     1063    1358    1712    1624    1616    1560    1279    204     161     
1433   1967 938     439     1465    171     895     1766    1002    32      334     606     791     1285    1521    1991    1779    1399    1209    390     -125    
1433   1968 883     347     1436    -20     916     1674    959     -115    194     519     1002    1229    1620    1753    1646    1357    1106    408     -141    
1433   1969 859     292     1470    -72     872     1685    1016    13      -88     418     807     1388    1433    1908    1704    1563    1028    457     -385    
1433   1970 860     211     1455    -152    679     1786    999     -115    66      210     659     1166    1787    1759    1813    1533    933     534     -71     
1433   1971 900     218     1572    -99     928     1785    907     -280    69      122     1117    1551    1502    1939    1903    1394    1013    309     97      
1433   1972 859     398     1377    118     915     1662    791     -29     298     688     831     1223    1499    1778    1703    1207    775     391     -74     
1433   1973 887     249     1510    -32     802     1820    908     -78     67      401     588     1408    1708    1787    1962    1586    791     352     11      
1433   1974 955     429     1448    212     961     1710    793     271     369     774     898     1208    1496    1717    1910    1441    519     427     390     
1433   1975 947     386     1520    312     870     1744    995     295     245     426     837     1347    1509    1853    1861    1697    825     470     -52     
1433   1976 942     326     1527    73      907     1845    971     127     149     431     882     1406    1867    2006    1664    1320    1109    479     -159    
1433   1977 958     455     1411    106     915     1722    973     36      476     792     690     1257    1666    1807    1690    1340    1052    524     130     
1433   1978 855     376     1393    31      853     1646    868     5       -50     557     821     1180    1534    1739    1662    1408    892     303     140     
1433   1979 915     298     1449    -4      864     1732    979     -326    194     577     705     1305    1747    1780    1670    1477    1044    415     343     
1433   1980 838     428     1395    188     795     1642    878     -108    338     530     689     1164    1504    1571    1847    1583    845     208     -128    
1433   1981 911     236     1506    -154    1028    1737    970     -248    -80     786     1015    1283    1647    1704    1856    1519    925     466     -3      
1433   1982 911     286     1482    -57     846     1741    1001    -157    -6      470     784     1283    1659    1901    1662    1589    927     489     271     
1433   1983 941     398     1552    132     855     1949    887     232     -132    553     933     1082    1727    2231    1883    1438    960     261     37      
1433   1984 847     267     1362    22      698     1685    938     51      -24     296     761     1039    1521    1788    1742    1303    1003    507     149     
1433   1985 824     231     1486    -169    839     1723    866     -599    -46     355     836     1327    1443    1949    1767    1576    935     86      201     
1433   1986 859     202     1451    -62     830     1717    973     66      -496    347     664     1473    1638    1772    1737    1400    1055    460     88      
1433   1987 857     236     1465    -95     714     1692    1072    -429    74      158     997     997     1453    1872    1744    1720    1005    493     166     
1433   1988 971     425     1520    221     948     1744    929     303     193     376     959     1511    1604    1823    1801    1406    1075    301     261     
1433   1989 987     471     1531    197     1033    1794    932     101     233     824     791     1475    1602    1914    1861    1521    1068    203     181     
1433   1990 1014    482     1521    268     1058    1795    970     55      601     788     799     1578    1584    1856    1937    1347    1121    435     28      
1433   1991 904     374     1505    -25     848     1841    968     84      -203    723     809     1012    1505    2003    2005    1678    859     372     -84     
1433   1992 993     305     1613    -6      1003    1920    991     -100    178     603     879     1523    1672    1952    2129    1496    823     660     72      
1433   1993 967     393     1561    124     1063    1761    789     294     -7      487     1136    1567    1739    1740    1803    1369    855     140     407     
1433   1994 1117    479     1619    304     1060    2006    1093    286     211     937     811     1425    1779    2213    2019    1441    987     854     372     
1433   1995 954     504     1502    271     872     1832    951     -52     516     358     947     1312    1513    2120    1851    1242    1262    337     -1      
1433   1996 848     308     1444    -43     868     1744    853     -59     -72     356     969     1282    1754    1755    1724    1166    932     459     -124    
1433   1997 977     367     1520    -3      987     1799    975     -253    406     788     798     1369    1643    1736    2012    1546    928     453     264     
1433   1998 991     462     1578    260     1011    1864    878     163     364     593     922     1516    1788    1913    1889    1424    1015    191     68      
1433   1999 998     341     1621    53      1069    1808    995     129     -47     650     980     1574    1590    1952    1875    1736    993     255     203     
1433   2000 1077    428     1629    217     1103    1842    1094    38      424     649     1072    1586    1864    1680    1983    1578    1080    623     335     
