EUROPEAN CLIMATE ASSESSMENT & DATASET (ECA&D), file created on: 13-11-2019
THESE DATA CAN BE USED FOR NON-COMMERCIAL RESEARCH AND EDUCATION PROVIDED THAT THE FOLLOWING SOURCE IS ACKNOWLEDGED: 

Klein Tank, A.M.G. and Coauthors, 2002. Daily dataset of 20th-century surface
air temperature and precipitation series for the European Climate Assessment.
Int. J. of Climatol., 22, 1441-1453.
Data and metadata available at http://www.ecad.eu

FILE FORMAT (MISSING VALUE CODE = -999999):

THIS FILE HOLDS DATA FOR STATION FINLAND                                  KOLARI TEURAVUOMA                        (STAID:   7779)
LATITUDE: dd:mm:ss +67:16:44
LONGITUDE: ddd:mm:ss +023:46:18
ELEVATION: m  148

DATA IS FOR INDEX Mean of daily mean temperature (TG) with unit 0.01 Temperature (&#176;C)

01-06 SOUID: Source identifier
08-11 YEAR : YYYY
13-20 ANNUAL DATA VALUES
21-28 WINTER HALF YEAR DATA VALUES
29-36 SUMMER HALF YEAR DATA VALUES
37-44 WINTER (DJF) DATA VALUES
45-52 SPRING (MAM) DATA VALUES
53-60 SUMMER (JJA) DATA VALUES
61-68 AUTUMN (SON) DATA VALUES
69-76 JANUARY DATA VALUES
etc. 
157-164 DECEMBER DATA VALUES

7779   1966 -273    -999999 717     -999999 -485    1273    -110    -2145   -2359   -1546   -394    487     1352    1421    1050    358     -219    -466    -957    
7779   1967 -60     -851    843     -1359   18      1255    183     -2123   -941    -400    -89     538     1106    1338    1316    825     -93     -174    -2071   
7779   1968 -230    -1153   648     -1949   -242    1134    -367    -1938   -1829   -824    -123    224     1189    1189    1026    367     -669    -819    -642    
7779   1969 -180    -1115   738     -1339   -403    1316    -98     -1463   -1974   -1177   -325    295     1240    1363    1344    484     149     -936    -1291   
7779   1970 -114    -1047   807     -1642   -191    1393    -126    -1638   -2036   -622    -491    531     1470    1501    1212    595     36      -1014   -1065   
7779   1971 -199    -1049   713     -1276   -456    1206    -346    -1352   -1427   -1505   -323    464     1131    1313    1173    491     -186    -1383   -923    
7779   1972 44      -953    863     -1181   -118    1418    -87     -1308   -1323   -645    -159    448     1389    1660    1202    614     -41     -863    -542    
7779   1973 -999999 -999999 -999999 -999999 -999999 -999999 -999999 -999999 -999999 -999999 -999999 -999999 -999999 -999999 -999999 -999999 -999999 -999999 -999999 
7779   1974 -999999 -999999 -999999 -999999 -999999 -999999 -999999 -999999 -999999 -999999 -999999 -999999 -999999 -999999 -999999 -999999 -999999 -999999 -999999 
7779   1975 -999999 -999999 -999999 -999999 -999999 -999999 -999999 -999999 -999999 -999999 -999999 -999999 -999999 -999999 -999999 -999999 -999999 -999999 -999999 
7779   1976 -999999 -999999 -999999 -999999 -999999 -999999 -999999 -999999 -999999 -999999 -999999 -999999 -999999 -999999 -999999 -999999 -999999 -999999 -999999 
7779   1977 -999999 -999999 -999999 -999999 -999999 -999999 -999999 -999999 -999999 -999999 -999999 -999999 -999999 -999999 -999999 -999999 -999999 -999999 -999999 
7779   1978 -999999 -999999 -999999 -999999 -999999 -999999 -999999 -999999 -999999 -999999 -999999 -999999 -999999 -999999 -999999 -999999 -999999 -999999 -999999 
7779   1979 -999999 -999999 -999999 -999999 -999999 -999999 -999999 -999999 -999999 -999999 -999999 -999999 -999999 -999999 -999999 -999999 -999999 -999999 -999999 
7779   1980 -999999 -999999 -999999 -999999 -999999 -999999 -999999 -999999 -999999 -999999 -999999 -999999 -999999 -999999 -999999 -999999 -999999 -999999 -999999 
7779   1981 -999999 -999999 -999999 -999999 -999999 -999999 -999999 -999999 -999999 -999999 -999999 -999999 -999999 -999999 -999999 -999999 -999999 -999999 -999999 
7779   1982 -999999 -999999 -999999 -999999 -999999 -999999 -999999 -999999 -999999 -999999 -999999 -999999 -999999 -999999 -999999 -999999 -999999 -999999 -999999 
7779   1983 -999999 -999999 -999999 -999999 -999999 -999999 -999999 -999999 -999999 -999999 -999999 -999999 -999999 -999999 -999999 -999999 -999999 -999999 -999999 
7779   1984 11      -999999 850     -999999 -17     1202    -153    -1633   -770    -1011   -2      963     1238    1291    1078    506     15      -985    -776    
7779   1985 -325    -1201   773     -1859   -211    1302    -80     -2288   -2582   -715    -318    397     1190    1493    1219    629     97      -972    -2210   
7779   1986 -115    -1170   783     -1935   28      1284    25      -2055   -1496   -410    -195    683     1497    1406    958     328     135     -393    -1975   
7779   1987 -228    -1197   719     -1991   -217    1105    124     -2347   -1614   -1025   -146    524     1080    1296    938     603     494     -767    -1870   
7779   1988 -999999 -893    892     -1476   -131    1409    -999999 -1264   -1266   -725    -285    611     1351    1671    1204    775     -999999 -999999 -999999 
7779   1989 122     -999999 912     -999999 210     1283    11      -779    -1020   -294    186     736     1277    1330    1240    682     -179    -470    -1352   
7779   1990 87      -758    860     -1117   58      1284    -147    -1638   -280    -555    107     622     1179    1411    1259    561     77      -1086   -638    
7779   1991 -49     -902    783     -1201   -148    1279    -61     -1134   -1900   -835    -21     418     1073    1469    1288    446     13      -644    -905    
7779   1992 47      -586    809     -844    34      1181    -340    -889    -730    -370    -327    788     1384    1215    951     826     -870    -958    -478    
7779   1993 -999999 -830    -999999 -799    -999999 -999999 -999999 -1008   -925    -752    -999999 -999999 -999999 -999999 -999999 -999999 -999999 -999999 -999999 
