EUROPEAN CLIMATE ASSESSMENT & DATASET (ECA&D), file created on: 13-11-2019
THESE DATA CAN BE USED FOR NON-COMMERCIAL RESEARCH AND EDUCATION PROVIDED THAT THE FOLLOWING SOURCE IS ACKNOWLEDGED: 

Klein Tank, A.M.G. and Coauthors, 2002. Daily dataset of 20th-century surface
air temperature and precipitation series for the European Climate Assessment.
Int. J. of Climatol., 22, 1441-1453.
Data and metadata available at http://www.ecad.eu

FILE FORMAT (MISSING VALUE CODE = -999999):

THIS FILE HOLDS DATA FOR STATION SWEDEN                                   BOLLEBYGD                                (STAID:   5299)
LATITUDE: dd:mm:ss +57:39:36
LONGITUDE: ddd:mm:ss +012:33:00
ELEVATION: m   65

DATA IS FOR INDEX Mean of daily mean temperature (TG) with unit 0.01 Temperature (&#176;C)

01-06 SOUID: Source identifier
08-11 YEAR : YYYY
13-20 ANNUAL DATA VALUES
21-28 WINTER HALF YEAR DATA VALUES
29-36 SUMMER HALF YEAR DATA VALUES
37-44 WINTER (DJF) DATA VALUES
45-52 SPRING (MAM) DATA VALUES
53-60 SUMMER (JJA) DATA VALUES
61-68 AUTUMN (SON) DATA VALUES
69-76 JANUARY DATA VALUES
etc. 
157-164 DECEMBER DATA VALUES

5299   1945 697     -999999 1236    -999999 632     1593    683     -298    -56     334     584     976     1375    1703    1693    1064    699     285     -50     
5299   1946 640     75      1252    -167    591     1487    626     -189    -271    -48     646     1177    1287    1714    1453    1217    349     320     -39     
5299   1947 586     -208    1399    -525    516     1706    662     -482    -1110   -354    498     1403    1659    1703    1754    1353    576     59      -157    
5299   1948 700     13      1294    -289    737     1537    680     -437    -271    293     760     1159    1470    1643    1496    1221    603     219     206     
5299   1949 822     216     1348    160     622     1554    946     85      194     -13     655     1224    1383    1781    1493    1536    863     443     178     
5299   1950 688     226     1279    -69     673     1564    703     -337    -46     238     571     1206    1454    1606    1626    1190    702     216     -217    
5299   1951 693     36      1231    -164    416     1542    795     -215    -48     -224    473     1001    1466    1554    1603    1272    667     450     275     
5299   1952 575     167     1149    17      506     1441    472     -139    -93     -164    670     1017    1265    1592    1461    869     535     9       -153    
5299   1953 776     41      1319    -221    706     1636    865     -202    -316    335     623     1158    1747    1633    1533    1208    943     442     129     
5299   1954 637     136     1216    -240    585     1492    690     -375    -498    122     389     1237    1485    1511    1479    1175    690     204     141     
5299   1955 581     -53     1271    -292    271     1711    750     -458    -589    -347    357     805     1321    1947    1854    1316    664     274     -253    
5299   1956 539     -69     1140    -471    472     1446    557     -295    -892    47      293     1069    1403    1627    1308    1119    630     -81     168     
5299   1957 -999999 151     1134    84      473     1510    -999999 26      54      93      459     865     1396    1663    1467    936     789     -999999 -52     
5299   1958 604     -999999 1185    -321    293     1522    859     -371    -564    -388    330     938     1430    1638    1495    1261    863     455     -999999 
5299   1959 771     -999999 1339    -999999 726     1662    780     -299    -110    343     681     1154    1490    1817    1673    1195    719     427     103     
5299   1960 650     110     1225    -207    588     1514    700     -355    -380    126     486     1149    1507    1508    1527    1157    615     332     85      
5299   1961 724     221     1218    -10     694     1435    894     -251    153     389     678     1014    1504    1458    1344    1301    1088    285     -297    
5299   1962 551     101     1069    -142    352     1323    675     -53     -69     -356    601     818     1273    1412    1283    1018    829     174     -354    
5299   1963 548     -184    1240    -666    508     1528    796     -989    -654    -145    515     1154    1525    1535    1522    1174    778     436     -345    
5299   1964 629     67      1198    -256    585     1422    686     -105    -321    -54     642     1169    1410    1435    1421    1096    605     359     -138    
5299   1965 546     49      1139    -195    433     1386    621     -100    -363    -102    494     909     1441    1390    1329    1264    770     -177    -363    
5299   1966 -999999 -161    -999999 -549    -999999 1547    668     -594    -706    50      238     -999999 1626    1590    1428    1046    722     234     -133    
5299   1967 689     135     1213    -192    647     1492    856     -382    -47     399     461     1074    1319    1618    1533    1255    921     389     -318    
5299   1968 642     59      1266    -391    590     1588    710     -519    -333    201     701     873     1605    1561    1598    1251    694     184     -140    
5299   1969 626     -28     1299    -272    404     1682    762     -192    -506    -246    463     997     1597    1715    1730    1271    821     192     -407    
5299   1970 509     -150    1134    -613    379     1513    618     -633    -819    -110    189     1052    1643    1420    1479    1003    682     165     -67     
5299   1971 665     85      1170    -78     482     1477    658     -135    -27     -118    439     1124    1336    1621    1471    1009    760     200     247     
5299   1972 662     146     1166    -83     570     1506    619     -452    -43     150     481     1075    1405    1715    1396    901     621     336     331     
5299   1973 641     291     1167    133     588     1520    454     -34     99      377     365     1014    1484    1715    1358    1049    358     -41     -92     
5299   1974 726     131     1171    69      630     1394    678     148     161     250     632     1007    1358    1409    1413    1195    474     372     256     
5299   1975 763     236     1251    157     541     1577    769     271     -80     97      408     1113    1339    1622    1761    1240    783     283     240     
5299   1976 587     92      1185    -97     416     1541    667     -411    -122    -231    438     1040    1405    1677    1536    992     654     357     -312    
5299   1977 643     44      1134    -314    526     1479    728     -276    -360    170     323     1078    1509    1510    1421    942     893     345     83      
5299   1978 610     151     1144    -131    528     1443    787     -37     -470    40      429     1110    1480    1445    1405    980     781     599     -516    
5299   1979 535     -77     1160    -622    478     1461    662     -635    -726    -9      429     1013    1546    1429    1409    1120    526     343     -111    
5299   1980 582     -46     1217    -346    457     1526    624     -406    -533    -115    475     1010    1539    1590    1449    1227    569     77      63      
5299   1981 592     65      1216    -112    589     1451    697     -305    -93     65      444     1253    1355    1538    1457    1233    610     252     -739    
5299   1982 679     -112    1250    -609    596     1566    854     -765    -292    258     544     985     1314    1793    1582    1263    831     471     103     
5299   1983 730     268     1272    13      659     1568    711     306     -413    249     635     1093    1396    1696    1607    1188    781     162     -41     
5299   1984 -999999 103     -999999 -102    599     -999999 779     -163    -103    -28     625     1200    1371    1545    -999999 960     947     424     112     
5299   1985 478     -27     1112    -536    479     1435    587     -863    -892    41      257     1131    1329    1526    1445    959     844     -51     -104    
5299   1986 577     -62     1112    -429    515     1463    701     -443    -774    88      315     1136    1513    1554    1324    805     726     571     12      
