EUROPEAN CLIMATE ASSESSMENT & DATASET (ECA&D), file created on: 13-11-2019
THESE DATA CAN BE USED FOR NON-COMMERCIAL RESEARCH AND EDUCATION PROVIDED THAT THE FOLLOWING SOURCE IS ACKNOWLEDGED: 

Klein Tank, A.M.G. and Coauthors, 2002. Daily dataset of 20th-century surface
air temperature and precipitation series for the European Climate Assessment.
Int. J. of Climatol., 22, 1441-1453.
Data and metadata available at http://www.ecad.eu

FILE FORMAT (MISSING VALUE CODE = -999999):

THIS FILE HOLDS DATA FOR STATION DENMARK                                  TRANEBJERG OST-1                         (STAID:    305)
LATITUDE: dd:mm:ss +55:49:59
LONGITUDE: ddd:mm:ss +010:37:00
ELEVATION: m   18

DATA IS FOR INDEX Mean of daily mean temperature (TG) with unit 0.01 Temperature (&#176;C)

01-06 SOUID: Source identifier
08-11 YEAR : YYYY
13-20 ANNUAL DATA VALUES
21-28 WINTER HALF YEAR DATA VALUES
29-36 SUMMER HALF YEAR DATA VALUES
37-44 WINTER (DJF) DATA VALUES
45-52 SPRING (MAM) DATA VALUES
53-60 SUMMER (JJA) DATA VALUES
61-68 AUTUMN (SON) DATA VALUES
69-76 JANUARY DATA VALUES
etc. 
157-164 DECEMBER DATA VALUES

305    1873 -999999 -999999 -999999 -999999 -999999 -999999 -999999 -999999 -999999 -999999 -999999 -999999 -999999 -999999 -999999 -999999 -999999 -999999 -999999 
305    1874 -999999 -999999 1279    -999999 635     1553    931     213     -999999 228     732     913     1438    1717    1499    1354    1074    370     -46     
305    1875 -999999 -999999 1351    -999999 591     1663    -999999 31      -999999 24      570     1105    1485    1695    1800    1449    738     -999999 25      
305    1876 752     -999999 1266    -15     543     1605    797     -69     -5      216     600     831     1487    1683    1643    1225    953     189     -18     
305    1877 -999999 -999999 -999999 -999999 393     1529    -999999 59      13      -5      335     848     1519    1573    1493    -999999 742     633     173     
305    1878 836     357     1320    157     686     1571    964     69      233     277     704     1066    1415    1567    1719    1421    1034    432     -43     
305    1879 600     142     1174    -214    413     1471    777     -279    -325    -8      319     918     1381    1455    1573    1309    804     199     -233    
305    1880 766     168     1310    -78     620     1576    800     -51     54      217     658     999     1408    1623    1692    1442    607     357     158     
305    1881 618     38      -999999 -190    -999999 1445    757     -411    -325    -168    -999999 968     1365    1576    1394    1193    574     511     292     
305    1882 866     406     1345    267     788     1595    895     251     260     534     701     1099    1466    1704    1612    1451    929     302     -41     
305    1883 780     197     1291    5       512     1593    894     -53     121     -109    542     1105    1503    1709    1555    1324    872     500     196     
305    1884 839     403     1296    227     603     1583    900     241     246     317     467     1016    1358    1703    1680    1486    906     308     182     
305    1885 738     294     1211    84      581     1518    710     -86     170     243     622     890     1417    1702    1431    1159    688     271     184     
305    1886 736     118     1263    -33     509     1503    961     -45     -243    -173    620     1080    1382    1559    1564    1355    935     594     107     
305    1887 724     286     1231    -1      543     1556    783     -92     -19     151     525     939     1478    1679    1512    1251    685     373     87      
305    1888 634     94      1121    -51     305     1412    762     -43     -203    -318    239     966     1353    1452    1430    1193    664     407     323     
305    1889 790     -999999 1349    -999999 600     1675    850     3       -192    -55     505     1368    1896    1624    1510    1155    876     519     54      
305    1890 754     -999999 1235    94      664     1429    855     237     -9      220     563     1192    1344    1417    1522    1338    814     416     -149    
305    1891 736     157     1217    -133    477     1503    905     -308    79      63      408     988     1381    1648    1475    1346    1027    337     275     
305    1892 690     265     1194    45      524     1459    832     -100    -42     62      542     984     1307    1493    1575    1249    809     424     -34     
305    1893 733     126     1270    -260    641     1589    840     -550    -200    292     648     1008    1395    1701    1664    1202    953     343     302     
305    1894 837     378     1273    162     743     1564    823     -6      193     440     764     1036    1418    1748    1521    1119    693     644     324     
305    1895 744     -999999 1327    -101    710     1526    879     -126    -563    100     733     1222    1458    1553    1566    1395    757     473     91      
305    1896 851     334     1376    132     721     1695    835     115     197     348     636     1178    1773    1765    1544    1313    850     342     66      
305    1897 806     -999999 1314    -56     673     1659    822     -178    -61     267     598     1095    1621    1643    1711    1164    775     506     305     
305    1898 -999999 -999999 -999999 -999999 536     1469    894     392     144     173     482     959     1408    1420    1574    1333    841     508     426     
305    1899 791     381     1246    267     559     1571    895     189     169     124     532     994     1414    1750    1543    1226    802     661     -64     
305    1900 788     207     1311    -94     486     1706    898     -85     -143    11      456     1009    1590    1821    1698    1312    916     478     358     
305    1901 738     224     1324    -37     560     1621    886     -165    -319    23      500     1111    1360    1868    1636    1341    953     362     81      
305    1902 637     275     1048    54      449     1341    666     261     -208    139     416     790     1406    1406    1212    1050    670     278     62      
305    1903 792     305     1226    134     683     1491    853     45      301     447     454     1141    1466    1589    1411    1242    888     429     84      
305    1904 812     272     1288    59      600     1586    884     63      27      173     640     1005    1438    1696    1623    1268    871     511     347     
305    1905 736     362     1215    165     570     1549    664     43      111     262     364     1076    1531    1664    1451    1150    527     319     208     
305    1906 780     230     1256    121     645     1498    905     101     47      153     656     1126    1474    1527    1493    1231    856     629     -15     
305    1907 -999999 289     -999999 -14     565     -999999 873     39      -69     251     498     958     -999999 1367    1257    1113    1062    422     156     
305    1908 -999999 -999999 1250    111     537     1595    862     14      168     127     453     989     1458    1780    1533    1274    933     355     200     
305    1909 676     226     1111    37      410     1386    875     2       -98     -44     457     805     1280    1362    1518    1212    1069    307     154     
305    1910 860     366     1343    146     720     1648    865     112     176     369     643     1142    1606    1695    1642    1301    971     321     292     
305    1911 883     367     1356    215     704     1616    949     180     175     241     587     1244    1400    1659    1768    1410    863     594     386     
305    1912 777     346     1229    61      652     1577    787     -114    -105    422     597     948     1414    1759    1540    1098    814     437     476     
305    1913 -999999 -999999 -999999 -999999 -999999 -999999 -999999 -999999 -999999 -999999 -999999 -999999 -999999 -999999 -999999 -999999 -999999 -999999 -999999 
305    1914 -999999 -999999 -999999 -999999 -999999 -999999 -999999 -999999 -999999 -999999 -999999 -999999 -999999 -999999 -999999 -999999 -999999 -999999 -999999 
305    1915 -999999 -999999 -999999 -999999 -999999 -999999 -999999 -999999 -999999 -999999 -999999 -999999 -999999 -999999 -999999 -999999 -999999 -999999 -999999 
305    1916 -999999 -999999 -999999 -999999 -999999 -999999 -999999 -999999 -999999 -999999 -999999 -999999 -999999 -999999 -999999 -999999 -999999 -999999 -999999 
305    1917 -999999 -999999 -999999 -999999 -999999 -999999 -999999 -999999 -999999 -999999 -999999 -999999 -999999 -999999 -999999 -999999 -999999 -999999 -999999 
305    1918 -999999 -999999 -999999 -999999 -999999 -999999 -999999 -999999 -999999 -999999 -999999 -999999 -999999 -999999 -999999 -999999 -999999 -999999 -999999 
305    1919 -999999 -999999 -999999 -999999 -999999 -999999 -999999 -999999 -999999 -999999 -999999 -999999 -999999 -999999 -999999 -999999 -999999 -999999 -999999 
305    1920 -999999 -999999 -999999 -999999 -999999 -999999 -999999 -999999 -999999 -999999 -999999 -999999 -999999 -999999 -999999 -999999 -999999 -999999 -999999 
305    1921 -999999 -999999 -999999 -999999 -999999 -999999 -999999 -999999 -999999 -999999 -999999 -999999 -999999 -999999 -999999 -999999 -999999 -999999 -999999 
305    1922 -999999 -999999 -999999 -999999 -999999 -999999 -999999 -999999 -999999 -999999 -999999 -999999 -999999 -999999 -999999 -999999 -999999 -999999 -999999 
305    1923 -999999 -999999 -999999 -999999 -999999 -999999 -999999 -999999 -999999 -999999 -999999 -999999 -999999 -999999 -999999 -999999 -999999 -999999 -999999 
305    1924 -999999 -999999 -999999 -999999 -999999 -999999 -999999 -999999 -999999 -999999 -999999 -999999 -999999 -999999 -999999 -999999 -999999 -999999 -999999 
305    1925 -999999 -999999 -999999 -999999 -999999 -999999 -999999 -999999 -999999 -999999 -999999 -999999 -999999 -999999 -999999 -999999 -999999 -999999 -999999 
305    1926 -999999 -999999 -999999 -999999 -999999 -999999 -999999 -999999 -999999 -999999 -999999 -999999 -999999 -999999 -999999 -999999 -999999 -999999 -999999 
305    1927 -999999 -999999 -999999 -999999 -999999 -999999 -999999 -999999 -999999 -999999 -999999 -999999 -999999 -999999 -999999 -999999 -999999 -999999 -999999 
305    1928 -999999 -999999 -999999 -999999 -999999 -999999 -999999 -999999 -999999 -999999 -999999 -999999 -999999 -999999 -999999 -999999 -999999 -999999 -999999 
305    1929 -999999 -999999 -999999 -999999 -999999 -999999 -999999 -999999 -999999 -999999 -999999 -999999 -999999 -999999 -999999 -999999 -999999 -999999 -999999 
305    1930 -999999 -999999 -999999 -999999 -999999 -999999 -999999 -999999 -999999 -999999 -999999 -999999 -999999 -999999 -999999 -999999 -999999 -999999 -999999 
305    1931 -999999 -999999 -999999 -999999 -999999 -999999 -999999 -999999 -999999 -999999 -999999 -999999 -999999 -999999 -999999 -999999 -999999 -999999 -999999 
305    1932 -999999 -999999 -999999 -999999 -999999 -999999 -999999 -999999 -999999 -999999 -999999 -999999 -999999 -999999 -999999 -999999 -999999 -999999 -999999 
305    1933 -999999 -999999 -999999 -999999 -999999 -999999 -999999 -999999 -999999 -999999 -999999 -999999 -999999 -999999 -999999 -999999 -999999 -999999 -999999 
305    1934 -999999 -999999 -999999 -999999 -999999 -999999 -999999 -999999 -999999 -999999 -999999 -999999 -999999 -999999 -999999 -999999 -999999 -999999 -999999 
305    1935 -999999 -999999 -999999 -999999 -999999 -999999 -999999 -999999 -999999 -999999 -999999 -999999 -999999 -999999 -999999 -999999 -999999 -999999 -999999 
305    1936 -999999 -999999 -999999 -999999 -999999 -999999 -999999 -999999 -999999 -999999 -999999 -999999 -999999 -999999 -999999 -999999 -999999 -999999 -999999 
305    1937 -999999 -999999 -999999 -999999 -999999 -999999 -999999 -999999 -999999 -999999 -999999 -999999 -999999 -999999 -999999 -999999 -999999 -999999 -999999 
305    1938 -999999 -999999 -999999 -999999 -999999 -999999 -999999 -999999 -999999 -999999 -999999 -999999 -999999 -999999 -999999 -999999 -999999 -999999 -999999 
305    1939 -999999 -999999 -999999 -999999 -999999 -999999 -999999 -999999 -999999 -999999 -999999 -999999 -999999 -999999 -999999 -999999 -999999 -999999 -999999 
305    1940 -999999 -999999 -999999 -999999 -999999 -999999 -999999 -999999 -999999 -999999 -999999 -999999 -999999 -999999 -999999 -999999 -999999 -999999 -999999 
305    1941 -999999 -999999 -999999 -999999 -999999 -999999 -999999 -999999 -999999 -999999 -999999 -999999 -999999 -999999 -999999 -999999 -999999 -999999 -999999 
305    1942 -999999 -999999 -999999 -999999 -999999 -999999 -999999 -999999 -999999 -999999 -999999 -999999 -999999 -999999 -999999 -999999 -999999 -999999 -999999 
305    1943 -999999 -999999 -999999 -999999 -999999 -999999 -999999 -999999 -999999 -999999 -999999 -999999 -999999 -999999 -999999 -999999 -999999 -999999 -999999 
305    1944 -999999 -999999 -999999 -999999 -999999 -999999 -999999 -999999 -999999 -999999 -999999 -999999 -999999 -999999 -999999 -999999 -999999 -999999 -999999 
305    1945 -999999 -999999 -999999 -999999 -999999 -999999 -999999 -999999 -999999 -999999 -999999 -999999 -999999 -999999 -999999 -999999 -999999 -999999 -999999 
305    1946 -999999 -999999 -999999 -999999 -999999 -999999 -999999 -999999 -999999 -999999 -999999 -999999 -999999 -999999 -999999 -999999 -999999 -999999 -999999 
305    1947 -999999 -999999 -999999 -999999 -999999 -999999 -999999 -999999 -999999 -999999 -999999 -999999 -999999 -999999 -999999 -999999 -999999 -999999 -999999 
305    1948 -999999 -999999 -999999 -999999 -999999 -999999 -999999 -999999 -999999 -999999 -999999 -999999 -999999 -999999 -999999 -999999 -999999 -999999 -999999 
305    1949 -999999 -999999 -999999 -999999 -999999 -999999 -999999 -999999 -999999 -999999 -999999 -999999 -999999 -999999 -999999 -999999 -999999 -999999 -999999 
305    1950 -999999 -999999 -999999 -999999 -999999 -999999 -999999 -999999 -999999 -999999 -999999 -999999 -999999 -999999 -999999 -999999 -999999 -999999 -999999 
305    1951 -999999 -999999 -999999 -999999 -999999 -999999 -999999 -999999 -999999 -999999 -999999 -999999 -999999 -999999 -999999 -999999 -999999 -999999 -999999 
305    1952 -999999 -999999 -999999 -999999 -999999 -999999 -999999 -999999 -999999 -999999 -999999 -999999 -999999 -999999 -999999 -999999 -999999 -999999 -999999 
305    1953 -999999 -999999 -999999 -999999 -999999 -999999 -999999 -999999 -999999 -999999 -999999 -999999 -999999 -999999 -999999 -999999 -999999 -999999 -999999 
305    1954 -999999 -999999 -999999 -999999 -999999 -999999 -999999 -999999 -999999 -999999 -999999 -999999 -999999 -999999 -999999 -999999 -999999 -999999 -999999 
305    1955 -999999 -999999 -999999 -999999 -999999 -999999 -999999 -999999 -999999 -999999 -999999 -999999 -999999 -999999 -999999 -999999 -999999 -999999 -999999 
305    1956 -999999 -999999 -999999 -999999 -999999 -999999 -999999 -999999 -999999 -999999 -999999 -999999 -999999 -999999 -999999 -999999 -999999 -999999 -999999 
305    1957 -999999 -999999 -999999 -999999 -999999 -999999 -999999 -999999 -999999 -999999 -999999 -999999 -999999 -999999 -999999 -999999 -999999 -999999 -999999 
305    1958 -999999 -999999 -999999 -999999 -999999 -999999 -999999 -999999 -999999 -999999 -999999 -999999 -999999 -999999 -999999 -999999 -999999 -999999 -999999 
305    1959 -999999 -999999 -999999 -999999 -999999 -999999 -999999 -999999 -999999 -999999 -999999 -999999 -999999 -999999 -999999 -999999 -999999 -999999 -999999 
305    1960 -999999 -999999 -999999 -999999 -999999 -999999 -999999 -999999 -999999 -999999 -999999 -999999 -999999 -999999 -999999 -999999 -999999 -999999 -999999 
305    1961 -999999 -999999 -999999 -999999 -999999 -999999 -999999 -999999 -999999 -999999 -999999 -999999 -999999 -999999 -999999 -999999 -999999 -999999 -999999 
305    1962 -999999 -999999 -999999 -999999 -999999 -999999 -999999 -999999 -999999 -999999 -999999 -999999 -999999 -999999 -999999 -999999 -999999 -999999 -999999 
305    1963 -999999 -999999 -999999 -999999 -999999 -999999 -999999 -999999 -999999 -999999 -999999 -999999 -999999 -999999 -999999 -999999 -999999 -999999 -999999 
305    1964 -999999 -999999 -999999 -999999 -999999 -999999 -999999 -999999 -999999 -999999 -999999 -999999 -999999 -999999 -999999 -999999 -999999 -999999 -999999 
305    1965 -999999 -999999 -999999 -999999 -999999 -999999 -999999 -999999 -999999 -999999 -999999 -999999 -999999 -999999 -999999 -999999 -999999 -999999 -999999 
305    1966 -999999 -999999 -999999 -999999 -999999 -999999 -999999 -999999 -999999 -999999 -999999 -999999 -999999 -999999 -999999 -999999 -999999 -999999 -999999 
305    1967 -999999 -999999 -999999 -999999 -999999 -999999 -999999 -999999 -999999 -999999 -999999 -999999 -999999 -999999 -999999 -999999 -999999 -999999 -999999 
305    1968 -999999 -999999 -999999 -999999 -999999 -999999 -999999 -999999 -999999 -999999 -999999 -999999 -999999 -999999 -999999 -999999 -999999 -999999 -999999 
305    1969 -999999 -999999 -999999 -999999 -999999 -999999 -999999 -999999 -999999 -999999 -999999 -999999 -999999 -999999 -999999 -999999 -999999 -999999 -999999 
305    1970 -999999 -999999 -999999 -999999 -999999 -999999 -999999 -999999 -999999 -999999 -999999 -999999 -999999 -999999 -999999 -999999 -999999 -999999 -999999 
305    1971 866     -999999 1337    -999999 631     1617    943     77      261     86      580     1226    1414    1723    1690    1328    995     506     481     
305    1972 -999999 -999999 1333    146     707     1653    -999999 -101    23      326     670     1112    1461    1826    1660    1209    -999999 -999999 363     
305    1973 842     -999999 1303    -999999 697     1616    840     154     -999999 506     523     1056    1476    1753    1618    1366    735     402     141     
305    1974 879     375     1279    246     745     1497    882     282     324     381     801     1020    1423    1501    1568    1362    709     577     494     
305    1975 922     457     1369    385     638     1695    960     461     182     289     526     1080    1412    1748    1915    1495    923     498     419     
305    1976 820     343     1336    196     565     1686    927     114     39      21      585     1070    1474    1817    1748    1278    969     533     77      
305    1977 -999999 -999999 1247    17      640     1548    955     -26     -9      347     496     1072    1503    1612    1526    1202    1043    606     304     
305    1978 -999999 -999999 1235    98      616     1538    1008    148     -174    259     454     1097    1494    1468    1678    1236    999     773     13      
305    1979 -999999 -999999 -999999 -999999 553     1479    878     -271    -374    130     507     1053    1499    1437    1503    1306    855     488     278     
305    1980 -999999 -999999 1284    -999999 575     1565    894     -148    -129    60      593     1023    1524    1607    1565    1382    861     456     274     
305    1981 -999999 -999999 1296    -999999 715     1520    932     -25     69      267     554     1242    1401    1568    1591    1398    841     534     -276    
305    1982 863     -999999 1340    -999999 699     1625    1065    -284    -81     369     677     1063    1425    1708    1729    1417    1075    689     294     
305    1983 -999999 -999999 1354    -999999 -999999 1636    931     443     -16     372     681     1092    1445    1744    1715    1359    951     466     193     
305    1984 849     -999999 1287    134     617     1560    1008    153     51      122     657     1088    1383    1577    1709    1257    1111    644     325     
305    1985 -999999 -999999 1257    -999999 579     1530    862     -380    -362    89      501     1106    1389    1602    1596    1259    1049    265     326     
305    1986 776     -999999 1239    -42     588     1538    972     -24     -429    132     424     1163    1472    1628    1510    1167    979     745     319     
305    1987 -999999 -999999 1198    -41     495     1393    963     -397    -19     -180    695     981     1180    1513    1475    1283    979     626     383     
305    1988 918     -999999 1367    -999999 705     1635    938     393     299     234     630     1239    1607    1688    1610    1413    945     421     369     
305    1989 975     -999999 1369    437     819     1621    1030    466     479     581     642     1195    1489    1751    1620    1452    1077    545     305     
305    1990 -999999 -999999 1402    438     881     1672    -999999 456     567     606     781     1244    1533    1682    1792    1336    1059    516     314     
305    1991 -999999 -999999 1315    -999999 691     1601    -999999 281     -999999 433     654     977     1247    1733    1790    1465    926     585     364     
305    1992 940     -999999 1414    352     771     1729    906     313     384     439     614     1249    1696    1832    1658    1391    752     562     365     
305    1993 -999999 -999999 1292    -999999 799     1479    758     257     134     327     770     1297    1407    1515    1512    1193    766     298     235     
305    1994 -999999 -999999 1397    -999999 754     1721    980     330     -55     375     783     1091    1365    1959    1802    1354    864     728     479     
305    1995 -999999 -999999 1385    -999999 693     1713    1041    90      -999999 339     665     1014    1394    1791    1945    1432    1185    476     -121    
305    1996 -999999 -999999 -999999 -999999 -999999 1600    958     -121    -264    51      692     907     1371    1542    1888    1310    1030    568     32      
305    1997 -999999 388     1432    88      665     1802    955     -91     349     404     588     1034    1518    1794    2095    1454    898     499     292     
305    1998 -999999 -999999 1341    -999999 -999999 1530    873     318     -999999 421     664     1238    1467    1536    1588    1435    928     255     182     
305    1999 -999999 -999999 1422    -999999 780     1643    1117    271     125     397     786     1120    1393    1787    1733    1710    1018    623     277     
305    2000 -999999 -999999 -999999 -999999 -999999 1615    1115    307     -999999 429     830     1380    1494    1650    1692    1422    1168    765     477     
305    2001 919     488     1408    274     698     1710    1085    229     106     176     638     1278    1413    1884    1823    1388    1285    578     161     
305    2002 997     549     1548    304     874     1853    964     279     491     496     787     1335    1684    1806    2064    1592    809     495     93      
305    2003 -999999 307     -999999 34      -999999 -999999 986     96      -99     414     -999999 -999999 1691    1943    -999999 1482    779     704     433     
305    2004 905     418     1371    218     778     1593    1028    -20     243     369     790     1177    1395    1541    1839    1470    1024    588     418     
305    2005 -999999 -999999 1369    -999999 673     1605    1124    -999999 71      150     754     1119    1421    1755    1634    1516    1161    694     295     
305    2006 980     369     1473    108     600     1783    1271    -48     74      21      649     1131    1533    2010    1798    1701    1275    836     723     
305    2007 989     707     1425    501     915     1678    959     521     233     611     937     1196    1621    1656    1755    1372    955     551     403     
305    2008 964     533     -999999 435     -999999 1689    1018    429     477     383     703     -999999 1530    1796    1737    1384    1020    650     324     
305    2009 926     443     1430    189     820     1668    1049    137     99      404     904     1156    1386    1812    1796    1508    878     767     216     
305    2010 762     305     1348    -47     679     1667    891     -186    -185    307     744     989     1425    1904    1665    1345    901     425     -247    
305    2011 945     254     1444    -58     838     1665    1079    47      35      343     1002    1175    1564    1706    1722    1485    1035    719     450     
305    2012 876     524     1313    246     829     1552    985     265     8       637     650     1193    1321    1606    1721    1369    933     653     121     
305    2013 896     305     1379    78      600     1685    1072    99      9       -4      599     1205    1460    1787    1801    1399    1165    648     520     
305    2014 1030    594     1452    377     878     1720    1183    208     407     601     854     1179    1516    1955    1682    1513    1230    804     370     
305    2015 939     563     1310    286     737     1570    1054    287     190     466     739     1005    1307    1606    1789    1400    1007    757     658     
305    2016 936     526     1427    339     761     1654    1042    77      279     370     660     1250    1611    1679    1669    1681    972     475     493     
305    2017 930     470     1352    285     797     1610    1048    159     195     499     685     1203    1517    1623    1687    1383    1142    617     389     
305    2018 988     414     1548    223     775     1839    1072    269     -11     45      835     1447    1694    1985    1834    1472    1087    658     468     
