EUROPEAN CLIMATE ASSESSMENT & DATASET (ECA&D), file created on: 13-11-2019
THESE DATA CAN BE USED FOR NON-COMMERCIAL RESEARCH AND EDUCATION PROVIDED THAT THE FOLLOWING SOURCE IS ACKNOWLEDGED: 

Klein Tank, A.M.G. and Coauthors, 2002. Daily dataset of 20th-century surface
air temperature and precipitation series for the European Climate Assessment.
Int. J. of Climatol., 22, 1441-1453.
Data and metadata available at http://www.ecad.eu

FILE FORMAT (MISSING VALUE CODE = -999999):

THIS FILE HOLDS DATA FOR STATION NORWAY                                   OERLAND II                               (STAID:  18868)
LATITUDE: dd:mm:ss +63:40:59
LONGITUDE: ddd:mm:ss +009:36:00
ELEVATION: m   12

DATA IS FOR INDEX Mean of daily mean temperature (TG) with unit 0.01 Temperature (&#176;C)

01-06 SOUID: Source identifier
08-11 YEAR : YYYY
13-20 ANNUAL DATA VALUES
21-28 WINTER HALF YEAR DATA VALUES
29-36 SUMMER HALF YEAR DATA VALUES
37-44 WINTER (DJF) DATA VALUES
45-52 SPRING (MAM) DATA VALUES
53-60 SUMMER (JJA) DATA VALUES
61-68 AUTUMN (SON) DATA VALUES
69-76 JANUARY DATA VALUES
etc. 
157-164 DECEMBER DATA VALUES

18868  1954 -999999 -999999 -999999 -999999 -999999 -999999 -999999 -999999 -999999 -999999 -999999 -999999 -999999 -999999 -999999 -999999 -999999 330     266     
18868  1955 509     -999999 952     -5      258     1250    678     -18     -262    -45     253     566     958     1384    1398    1138    515     387     -212    
18868  1956 528     74      932     -215    442     1153    595     -100    -340    179     328     815     1001    1280    1173    981     631     172     171     
18868  1957 582     199     930     91      397     1178    674     179     -96     106     423     663     895     1379    1250    954     643     427     105     
18868  1958 542     28      998     -181    236     1233    921     -205    -472    -362    369     705     1068    1196    1428    1210    906     648     -51     
18868  1959 673     324     1029    -39     605     1273    767     -324    288     481     550     784     1128    1324    1361    1013    765     522     163     
18868  1960 586     233     1077    -71     578     1306    582     -205    -178    316     547     870     1114    1416    1380    1116    371     265     -5      
18868  1961 682     184     1026    54      509     1245    918     -43     228     296     394     834     1139    1306    1286    1186    1020    545     -33     
18868  1962 533     236     920     22      303     1121    669     50      53      -226    385     752     952     1168    1238    1009    782     213     -18     
18868  1963 630     114     1111    -126    552     1318    680     -90     -285    45      559     1052    1207    1202    1543    1087    769     179     221     
18868  1964 634     293     967     174     579     1149    664     294     -3      277     562     897     1022    1204    1217    888     771     328     119     
18868  1965 549     218     995     32      474     1144    695     -88     69      100     589     737     1173    1093    1166    1209    807     64      -345    
18868  1966 471     -66     945     -431    318     1272    566     -353    -612    -7      199     759     1337    1218    1264    883     614     200     76      
18868  1967 606     173     1010    -18     508     1193    796     -257    143     261     347     912     1046    1252    1276    1211    649     534     -122    
18868  1968 534     165     986     -111    422     1231    516     -148    -61     133     452     681     1204    1252    1237    1084    449     17      93      
18868  1969 580     33      1104    -73     428     1447    563     -12     -325    -56     527     817     1342    1336    1658    927     729     25      -75     
18868  1970 549     12      1031    -258    435     1315    582     -278    -440    67      310     923     1315    1268    1361    994     698     48      244     
18868  1971 600     190     987     160     422     1192    578     122     109     -94     389     970     1049    1258    1264    973     629     129     360     
18868  1972 666     221     1069    80      587     1356    615     -191    69      314     480     963     1312    1459    1295    886     670     287     416     
18868  1973 589     366     952     269     507     1224    484     362     4       419     265     828     1140    1346    1182    934     450     67      11      
18868  1974 684     223     1064    177     574     1260    636     336     184     278     498     944     1269    1231    1280    1154    521     238     239     
18868  1975 650     292     940     243     461     1171    722     206     288     260     363     758     960     1196    1350    995     735     437     222     
18868  1976 550     233     944     78      458     1183    590     -103    117     -9      317     1063    1097    1220    1228    715     681     372     -117    
18868  1977 521     109     852     -215    366     1134    650     -254    -281    223     198     672     973     1162    1260    831     792     322     280     
18868  1978 502     189     980     -38     416     1271    600     -73     -351    115     292     836     1194    1373    1245    924     587     291     -466    
18868  1979 503     11      933     -320    414     1194    568     -350    -125    122     389     731     1171    1161    1249    884     577     243     -56     
18868  1980 565     93      1097    -117    453     1403    525     -223    -70     83      485     791     1370    1450    1389    1087    450     41      -95     
18868  1981 496     28      986     -92     471     1100    635     -88     -95     -55     323     1140    953     1193    1148    1139    629     137     -511    
18868  1982 602     72      965     -234    520     1201    682     -260    102     342     398     815     962     1308    1325    966     730     348     144     
18868  1983 609     258     1003    101     562     1143    642     133     19      157     519     1007    1011    1273    1141    1052    636     237     81      
18868  1984 632     150     1016    -3      529     1189    736     -208    127     30      533     1025    1083    1238    1241    961     765     482     290     
18868  1985 510     165     992     -134    429     1297    598     -332    -383    124     304     855     1131    1369    1387    888     838     60      -200    
18868  1986 546     74      970     -269    537     1240    645     -433    -164    322     294     988     1185    1252    1283    798     674     463     -160    
18868  1987 569     68      974     -232    414     1190    750     -467    -53     -49     543     752     1077    1340    1151    970     948     325     252     
18868  1988 657     291     1093    151     413     1386    700     126     70      14      227     993     1142    1553    1455    1162    682     257     169     
18868  1989 708     362     1032    286     601     1242    723     409     280     362     619     822     1175    1238    1311    1017    701     452     85      
18868  1990 719     355     1053    218     538     1331    716     170     418     314     534     765     1304    1308    1380    1021    773     352     268     
18868  1991 644     311     990     126     519     1260    658     187     -100    347     564     646     1021    1371    1380    942     626     408     270     
18868  1992 646     350     1038    260     516     1288    511     312     194     283     292     967     1393    1204    1271    1088    205     250     277     
18868  1993 564     210     932     200     548     1091    510     168     149     208     551     887     841     1240    1185    872     491     169     -31     
18868  1994 551     46      981     -170    436     1236    587     -144    -352    108     495     706     900     1401    1397    969     475     321     260     
18868  1995 562     246     910     157     402     1127    652     70      140     202     241     756     988     1203    1186    1074    765     113     -25     
18868  1996 542     130     973     -74     424     1245    568     19      -227    110     483     682     993     1156    1577    931     740     27      -24     
18868  1997 638     200     1057    87      343     1451    616     200     86      155     200     672     1281    1475    1592    1104    514     234     94      
18868  1998 605     211     998     144     418     1221    612     128     218     83      422     749     1111    1316    1233    1148    575     114     143     
18868  1999 636     175     1059    51      503     1233    866     -30     37      195     537     779     1205    1267    1226    1336    705     563     -207    
18868  2000 669     249     986     44      513     1115    884     205     141     94      500     946     951     1185    1204    1118    958     573     137     
18868  2001 571     246     970     7       353     1189    753     177     -325    -90     408     744     1028    1242    1293    1090    794     375     46      
18868  2002 715     267     1293    91      661     1599    524     99      130     151     708     1126    1498    1549    1747    1112    425     39      -45     
18868  2003 747     158     1198    8       658     1506    702     -68     151     440     599     933     1305    1724    1482    1127    524     461     250     
18868  2004 702     253     1130    65      674     1320    719     -145    91      333     790     904     1082    1336    1534    1119    746     291     321     
18868  2005 700     309     1055    224     509     1289    814     296     36      137     642     752     1111    1457    1293    1064    832     546     153     
18868  2006 765     272     1199    162     414     1448    883     225     100     -242    502     986     1168    1485    1683    1350    761     542     578     
18868  2007 695     395     1086    197     627     1384    663     137     -160    464     554     859     1260    1561    1329    939     731     317     276     
18868  2008 740     334     1146    261     563     1397    758     217     291     166     632     892     1257    1493    1438    1155    713     408     200     
18868  2009 706     281     1174    84      696     1364    733     123     -88     300     750     1039    1180    1415    1490    1153    565     484     7       
18868  2010 504     91      1039    -208    463     1293    578     -298    -346    105     510     774     1009    1443    1418    1065    763     -100    -368    
18868  2011 758     106     1152    -87     637     1321    931     165     -54     206     719     989     1234    1345    1380    1238    864     693     266     
18868  2012 614     430     968     170     562     1220    663     98      145     504     370     805     1120    1273    1264    962     572     458     -219    
18868  2013 678     110     1111    -100    492     1311    792     -50     -25     -77     416     1135    1231    1317    1382    1167    749     461     384     
18868  2014 815     411     1205    269     651     1491    880     -17     459     435     596     921     1213    1727    1525    1231    874     536     259     
18868  2015 771     438     1070    252     598     1280    889     194     309     444     528     818     955     1259    1614    1231    890     545     421     
18868  2016 709     374     1117    132     624     1309    767     -161    136     404     480     985     1134    1434    1354    1300    738     263     417     
18868  2017 721     355     1112    290     515     1352    817     284     156     250     439     855     1256    1414    1381    1317    842     291     123     
18868  2018 699     199     1156    53      552     1338    810     98      -76     -106    587     1175    1062    1603    1341    1149    703     580     216     
18868  2019 -999999 324     1142    170     566     1401    -999999 44      259     143     757     805     1293    1450    1456    1083    588     -999999 -999999 
