EUROPEAN CLIMATE ASSESSMENT & DATASET (ECA&D), file created on: 13-11-2019
THESE DATA CAN BE USED FOR NON-COMMERCIAL RESEARCH AND EDUCATION PROVIDED THAT THE FOLLOWING SOURCE IS ACKNOWLEDGED: 

Klein Tank, A.M.G. and Coauthors, 2002. Daily dataset of 20th-century surface
air temperature and precipitation series for the European Climate Assessment.
Int. J. of Climatol., 22, 1441-1453.
Data and metadata available at http://www.ecad.eu

FILE FORMAT (MISSING VALUE CODE = -999999):

THIS FILE HOLDS DATA FOR STATION SPAIN                                    SEGOVIA (MARIANO QUINTANILLA)            (STAID:   3962)
LATITUDE: dd:mm:ss +40:56:52
LONGITUDE: ddd:mm:ss -004:06:55
ELEVATION: m  990

DATA IS FOR INDEX Mean of daily mean temperature (TG) with unit 0.01 Temperature (&#176;C)

01-06 SOUID: Source identifier
08-11 YEAR : YYYY
13-20 ANNUAL DATA VALUES
21-28 WINTER HALF YEAR DATA VALUES
29-36 SUMMER HALF YEAR DATA VALUES
37-44 WINTER (DJF) DATA VALUES
45-52 SPRING (MAM) DATA VALUES
53-60 SUMMER (JJA) DATA VALUES
61-68 AUTUMN (SON) DATA VALUES
69-76 JANUARY DATA VALUES
etc. 
157-164 DECEMBER DATA VALUES

3962   1931 1119    -999999 1646    -999999 1117    1980    1129    331     323     940     1005    1402    1950    2033    1959    1528    1219    662     106     
3962   1932 1021    518     1517    165     863     1853    1109    244     142     717     697     1170    1567    2167    1806    1675    996     661     385     
3962   1933 1067    523     1733    248     1108    2014    1039    70      294     715     1135    1476    1436    2191    2396    1716    1065    334     -91     
3962   1934 1075    317     1670    64      815     1989    1166    70      228     286     750     1408    1871    2215    1878    1885    1267    343     637     
3962   1935 1079    546     1673    282     928     2032    1118    -30     235     786     1007    998     1799    2329    1960    1892    901     561     445     
3962   1936 -999999 619     -999999 532     -999999 1891    -999999 566     590     656     849     -999999 1516    1904    2239    -999999 -999999 -999999 -999999 
3962   1937 -999999 -999999 1732    -999999 948     2117    1172    -999999 -999999 467     989     1389    1749    2320    2274    1662    1072    781     178     
3962   1938 1168    562     1676    183     1027    2097    1285    176     195     944     1037    1099    2075    2135    2080    1620    1332    902     361     
3962   1939 1096    688     1603    441     847     1943    1128    528     432     554     827     1159    1641    2085    2095    1793    978     618     391     
3962   1940 1143    670     1648    462     1093    1948    1139    281     724     1019    973     1288    1661    2020    2154    1761    1052    605     139     
3962   1941 -999999 -999999 -999999 -999999 -999999 -999999 -999999 -999999 -999999 -999999 -999999 -999999 -999999 -999999 -999999 -999999 -999999 -999999 -999999 
3962   1942 -999999 -999999 -999999 -999999 -999999 -999999 -999999 -999999 -999999 -999999 -999999 -999999 -999999 -999999 -999999 -999999 -999999 -999999 -999999 
3962   1943 -999999 -999999 -999999 -999999 -999999 -999999 -999999 -999999 -999999 -999999 -999999 -999999 -999999 -999999 -999999 -999999 -999999 -999999 -999999 
3962   1944 -999999 -999999 -999999 -999999 -999999 -999999 -999999 250     91      700     -999999 -999999 -999999 -999999 -999999 1792    -999999 -999999 -999999 
3962   1945 -999999 -999999 1852    -999999 1265    2089    1409    -142    624     906     1424    1470    2050    2258    1957    1952    1443    828     -999999 
3962   1946 1153    -999999 1650    -999999 870     2048    1278    86      495     681     918     1013    1815    2223    2099    1820    1365    647     629     
3962   1947 1260    713     1833    459     1167    2212    1325    304     444     861     1265    1377    2100    2401    2133    1707    1304    964     211     
3962   1948 -999999 -999999 -999999 -999999 -999999 -999999 -999999 450     -999999 -999999 1022    1336    -999999 -999999 -999999 -999999 -999999 -999999 538     
3962   1949 1298    -999999 1909    -999999 1160    2279    1296    283     640     713     1437    1340    1961    2421    2445    1836    1336    713     417     
3962   1950 1273    702     1833    429     1102    2220    1410    294     591     850     1043    1412    2094    2432    2131    1869    1403    957     164     
3962   1951 -999999 -999999 -999999 -999999 -999999 -999999 -999999 -999999 -999999 -999999 -999999 -999999 1820    2209    1929    -999999 -999999 -999999 -999999 
3962   1952 -999999 -999999 -999999 -999999 -999999 -999999 -999999 -999999 -999999 1018    995     1428    -999999 2036    1998    1478    1316    -999999 -999999 
3962   1953 -999999 -999999 -999999 -999999 -999999 -999999 -999999 -999999 -999999 -999999 981     1571    1622    2130    2359    1691    -999999 -999999 729     
3962   1954 -999999 -999999 -999999 -999999 941     1931    -999999 3       236     672     824     1323    1709    2124    1951    1858    1345    890     363     
3962   1955 -999999 -999999 1852    -999999 1174    2150    1204    570     -999999 635     1251    1654    1889    2294    2255    1753    1167    671     558     
3962   1956 -999999 -999999 -999999 280     -999999 -999999 -999999 427     -999999 -999999 -999999 1339    1678    -999999 1978    -999999 -999999 -999999 -999999 
3962   1957 -999999 -999999 -999999 -999999 -999999 -999999 -999999 -999999 -999999 1102    -999999 -999999 1611    -999999 2200    -999999 1096    555     -999999 
3962   1958 -999999 -999999 -999999 -999999 -999999 -999999 -999999 -999999 -999999 -999999 -999999 -999999 -999999 -999999 -999999 -999999 -999999 -999999 494     
3962   1959 -999999 -999999 -999999 -999999 -999999 -999999 -999999 -999999 -999999 -999999 -999999 -999999 -999999 -999999 -999999 -999999 -999999 -999999 -999999 
3962   1960 -999999 -999999 -999999 -999999 1122    -999999 1149    -999999 612     819     1014    1529    2038    -999999 -999999 1742    947     758     210     
3962   1961 1299    702     1813    448     1250    2093    1255    257     897     1123    1092    1530    1871    2183    2218    1967    1140    662     627     
3962   1962 1184    652     1762    473     1007    2120    1247    381     403     675     951     1393    1854    2182    2317    1853    1445    437     257     
3962   1963 1162    588     1672    291     1044    2013    1274    372     239     737     981     1413    1766    2232    2034    1581    1414    824     279     
3962   1964 1235    671     1892    378     1163    2125    1273    327     539     638     956     1888    1831    2345    2190    2117    989     721     253     
3962   1965 1192    537     1749    240     1111    2120    1196    272     192     766     949     1613    2050    2098    2208    1552    1344    688     491     
3962   1966 1198    770     1744    636     1041    1990    1161    674     756     662     980     1480    1701    2114    2147    2024    1063    398     349     
3962   1967 1190    606     -999999 416     1008    2090    1268    375     537     899     -999999 1173    1671    2449    2138    1695    1438    723     202     
3962   1968 1221    662     1688    385     951     2069    1416    406     558     640     973     1239    1951    2185    2070    1715    1674    850     402     
3962   1969 1107    723     1621    390     927     2040    1106    506     248     616     910     1255    1678    2319    2111    1424    1287    602     254     
3962   1970 1178    611     1740    432     922     2040    1386    589     456     465     943     1360    1829    2230    2055    2004    1143    1019    51      
3962   1971 1095    573     1599    295     820     1881    1233    346     509     377     988     1115    1554    2112    1966    1811    1497    383     433     
3962   1972 1048    611     1491    368     847     1868    1112    211     466     659     768     1111    1632    2065    1899    1453    1093    792     405     
3962   1973 1124    596     1680    349     973     2017    1211    326     310     630     889     1398    1676    2061    2304    1730    1151    754     200     
3962   1974 1104    606     1630    365     936     1983    1054    540     354     618     794     1390    1769    2101    2073    1627    806     738     385     
3962   1975 1128    601     1599    531     828     2008    1184    576     644     466     919     1102    1661    2236    2116    1538    1360    648     229     
3962   1976 1130    639     1644    359     1013    2002    1019    315     544     730     787     1513    1942    2062    2000    1536    1009    512     581     
3962   1977 1155    671     1518    541     1003    1678    1323    373     684     868     1052    1087    1462    1735    1829    1924    1330    714     764     
3962   1978 1142    741     1580    541     864     1905    1280    250     615     757     760     1071    1447    2064    2189    1932    1194    716     673     
3962   1979 1181    701     1681    565     900     2063    1214    520     496     586     737     1372    1884    2205    2093    1775    1158    709     586     
3962   1980 1139    705     1635    557     862     1960    1298    428     663     681     814     1088    1636    1982    2251    2026    1209    662     217     
3962   1981 1208    619     1666    292     1005    2034    1371    312     353     937     848     1225    1911    2050    2136    1814    1294    1008    555     
3962   1982 1204    790     1730    561     1071    2048    1178    572     556     743     1016    1453    1862    2196    2080    1754    1094    689     383     
3962   1983 1229    654     1652    406     935     2000    1505    475     355     905     847     1051    1902    2168    1928    2011    1423    1082    550     
3962   1984 1111    701     1608    417     826     1967    1256    391     302     445     1263    784     1686    2243    1965    1704    1248    816     472     
3962   1985 1237    663     1784    457     903     2115    1433    158     770     530     1058    1127    1846    2351    2140    2170    1487    639     549     
3962   1986 -999999 684     1726    412     955     2120    -999999 319     364     715     584     1554    1911    2351    2091    1838    -999999 -999999 -999999 
3962   1987 -999999 -999999 -999999 -999999 -999999 -999999 -999999 -999999 -999999 870     -999999 1330    1756    -999999 2264    2181    1212    805     641     
3962   1988 -999999 -999999 -999999 -999999 -999999 -999999 -999999 587     532     778     -999999 1266    -999999 -999999 -999999 -999999 1448    867     293     
3962   1989 1322    781     1734    478     1073    2152    1380    513     643     954     696     1556    1853    2340    2253    1676    1483    978     852     
3962   1990 1273    918     1815    706     1056    2201    1300    379     905     911     764     1483    1963    2333    2298    2025    1218    660     315     
3962   1991 1170    615     1716    349     887     2154    1192    373     361     741     783     1133    1833    2232    2386    1911    981     690     558     
3962   1992 1175    626     1694    435     1118    1950    1206    174     584     768     1003    1580    1382    2259    2189    1721    954     952     507     
3962   1993 1102    665     1583    453     917     1992    1012    420     430     714     832     1203    1733    2050    2184    1473    927     640     558     
3962   1994 1253    677     1697    466     1076    2185    1263    355     487     1077    805     1338    1873    2392    2280    1461    1305    1021    577     
3962   1995 1306    818     1737    584     1148    2098    1367    488     698     813     1086    1543    1904    2260    2125    1481    1592    1023    611     
3962   1996 1189    822     1659    524     1016    2021    1203    615     333     732     1062    1256    1916    2147    1997    1562    1252    795     569     
3962   1997 1323    850     1739    602     1294    1926    1447    398     865     1221    1307    1355    1590    1965    2211    1997    1514    828     591     
3962   1998 1261    904     1717    663     1039    2151    1228    560     857     1067    781     1262    1908    2210    2327    1789    1195    700     442     
3962   1999 1208    651     1773    415     1078    2121    1187    407     394     748     1013    1470    1849    2304    2201    1781    1286    489     486     
3962   2000 1250    706     1736    519     1078    2060    1254    244     847     884     829     1513    1970    2068    2138    1877    1206    682     731     
3962   2001 1245    797     1747    620     1130    2121    1237    557     566     1016    958     1411    2036    2055    2271    1735    1469    500     303     
3962   2002 1258    745     1682    535     1058    2037    1255    657     658     869     1053    1251    2021    2086    2002    1671    1293    799     689     
3962   2003 1306    758     1900    469     1168    2337    1296    309     402     1026    1034    1440    2255    2257    2495    1904    1149    840     495     
3962   2004 1214    706     1738    528     913     2136    1313    509     584     654     883     1201    2059    2193    2154    1930    1400    606     374     
3962   2005 1237    609     1860    271     1158    2239    1260    288     139     802     1071    1598    2195    2278    2243    1758    1398    619     369     
3962   2006 1327    651     1890    339     1205    2192    1532    274     378     839     1126    1646    2113    2429    2031    1978    1552    1064    430     
3962   2007 1190    817     1672    532     1004    1951    1244    478     704     671     1032    1309    1706    2121    2019    1828    1238    667     480     
3962   2008 1206    763     1695    651     1028    2027    1133    634     851     713     1080    1294    1768    2118    2187    1706    1196    496     415     
3962   2009 1317    657     1825    432     1133    2207    1447    321     573     930     888     1573    2000    2239    2374    1850    1522    968     508     
3962   2010 1223    755     1797    447     1044    2155    1227    400     433     675     1215    1248    1795    2377    2280    1853    1197    633     514     
3962   2011 1343    691     1891    518     1268    2083    1486    427     625     741     1379    1686    1940    2047    2258    2027    1500    929     514     
3962   2012 1219    732     1763    363     1056    2152    1288    360     204     858     721     1577    2024    2153    2275    1806    1285    772     547     
3962   2013 1187    695     1690    472     881     2093    1307    488     372     678     907     1059    1670    2362    2234    1889    1438    589     488     
3962   2014 1301    754     1774    538     1184    2015    1495    613     509     856     1304    1394    1821    2074    2143    1900    1645    934     366     
3962   2015 1341    747     1875    348     1187    2260    1349    367     307     824     1175    1562    2056    2506    2212    1720    1334    992     959     
3962   2016 1287    837     1796    710     914     2211    1409    656     501     564     889     1290    1915    2349    2358    1954    1515    755     656     
3962   2017 1375    830     1926    573     1313    2263    1408    347     731     964     1285    1690    2268    2266    2254    1777    1646    794     432     
3962   2018 1258    696     1811    377     994     2115    1416    426     260     576     1071    1337    1810    2181    2345    2108    1299    845     771     
3962   2019 -999999 841     1803    642     1114    2206    -999999 373     797     956     948     1433    1957    2383    2269    1805    1437    -999999 -999999 
