EUROPEAN CLIMATE ASSESSMENT & DATASET (ECA&D), file created on: 13-11-2019
THESE DATA CAN BE USED FOR NON-COMMERCIAL RESEARCH AND EDUCATION PROVIDED THAT THE FOLLOWING SOURCE IS ACKNOWLEDGED: 

Klein Tank, A.M.G. and Coauthors, 2002. Daily dataset of 20th-century surface
air temperature and precipitation series for the European Climate Assessment.
Int. J. of Climatol., 22, 1441-1453.
Data and metadata available at http://www.ecad.eu

FILE FORMAT (MISSING VALUE CODE = -999999):

THIS FILE HOLDS DATA FOR STATION FRANCE                                   CLERMONT-FERRAND                         (STAID:    750)
LATITUDE: dd:mm:ss +45:47:12
LONGITUDE: ddd:mm:ss +003:08:57
ELEVATION: m  331

DATA IS FOR INDEX Mean of daily mean temperature (TG) with unit 0.01 Temperature (&#176;C)

01-06 SOUID: Source identifier
08-11 YEAR : YYYY
13-20 ANNUAL DATA VALUES
21-28 WINTER HALF YEAR DATA VALUES
29-36 SUMMER HALF YEAR DATA VALUES
37-44 WINTER (DJF) DATA VALUES
45-52 SPRING (MAM) DATA VALUES
53-60 SUMMER (JJA) DATA VALUES
61-68 AUTUMN (SON) DATA VALUES
69-76 JANUARY DATA VALUES
etc. 
157-164 DECEMBER DATA VALUES

750    1923 1097    -999999 1561    -999999 1024    1834    1137    190     620     745     1013    1313    1391    2113    1985    1529    1338    537     345     
750    1924 1060    562     1557    273     1070    1722    1180    391     69      662     984     1562    1663    1905    1597    1618    1206    717     311     
750    1925 1012    570     1463    406     847     1733    987     439     474     266     983     1297    1687    1745    1765    1288    1202    463     492     
750    1926 1124    693     1559    586     983     1774    1301    436     855     716     1071    1165    1483    1905    1925    1791    1266    848     25      
750    1927 1090    620     1568    275     1065    1790    1130    372     445     754     1068    1375    1681    1867    1817    1590    1125    675     270     
750    1928 1138    636     1594    428     943     1982    1150    436     588     721     962     1146    1749    2169    2019    1499    1143    807     391     
750    1929 1106    505     1643    107     969     1903    1320    0       -91     728     830     1345    1776    2060    1870    1965    1213    786     708     
750    1930 1177    739     1623    526     1065    1892    1317    581     263     837     1054    1305    1903    1814    1959    1698    1280    975     393     
750    1931 1024    639     1517    327     995     1831    1038    312     270     581     927     1476    1914    1841    1739    1187    1073    852     68      
750    1932 1062    479     1554    103     906     1816    1242    391     -168    631     807     1276    1597    1767    2078    1784    1115    831     575     
750    1933 1069    649     1657    362     1087    1925    1150    129     386     838     1012    1409    1539    2026    2197    1736    1197    515     -205    
750    1934 1097    418     1619    47      1031    1807    1147    308     39      619     1127    1348    1674    2013    1728    1812    1224    404     785     
750    1935 1064    599     1576    457     891     1894    1126    107     481     574     940     1159    1870    1955    1857    1669    985     728     423     
750    1936 1087    726     1507    605     1015    1729    1006    831     559     818     873     1350    1627    1757    1801    1620    825     580     380     
750    1937 1141    638     1598    604     1028    1835    1115    656     794     605     1003    1474    1691    1893    1917    1591    1144    609     285     
750    1938 1068    627     1458    358     915     1789    1222    407     383     908     722     1108    1827    1786    1755    1540    1165    962     214     
750    1939 1056    641     1479    404     876     1740    1184    570     431     493     1032    1108    1641    1767    1808    1508    1083    963     234     
750    1940 1012    582     1524    231     1025    1725    1156    -164    650     745     1018    1311    1666    1749    1759    1631    1057    784     -48     
750    1941 988     491     1470    102     882     1819    1049    -76     466     771     805     1067    1756    1954    1745    1481    1012    656     189     
750    1942 1038    420     1611    -31     1157    1812    1105    -195    -92     908     1119    1443    1718    1855    1861    1659    1273    379     447     
750    1943 1191    686     1671    522     1174    1901    1183    626     489     871     1200    1453    1652    2030    2012    1661    1305    579     352     
750    1944 1075    544     1634    292     1014    1903    1081    442     69      490     1139    1417    1685    1915    2102    1528    993     724     363     
750    1945 1200    561     1781    252     1295    1980    1206    -249    685     869     1333    1685    1926    2095    1917    1715    1260    641     504     
750    1946 1124    663     1658    424     1117    1868    1185    107     686     781     1219    1354    1666    2049    1884    1768    1141    649     162     
750    1947 1246    545     1846    170     1282    2107    1327    108     246     937     1322    1588    1914    2224    2178    1838    1245    902     382     
750    1948 1159    778     1588    485     1212    1789    1135    667     400     1054    1126    1453    1701    1717    1946    1573    1120    711     407     
750    1949 1193    605     1731    408     1029    1935    1348    398     418     561     1365    1172    1696    2077    2024    2048    1406    587     519     
750    1950 1159    698     1688    475     1042    2045    1214    190     742     743     876     1501    2010    2128    1995    1600    1200    843     61      
750    1951 1088    612     1510    332     922     1753    1191    464     487     615     985     1169    1655    1822    1780    1644    1037    898     466     
750    1952 1109    619     1650    282     1164    1994    1019    194     178     920     1176    1396    1854    2119    2005    1328    1142    583     374     
750    1953 1081    484     1593    131     1112    1772    1171    -145    169     751     1069    1515    1549    1868    1891    1652    1171    689     726     
750    1954 1037    621     1452    347     957     1676    1219    138     158     801     824     1243    1640    1658    1729    1608    1246    803     530     
750    1955 1099    682     1573    520     948     1828    1044    591     430     471     1012    1363    1700    1917    1863    1571    980     585     659     
750    1956 950     445     1492    144     967     1654    1078    418     -700    660     815     1420    1460    1798    1699    1747    1062    426     509     
750    1957 1094    672     1532    483     1040    1851    1106    172     799     1068    934     1115    1745    1975    1829    1581    1151    585     155     
750    1958 1125    585     1627    401     979     1845    1159    341     741     550     791     1591    1636    1913    1979    1829    1102    548     448     
750    1959 1208    655     1673    445     1147    1910    1242    365     529     921     1115    1403    1752    2110    1862    1781    1225    720     664     
750    1960 1110    726     1555    513     1110    1793    1164    266     617     858     952     1516    1808    1742    1831    1470    1141    882     230     
750    1961 1233    723     1703    492     1151    1841    1354    392     895     822     1332    1305    1782    1875    1865    2062    1319    681     469     
750    1962 1007    618     1531    430     865     1793    1077    524     282     404     938     1256    1559    1817    1996    1605    1107    518     31      
750    1963 976     335     1537    -137    1008    1797    1228    -323    -116    757     1016    1252    1692    1943    1752    1556    1155    976     -6      
750    1964 1098    556     1689    182     1070    1910    1142    10      566     650     1044    1516    1785    2081    1860    1835    939     658     232     
750    1965 1081    504     1504    223     997     1782    1161    376     44      739     930     1320    1761    1813    1772    1413    1330    734     653     
750    1966 1144    745     1602    611     1041    1760    1189    296     913     556     1159    1412    1789    1725    1767    1755    1340    468     544     
750    1967 1128    685     1567    478     1028    1854    1278    310     592     843     908     1330    1575    2104    1873    1591    1496    741     133     
750    1968 1102    659     1523    321     1016    1754    1250    343     498     738     1108    1204    1655    1855    1749    1560    1475    709     310     
750    1969 1087    677     1579    370     1063    1793    1217    533     257     739     1004    1444    1506    2002    1862    1639    1295    715     -14     
750    1970 1124    581     1629    326     905     1918    1292    469     544     479     860     1375    1894    1905    1955    1772    1134    976     108     
750    1971 1062    508     1629    212     969     1874    1088    236     300     287     1152    1475    1626    2028    1960    1515    1280    461     368     
750    1972 1077    670     1440    467     1004    1739    1070    370     676     857     888     1262    1564    1874    1773    1258    1095    854     428     
750    1973 1082    581     1651    312     965     1943    1148    200     308     583     756     1551    1790    1880    2152    1756    1014    679     261     
750    1974 1096    651     1516    471     990     1799    981     651     505     782     936     1252    1619    1824    1949    1503    688     762     635     
750    1975 1044    608     1545    563     885     1822    1098    609     432     512     953     1193    1541    1898    2018    1655    1020    621     40      
750    1976 1080    513     1597    279     972     1932    1053    292     519     591     890     1433    1924    2043    1829    1446    1151    560     265     
750    1977 1081    673     1403    469     984     1650    1148    396     777     893     839     1215    1531    1770    1645    1407    1361    668     449     
750    1978 1028    651     1433    389     883     1698    1070    242     486     683     762     1200    1567    1816    1706    1533    1100    575     623     
750    1979 1071    603     1514    384     969     1774    1178    63      476     765     854     1285    1738    1867    1715    1614    1322    595     522     
750    1980 1003    658     1472    471     841     1736    1093    184     723     606     789     1126    1532    1719    1950    1702    1115    460     129     
750    1981 1082    523     1528    160     1130    1741    1154    191     161     1046    1063    1280    1578    1803    1838    1597    1210    652     490     
750    1982 1184    693     1645    566     942     1929    1294    615     596     586     845     1393    1843    2108    1833    1833    1173    881     473     
750    1983 1125    655     1646    376     953     2004    1180    477     156     731     925     1201    1792    2307    1906    1731    1163    646     387     
750    1984 1040    556     1460    352     799     1774    1236    402     260     461     902     1037    1589    1937    1790    1492    1178    1039    367     
750    1985 1033    550     1613    184     931     1845    1125    -235    445     509     1080    1208    1572    2044    1910    1851    1202    319     461     
750    1986 1104    520     1562    294     951     1867    1269    404     -12     691     689     1464    1768    1972    1858    1600    1394    809     520     
750    1987 1084    552     1647    187     944     1862    1327    -310    368     524     1150    1165    1617    1971    1991    1982    1303    697     523     
750    1988 1156    736     1609    573     1072    1842    1151    729     460     686     1109    1422    1629    1889    2000    1587    1334    527     465     
750    1989 1185    724     1610    481     1140    1876    1198    351     644     1008    843     1560    1597    2048    1973    1616    1327    647     551     
750    1990 1212    818     1641    669     1119    1940    1230    456     1034    906     848     1594    1696    2014    2103    1565    1375    746     197     
750    1991 1133    679     1651    296     1015    2007    1201    387     304     1032    871     1136    1717    2138    2155    1870    1065    671     181     
750    1992 1158    541     1681    229     1156    1925    1204    65      458     808     1035    1622    1599    1994    2171    1643    993     984     503     
750    1993 1122    675     1620    458     1087    1876    997     587     264     687     1075    1498    1807    1878    1941    1503    1094    390     669     
750    1994 1266    719     1679    586     1134    2059    1283    507     581     1048    886     1461    1807    2236    2127    1531    1289    1030    625     
750    1995 1201    817     1620    629     1057    1934    1249    458     822     686     1040    1443    1626    2178    1987    1422    1597    716     404     
750    1996 1097    719     1550    450     1015    1843    1078    643     294     631     1048    1365    1760    1910    1858    1340    1219    670     393     
750    1997 1257    708     1723    447     1183    2001    1308    186     796     991     1016    1535    1725    1962    2307    1774    1220    933     612     
750    1998 1174    786     1667    583     1098    1956    1101    500     642     802     1001    1489    1813    2047    2005    1631    1214    453     443     
750    1999 1217    670     1733    483     1207    1919    1220    583     417     879     1067    1671    1660    2050    2039    1895    1266    499     506     
750    2000 1250    675     1702    504     1147    1915    1318    284     737     755     1088    1597    1857    1808    2077    1773    1256    927     823     
750    2001 1180    880     1626    664     1187    1948    1153    603     555     1084    933     1535    1713    2004    2119    1429    1577    441     97      
750    2002 1250    728     1615    460     1110    1929    1263    516     800     937     1045    1345    1945    1935    1909    1501    1312    975     751     
750    2003 1278    763     1896    430     1234    2329    1203    190     341     972     1160    1567    2362    2156    2469    1647    1100    866     448     
750    2004 1163    668     1640    460     978     1939    1289    487     442     655     973     1305    1857    1943    2016    1734    1467    661     391     
750    2005 1167    643     1707    311     1134    1965    1311    378     148     768     1106    1527    1982    2091    1824    1701    1588    635     185     
750    2006 1244    621     1760    231     1103    2028    1505    248     261     776     1060    1471    1933    2378    1771    1939    1583    991     452     
750    2007 1199    863     1682    603     1261    1865    1069    570     807     772     1418    1599    1830    1929    1835    1472    1171    560     399     
750    2008 1159    697     1613    576     1099    1872    1124    626     710     713     986     1594    1764    1924    1926    1463    1205    702     270     
750    2009 1219    575     1760    262     1190    2001    1337    152     375     734     1180    1656    1806    2061    2129    1710    1245    1060    462     
750    2010 1084    659     1616    309     1023    1928    1157    85      387     705     1137    1230    1696    2134    1946    1536    1165    772     176     
750    2011 1295    644     1764    355     1290    1890    1439    350     557     842     1349    1681    1796    1757    2113    1882    1388    1049    738     
750    2012 1209    757     1717    371     1170    2017    1310    488     -147    978     978     1549    1959    1925    2165    1708    1395    824     614     
750    2013 1139    672     1635    385     941     1962    1270    314     210     637     1034    1155    1712    2178    1988    1730    1471    602     570     
750    2014 1297    839     1677    678     1168    1907    1458    725     748     902     1187    1415    1923    1968    1831    1735    1566    1069    472     
750    2015 1301    803     1815    436     1218    2186    1211    488     338     851     1236    1566    1993    2391    2166    1514    1094    1028    874     
750    2016 1220    839     1732    742     1033    2017    1254    699     648     684     1019    1395    1805    2080    2159    1922    1035    813     372     
750    2017 1267    695     1773    415     1222    2148    1225    115     795     1052    1034    1574    2112    2165    2165    1569    1417    681     491     
750    2018 -999999 758     -999999 524     1264    -999999 1406    855     193     855     1393    1548    1932    -999999 -999999 1924    1364    933     690     
