EUROPEAN CLIMATE ASSESSMENT & DATASET (ECA&D), file created on: 13-11-2019
THESE DATA CAN BE USED FOR NON-COMMERCIAL RESEARCH AND EDUCATION PROVIDED THAT THE FOLLOWING SOURCE IS ACKNOWLEDGED: 

Klein Tank, A.M.G. and Coauthors, 2002. Daily dataset of 20th-century surface
air temperature and precipitation series for the European Climate Assessment.
Int. J. of Climatol., 22, 1441-1453.
Data and metadata available at http://www.ecad.eu

FILE FORMAT (MISSING VALUE CODE = -999999):

THIS FILE HOLDS DATA FOR STATION MONTENEGRO                               PODGORICA                                (STAID:  11374)
LATITUDE: dd:mm:ss +42:26:15
LONGITUDE: ddd:mm:ss +019:16:41
ELEVATION: m   49

DATA IS FOR INDEX Mean of daily mean temperature (TG) with unit 0.01 Temperature (&#176;C)

01-06 SOUID: Source identifier
08-11 YEAR : YYYY
13-20 ANNUAL DATA VALUES
21-28 WINTER HALF YEAR DATA VALUES
29-36 SUMMER HALF YEAR DATA VALUES
37-44 WINTER (DJF) DATA VALUES
45-52 SPRING (MAM) DATA VALUES
53-60 SUMMER (JJA) DATA VALUES
61-68 AUTUMN (SON) DATA VALUES
69-76 JANUARY DATA VALUES
etc. 
157-164 DECEMBER DATA VALUES

11374  1949 1546    -999999 2134    -999999 1392    2361    1705    717     640     665     1554    1964    2092    2513    2470    2196    1692    1229    760     
11374  1950 1682    1013    2369    643     1601    2785    1619    380     806     1201    1511    2089    2562    2966    2819    2243    1575    1040    924     
11374  1951 1638    1043    2259    853     1465    2625    1667    698     946     1063    1416    1915    2435    2700    2735    2333    1475    1200    705     
11374  1952 1635    906     2361    629     1469    2782    1590    577     603     869     1709    1837    2506    2892    2939    2262    1474    1039    879     
11374  1953 1547    920     2210    690     1422    2568    1601    574     609     916     1506    1846    2314    2740    2642    2192    1708    899     545     
11374  1954 1492    785     2172    309     1373    2559    1631    187     184     1130    1304    1683    2480    2613    2583    2358    1531    1006    753     
11374  1955 1553    994     2084    822     1396    2406    1537    838     879     943     1233    2007    2359    2496    2363    2028    1563    1019    854     
11374  1956 1474    805     2200    527     1285    2546    1620    645     52      657     1330    1870    2152    2660    2813    2351    1532    979     591     
11374  1957 1577    918     2185    636     1428    2595    1612    465     874     1064    1502    1719    2528    2685    2570    2090    1638    1108    638     
11374  1958 1551    913     2156    680     1304    2527    1584    585     831     674     1167    2066    2251    2635    2686    2099    1562    1091    907     
11374  1959 1487    961     2038    622     1475    2362    1464    400     552     1219    1390    1814    2109    2578    2392    1923    1424    1045    922     
11374  1960 1572    957     2129    744     1435    2482    1628    618     690     1026    1445    1835    2382    2429    2631    2033    1665    1185    893     
11374  1961 1617    1041    2209    726     1519    2515    1748    566     718     1191    1615    1754    2301    2565    2673    2332    1736    1177    725     
11374  1962 1586    952     2246    663     1381    2625    1723    703     550     790     1417    1938    2291    2637    2936    2231    1768    1167    524     
11374  1963 1570    857     2246    453     1445    2565    1716    310     532     820     1547    1970    2334    2701    2653    2251    1600    1301    758     
11374  1964 1504    919     2128    524     1419    2482    1591    225     592     1026    1391    1838    2434    2569    2443    2078    1565    1131    726     
11374  1965 1501    879     2095    504     1355    2474    1630    542     214     1037    1223    1801    2290    2676    2451    2110    1670    1109    792     
11374  1966 1553    953     2166    663     1418    2490    1671    303     919     924     1503    1831    2312    2520    2633    2184    1802    1022    650     
11374  1967 1542    913     2163    524     1438    2527    1676    347     580     1050    1315    1945    2199    2659    2713    2118    1755    1155    594     
11374  1968 1530    920     2160    535     1650    2339    1576    245     781     990     1726    2235    2281    2573    2162    1967    1572    1190    620     
11374  1969 1520    906     2119    567     1473    2357    1684    428     661     951     1341    2122    2087    2479    2495    2166    1690    1195    566     
11374  1970 1517    949     2116    622     1295    2500    1593    685     614     922     1313    1652    2364    2563    2570    2219    1483    1080    683     
11374  1971 1530    895     2189    713     1404    2552    1443    745     710     660     1453    2101    2296    2595    2757    1899    1421    1010    650     
11374  1972 1509    960     2119    697     1545    2486    1359    589     862     1223    1498    1914    2526    2507    2426    1827    1202    1052    469     
11374  1973 1527    813     2170    567     1369    2503    1613    569     672     905     1195    2003    2325    2578    2601    2294    1644    900     570     
11374  1974 1529    965     2116    694     1366    2509    1505    648     882     1138    1293    1663    2168    2591    2756    2205    1346    968     649     
11374  1975 1529    853     2170    585     1464    2447    1604    508     600     1029    1400    1960    2248    2591    2494    2306    1570    938     638     
11374  1976 1441    866     1994    586     1394    2271    1503    419     708     913     1351    1917    2193    2478    2139    1866    1625    1013    646     
11374  1977 1555    1010    2116    739     1485    2445    1570    625     969     1177    1368    1907    2261    2606    2463    2068    1516    1126    535     
11374  1978 1458    914     2013    586     1327    2439    1371    509     729     1059    1289    1631    2271    2531    2509    1826    1506    775     799     
11374  1979 1543    912     2095    682     1455    2424    1580    440     822     1117    1230    2010    2449    2476    2349    2035    1560    1146    829     
11374  1980 1437    916     2016    620     1214    2397    1619    317     720     918     1167    1556    2133    2474    2576    2171    1608    1079    503     
11374  1981 1516    897     2141    488     1488    2501    1496    342     635     1195    1437    1831    2440    2493    2569    2063    1635    786     697     
11374  1982 1570    853     2240    576     1443    2550    1652    503     523     938     1367    2021    2503    2613    2533    2388    1579    993     808     
11374  1983 1514    924     2146    635     1489    2447    1505    608     472     1042    1459    1965    2167    2691    2475    2095    1548    870     699     
11374  1984 1485    889     2043    662     1343    2381    1585    630     658     916     1364    1750    2183    2539    2415    1988    1672    1092    579     
11374  1985 1556    836     2233    421     1476    2529    1684    324     353     955     1463    2011    2220    2707    2651    2323    1626    1105    841     
11374  1986 1572    977     2242    673     1572    2510    1658    565     607     1085    1462    2166    2259    2519    2743    2281    1658    1036    408     
11374  1987 1551    814     2189    534     1205    2512    1816    472     742     571     1390    1660    2242    2767    2517    2544    1692    1216    754     
11374  1988 1573    1021    2250    767     1428    2650    1469    804     741     906     1402    1976    2215    2949    2770    2156    1585    661     659     
11374  1989 1538    936     2106    670     1535    2421    1503    516     854     1323    1459    1822    2103    2607    2543    2079    1455    976     664     
11374  1990 1605    966     2180    676     1547    2566    1651    429     964     1307    1363    1964    2320    2698    2673    2033    1695    1224    544     
11374  1991 1514    967     2135    536     1362    2560    1643    507     560     1244    1290    1549    2391    2643    2640    2283    1544    1104    354     
11374  1992 1581    855     2237    483     1475    2579    1716    478     626     1016    1371    2035    2193    2595    2937    2262    1717    1169    534     
11374  1993 1596    906     2263    549     1469    2651    1588    568     546     874     1443    2090    2495    2644    2810    2072    1709    980     843     
11374  1994 1689    1045    2327    770     1552    2711    1766    755     706     1246    1376    2029    2411    2867    2845    2410    1715    1175    657     
11374  1995 1535    988     2114    704     1340    2556    1441    540     938     906     1273    1838    2400    2819    2445    1885    1623    809     900     
11374  1996 1536    903     2162    735     1373    2614    1482    705     590     765     1381    1973    2541    2675    2623    1753    1509    1184    689     
11374  1997 1577    1000    2159    715     1400    2544    1597    740     717     1139    1040    2009    2484    2635    2510    2251    1397    1150    784     
11374  1998 1599    995     2248    853     1396    2707    1523    796     993     857     1452    1880    2530    2792    2794    2018    1625    923     488     
11374  1999 1643    875     2308    531     1539    2659    1716    610     491     1079    1463    2073    2488    2723    2759    2319    1769    1059    798     
11374  2000 1645    924     2339    592     1583    2703    1698    276     708     925     1631    2194    2632    2648    2826    2084    1695    1316    780     
11374  2001 1645    1126    2259    802     1605    2694    1609    778     853     1313    1368    2125    2357    2803    2913    1954    1836    1029    334     
11374  2002 1625    994     2202    595     1610    2557    1572    502     988     1277    1522    2028    2529    2702    2439    1972    1537    1207    757     
11374  2003 1699    955     2441    645     1587    2925    1638    721     438     1027    1372    2355    2863    2881    3028    2114    1527    1277    688     
11374  2004 1592    946     2206    621     1430    2567    1685    484     697     996     1556    1741    2374    2753    2567    2230    1812    1010    852     
11374  2005 1548    940     2221    609     1477    2548    1597    518     439     961     1387    2080    2421    2744    2474    2197    1612    983     677     
11374  2006 1589    887     2243    588     1492    2556    1672    473     618     935     1554    1990    2375    2811    2477    2232    1826    952     757     
11374  2007 1706    1092    2394    841     1698    2814    1524    796     985     1220    1755    2120    2607    3009    2820    2027    1618    923     544     
11374  2008 1672    940     2312    656     1575    2701    1670    661     771     1109    1514    2101    2495    2734    2868    2136    1675    1200    762     
11374  2009 1663    984     2364    674     1628    2656    1625    628     626     986     1704    2197    2346    2751    2861    2301    1511    1067    907     
11374  2010 1641    982     2291    752     1523    2690    1639    578     773     1040    1594    1936    2408    2800    2854    2131    1487    1304    733     
11374  2011 1705    995     2429    697     1593    2740    1747    583     784     1070    1683    2030    2564    2719    2933    2631    1629    986     800     
11374  2012 1704    929     2432    534     1592    2917    1846    489     296     1332    1448    1990    2729    3044    2972    2388    1817    1333    558     
11374  2013 1683    1041    2342    664     1599    2729    1684    669     775     1077    1714    2009    2448    2852    2878    2129    1672    1250    664     
11374  2014 1668    1127    2176    847     1562    2527    1666    857     1040    1274    1503    1907    2415    2525    2638    2049    1710    1238    817     
11374  2015 1724    1049    2430    742     1561    2858    1769    641     770     1099    1472    2108    2564    3099    2901    2412    1704    1194    661     
11374  2016 1675    1071    2310    790     1572    2689    1646    651     1076    1147    1716    1856    2473    2825    2763    2206    1586    1147    640     
11374  2017 1723    1013    2381    626     1675    2835    1676    296     975     1437    1527    2055    2636    2868    2995    2177    1705    1144    811     
11374  2018 1789    1052    2464    788     1746    2727    1920    760     794     1074    1913    2258    2498    2749    2920    2428    1956    1373    701     
11374  2019 -999999 1140    2337    693     1575    2740    -999999 477     923     1397    1617    1716    2630    2761    2826    2439    1923    -999999 -999999 
