EUROPEAN CLIMATE ASSESSMENT & DATASET (ECA&D), file created on: 13-11-2019
THESE DATA CAN BE USED FOR NON-COMMERCIAL RESEARCH AND EDUCATION PROVIDED THAT THE FOLLOWING SOURCE IS ACKNOWLEDGED: 

Klein Tank, A.M.G. and Coauthors, 2002. Daily dataset of 20th-century surface
air temperature and precipitation series for the European Climate Assessment.
Int. J. of Climatol., 22, 1441-1453.
Data and metadata available at http://www.ecad.eu

FILE FORMAT (MISSING VALUE CODE = -999999):

THIS FILE HOLDS DATA FOR STATION SWEDEN                                   OFFER                                    (STAID:   6623)
LATITUDE: dd:mm:ss +63:09:00
LONGITUDE: ddd:mm:ss +017:45:36
ELEVATION: m   27

DATA IS FOR INDEX Mean of daily mean temperature (TG) with unit 0.01 Temperature (&#176;C)

01-06 SOUID: Source identifier
08-11 YEAR : YYYY
13-20 ANNUAL DATA VALUES
21-28 WINTER HALF YEAR DATA VALUES
29-36 SUMMER HALF YEAR DATA VALUES
37-44 WINTER (DJF) DATA VALUES
45-52 SPRING (MAM) DATA VALUES
53-60 SUMMER (JJA) DATA VALUES
61-68 AUTUMN (SON) DATA VALUES
69-76 JANUARY DATA VALUES
etc. 
157-164 DECEMBER DATA VALUES

6623   1951 -999999 -999999 -999999 -999999 -999999 -999999 -999999 -999999 -999999 -999999 -999999 -999999 -999999 -999999 -999999 -999999 -999999 -227    -588    
6623   1952 151     -999999 947     -774    146     1290    106     -986    -744    -674    402     720     1195    1487    1186    675     151     -508    -1117   
6623   1953 353     -664    1114    -1269   438     1540    391     -1537   -1140   129     383     800     1611    1580    1431    866     462     -158    -297    
6623   1954 246     -445    1023    -879    229     1399    221     -1128   -1248   -367    109     940     1243    1567    1380    874     89      -296    -330    
6623   1955 125     -564    984     -841    -89     1461    287     -1047   -1180   -670    -149    550     1109    1694    1568    1104    155     -393    -1327   
6623   1956 110     -748    939     -1272   110     1321    120     -1268   -1218   -454    -92     869     1306    1477    1179    868     283     -797    -889    
6623   1957 267     -556    989     -726    79      1383    306     -431    -873    -670    192     720     1119    1677    1344    854     311     -248    -879    
6623   1958 157     -758    972     -1245   -59     1350    565     -1288   -1603   -904    11      717     1241    1416    1390    1036    528     131     -905    
6623   1959 410     -327    1062    -879    372     1437    477     -1179   -520    -20     319     816     1313    1533    1462    907     457     69      -294    
6623   1960 305     -343    1128    -806    353     1519    245     -1093   -1047   -185    288     952     1532    1618    1407    953     -75     -134    -600    
6623   1961 370     -385    1036    -697    335     1396    582     -1035   -429    -34     211     824     1448    1483    1258    976     766     -4      -1071   
6623   1962 142     -537    903     -989    -26     1204    322     -992    -895    -1045   245     730     1102    1333    1175    816     444     -297    -965    
6623   1963 182     -709    1072    -1258   214     1376    309     -1426   -1396   -667    270     1040    1297    1408    1421    974     358     -407    -822    
6623   1964 229     -508    933     -851    207     1236    294     -771    -966    -477    254     847     1166    1340    1201    769     381     -291    -795    
6623   1965 146     -466    961     -814    114     1293    209     -900    -741    -492    267     571     1266    1365    1247    1043    329     -748    -1537   
6623   1966 80      -1055   969     -1765   -2      1457    221     -1834   -1942   -676    -58     727     1567    1534    1273    749     214     -299    -472    
6623   1967 -999999 -476    -999999 -941    283     -999999 497     -1720   -563    -18     184     682     1268    -999999 -999999 1022    403     71      -1358   
6623   1968 107     -648    1012    -1358   208     1421    -89     -1538   -1167   -310    368     571     1474    1465    1325    856     -49     -1075   -711    
6623   1969 162     -796    1067    -994    61      1548    202     -904    -1396   -707    218     678     1493    1517    1632    842     326     -567    -1297   
6623   1970 167     -825    1028    -1483   165     1493    215     -1460   -1716   -316    38      769     1630    1458    1396    856     255     -467    -579    
6623   1971 259     -468    965     -638    40      1375    205     -680    -656    -698    69      749     1265    1505    1352    828     315     -531    -475    
6623   1972 350     -440    1064    -763    264     1528    306     -1162   -644    -159    217     732     1443    1771    1366    833     361     -278    -314    
6623   1973 330     -149    1047    -358    348     1544    25      -115    -674    71      146     822     1443    1857    1330    655     74      -656    -1077   
6623   1974 411     -431    1060    -615    312     1397    361     -404    -339    -185    383     740     1410    1417    1364    1032    288     -235    -585    
6623   1975 418     -256    1052    -494    310     1417    399     -561    -321    -128    207     848     1222    1582    1441    987     364     -152    -529    
6623   1976 210     -465    974     -830    193     1380    183     -1333   -614    -525    143     957     1272    1434    1429    578     268     -300    -821    
6623   1977 256     -498    900     -941    165     1307    341     -946    -1069   -172    -34     694     1263    1380    1277    801     400     -181    -447    
6623   1978 133     -474    960     -885    148     1361    246     -865    -1391   -439    64      816     1353    1457    1273    775     292     -330    -1513   
6623   1979 176     -757    1015    -1443   252     1437    233     -1637   -1151   -225    141     836     1495    1446    1371    780     159     -238    -940    
6623   1980 140     -739    1114    -1219   141     1498    101     -1306   -1423   -711    326     813     1538    1585    1374    1033    197     -932    -872    
6623   1981 189     -684    1032    -877    138     1358    275     -951    -800    -764    218     963     1214    1583    1273    919     348     -446    -1349   
6623   1982 258     -619    1001    -1185   304     1363    332     -1374   -793    -113    300     726     1101    1579    1400    877     263     -142    -795    
6623   1983 296     -417    1051    -769    264     1392    283     -665    -856    -339    218     912     1284    1572    1316    981     417     -553    -821    
6623   1984 334     -568    1094    -895    295     1407    330     -1329   -510    -609    372     1124    1322    1514    1384    825     462     -302    -272    
6623   1985 39      -617    960     -1201   149     1401    230     -1630   -1755   -305    30      718     1323    1484    1395    790     503     -612    -1605   
6623   1986 217     -733    967     -1415   288     1402    336     -1410   -1209   -105    13      946     1607    1506    1099    606     400     1       -941    
6623   1987 129     -695    890     -1315   59      1223    458     -1958   -1018   -662    199     643     1166    1428    1072    816     620     -67     -754    
6623   1988 327     -278    1115    -602    199     1544    216     -485    -565    -429    86      937     1561    1761    1311    1012    216     -580    -930    
6623   1989 413     -313    1068    -505    378     1424    363     -313    -249    -27     238     920     1383    1572    1315    960     307     -178    -1011   
6623   1990 435     -299    1068    -647    433     1416    313     -824    -50     -11     387     922     1279    1521    1442    835     402     -301    -412    
6623   1991 358     -316    1019    -655    316     1441    325     -525    -1068   -66     343     671     1097    1682    1532    760     338     -124    -460    
6623   1992 369     -169    1028    -430    395     1375    134     -480    -344    46      51      1076    1470    1375    1285    888     -178    -299    -491    
6623   1993 314     -363    958     -525    393     1251    182     -703    -366    -140    312     1004    1017    1502    1226    658     197     -310    -685    
6623   1994 238     -630    1058    -1104   225     1476    229     -1039   -1638   -394    361     712     1155    1849    1413    834     215     -362    -398    
6623   1995 297     -310    1016    -533    243     1438    309     -839    -343    -139    141     724     1508    1430    1379    899     529     -509    -1248   
6623   1996 242     -566    1015    -1044   218     1415    280     -693    -1201   -311    292     675     1251    1423    1566    860     477     -504    -994    
6623   1997 425     -385    1135    -746    232     1650    366     -698    -523    -83     109     666     1501    1770    1674    1069    230     -195    -491    
6623   1998 345     -292    998     -464    159     1356    320     -451    -449    -411    76      810     1278    1510    1279    1015    381     -437    -525    
6623   1999 350     -419    1091    -749    282     1428    563     -983    -737    -247    372     725     1441    1579    1266    1155    404     136     -963    
6623   2000 480     -296    1056    -701    350     1378    657     -634    -492    -228    320     958     1257    1530    1343    908     729     332     -294    
6623   2001 352     -209    1089    -575    151     1474    488     -447    -1028   -608    257     808     1385    1613    1422    1029    510     -75     -740    
6623   2002 424     -241    1269    -578    460     1693    181     -686    -278    -179    491     1067    1578    1717    1779    953     62      -467    -992    
6623   2003 376     -505    1112    -916    384     1552    301     -1091   -639    83      219     845     1301    1890    1456    932     189     -215    -531    
6623   2004 372     -364    1096    -680    381     1420    339     -938    -564    -131    401     874     1230    1502    1522    1028    374     -385    -488    
6623   2005 403     -366    1091    -553    203     1465    485     -485    -700    -545    408     752     1284    1694    1411    977     468     12      -510    
6623   2006 471     -334    1196    -601    136     1618    537     -697    -595    -696    256     852     1464    1666    1718    1200    386     31      1       
6623   2007 407     -198    1101    -555    462     1475    347     -740    -966    34      492     861     1418    1542    1464    812     468     -245    -366    
6623   2008 442     -134    1063    -278    357     1421    318     -246    -218    -208    376     902     1373    1596    1292    817     389     -254    -534    
6623   2009 358     -411    1134    -807    407     1438    455     -677    -1253   -214    407     1026    1309    1535    1467    1040    124     211     -790    
6623   2010 160     -572    1102    -1152   321     1461    210     -1351   -1333   -340    318     985     1226    1775    1375    906     336     -615    -1463   
6623   2011 458     -637    1212    -1135   423     1556    556     -863    -1074   -183    590     869     1508    1720    1439    1136    384     154     -277    
6623   2012 351     -170    995     -571    394     1361    392     -571    -884    139     206     831     1186    1547    1346    830     294     55      -814    
6623   2013 389     -475    1154    -846    210     1507    466     -1178   -513    -678    186     1121    1480    1584    1456    1076    420     -97     -238    
6623   2014 530     -86     1180    -334    497     1567    480     -739    8       138     447     905     1263    1917    1510    1011    454     -23     -561    
6623   2015 470     -142    1062    -450    426     1351    479     -532    -236    43      449     787     1168    1455    1425    1074    351     17      -397    
6623   2016 395     -285    1129    -698    430     1453    412     -1118   -570    -1      304     983     1408    1644    1306    1113    328     -203    -481    
6623   2017 -999999 -278    -999999 -556    -999999 -999999 -999999 -665    -519    -151    -999999 -999999 -999999 -999999 -999999 -999999 -999999 -999999 -999999 
