EUROPEAN CLIMATE ASSESSMENT & DATASET (ECA&D), file created on: 13-11-2019
THESE DATA CAN BE USED FOR NON-COMMERCIAL RESEARCH AND EDUCATION PROVIDED THAT THE FOLLOWING SOURCE IS ACKNOWLEDGED: 

Klein Tank, A.M.G. and Coauthors, 2002. Daily dataset of 20th-century surface
air temperature and precipitation series for the European Climate Assessment.
Int. J. of Climatol., 22, 1441-1453.
Data and metadata available at http://www.ecad.eu

FILE FORMAT (MISSING VALUE CODE = -999999):

THIS FILE HOLDS DATA FOR STATION RUSSIAN FEDERATION                       JAKUTSK                                  (STAID:   3214)
LATITUDE: dd:mm:ss +62:01:00
LONGITUDE: ddd:mm:ss +129:43:00
ELEVATION: m   98

DATA IS FOR INDEX Mean of daily mean temperature (TG) with unit 0.01 Temperature (&#176;C)

01-06 SOUID: Source identifier
08-11 YEAR : YYYY
13-20 ANNUAL DATA VALUES
21-28 WINTER HALF YEAR DATA VALUES
29-36 SUMMER HALF YEAR DATA VALUES
37-44 WINTER (DJF) DATA VALUES
45-52 SPRING (MAM) DATA VALUES
53-60 SUMMER (JJA) DATA VALUES
61-68 AUTUMN (SON) DATA VALUES
69-76 JANUARY DATA VALUES
etc. 
157-164 DECEMBER DATA VALUES

3214   1888 -999999 -999999 -999999 -999999 -893    -999999 -999999 -999999 -999999 -2514   -800    636     -999999 1843    1545    513     -999999 -999999 -999999 
3214   1889 -951    -999999 987     -999999 -782    1725    -1078   -4454   -2784   -2374   -595    629     1755    2057    1365    677     -1048   -2863   -3864   
3214   1890 -999999 -999999 1052    -999999 -660    1710    -830    -999999 -3859   -2125   -491    641     1746    1911    1474    1002    -504    -2999   -4278   
3214   1891 -940    -2918   1009    -4158   -501    1747    -1087   -4592   -3561   -1691   -626    811     1732    1999    1509    585     -978    -2872   -3885   
3214   1892 -1072   -3173   971     -4309   -739    1693    -894    -4802   -4234   -2322   -686    794     1854    1726    1505    596     -521    -2768   -4099   
3214   1893 -868    -2935   1126    -4060   -576    1841    -865    -4275   -3780   -2244   -418    938     1886    2281    1358    668     -641    -2631   -3741   
3214   1894 -894    -2812   1053    -3955   -532    1796    -995    -4346   -3758   -1843   -425    677     1507    2318    1555    641     -942    -2685   -3616   
3214   1895 -1024   -3032   1005    -4069   -979    1886    -982    -4913   -3666   -2478   -871    415     1936    2106    1621    818     -818    -2945   -3670   
3214   1896 -972    -2829   870     -3659   -1028   1748    -796    -4011   -3271   -2226   -1300   433     1595    1945    1699    797     -545    -2647   -4207   
3214   1897 -896    -2994   1014    -4186   -726    1768    -799    -4928   -3368   -2354   -601    782     1667    2075    1558    559     -651    -2310   -3455   
3214   1898 -1087   -2707   825     -3576   -1036   1656    -1232   -4272   -2939   -2626   -1152   666     1565    1795    1605    418     -954    -3168   -4099   
3214   1899 -1037   -3036   910     -3978   -928    1743    -902    -4244   -3551   -2255   -1018   486     1404    1978    1835    725     -466    -2979   -4530   
3214   1900 -999999 -3265   -999999 -4680   -711    1513    -999999 -5120   -4357   -2232   -594    695     1342    1734    1458    -999999 -999999 -999999 -999999 
3214   1901 -954    -999999 982     -999999 -611    1726    -1018   -4420   -3626   -1924   -508    602     1669    1928    1579    583     -946    -2693   -3855   
3214   1902 -1122   -3026   840     -4056   -1019   1692    -1197   -4843   -3408   -2437   -913    297     1709    1942    1425    540     -1014   -3123   -3767   
3214   1903 -878    -2710   892     -3429   -773    1710    -869    -3715   -2739   -1916   -1107   693     1699    1964    1469    584     -1014   -2172   -4378   
3214   1904 -983    -2871   812     -3988   -751    1468    -919    -3835   -3735   -2128   -529    410     1284    1767    1347    556     -1014   -2297   -3709   
3214   1905 -1074   -2740   785     -3666   -934    1553    -1150   -3558   -3739   -2204   -1027   426     1523    1792    1342    615     -1055   -3014   -4168   
3214   1906 -846    -2998   1045    -3985   -697    1849    -970    -4108   -3645   -2063   -714    685     1920    1972    1658    710     -637    -2993   -3137   
3214   1907 -1020   -2832   949     -3702   -761    1648    -811    -4554   -3385   -2348   -579    649     1515    1950    1475    645     -487    -2600   -4652   
3214   1908 -999999 -3014   -999999 -4224   -804    -999999 -999999 -4641   -3321   -2389   -711    690     1786    -999999 -999999 -999999 -999999 -2679   -4284   
3214   1909 -999999 -999999 -999999 -4421   -999999 -999999 -999999 -5066   -3859   -2338   -670    -999999 1409    1946    -999999 -999999 -999999 -3205   -3463   
3214   1910 -852    -999999 1074    -3610   -723    1896    -781    -3977   -3366   -2068   -666    565     1676    2297    1707    820     -471    -2701   -4205   
3214   1911 -1003   -2865   819     -3986   -763    1573    -929    -4456   -3222   -2161   -606    485     1359    1628    1726    273     -575    -2495   -4128   
3214   1912 -1130   -2917   881     -3971   -927    1639    -1140   -3911   -3866   -2571   -758    554     1759    1767    1394    534     -1064   -2892   -4576   
3214   1913 -1024   -3082   893     -4194   -832    1699    -1093   -4228   -3735   -2054   -1039   591     1526    2008    1555    666     -934    -3016   -3822   
3214   1914 -886    -2932   1012    -3682   -979    1850    -984    -4113   -3049   -2670   -765    504     1920    2083    1548    744     -590    -3119   -3257   
3214   1915 -1150   -2870   790     -3862   -691    1455    -1168   -4643   -3667   -2029   -826    778     1507    1829    1032    377     -1056   -2829   -4426   
3214   1916 -993    -3089   901     -4209   -801    1763    -878    -4435   -3733   -2084   -958    635     1639    2017    1629    389     -476    -2559   -4074   
3214   1917 -927    -2782   946     -3824   -823    1709    -894    -3987   -3366   -2279   -731    545     1636    2003    1486    696     -803    -2577   -3892   
3214   1918 -1039   -2842   872     -3912   -677    1543    -1000   -4001   -3835   -2030   -746    743     1532    1641    1455    567     -996    -2571   -4401   
3214   1919 -999999 -999999 -999999 -999999 -999999 -999999 -704    -999999 -999999 -999999 -999999 -999999 -999999 1855    1550    755     -301    -2579   -3732   
3214   1920 -825    -2503   969     -3440   -514    1649    -1012   -3596   -2960   -1880   -417    757     1354    2078    1506    487     -898    -2630   -3771   
3214   1921 -959    -2756   867     -3534   -985    1622    -692    -4022   -2730   -2480   -894    422     1662    1697    1509    774     -755    -2094   -4660   
3214   1922 -1120   -3120   807     -4428   -1035   1558    -1096   -4633   -3945   -2681   -898    478     1548    1810    1315    548     -982    -2858   -3320   
3214   1923 -1073   -2826   748     -3788   -730    1477    -1113   -4616   -3391   -1845   -771    423     1368    1703    1356    367     -957    -2755   -3905   
3214   1924 -933    -3005   884     -4019   -889    1613    -742    -4485   -3643   -2321   -804    462     1522    1641    1673    775     -999    -1994   -3094   
3214   1925 -930    -2657   896     -3511   -894    1638    -822    -3367   -4133   -2478   -814    614     1396    1995    1514    625     -630    -2466   -3643   
3214   1926 -923    -2699   905     -3754   -716    1609    -882    -3961   -3647   -1930   -822    602     1169    1974    1670    785     -870    -2562   -3679   
3214   1927 -967    -3007   937     -4108   -774    1572    -567    -4548   -4097   -2375   -605    664     1596    1749    1371    811     -437    -2081   -3844   
3214   1928 -945    -2733   936     -3937   -718    1708    -931    -4310   -3638   -2124   -571    544     1623    1838    1660    481     -660    -2624   -3645   
3214   1929 -1134   -2932   932     -4051   -789    1747    -1279   -4745   -3730   -2254   -890    773     1624    1887    1725    422     -911    -3359   -4323   
3214   1930 -879    -2940   947     -3999   -595    1752    -912    -3996   -3645   -1486   -769    464     1707    1973    1575    694     -873    -2558   -3814   
3214   1931 -1038   -3147   941     -4458   -823    1684    -764    -5093   -4466   -2187   -1085   793     1724    1934    1395    845     -574    -2569   -3404   
3214   1932 -904    -2584   1002    -3437   -784    1808    -1044   -3460   -3447   -2105   -782    534     1740    2118    1564    797     -853    -3081   -3958   
3214   1933 -993    -3096   901     -3983   -1108   1752    -669    -4060   -3924   -2779   -933    394     1774    1785    1700    649     -439    -2224   -4041   
3214   1934 -843    -2597   983     -3594   -780    1812    -972    -3894   -2765   -2225   -961    841     1794    2132    1510    533     -811    -2643   -3747   
3214   1935 -1017   -2904   1009    -3769   -924    1796    -1151   -4228   -3284   -2738   -619    645     1631    2201    1545    612     -872    -3202   -3898   
3214   1936 -999999 -999999 -999999 -999999 -999999 -999999 -999999 -999999 -999999 -999999 -999999 -999999 -999999 -999999 -999999 -999999 -999999 -999999 -999999 
3214   1937 -1029   -999999 917     -999999 -927    1656    -1056   -4204   -3417   -2679   -789    693     1663    1873    1431    589     -708    -3059   -3892   
3214   1938 -911    -2925   1044    -3909   -607    1684    -719    -4088   -3729   -2156   -394    737     1655    1949    1446    835     -851    -2138   -4360   
3214   1939 -932    -2912   978     -4162   -659    1666    -934    -4611   -3445   -2096   -634    753     1535    1727    1731    713     -814    -2706   -3492   
3214   1940 -1056   -2724   874     -3610   -726    1636    -1417   -3847   -3483   -2054   -625    504     1620    1976    1310    417     -1219   -3454   -3903   
3214   1941 -1127   -3301   998     -4186   -834    1778    -1109   -4393   -4270   -2668   -568    743     1720    2128    1482    437     -908    -2862   -4562   
3214   1942 -1020   -3128   885     -4145   -961    1632    -1020   -4051   -3789   -2655   -796    573     1458    2024    1409    595     -1008   -2647   -3531   
3214   1943 -873    -2720   989     -3726   -359    1546    -829    -4133   -3490   -1583   -253    761     1371    1757    1505    760     -395    -2867   -4084   
3214   1944 -966    -2840   965     -3926   -694    1687    -1015   -4180   -3484   -2075   -755    745     1496    1886    1672    697     -795    -2953   -3937   
3214   1945 -947    -3032   1093    -4137   -557    1798    -821    -4565   -3885   -2139   -240    717     1627    2020    1744    651     -600    -2520   -4347   
3214   1946 -1148   -3147   867     -4389   -950    1652    -1109   -4568   -4238   -2695   -520    378     1453    2062    1434    352     -828    -2862   -3945   
3214   1947 -934    -2914   982     -3877   -773    1751    -791    -4386   -3237   -2254   -589    528     1678    2045    1529    660     -262    -2788   -4268   
3214   1948 -860    -2868   1051    -4083   -618    1833    -724    -4157   -3808   -1983   -551    682     1630    2079    1785    637     -442    -2378   -3916   
3214   1949 -980    -2785   1069    -3842   -784    1793    -994    -3978   -3611   -2455   -632    738     1805    1949    1625    891     -679    -3205   -4370   
3214   1950 -1131   -3062   845     -4107   -755    1540    -1198   -4263   -3645   -2272   -597    609     1516    1751    1353    397     -776    -3229   -4573   
3214   1951 -973    -3239   881     -4360   -930    1592    -686    -4484   -3988   -2454   -929    594     1388    1789    1591    808     -413    -2462   -3325   
3214   1952 -1192   -2860   963     -4103   -756    1774    -1382   -4878   -4107   -2042   -692    467     1438    2192    1680    641     -1061   -3738   -4319   
3214   1953 -960    -3123   964     -3985   -526    1554    -1110   -4113   -3474   -2089   -442    955     1529    1707    1424    569     -783    -3126   -3849   
3214   1954 -1038   -2968   956     -3832   -913    1822    -1214   -4275   -3322   -2493   -605    368     1683    2096    1683    465     -921    -3194   -4087   
3214   1955 -1080   -3099   877     -3954   -935    1598    -971    -3999   -3758   -2701   -910    807     1589    1717    1489    526     -683    -2765   -4442   
3214   1956 -1084   -3094   852     -4210   -1086   1707    -1047   -4368   -3792   -2550   -1045   337     1652    1982    1485    660     -1155   -2642   -3654   
3214   1957 -992    -2872   925     -3738   -746    1675    -1171   -3680   -3895   -2299   -614    679     1535    1904    1580    421     -991    -2947   -3805   
3214   1958 -1139   -3054   848     -3958   -935    1529    -1130   -4423   -3613   -2597   -760    559     1266    1799    1514    666     -1110   -2948   -4175   
3214   1959 -862    -2949   995     -4028   -616    1769    -764    -4494   -3348   -1658   -840    643     1865    1633    1812    822     -785    -2330   -3810   
3214   1960 -1131   -2926   891     -3977   -936    1656    -1162   -4475   -3623   -2559   -964    714     1671    1901    1396    584     -1087   -2987   -4215   
3214   1961 -969    -3126   929     -4147   -874    1690    -880    -4660   -3504   -2337   -780    500     1602    1842    1622    748     -804    -2587   -3420   
3214   1962 -929    -2640   904     -3415   -795    1672    -1068   -3683   -3113   -2278   -716    611     1445    1917    1645    472     -749    -2938   -3914   
3214   1963 -847    -2693   854     -3493   -881    1673    -829    -3258   -3286   -2079   -897    333     1522    1875    1616    635     -745    -2379   -3658   
3214   1964 -1084   -2719   793     -3681   -882    1599    -1200   -3725   -3660   -2197   -908    459     1458    1925    1410    370     -981    -2997   -4252   
3214   1965 -1135   -3127   898     -4163   -835    1590    -1072   -4373   -3833   -2394   -659    553     1364    1867    1533    688     -814    -3098   -4624   
3214   1966 -1120   -3215   849     -4362   -842    1575    -1198   -4213   -4237   -2401   -740    619     1663    1640    1425    447     -870    -3183   -3802   
3214   1967 -1020   -3006   886     -3892   -833    1643    -993    -4144   -3714   -2398   -680    585     1647    1922    1361    441     -535    -2900   -4002   
3214   1968 -910    -2780   1037    -3878   -310    1608    -1075   -4444   -3143   -1685   -16     782     1556    1827    1439    600     -735    -3103   -4055   
3214   1969 -1168   -3165   864     -4213   -963    1701    -1190   -4192   -4411   -2611   -922    647     1454    1840    1801    311     -764    -3130   -4274   
3214   1970 -1070   -3015   886     -4031   -843    1623    -1120   -4211   -3563   -2206   -712    394     1348    2192    1320    731     -1201   -2886   -4198   
3214   1971 -945    -3070   991     -4104   -663    1693    -865    -4321   -3759   -2117   -748    873     1638    1964    1475    699     -596    -2707   -3922   
3214   1972 -1113   -2983   863     -4141   -732    1492    -1112   -4713   -3762   -2238   -471    521     1324    1865    1283    617     -646    -3323   -3898   
3214   1973 -940    -2869   1042    -3704   -759    1828    -1122   -3705   -3487   -2228   -934    880     1687    2114    1678    776     -786    -3367   -4088   
3214   1974 -1028   -3034   958     -3931   -664    1587    -1122   -3852   -3845   -2358   -503    874     1386    1894    1474    578     -1012   -2934   -4230   
3214   1975 -822    -2908   1001    -3974   -360    1607    -955    -3854   -3822   -1685   -332    938     1807    1696    1326    537     -694    -2716   -3266   
3214   1976 -999    -2749   976     -3629   -626    1598    -1125   -3930   -3694   -2253   -241    627     1502    1706    1582    648     -901    -3129   -3993   
3214   1977 -1087   -3044   896     -3998   -705    1575    -1321   -4113   -3876   -2333   -675    893     1667    1693    1368    389     -1234   -3122   -3890   
3214   1978 -942    -3019   952     -3947   -562    1612    -823    -4457   -3445   -2012   -179    516     1553    1686    1594    507     -783    -2195   -4216   
3214   1979 -1134   -2960   827     -4093   -848    1468    -1384   -4370   -3651   -2589   -665    718     1419    1611    1374    464     -1279   -3341   -3462   
3214   1980 -949    -2942   929     -3547   -927    1792    -1134   -3669   -3508   -2444   -873    539     1505    2178    1685    484     -844    -3051   -3490   
3214   1981 -931    -2786   941     -3530   -699    1665    -1166   -3676   -3412   -2311   -502    724     1614    1933    1447    390     -859    -3039   -3649   
3214   1982 -1149   -2942   900     -3826   -709    1520    -1482   -4313   -3484   -2365   -501    746     1344    1937    1274    556     -1347   -3659   -4132   
3214   1983 -812    -3116   1091    -3995   -541    1748    -643    -4058   -3775   -1804   -613    790     1599    1906    1736    1088    -930    -2078   -3789   
3214   1984 -989    -2683   935     -3659   -533    1535    -1258   -3585   -3600   -2154   -423    982     1415    1909    1276    404     -1181   -2999   -4002   
3214   1985 -934    -3013   987     -3944   -606    1626    -931    -4375   -3403   -2157   -407    753     1577    1805    1495    661     -847    -2608   -3849   
3214   1986 -930    -2808   968     -3809   -749    1779    -984    -4102   -3442   -2055   -667    477     1694    1995    1645    626     -658    -2931   -3910   
3214   1987 -1135   -2928   815     -3942   -903    1630    -1250   -4504   -3356   -2251   -758    304     1451    1857    1575    414     -988    -3185   -4313   
3214   1988 -786    -3015   1041    -3965   -581    1714    -726    -4135   -3412   -2089   -494    843     1689    2120    1334    716     -472    -2430   -3188   
3214   1989 -849    -2394   897     -3366   -462    1578    -1119   -3922   -2949   -1460   -634    701     1538    1813    1383    542     -1133   -2767   -3432   
3214   1990 -797    -2714   1010    -3761   -248    1710    -935    -4241   -3594   -1202   -533    982     1741    1712    1678    436     -431    -2827   -3492   
3214   1991 -823    -2612   999     -3420   -662    1732    -1016   -3199   -3585   -2241   -431    692     1418    2091    1676    501     -866    -2687   -3448   
3214   1992 -869    -2709   1015    -3553   -568    1667    -1021   -3955   -3234   -2095   -365    761     1703    1878    1421    654     -531    -3203   -3537   
3214   1993 -901    -2629   905     -3332   -800    1685    -1003   -3237   -3211   -2127   -938    662     1595    1973    1483    606     -787    -2836   -4157   
3214   1994 -943    -2942   942     -4047   -573    1542    -799    -4502   -3421   -1991   -531    805     1445    1737    1442    717     -471    -2654   -4045   
3214   1995 -750    -2620   979     -3478   -734    1734    -804    -3581   -2736   -2246   -617    665     1839    1839    1528    584     -378    -2631   -3383   
3214   1996 -877    -2600   957     -3485   -671    1647    -844    -3842   -3212   -2194   -520    706     1722    1892    1329    575     -616    -2498   -3931   
3214   1997 -802    -2686   1072    -3630   -520    1752    -848    -3712   -3206   -2199   -259    907     1522    1998    1728    488     -553    -2489   -4003   
3214   1998 -859    -2680   1082    -3673   -738    2011    -1111   -3925   -3028   -2111   -596    497     2021    2195    1817    513     -974    -2876   -3968   
3214   1999 -881    -2837   972     -3571   -792    1664    -1047   -3333   -3396   -2530   -586    747     1675    1995    1321    640     -911    -2875   -3491   
3214   2000 -907    -2707   1017    -3482   -514    1665    -1183   -3688   -3253   -2063   -258    788     1619    1896    1478    542     -1074   -3019   -3928   
3214   2001 -851    -2921   984     -3857   -621    1805    -901    -3883   -3752   -1951   -723    807     1611    2303    1493    355     -765    -2297   -3616   
3214   2002 -747    -2506   1114    -3407   -440    1825    -885    -3648   -2908   -1831   -314    829     1829    1974    1673    658     -815    -2502   -4037   
3214   2003 -790    -2684   1025    -3790   -473    1756    -926    -3935   -3357   -1519   -395    498     1444    2150    1665    747     -714    -2817   -3422   
3214   2004 -977    -2738   922     -3654   -609    1546    -897    -3880   -3660   -1996   -447    621     1372    1884    1377    685     -1113   -2256   -4383   
3214   2005 -756    -2882   1133    -3967   -436    1674    -659    -3955   -3521   -2106   -46     856     1755    1881    1389    938     -880    -2027   -3509   
3214   2006 -869    -2716   1049    -3786   -583    1730    -887    -4286   -3540   -2108   -372    740     1730    1869    1590    701     -827    -2537   -3543   
3214   2007 -716    -2619   1073    -3526   -378    1660    -782    -3396   -3651   -1857   -168    898     1646    1666    1668    698     -495    -2558   -3250   
3214   2008 -711    -2409   1108    -3381   -309    1886    -818    -3774   -3102   -1325   -581    969     1948    2045    1667    554     -371    -2651   -4001   
3214   2009 -756    -2654   1129    -3707   -485    1842    -869    -3404   -3718   -1880   -332    762     1953    2057    1518    784     -530    -2873   -3615   
3214   2010 -759    -2668   1098    -3553   -512    1832    -833    -3671   -3354   -2037   -467    969     1681    2188    1621    545     -780    -2266   -3711   
3214   2011 -712    -2561   1128    -3626   -268    1869    -923    -3646   -3510   -1538   -215    951     1607    2254    1739    379     -508    -2654   -3612   
3214   2012 -773    -2626   1144    -3473   -571    1828    -927    -3456   -3341   -2233   -436    962     1931    2102    1454    815     -738    -2864   -3555   
3214   2013 -721    -2741   1098    -3646   -427    1742    -797    -4020   -3335   -1999   -296    1018    1761    1865    1602    597     -518    -2479   -3024   
