EUROPEAN CLIMATE ASSESSMENT & DATASET (ECA&D), file created on: 13-11-2019
THESE DATA CAN BE USED FOR NON-COMMERCIAL RESEARCH AND EDUCATION PROVIDED THAT THE FOLLOWING SOURCE IS ACKNOWLEDGED: 

Klein Tank, A.M.G. and Coauthors, 2002. Daily dataset of 20th-century surface
air temperature and precipitation series for the European Climate Assessment.
Int. J. of Climatol., 22, 1441-1453.
Data and metadata available at http://www.ecad.eu

FILE FORMAT (MISSING VALUE CODE = -999999):

THIS FILE HOLDS DATA FOR STATION GERMANY                                  MEERSBURG                                (STAID:   4397)
LATITUDE: dd:mm:ss +47:41:57
LONGITUDE: ddd:mm:ss +009:16:35
ELEVATION: m  460

DATA IS FOR INDEX Mean of daily mean temperature (TG) with unit 0.01 Temperature (&#176;C)

01-06 SOUID: Source identifier
08-11 YEAR : YYYY
13-20 ANNUAL DATA VALUES
21-28 WINTER HALF YEAR DATA VALUES
29-36 SUMMER HALF YEAR DATA VALUES
37-44 WINTER (DJF) DATA VALUES
45-52 SPRING (MAM) DATA VALUES
53-60 SUMMER (JJA) DATA VALUES
61-68 AUTUMN (SON) DATA VALUES
69-76 JANUARY DATA VALUES
etc. 
157-164 DECEMBER DATA VALUES

4397   1946 895     -999999 1502    -999999 1041    1672    871     -234    329     577     1109    1440    1502    1846    1662    1439    778     398     -133    
4397   1947 1021    164     1751    -240    1056    2021    1112    -348    -239    497     1115    1557    1894    2021    2142    1761    942     640     190     
4397   1948 974     510     1485    246     1084    1637    980     387     156     728     1015    1507    1609    1565    1735    1464    1019    455     12      
4397   1949 1010    329     1609    58      877     1845    1140    58      110     303     1143    1195    1623    2025    1879    1780    1203    434     317     
4397   1950 984     477     1599    203     974     1953    931     -42     348     588     765     1562    1952    2064    1843    1387    885     521     -106    
4397   1951 952     353     1499    95      855     1765    996     176     229     406     850     1307    1627    1869    1795    1532    805     656     126     
4397   1952 943     347     1593    28      1000    1959    790     15      -62     525     1094    1383    1773    2119    1980    1188    852     327     72      
4397   1953 929     270     1528    -43     990     1736    976     -167    -32     538     1001    1432    1561    1852    1789    1516    1061    349     183     
4397   1954 859     314     1370    -49     824     1609    975     -212    -127    587     673     1206    1624    1576    1628    1501    944     479     355     
4397   1955 883     349     1441    137     759     1728    876     -28     79      243     853     1184    1641    1803    1737    1413    874     341     404     
4397   1956 797     265     1389    -25     832     1583    875     224     -776    424     748     1322    1392    1765    1586    1504    840     282     130     
4397   1957 928     394     1422    132     920     1739    904     -125    420     816     912     1031    1709    1834    1672    1362    887     464     133     
4397   1958 942     332     1518    156     769     1779    1000    8       345     159     631     1512    1608    1864    1859    1609    913     481     281     
4397   1959 994     420     1582    125     1044    1834    942     28      61      723     1012    1396    1692    2016    1789    1568    940     317     320     
4397   1960 940     401     1458    165     976     1706    974     -24     200     639     869     1417    1781    1615    1724    1328    943     651     111     
4397   1961 1024    480     1550    196     994     1726    1145    47      455     676     1170    1141    1690    1749    1738    1816    1151    469     160     
4397   1962 855     378     1456    144     745     1750    913     176     90      195     934     1112    1585    1749    1910    1434    994     307     -273    
4397   1963 823     61      1511    -415    819     1775    1085    -529    -447    270     957     1235    1626    1965    1730    1538    918     805     -259    
4397   1964 906     273     1558    -111    873     1832    936     -251    197     244     956     1422    1793    2010    1691    1461    797     554     -10     
4397   1965 813     264     1322    -48     727     1611    830     125     -283    355     696     1128    1596    1617    1619    1265    847     378     328     
4397   1966 924     372     1450    204     891     1630    993     -202    516     382     982     1311    1725    1604    1565    1507    1211    254     214     
4397   1967 920     423     1433    166     842     1741    991     36      256     542     727     1254    1479    1977    1756    1382    1128    459     -5      
4397   1968 905     384     1438    64      900     1679    989     -24     232     505     971     1225    1628    1765    1643    1385    1120    457     -68     
4397   1969 886     329     1480    -7      865     1706    1039    74      -27     386     793     1415    1471    1921    1717    1543    1022    552     -294    
4397   1970 874     280     1435    -58     675     1774    1000    0       140     253     624     1147    1770    1765    1786    1505    884     615     -43     
4397   1971 883     244     1520    -57     880     1739    891     -159    41      120     1095    1432    1431    1928    1849    1362    983     325     127     
4397   1972 824     389     1324    110     878     1604    752     -58     270     677     775     1178    1455    1704    1647    1166    719     371     -39     
4397   1973 864     231     1469    -19     758     1774    893     -55     43      336     541     1391    1668    1750    1901    1543    768     373     52      
4397   1974 941     425     1420    216     938     1677    798     293     312     738     886     1186    1478    1707    1840    1408    525     469     400     
4397   1975 922     391     1488    309     846     1707    966     315     201     424     791     1322    1468    1826    1819    1684    803     416     -51     
4397   1976 904     293     1486    52      870     1796    925     117     92      373     838     1398    1872    1933    1584    1278    1028    465     -161    
4397   1977 936     434     1361    105     877     1667    961     63      447     762     642     1220    1609    1766    1623    1290    1063    528     181     
4397   1978 859     395     1376    68      845     1624    876     47      -35     551     820     1163    1542    1703    1624    1394    882     351     195     
4397   1979 911     325     1429    40      858     1706    961     -264    204     572     672     1325    1705    1759    1654    1444    1023    412     381     
4397   1980 839     422     1386    198     771     1646    877     -84     303     491     656     1162    1498    1576    1859    1547    854     231     -37     
4397   1981 921     272     1503    -85     1021    1739    962     -164    -50     764     1019    1278    1644    1736    1836    1496    933     457     39      
4397   1982 965     310     1548    -5      864     1832    1055    -60     9       459     781     1348    1753    1981    1758    1652    960     557     318     
4397   1983 978     443     1586    182     887     1985    921     294     -91     572     950     1140    1759    2287    1902    1456    980     325     83      
4397   1984 883     301     1395    65      719     1729    973     117     -11     295     780     1085    1581    1834    1767    1304    1044    567     199     
4397   1985 869     281     1527    -107    873     1774    898     -482    -30     366     868     1384    1520    2009    1783    1575    969     147     248     
4397   1986 904     251     1494    -7      873     1758    1005    133     -443    380     714     1520    1698    1800    1775    1434    1059    520     155     
4397   1987 884     271     1484    -41     729     1711    1095    -383    120     148     1017    1033    1484    1894    1747    1722    1045    521     222     
4397   1988 998     455     1551    255     975     1775    949     348     190     390     1007    1529    1635    1839    1846    1433    1081    328     309     
4397   1989 997     495     1531    240     1040    1795    918     132     284     811     787     1514    1611    1927    1841    1483    1012    257     243     
4397   1990 1025    486     1535    288     1040    1824    985     95      552     755     781     1575    1592    1904    1970    1359    1120    472     81      
4397   1991 938     412     1525    43      862     1871    983     143     -108    717     818     1050    1527    2057    2017    1665    873     415     2       
4397   1992 1023    342     1652    53      1034    1960    999     -37     203     590     894     1613    1729    1975    2168    1504    840     658     105     
4397   1993 966     398     1572    141     1056    1788    761     308     -4      449     1145    1577    1776    1756    1831    1330    806     146     396     
4397   1994 1079    449     1577    285     969     1989    1053    275     173     857     752     1290    1747    2226    1986    1432    909     823     408     
4397   1995 986     516     1531    323     903     1864    964     25      560     383     961     1368    1531    2177    1875    1244    1263    376     39      
4397   1996 878     326     1486    -8      880     1803    869     -33     -31     318     1006    1320    1839    1806    1765    1166    952     487     -80     
4397   1997 992     391     1535    36      996     1810    984     -169    391     767     822     1395    1650    1764    2012    1547    908     499     282     
4397   1998 1014    470     1604    272     1032    1900    886     181     360     582     946     1566    1826    1929    1942    1392    1029    233     128     
4397   1999 999     372     1615    101     1055    1810    979     166     0       635     963     1565    1588    1967    1867    1724    973     241     214     
4397   2000 1075    420     1625    217     1107    1843    1064    45      406     635     1074    1610    1906    1655    1970    1520    1067    604     389     
4397   2001 1013    552     1535    302     1043    1857    951     174     349     711     757     1653    1590    1975    1996    1205    1290    346     37      
4397   2002 1072    505     1571    210     1019    1910    1013    68      559     733     929     1393    1976    1893    1864    1357    996     686     386     
4397   2003 1067    456     1792    99      1081    2228    925     41      -154    726     981     1533    2308    2068    2311    1532    705     544     128     
4397   2004 1005    368     1577    160     928     1851    1080    107     252     473     1033    1283    1713    1872    1965    1583    1168    486     98      
4397   2005 987     401     1598    53      993     1841    1063    89      -35     559     990     1428    1901    1894    1731    1635    1124    426     31      
4397   2006 1040    299     1651    -38     891     1934    1256    -175    39      330     945     1399    1870    2360    1570    1751    1310    706     308     
4397   2007 1072    657     1631    428     1197    1817    893     508     472     621     1420    1556    1819    1847    1785    1353    972     351     119     
4397   2008 1025    448     1581    280     1003    1880    932     301     429     512     854     1638    1857    1924    1858    1331    1003    459     103     
4397   2009 1031    324     1695    -3      1096    1893    1106    -172    65      465     1248    1578    1705    1911    2057    1654    990     679     139     
4397   2010 935     383     1546    38      917     1877    958     -132    115     490     1031    1235    1770    2091    1767    1367    921     587     -63     
4397   2011 1085    415     1675    89      1190    1828    1054    106     237     690     1300    1583    1770    1732    1980    1676    971     518     401     
4397   2012 1040    457     1628    142     1102    1923    1040    274     -276    806     967     1527    1824    1897    2044    1492    993     636     232     
4397   2013 979     384     1584    117     817     1947    1045    139     -36     309     950     1196    1680    2189    1962    1505    1130    497     155     
4397   2014 1125    552     1599    293     1091    1838    1188    310     425     779     1137    1358    1904    1887    1725    1578    1302    682     374     
4397   2015 1114    550     1709    207     1059    2103    1068    231     -5      668     1048    1459    1888    2285    2130    1420    992     796     374     
4397   2016 1066    574     1655    370     963     1936    1077    287     454     542     976     1371    1778    2044    1983    1766    941     530     111     
4397   2017 1071    437     1655    80      1118    2024    1008    -225    385     877     909     1561    2064    2000    2009    1365    1131    525     204     
4397   2018 1195    468     1865    224     1174    2135    1156    511     -71     456     1393    1681    1972    2219    2209    1699    1178    589     409     
4397   2019 -999999 571     1661    288     987     2064    -999999 74      391     766     1037    1159    2056    2162    1973    1569    1170    -999999 -999999 
