EUROPEAN CLIMATE ASSESSMENT & DATASET (ECA&D), file created on: 13-11-2019
THESE DATA CAN BE USED FOR NON-COMMERCIAL RESEARCH AND EDUCATION PROVIDED THAT THE FOLLOWING SOURCE IS ACKNOWLEDGED: 

Klein Tank, A.M.G. and Coauthors, 2002. Daily dataset of 20th-century surface
air temperature and precipitation series for the European Climate Assessment.
Int. J. of Climatol., 22, 1441-1453.
Data and metadata available at http://www.ecad.eu

FILE FORMAT (MISSING VALUE CODE = -999999):

THIS FILE HOLDS DATA FOR STATION SWEDEN                                   BOLLERUP                                 (STAID:   5170)
LATITUDE: dd:mm:ss +55:29:24
LONGITUDE: ddd:mm:ss +014:03:00
ELEVATION: m   55

DATA IS FOR INDEX Mean of daily mean temperature (TG) with unit 0.01 Temperature (&#176;C)

01-06 SOUID: Source identifier
08-11 YEAR : YYYY
13-20 ANNUAL DATA VALUES
21-28 WINTER HALF YEAR DATA VALUES
29-36 SUMMER HALF YEAR DATA VALUES
37-44 WINTER (DJF) DATA VALUES
45-52 SPRING (MAM) DATA VALUES
53-60 SUMMER (JJA) DATA VALUES
61-68 AUTUMN (SON) DATA VALUES
69-76 JANUARY DATA VALUES
etc. 
157-164 DECEMBER DATA VALUES

5170   1945 833     -999999 1344    -999999 711     1655    941     -198    125     396     662     1073    1460    1775    1723    1353    929     541     110     
5170   1946 746     264     1315    -15     652     1568    805     -95     -64     139     730     1088    1323    1795    1579    1357    653     408     -8      
5170   1947 769     -5      1485    -303    513     1840    970     -311    -620    -200    541     1197    1687    1865    1965    1637    887     389     97      
5170   1948 826     274     1381    11      757     1654    834     27      -97     324     741     1207    1578    1716    1665    1364    783     357     209     
5170   1949 888     294     1387    173     684     1580    1064    123     187     95      716     1243    1420    1798    1516    1619    1036    536     319     
5170   1950 -999999 362     1357    78      721     1670    845     -154    67      345     607     1208    1590    1641    1777    1301    844     391     -999999 
5170   1951 808     -999999 1291    -999999 518     1594    965     8       39      19      593     946     1452    1627    1697    1420    831     648     365     
5170   1952 699     320     1244    153     598     1521    643     54      33      -18     784     1033    1328    1612    1616    1072    669     188     -6      
5170   1953 862     178     1369    -46     736     1676    977     -34     -104    328     741     1138    1679    1728    1621    1293    1040    597     246     
5170   1954 700     249     1211    -85     553     1470    828     -184    -343    91      446     1118    1498    1451    1461    1281    849     354     299     
5170   1955 680     127     1256    -86     332     1636    893     -193    -394    -197    374     819     1257    1814    1825    1424    836     420     94      
5170   1956 604     107     1127    -209    431     1408    723     -76     -677    5       267     1014    1323    1579    1320    1238    765     163     258     
5170   1957 755     271     1193    175     501     1582    811     107     157     159     477     865     1469    1706    1569    1051    898     481     82      
5170   1958 667     143     1160    -103    343     1456    940     -165    -237    -226    308     947     1314    1587    1462    1327    941     551     135     
5170   1959 828     311     1345    12      656     1693    911     -102    1       316     630     1021    1486    1829    1756    1331    893     509     205     
5170   1960 726     228     1221    -50     527     1530    867     -165    -200    105     468     1005    1538    1497    1557    1250    809     543     269     
5170   1961 804     387     1250    155     715     1488    959     -26     230     489     664     990     1557    1469    1440    1371    1091    412     -64     
5170   1962 645     247     1103    14      438     1358    797     100     5       -80     568     829     1291    1424    1356    1139    873     378     -178    
5170   1963 635     -38     1270    -442    437     1610    905     -668    -485    -180    422     1070    1622    1675    1533    1283    815     619     -146    
5170   1964 702     173     1234    -103    538     1494    808     -29     -137    -86     588     1115    1481    1491    1510    1207    745     474     37      
5170   1965 631     193     1113    -52     452     1364    755     42      -253    79      491     787     1396    1303    1395    1299    851     113     11      
5170   1966 671     108     1167    -166    476     1502    828     -277    -238    155     232     1035    1506    1556    1445    1214    912     356     85      
5170   1967 781     284     1250    0       648     1534    967     -159    80      415     528     998     1316    1641    1639    1361    1056    481     -38     
5170   1968 747     233     1288    -139    613     1580    941     -253    -126    264     693     884     1555    1519    1665    1406    888     529     -77     
5170   1969 699     166     1272    -125    438     1634    900     -75     -234    -62     450     926     1512    1684    1701    1340    945     414     -276    
5170   1970 644     49      1187    -338    377     1571    801     -331    -414    -75     292     912     1608    1519    1588    1185    824     393     149     
5170   1971 756     231     1233    66      529     1530    802     -35     87      -39     511     1115    1307    1654    1624    1166    885     352     388     
5170   1972 747     277     1224    73      566     1580    787     -169    -6      193     559     946     1410    1749    1577    1085    768     509     311     
5170   1973 787     378     1312    168     688     1662    721     34      159     470     504     1083    1550    1784    1648    1284    651     231     2       
5170   1974 815     264     1253    125     660     1500    839     184     198     312     695     973     1403    1468    1627    1343    685     493     367     
5170   1975 878     390     1367    297     628     1703    906     374     134     268     568     1048    1370    1793    1935    1467    865     388     268     
5170   1976 723     211     1293    36      491     1643    829     -118    -48     -100    518     1057    1463    1779    1682    1236    821     432     -68     
5170   1977 760     228     1212    -53     575     1544    859     -47     -44     255     428     1038    1520    1555    1555    1156    937     480     224     
5170   1978 716     280     1182    19      548     1499    892     60      -252    188     422     1029    1461    1475    1559    1126    889     661     -92     
5170   1979 649     123     1199    -283    515     1488    765     -390    -374    11      424     1106    1527    1435    1504    1185    710     402     176     
5170   1980 667     133     1208    -95     468     1505    804     -285    -182    -31     551     885     1427    1593    1492    1290    786     335     114     
5170   1981 689     214     1242    -24     629     1491    828     -174    -11     214     540     1131    1383    1566    1520    1293    787     406     -428    
5170   1982 768     77      1282    -367    649     1582    967     -465    -190    339     602     1005    1319    1730    1689    1326    999     575     221     
5170   1983 795     409     1274    169     615     1607    828     374     -114    356     520     967     1379    1745    1689    1324    867     291     67      
5170   1984 766     236     1210    45      585     1482    911     78      -15     111     624     1022    1283    1514    1641    1157    1023    549     176     
5170   1985 610     113     1179    -318    504     1486    736     -533    -627    32      401     1077    1353    1581    1519    1122    884     198     212     
5170   1986 660     108     1165    -167    507     1497    824     -193    -558    41      381     1094    1426    1619    1442    1005    858     609     104     
5170   1987 627     96      1137    -233    442     1358    885     -646    -147    -206    591     947     1204    1464    1403    1199    953     500     219     
5170   1988 834     378     1353    239     637     1638    804     296     200     90      609     1211    1629    1698    1587    1369    813     229     253     
5170   1989 926     435     1378    339     844     1609    941     380     389     534     701     1292    1518    1710    1595    1438    1003    379     130     
5170   1990 953     494     1394    320     907     1665    878     354     492     599     805     1314    1578    1667    1746    1235    951     445     211     
5170   1991 836     351     1313    91      688     1612    930     162     -119    413     670     982     1256    1808    1762    1381    916     493     238     
5170   1992 903     408     1450    207     794     1791    815     156     227     407     657     1314    1770    1876    1726    1336    655     460     233     
5170   1993 780     307     1260    143     787     1453    716     115     75      288     740     1332    1438    1474    1447    1115    735     297     254     
5170   1994 895     288     1416    125     713     1768    918     212     -113    307     777     1057    1405    2081    1805    1350    809     599     376     
5170   1995 836     400     1374    222     645     1746    929     -12     311     315     595     1022    1502    1814    1915    1374    1142    263     -242    
5170   1996 693     114     1232    -245    516     1563    870     -150    -349    -6      697     864     1428    1481    1775    1131    993     483     -72     
5170   1997 854     302     1410    -34     641     1835    856     -213    205     410     515     994     1549    1849    2098    1432    730     411     221     
5170   1998 803     365     1282    252     709     1488    801     159     390     283     666     1176    1444    1523    1495    1374    842     187     78      
5170   1999 877     269     1401    77      705     1683    992     151     -8      336     755     1024    1497    1854    1694    1572    910     497     181     
5170   2000 908     392     1324    203     798     1525    1056    142     291     329     831     1235    1473    1559    1541    1290    1148    728     312     
5170   2001 845     423     1366    167     617     1709    984     127     51      144     497     1205    1433    1960    1724    1347    1154    443     -11     
5170   2002 920     420     1486    157     787     1822    895     158     344     426     674     1258    1603    1799    2056    1504    726     460     -10     
5170   2003 869     213     1436    -89     717     1775    928     -62     -207    336     571     1240    1618    1862    1839    1465    669     658     366     
5170   2004 820     332     1314    104     725     1552    916     -160    104     349     733     1095    1340    1543    1766    1390    940     417     296     
5170   2005 828     302     1345    149     589     1615    999     193     -62     -3      670     1102    1441    1808    1590    1446    1086    463     139     
5170   2006 874     207     1419    -44     467     1785    1123    -180    -95     -191    519     1074    1585    2048    1714    1556    1181    629     576     
5170   2007 895     575     1359    360     852     1627    825     365     115     541     825     1190    1635    1580    1666    1249    836     389     294     
5170   2008 888     405     1343    309     711     1636    918     275     361     275     656     1200    1487    1759    1657    1283    943     528     216     
5170   2009 824     318     1373    48      721     1631    927     -1      -83     274     788     1103    1334    1780    1770    1445    692     650     77      
5170   2010 674     172     1306    -156    563     1678    788     -365    -184    141     620     932     1406    1938    1682    1236    771     357     -494    
5170   2011 850     114     1374    -238    751     1615    964     -96     -111    244     910     1105    1552    1664    1626    1380    908     607     356     
5170   2012 795     389     1297    94      753     1559    918     95      -188    526     561     1165    1318    1657    1694    1365    813     578     -85     
5170   2013 842     173     1377    -78     538     1728    983     -78     -70     -132    546     1201    1554    1855    1770    1311    1085    550     447     
5170   2014 984     503     1444    275     840     1729    1144    84      296     535     786     1197    1502    1987    1692    1481    1185    764     253     
5170   2015 917     510     1316    215     721     1600    1013    235     149     444     723     996     1344    1645    1802    1368    971     700     567     
5170   2016 896     459     1434    221     789     1672    968     -135    230     415     658     1290    1615    1747    1653    1626    892     389     354     
5170   2017 891     380     1347    180     758     1618    997     28      155     440     629     1201    1546    1601    1705    1382    1058    548     342     
5170   2018 962     346     1587    155     769     1910    995     210     -114    -5      822     1493    1760    2055    1912    1461    980     546     341     
5170   2019 -999999 478     1419    267     782     1765    -999999 93      377     523     766     1057    1744    1741    1810    1385    -999999 -999999 -999999 
