EUROPEAN CLIMATE ASSESSMENT & DATASET (ECA&D), file created on: 13-11-2019
THESE DATA CAN BE USED FOR NON-COMMERCIAL RESEARCH AND EDUCATION PROVIDED THAT THE FOLLOWING SOURCE IS ACKNOWLEDGED: 

Klein Tank, A.M.G. and Coauthors, 2002. Daily dataset of 20th-century surface
air temperature and precipitation series for the European Climate Assessment.
Int. J. of Climatol., 22, 1441-1453.
Data and metadata available at http://www.ecad.eu

FILE FORMAT (MISSING VALUE CODE = -999999):

THIS FILE HOLDS DATA FOR STATION UNITED KINGDOM                           KIRKWALL                                 (STAID:   1627)
LATITUDE: dd:mm:ss +58:57:00
LONGITUDE: ddd:mm:ss -002:54:00
ELEVATION: m   26

DATA IS FOR INDEX Mean of daily mean temperature (TG) with unit 0.01 Temperature (&#176;C)

01-06 SOUID: Source identifier
08-11 YEAR : YYYY
13-20 ANNUAL DATA VALUES
21-28 WINTER HALF YEAR DATA VALUES
29-36 SUMMER HALF YEAR DATA VALUES
37-44 WINTER (DJF) DATA VALUES
45-52 SPRING (MAM) DATA VALUES
53-60 SUMMER (JJA) DATA VALUES
61-68 AUTUMN (SON) DATA VALUES
69-76 JANUARY DATA VALUES
etc. 
157-164 DECEMBER DATA VALUES

1627   1958 762     -999999 1029    -999999 514     1186    1015    299     228     233     577     735     1067    1239    1247    1303    1000    741     440     
1627   1959 850     573     1116    362     740     1280    990     171     488     594     713     911     1130    1351    1353    1227    1065    675     496     
1627   1960 813     570     1106    388     754     1249    890     375     287     510     737     1015    1232    1269    1244    1130    921     619     400     
1627   1961 794     581     1032    419     724     1171    902     358     509     675     647     848     1088    1178    1242    1182    979     542     261     
1627   1962 724     475     951     360     514     1121    851     421     400     238     550     756     1095    1124    1144    1032    970     548     388     
1627   1963 737     465     1010    248     658     1164    863     172     178     509     658     808     1138    1169    1184    1096    902     589     405     
1627   1964 781     563     1006    470     714     1117    836     539     467     474     719     948     1065    1173    1112    1015    850     642     354     
1627   1965 723     505     974     385     590     1118    813     336     473     379     636     756     1116    1043    1195    1093    967     374     292     
1627   1966 748     461     1021    300     621     1201    833     324     284     502     513     845     1210    1202    1193    1158    864     478     356     
1627   1967 789     511     1038    407     626     1214    876     385     486     497     588     790     1088    1292    1258    1204    803     624     432     
1627   1968 750     482     993     325     581     1178    907     321     216     478     604     661     1098    1181    1252    1160    957     601     436     
1627   1969 741     473     1047    329     543     1280    820     440     87      281     569     779     1174    1292    1371    1088    1036    330     388     
1627   1970 740     435     1035    303     579     1226    819     318     192     317     516     903     1232    1132    1314    1106    829     521     464     
1627   1971 820     547     1040    476     711     1143    878     462     504     495     658     979     967     1224    1233    1167    917     548     660     
1627   1972 786     582     1007    494     701     1159    838     404     413     539     676     887     1025    1272    1176    997     960     552     507     
1627   1973 757     577     1003    448     627     1208    783     505     320     593     483     800     1135    1254    1232    1102    772     476     372     
1627   1974 798     517     1037    450     695     1202    788     500     482     495     676     913     1093    1209    1301    1019    755     591     516     
1627   1975 795     521     1018    458     563     1255    883     418     438     403     548     739     1050    1276    1432    1048    971     626     556     
1627   1976 802     563     1099    455     658     1318    882     365     442     414     650     908     1193    1382    1375    1075    941     627     240     
1627   1977 747     492     955     284     607     1136    853     293     321     517     500     800     957     1223    1222    1018    991     544     540     
1627   1978 744     525     978     363     649     1124    880     306     229     509     505     928     1082    1096    1193    1056    943     640     408     
1627   1979 695     435     964     234     524     1148    859     126     159     316     573     685     1095    1181    1167    1080    966     526     432     
1627   1980 771     507     1056    386     638     1210    827     314     416     384     691     841     1179    1213    1237    1170    760     552     488     
1627   1981 735     492     1052    391     642     1210    800     325     357     459     567     896     1069    1253    1304    1216    637     553     158     
1627   1982 779     429     1040    293     667     1226    857     289     449     494     671     836     1081    1312    1279    1052    920     596     352     
1627   1983 782     526     1010    369     605     1234    858     463     283     521     498     791     1051    1309    1336    1060    845     670     508     
1627   1984 792     510     1052    374     623     1267    883     183     434     418     633     818     1115    1318    1363    1051    892     707     565     
1627   1985 742     533     1007    403     604     1195    809     275     365     381     605     827     1031    1308    1240    1019    1022    379     417     
1627   1986 724     460     964     291     620     1139    830     279     164     466     473     917     1088    1215    1114    965     882     641     435     
1627   1987 758     488     1013    350     630     1145    854     294     320     343     754     797     952     1248    1228    1093    832     637     568     
1627   1988 805     541     1049    461     615     1225    892     394     419     394     559     892     1127    1291    1254    1163    880     633     640     
1627   1989 829     629     1050    585     663     1225    903     673     428     501     574     911     1104    1325    1242    1131    915     661     449     
1627   1990 841     603     1070    479     717     1265    893     494     496     592     637     919     1120    1298    1374    1059    965     654     452     
1627   1991 814     565     1066    376     725     1252    868     359     311     628     668     878     950     1387    1408    1090    902     611     524     
1627   1992 811     600     1085    532     715     1246    797     552     518     491     671     982     1218    1286    1233    1111    735     547     374     
1627   1993 734     510     970     418     664     1086    796     364     525     515     650     825     1001    1102    1154    1084    746     561     278     
1627   1994 784     443     1029    309     602     1241    905     343     306     413     598     794     1086    1365    1268    1055    840     824     485     
1627   1995 805     535     1084    395     597     1303    967     332     367     356     607     828     1102    1330    1469    1155    1023    720     340     
1627   1996 777     555     1054    390     606     1251    854     512     312     414     686     722     1140    1223    1385    1162    956     439     354     
1627   1997 863     538     1099    404     700     1315    945     421     440     604     680     814     1068    1376    1493    1150    882     804     593     
1627   1998 816     656     1041    575     683     1162    864     470     671     523     589     933     1012    1229    1239    1232    794     570     519     
1627   1999 830     534     1101    425     727     1236    983     409     339     555     721     903     1089    1304    1310    1272    958     718     355     
1627   2000 822     594     1040    438     699     1166    931     511     448     569     599     927     1052    1175    1266    1211    953     627     514     
1627   2001 -999999 526     -999999 395     637     -999999 -999999 384     265     365     619     946     1051    1263    -999999 1102    1117    610     -999999 
1627   2002 -999999 -999999 -999999 -999999 -999999 1308    925     516     -999999 532     -999999 980     1254    1303    1372    1251    799     715     536     
1627   2003 -999999 -999999 1218    -999999 822     1422    927     431     444     676     812     966     1319    1501    1446    1217    820     747     452     
1627   2004 -999999 -999999 -999999 -999999 792     1267    -999999 373     -999999 600     817     967     1145    1292    1361    -999999 927     -999999 552     
1627   2005 874     -999999 1085    -999999 713     1252    965     -999999 422     579     717     842     1158    1314    1282    1190    1038    665     591     
1627   2006 880     607     1142    537     589     1347    1039    529     487     320     598     848     1181    1497    1358    1362    1043    713     596     
1627   2007 862     680     1078    560     812     1199    910     533     550     634     934     871     1102    1251    1240    1067    998     663     488     
1627   2008 843     596     1130    490     702     1289    893     442     543     442     653     1010    1148    1349    1366    1241    821     619     471     
1627   2009 -999999 564     -999999 450     793     1304    -999999 444     434     585     834     963     1127    1402    1387    -999999 945     751     411     
1627   2010 -999999 -999999 -999999 318     691     1276    -999999 289     253     565     684     829     1203    1354    1269    1127    908     437     99      
1627   2011 -999999 -999999 1116    -999999 808     1203    -999999 419     476     516     909     978     1099    1250    1257    1209    968     897     355     
1627   2012 -999999 -999999 -999999 -999999 -999999 1169    801     426     539     750     579     768     1004    1208    1310    1068    760     593     365     
1627   2013 -999999 -999999 1078    -999999 574     1316    -999999 399     384     309     549     847     1132    1423    1380    1155    999     588     546     
1627   2014 -999999 -999999 1172    -999999 786     1330    -999999 508     523     617     787     959     1250    1421    1314    1269    969     830     437     
1627   2015 -999999 -999999 1049    -999999 666     1215    991     385     473     539     675     779     1049    1208    1389    1180    1057    710     598     
1627   2016 -999999 -999999 1112    -999999 710     1277    -999999 399     352     603     567     933     1138    1345    1342    1312    997     563     671     
1627   2017 -999999 -999999 1153    -999999 797     1300    -999999 533     -999999 636     699     1044    1235    1300    1363    1234    1029    526     418     
1627   2018 -999999 -999999 -999999 -999999 701     -999999 941     386     363     379     699     1026    1191    -999999 -999999 1118    898     805     568     
