EUROPEAN CLIMATE ASSESSMENT & DATASET (ECA&D), file created on: 13-11-2019
THESE DATA CAN BE USED FOR NON-COMMERCIAL RESEARCH AND EDUCATION PROVIDED THAT THE FOLLOWING SOURCE IS ACKNOWLEDGED: 

Klein Tank, A.M.G. and Coauthors, 2002. Daily dataset of 20th-century surface
air temperature and precipitation series for the European Climate Assessment.
Int. J. of Climatol., 22, 1441-1453.
Data and metadata available at http://www.ecad.eu

FILE FORMAT (MISSING VALUE CODE = -999999):

THIS FILE HOLDS DATA FOR STATION FINLAND                                  MIETOINEN SAARI                          (STAID:    705)
LATITUDE: dd:mm:ss +60:37:46
LONGITUDE: ddd:mm:ss +021:51:29
ELEVATION: m   13

DATA IS FOR INDEX Mean of daily mean temperature (TG) with unit 0.01 Temperature (&#176;C)

01-06 SOUID: Source identifier
08-11 YEAR : YYYY
13-20 ANNUAL DATA VALUES
21-28 WINTER HALF YEAR DATA VALUES
29-36 SUMMER HALF YEAR DATA VALUES
37-44 WINTER (DJF) DATA VALUES
45-52 SPRING (MAM) DATA VALUES
53-60 SUMMER (JJA) DATA VALUES
61-68 AUTUMN (SON) DATA VALUES
69-76 JANUARY DATA VALUES
etc. 
157-164 DECEMBER DATA VALUES

705    1959 587     -999999 1219    -999999 466     1670    551     -482    -171    33      448     917     1459    1825    1719    921     549     184     -405    
705    1960 469     -277    1199    -659    279     1611    490     -852    -723    -430    218     1046    1576    1731    1526    1071    371     31      16      
705    1961 620     24      1152    -115    462     1514    757     -359    10      76      331     975     1640    1530    1377    1046    941     280     -435    
705    1962 407     -124    1012    -413    143     1305    605     -367    -438    -742    364     813     1194    1439    1278    964     710     138     -515    
705    1963 433     -381    1240    -796    231     1565    647     -866    -1031   -770    216     1246    1400    1670    1618    1260    636     45      -327    
705    1964 481     -177    1096    -436    232     1463    593     -208    -795    -447    220     923     1365    1569    1451    1028    697     50      -144    
705    1965 428     -109    1102    -351    236     1421    502     -289    -648    -364    390     686     1462    1418    1383    1268    627     -393    -479    
705    1966 366     -505    1116    -998    199     1614    559     -1187   -1363   -315    0       907     1656    1757    1430    918     525     235     -297    
705    1967 486     -147    1142    -576    410     1497    806     -1011   -403    55      289     883     1315    1632    1540    1174    840     402     -926    
705    1968 415     -279    1149    -927    322     1561    423     -1275   -557    -155    416     707     1574    1535    1575    1073    278     -76     -131    
705    1969 404     -357    1190    -565    171     1651    536     -715    -880    -656    314     860     1565    1664    1720    991     615     -1      -711    
705    1970 400     -415    1145    -980    296     1585    474     -934    -1329   -204    114     971     1660    1588    1508    1008    488     -75     -129    
705    1971 506     -130    1128    -245    252     1535    457     -164    -464    -470    216     1010    1386    1681    1533    917     533     -80     -105    
705    1972 588     -143    1224    -356    310     1704    562     -616    -344    -256    223     959     1594    1910    1603    1025    523     139     253     
705    1973 514     100     1171    -29     412     1669    280     -65     -303    17      266     948     1605    1924    1476    776     298     -235    -611    
705    1974 628     -131    1138    -255    344     1482    668     -125    -4      -98     303     825     1458    1514    1474    1239    507     263     142     
705    1975 666     118     1243    -22     487     1559    692     -40     -185    -5      370     1091    1329    1743    1598    1307    548     226     -47     
705    1976 364     -187    1055    -470    243     1433    379     -875    -490    -490    179     1037    1262    1520    1510    789     245     107     -452    
705    1977 446     -249    1028    -571    289     1416    562     -478    -805    -151    138     875     1418    1397    1432    888     599     197     -254    
705    1978 360     -183    1057    -546    286     1432    551     -405    -1026   -279    133     999     1424    1493    1379    889     468     298     -1144   
705    1979 431     -368    1121    -960    344     1510    552     -819    -914    -128    178     977     1532    1468    1531    1019    433     209     -404    
705    1980 447     -303    1221    -648    251     1628    491     -714    -840    -520    473     808     1688    1719    1477    1149    526     -203    -239    
705    1981 441     -232    1111    -400    256     1452    567     -429    -545    -531    158     1136    1319    1640    1393    990     630     79      -622    
705    1982 515     -231    1108    -717    369     1496    671     -958    -553    16      254     832     1171    1652    1654    1056    526     436     23      
705    1983 559     6       1215    -237    452     1509    577     -75     -703    -225    495     1087    1347    1667    1508    1164    661     -98     -218    
705    1984 555     -155    1177    -365    419     1463    645     -437    -444    -409    401     1265    1416    1503    1469    985     767     179     -75     
705    1985 296     -351    1080    -976    253     1519    549     -1445   -1456   -170    62      859     1386    1571    1595    979     734     -71     -624    
705    1986 434     -303    1102    -816    396     1529    612     -744    -1109   -73     221     1035    1621    1637    1331    741     646     447     -649    
705    1987 282     -412    956     -1003   124     1286    581     -1666   -661    -583    223     735     1174    1495    1185    903     758     77      -309    
705    1988 540     -28     1235    -250    336     1656    483     -168    -274    -263    169     1097    1634    1905    1429    1148    535     -236    -531    
705    1989 661     18      1218    -130    575     1524    627     60      103     177     537     1009    1511    1635    1425    1178    575     129     -438    
705    1990 647     71      1174    -170    587     1532    472     -203    163     213     599     950     1434    1589    1569    884     563     -34     5       
705    1991 580     -29     1112    -244    372     1519    660     -216    -550    11      370     735     1180    1677    1689    996     625     359     -4      
705    1992 611     161     1201    -57     494     1563    405     -45     -128    147     189     1135    1619    1605    1467    1169    80      -24     92      
705    1993 523     -25     1091    -72     570     1381    305     -102    -221    6       386     1313    1155    1626    1355    678     446     -214    -223    
705    1994 499     -296    1173    -598    353     1552    554     -369    -1267   -239    491     810     1210    1887    1549    1066    553     43      108     
705    1995 576     79      1178    -64     423     1583    606     -253    -45     55      336     875     1642    1576    1533    1090    852     -134    -653    
705    1996 457     -282    1113    -695    273     1516    662     -485    -967    -344    272     891     1308    1453    1779    950     735     300     -472    
705    1997 586     -13     1244    -374    316     1795    487     -326    -319    -18     178     785     1634    1878    1867    1097    324     47      -181    
705    1998 514     -82     1120    -196    342     1420    485     -135    -280    -283    379     930     1339    1555    1362    1136    584     -269    -207    
705    1999 600     -188    1281    -454    406     1680    744     -555    -617    -105    508     817     1682    1832    1525    1309    674     251     -200    
705    2000 669     41      1168    -197    495     1478    784     -205    -186    -96     576     1007    1344    1601    1486    973     893     482     122     
705    2001 559     61      1253    -241    357     1648    692     -128    -768    -301    495     879     1405    1927    1604    1186    839     46      -575    
705    2002 568     -17     1359    -344    566     1789    290     -343    -91     13      532     1152    1618    1839    1903    1084    71      -278    -732    
705    2003 544     -413    1236    -751    383     1672    611     -893    -616    -45     258     931     1358    2050    1597    1190    354     297     -35     
705    2004 585     -69     1231    -318    488     1521    614     -577    -342    -117    558     1025    1279    1612    1664    1230    604     9       39      
705    2005 616     -48     1252    -137    299     1622    783     -91     -383    -496    455     944     1373    1886    1600    1231    758     360     -315    
705    2006 655     -123    1332    -434    280     1721    808     -368    -641    -568    361     1050    1470    1824    1860    1400    758     268     354     
705    2007 -999999 109     -999999 -210    548     -999999 -999999 -207    -836    231     465     1005    -999999 -999999 -999999 -999999 -999999 -999999 -999999 
