EUROPEAN CLIMATE ASSESSMENT & DATASET (ECA&D), file created on: 13-11-2019
THESE DATA CAN BE USED FOR NON-COMMERCIAL RESEARCH AND EDUCATION PROVIDED THAT THE FOLLOWING SOURCE IS ACKNOWLEDGED: 

Klein Tank, A.M.G. and Coauthors, 2002. Daily dataset of 20th-century surface
air temperature and precipitation series for the European Climate Assessment.
Int. J. of Climatol., 22, 1441-1453.
Data and metadata available at http://www.ecad.eu

FILE FORMAT (MISSING VALUE CODE = -999999):

THIS FILE HOLDS DATA FOR STATION FRANCE                                   RODEZ - AVEYRON                          (STAID:  11256)
LATITUDE: dd:mm:ss +44:24:37
LONGITUDE: ddd:mm:ss +002:28:57
ELEVATION: m  578

DATA IS FOR INDEX Mean of daily mean temperature (TG) with unit 0.01 Temperature (&#176;C)

01-06 SOUID: Source identifier
08-11 YEAR : YYYY
13-20 ANNUAL DATA VALUES
21-28 WINTER HALF YEAR DATA VALUES
29-36 SUMMER HALF YEAR DATA VALUES
37-44 WINTER (DJF) DATA VALUES
45-52 SPRING (MAM) DATA VALUES
53-60 SUMMER (JJA) DATA VALUES
61-68 AUTUMN (SON) DATA VALUES
69-76 JANUARY DATA VALUES
etc. 
157-164 DECEMBER DATA VALUES

11256  1972 958     -999999 1273    -999999 807     1559    1022    320     501     673     731     1015    1319    1728    1622    1203    1084    778     501     
11256  1973 954     532     1480    298     791     1766    1037    229     148     425     608     1335    1575    1732    1985    1622    911     582     235     
11256  1974 955     546     1366    380     857     1631    844     514     391     632     790     1146    1478    1678    1734    1353    563     624     512     
11256  1975 960     508     1409    515     732     1696    990     492     543     320     794     1083    1449    1777    1854    1481    951     539     213     
11256  1976 989     485     1461    287     860     1791    939     203     457     545     781     1251    1792    1855    1727    1343    1041    431     420     
11256  1977 992     601     1293    451     856     1528    1072    342     605     760     758     1046    1382    1639    1559    1359    1307    542     574     
11256  1978 954     614     1333    400     784     1590    1047    215     414     612     676     1060    1416    1665    1684    1487    1079    575     523     
11256  1979 1001    568     1423    371     836     1699    1107    187     408     622     675     1207    1607    1849    1638    1547    1229    541     455     
11256  1980 906     583     1354    400     764     1579    1030    138     621     514     712     1066    1349    1554    1827    1605    969     519     3       
11256  1981 985     440     1437    101     974     1660    1065    134     172     818     1000    1105    1538    1628    1809    1535    1065    597     363     
11256  1982 1085    601     1551    485     877     1828    1135    561     535     481     873     1276    1727    2066    1688    1660    1025    721     370     
11256  1983 1090    543     1584    287     855     1976    1214    367     106     629     847     1090    1696    2330    1894    1629    1157    859     404     
11256  1984 943     556     1349    297     690     1706    1105    280     202     420     922     735     1484    1922    1706    1315    1094    906     305     
11256  1985 969     477     1508    156     792     1748    1140    -358    560     378     941     1063    1476    1958    1802    1800    1318    296     370     
11256  1986 1035    476     1522    220     860     1818    1212    250     22      552     559     1460    1681    1937    1831    1640    1259    734     416     
11256  1987 1022    491     1549    156     867     1758    1241    -257    324     460     1087    1061    1468    1873    1923    1878    1268    577     563     
11256  1988 1089    649     1539    511     961     1767    1185    585     377     504     1026    1356    1582    1801    1912    1542    1367    639     342     
11256  1989 1181    689     1597    405     1055    1897    1212    381     501     883     720     1550    1615    2063    2005    1603    1213    820     756     
11256  1990 1138    812     1589    670     1043    1876    1179    441     829     818     785     1517    1577    2019    2023    1584    1325    623     90      
11256  1991 1056    581     1545    210     891     1889    1125    301     243     875     735     1058    1489    1993    2172    1803    968     610     362     
11256  1992 1073    532     1553    313     1019    1805    1083    175     410     662     923     1469    1492    1861    2051    1499    911     843     547     
11256  1993 1074    636     1520    454     1008    1782    1016    442     356     666     932     1389    1681    1741    1921    1418    1072    557     519     
11256  1994 1178    640     1617    435     1022    2010    1219    317     473     880     742     1435    1681    2195    2142    1473    1220    964     549     
11256  1995 1127    706     1556    490     963     1896    1163    299     636     566     964     1359    1578    2155    1943    1312    1491    674     504     
11256  1996 1040    695     1474    470     923     1793    968     680     211     582     963     1227    1729    1888    1760    1264    1065    572     501     
11256  1997 1170    685     1586    528     1108    1807    1237    430     666     870     997     1455    1567    1748    2096    1635    1261    814     461     
11256  1998 1068    735     1534    534     976     1805    992     498     656     713     799     1410    1636    1863    1909    1566    1032    378     317     
11256  1999 1082    520     1613    328     1049    1837    1102    424     235     705     915     1523    1581    1987    1935    1719    1150    437     307     
11256  2000 1103    552     1561    348     1002    1803    1132    197     552     664     930     1410    1724    1687    1997    1607    1090    700     665     
11256  2001 1066    716     1500    514     1042    1833    1078    465     400     948     799     1370    1652    1867    1973    1315    1477    428     33      
11256  2002 1107    625     1472    326     986     1762    1141    420     547     831     946     1181    1775    1778    1734    1412    1200    808     619     
11256  2003 1185    636     1792    319     1086    2225    1152    130     195     825     1045    1386    2199    2070    2406    1629    998     834     442     
11256  2004 1066    584     1551    373     864     1871    1168    318     359     549     837     1205    1793    1944    1875    1642    1358    500     387     
11256  2005 1042    524     1594    228     960     1894    1199    237     40      575     930     1373    1924    1965    1795    1565    1429    594     5       
11256  2006 1165    532     1661    151     1004    1948    1410    284     164     679     979     1354    1896    2283    1663    1781    1479    969     389     
11256  2007 1071    753     1546    476     1090    1729    984     446     606     623     1278    1375    1648    1754    1782    1430    1095    422     365     
11256  2008 1066    594     1526    497     960     1785    1055    504     631     545     914     1419    1672    1852    1827    1452    1139    571     251     
11256  2009 1133    519     1661    244     1054    1938    1255    197     289     646     959     1554    1723    1965    2120    1627    1231    907     325     
11256  2010 1011    557     1562    198     935     1877    1060    28      246     584     1066    1158    1632    2102    1890    1506    1076    597     199     
11256  2011 1186    566     1637    317     1173    1760    1352    285     484     746     1267    1510    1607    1712    1957    1761    1259    1040    565     
11256  2012 1108    654     1614    248     1059    1917    1241    354     -205    869     876     1426    1791    1820    2137    1616    1286    819     446     
11256  2013 1034    584     1509    245     838     1853    1174    144     135     638     896     982     1532    2111    1905    1610    1370    537     480     
11256  2014 1163    704     1546    519     1003    1776    1387    542     537     739     1074    1197    1848    1816    1667    1674    1459    1025    344     
11256  2015 1171    687     1677    284     1096    2038    1104    306     193     757     1133    1400    1885    2237    1988    1400    1083    830     762     
11256  2016 1127    724     1577    618     922     1851    1192    552     535     576     938     1253    1628    1952    1967    1709    1115    755     523     
11256  2017 1122    667     1629    413     1106    1988    1062    76      663     872     972     1468    1984    1975    2003    1352    1287    538     240     
11256  2018 -999999 584     -999999 338     1053    -999999 1315    647     105     636     1175    1352    -999999 -999999 -999999 1778    1298    868     559     
