EUROPEAN CLIMATE ASSESSMENT & DATASET (ECA&D), file created on: 13-11-2019
THESE DATA CAN BE USED FOR NON-COMMERCIAL RESEARCH AND EDUCATION PROVIDED THAT THE FOLLOWING SOURCE IS ACKNOWLEDGED: 

Klein Tank, A.M.G. and Coauthors, 2002. Daily dataset of 20th-century surface
air temperature and precipitation series for the European Climate Assessment.
Int. J. of Climatol., 22, 1441-1453.
Data and metadata available at http://www.ecad.eu

FILE FORMAT (MISSING VALUE CODE = -999999):

THIS FILE HOLDS DATA FOR STATION GERMANY                                  KARLSHULD                                (STAID:   4276)
LATITUDE: dd:mm:ss +48:40:39
LONGITUDE: ddd:mm:ss +011:17:51
ELEVATION: m  374

DATA IS FOR INDEX Mean of daily mean temperature (TG) with unit 0.01 Temperature (&#176;C)

01-06 SOUID: Source identifier
08-11 YEAR : YYYY
13-20 ANNUAL DATA VALUES
21-28 WINTER HALF YEAR DATA VALUES
29-36 SUMMER HALF YEAR DATA VALUES
37-44 WINTER (DJF) DATA VALUES
45-52 SPRING (MAM) DATA VALUES
53-60 SUMMER (JJA) DATA VALUES
61-68 AUTUMN (SON) DATA VALUES
69-76 JANUARY DATA VALUES
etc. 
157-164 DECEMBER DATA VALUES

4276   1950 817     -999999 1469    -999999 844     1820    733     -188    94      455     672     1400    1825    1916    1720    1258    599     347     -340    
4276   1951 809     146     1393    -121    740     1669    821     -135    138     273     743     1205    1538    1734    1730    1392    596     483     -23     
4276   1952 777     177     1462    -113    858     1817    597     -139    -181    314     1007    1259    1625    1949    1872    1034    660     95      -208    
4276   1953 797     94      1415    -213    880     1650    778     -275    -152    417     918     1305    1556    1789    1603    1303    856     172     6       
4276   1954 728     118     1288    -270    731     1537    821     -450    -377    453     589     1146    1576    1471    1566    1367    840     255     224     
4276   1955 710     154     1309    -86     602     1613    718     -305    -188    67      674     1067    1527    1701    1609    1263    681     210     160     
4276   1956 647     45      1284    -310    709     1510    735     -3      -1139   291     609     1224    1336    1691    1497    1330    697     180     -42     
4276   1957 808     257     1315    -12     804     1648    768     -285    323     671     750     989     1691    1762    1493    1193    733     379     -26     
4276   1958 785     132     1400    -94     668     1647    869     -282    40      -50     584     1467    1483    1718    1735    1387    796     426     71      
4276   1959 817     260     1426    -72     907     1708    670     -137    -158    527     890     1302    1593    1874    1654    1227    595     192     168     
4276   1960 796     179     1354    -67     852     1617    834     -250    -124    475     767     1311    1660    1573    1618    1183    836     483     -5      
4276   1961 840     321     1424    10      914     1582    905     -257    321     550     1127    1070    1585    1539    1621    1603    889     223     -209    
4276   1962 669     147     1305    -105    640     1584    679     -57     -43     60      866     1001    1462    1594    1692    1202    685     150     -622    
4276   1963 640     -233    1411    -779    718     1656    904     -862    -860    60      901     1198    1595    1779    1591    1389    692     640     -530    
4276   1964 790     67      1475    -357    812     1735    831     -512    -8      134     926     1380    1720    1869    1615    1323    686     490     -155    
4276   1965 723     145     1286    -159    642     1573    669     65      -410    153     659     1117    1620    1610    1490    1210    622     177     283     
4276   1966 844     245     1388    115     856     1574    875     -397    497     307     998     1266    1671    1542    1511    1337    1117    163     113     
4276   1967 828     326     1379    54      799     1676    846     -98     159     483     668     1241    1473    1883    1666    1319    971     244     -130    
4276   1968 762     236     1352    -75     820     1595    783     -204    123     405     884     1175    1607    1601    1578    1260    856     230     -383    
4276   1969 749     95      1409    -264    788     1647    860     -152    -257    249     742     1371    1452    1846    1635    1386    770     426     -550    
4276   1970 762     63      1366    -334    626     1716    870     -336    -91     156     614     1107    1792    1706    1653    1311    805     495     -119    
4276   1971 769     123     1425    -210    792     1690    686     -501    13      47      903     1431    1441    1840    1781    1132    656     271     158     
4276   1972 716     209     1313    -58     816     1627    584     -337    9       489     784     1175    1485    1786    1606    1023    481     253     -183    
4276   1973 769     111     1390    -132    722     1692    738     -206    6       308     518     1334    1598    1686    1790    1390    631     197     -107    
4276   1974 851     296     1333    101     828     1603    695     178     237     618     745     1117    1424    1610    1769    1314    464     314     372     
4276   1975 827     307     1431    231     792     1665    804     264     40      364     710     1298    1476    1777    1737    1572    662     184     -211    
4276   1976 798     140     1408    -46     728     1731    819     116     -44     120     719     1344    1770    1916    1509    1171    869     415     -355    
4276   1977 843     294     1324    -60     817     1642    836     -112    325     630     601     1212    1603    1714    1608    1186    905     413     -3      
4276   1978 729     230     1280    -133    739     1535    745     -24     -398    430     687     1097    1485    1599    1521    1279    772     184     33      
4276   1979 795     154     1348    -183    793     1633    809     -555    -10     488     637     1248    1737    1619    1546    1289    785     353     354     
4276   1980 728     300     1283    82      682     1581    722     -315    216     406     538     1098    1509    1505    1725    1307    696     163     -128    
4276   1981 812     169     1407    -188    913     1659    887     -327    -99     686     804     1245    1618    1659    1697    1405    865     393     -259    
4276   1982 836     121     1459    -322    772     1769    935     -546    -143    402     610     1300    1694    1912    1697    1521    870     417     228     
4276   1983 848     325     1492    64      838     1847    764     286     -366    448     902     1167    1672    2104    1760    1327    827     135     -182    
4276   1984 748     122     1285    -151    641     1580    842     -46     -229    205     656     1064    1453    1633    1649    1239    891     394     26      
4276   1985 702     66      1402    -387    785     1644    683     -775    -415    239     767     1348    1424    1825    1677    1350    698     2       203     
4276   1986 768     73      1415    -187    852     1666    779     -57     -762    274     778     1501    1607    1677    1711    1194    833     308     35      
4276   1987 760     81      1399    -215    630     1625    949     -535    -138    -33     904     1027    1495    1768    1607    1589    872     388     137     
4276   1988 901     338     1459    155     875     1692    830     192     134     294     856     1475    1555    1766    1751    1329    975     182     259     
4276   1989 884     402     1423    179     945     1681    769     61      220     692     751     1386    1507    1811    1719    1344    860     101     93      
4276   1990 888     341     1408    131     929     1712    814     -80     409     664     698     1419    1561    1707    1864    1173    889     377     -62     
4276   1991 794     242     1405    -136    756     1755    815     26      -397    559     717     991     1500    1933    1824    1445    705     298     -167    
4276   1992 917     225     1545    -34     897     1888    854     -36     112     432     790     1466    1674    1922    2062    1329    732     506     -13     
4276   1993 871     256     1494    -16     985     1675    698     167     -223    326     1067    1565    1650    1669    1707    1289    757     45      342     
4276   1994 1021    375     1571    216     982     1953    930     235     54      772     791     1378    1779    2163    1913    1375    672     752     295     
4276   1995 873     382     1458    182     844     1767    818     -145    420     313     905     1317    1474    2060    1756    1209    1089    147     -105    
4276   1996 765     146     1406    -182    774     1712    833     -272    -167    164     862     1298    1762    1667    1707    1125    954     415     -367    
4276   1997 885     263     1486    -150    911     1801    798     -413    382     622     697     1407    1677    1763    1959    1392    718     286     101     
4276   1998 932     309     1536    116     959     1813    862     28      230     482     910     1484    1784    1800    1854    1366    1009    206     -13     
4276   1999 970     305     1623    0       1029    1831    964     107     -103    582     964     1539    1655    1984    1849    1733    917     242     93      
4276   2000 1004    361     1574    139     1058    1809    965     -68     409     572     1074    1528    1872    1623    1935    1402    1012    479     204     
4276   2001 880     426     1440    130     1013    1729    768     -26     220     647     764     1620    1535    1814    1831    1047    1078    169     -198    
4276   2002 1007    343     1549    64      976     1893    942     -102    539     585     896     1444    1937    1857    1885    1258    921     649     199     
4276   2003 906     329     1639    -48     971     2057    705     -22     -349    525     854     1530    2113    1945    2114    1255    522     343     -44     
4276   2004 862     209     1444    18      810     1719    910     -63     169     326     919     1189    1583    1769    1800    1389    983     357     -97     
4276   2005 844     218     1509    -107    895     1722    842     -3      -234    263     1003    1422    1815    1816    1538    1447    868     209     -87     
4276   2006 978     142     1643    -169    882     1929    1144    -283    -133    256     950     1441    1872    2321    1593    1665    1165    601     215     
4276   2007 981     565     1560    343     1107    1794    724     434     384     575     1234    1517    1835    1821    1726    1214    734     223     36      
4276   2008 912     341     1486    198     970     1778    713     239     326     484     869     1554    1812    1786    1739    1134    739     267     -25     
4276   2009 903     155     1589    -171    1018    1787    953     -429    -47     411     1191    1458    1600    1825    1931    1512    814     537     -17     
4276   2010 808     236     1457    -125    828     1819    805     -288    -62     412     905     1171    1724    2029    1701    1192    752     472     -366    
4276   2011 952     235     1563    -120    1047    1742    879     -43     67      519     1159    1465    1699    1637    1887    1520    830     288     340     
4276   2012 932     316     1564    29      1027    1858    900     133     -416    673     892     1511    1753    1875    1941    1393    823     486     54      
4276   2013 888     242     1503    -15     758     1845    920     16      -124    172     913     1194    1639    2063    1825    1363    963     432     132     
4276   2014 1026    444     1532    186     1016    1788    1045    141     295     684     1076    1289    1762    1934    1665    1456    1123    554     279     
4276   2015 998     428     1584    111     937     2005    891     144     -110    530     894     1386    1744    2142    2121    1189    839     648     355     
4276   2016 948     444     1567    250     882     1843    924     25      377     422     861     1360    1733    1939    1854    1642    806     327     18      
4276   2017 942     265     1540    -95     977     1926    890     -526    255     710     766     1448    1926    1930    1921    1228    1014    423     165     
4276   2018 1065    357     1741    124     1097    1976    991     397     -224    312     1308    1677    1850    2007    2068    1518    1003    453     310     
4276   2019 -999999 441     1598    172     947     1984    -999999 -3      214     647     1055    1142    2028    2005    1920    1427    1043    -999999 -999999 
