EUROPEAN CLIMATE ASSESSMENT & DATASET (ECA&D), file created on: 13-11-2019
THESE DATA CAN BE USED FOR NON-COMMERCIAL RESEARCH AND EDUCATION PROVIDED THAT THE FOLLOWING SOURCE IS ACKNOWLEDGED: 

Klein Tank, A.M.G. and Coauthors, 2002. Daily dataset of 20th-century surface
air temperature and precipitation series for the European Climate Assessment.
Int. J. of Climatol., 22, 1441-1453.
Data and metadata available at http://www.ecad.eu

FILE FORMAT (MISSING VALUE CODE = -999999):

THIS FILE HOLDS DATA FOR STATION GERMANY                                  HILGENROTH                               (STAID:   4224)
LATITUDE: dd:mm:ss +50:44:17
LONGITUDE: ddd:mm:ss +007:39:12
ELEVATION: m  295

DATA IS FOR INDEX Mean of daily mean temperature (TG) with unit 0.01 Temperature (&#176;C)

01-06 SOUID: Source identifier
08-11 YEAR : YYYY
13-20 ANNUAL DATA VALUES
21-28 WINTER HALF YEAR DATA VALUES
29-36 SUMMER HALF YEAR DATA VALUES
37-44 WINTER (DJF) DATA VALUES
45-52 SPRING (MAM) DATA VALUES
53-60 SUMMER (JJA) DATA VALUES
61-68 AUTUMN (SON) DATA VALUES
69-76 JANUARY DATA VALUES
etc. 
157-164 DECEMBER DATA VALUES

4224   1937 872     -999999 1403    -999999 835     1625    876     144     306     282     790     1433    1579    1649    1646    1301    961     362     -20     
4224   1938 855     404     1287    115     754     1606    974     225     144     727     468     1058    1550    1600    1665    1363    828     734     -150    
4224   1939 849     359     1366    114     723     1647    869     311     189     237     860     1076    1622    1629    1688    1307    668     639     -72     
4224   1940 694     112     1297    -351    812     1503    850     -800    -168    402     805     1228    1581    1519    1412    1225    775     553     -210    
4224   1941 763     215     1269    -176    646     1615    805     -370    77      464     616     858     1616    1813    1416    1285    820     309     207     
4224   1942 768     93      1361    -312    781     1549    1014    -671    -489    332     841     1172    1401    1531    1712    1500    1159    379     258     
4224   1943 890     464     1387    209     941     1587    884     62      317     590     951     1283    1329    1728    1695    1321    1010    317     35      
4224   1944 825     294     1361    96      726     1632    834     351     -110    138     902     1143    1328    1635    1923    1217    850     436     51      
4224   1945 -999999 -999999 -999999 -999999 -999999 -999999 -999999 -999999 -999999 -999999 -999999 -999999 -999999 -999999 -999999 -999999 -999999 -999999 -999999 
4224   1946 -999999 -999999 -999999 -999999 -999999 -999999 -999999 -999999 -999999 -999999 -999999 -999999 -999999 -999999 -999999 -999999 -999999 -999999 -999999 
4224   1947 919     -999999 1631    -999999 914     1893    1043    -308    -525    364     957     1423    1783    1892    2002    1717    877     541     210     
4224   1948 935     482     1406    259     1006    1577    892     408     153     682     968     1366    1532    1601    1597    1357    859     461     208     
4224   1949 937     376     1456    209     849     1597    1054    203     216     297     1079    1177    1378    1743    1664    1688    1090    383     279     
4224   1950 875     451     1422    223     856     1739    855     -2      410     541     671     1349    1730    1774    1712    1277    825     465     -273    
4224   1951 928     320     1390    96      767     1632    1016    285     294     325     712     1261    1532    1704    1658    1458    869     727     270     
4224   1952 857     401     1446    106     955     1739    699     35      8       482     1111    1275    1536    1903    1771    1061    783     251     27      
4224   1953 928     271     1420    -1      956     1615    1012    -58     31      568     967     1333    1560    1688    1596    1364    1131    537     359     
4224   1954 820     376     1286    5       828     1480    960     -238    -118    544     657     1276    1524    1381    1538    1328    1035    514     329     
4224   1955 791     300     1345    44      634     1638    850     -103    -110    105     780     1021    1500    1728    1682    1344    784     425     279     
4224   1956 720     193     1250    -170    764     1415    851     35      -870    442     577     1268    1253    1616    1371    1396    834     324     308     
4224   1957 903     465     1324    271     879     1632    884     89      432     794     834     1009    1659    1757    1480    1196    941     515     98      
4224   1958 856     318     1368    135     638     1608    961     53      268     36      576     1301    1460    1664    1696    1493    930     461     298     
4224   1959 1000    444     1547    173     1032    1809    953     36      186     731     1032    1332    1663    2000    1760    1482    965     410     343     
4224   1960 901     440     1355    218     926     1555    972     97      212     595     865     1317    1602    1510    1553    1274    977     665     125     
4224   1961 941     505     1401    229     932     1525    1077    28      566     677     1082    1042    1536    1462    1576    1712    1101    418     88      
4224   1962 748     329     1260    129     607     1499    843     216     79      47      812     968     1441    1494    1559    1279    970     275     -201    
4224   1963 755     77      1388    -407    850     1594    978     -631    -388    398     976     1181    1517    1729    1533    1381    797     763     -250    
4224   1964 861     266     1450    -58     822     1683    868     -124    218     204     868     1397    1653    1800    1595    1372    700     537     100     
4224   1965 799     300     1280    56      755     1512    782     149     -95     380     694     1191    1586    1470    1482    1248    875     219     326     
4224   1966 888     359     1390    236     872     1571    890     -178    594     339     945     1335    1641    1498    1576    1337    1121    205     234     
4224   1967 898     446     1357    251     834     1626    939     161     370     572     693     1231    1462    1819    1591    1328    1102    382     28      
4224   1968 846     354     1373    43      852     1597    942     -19     125     493     970     1097    1530    1642    1617    1375    1069    379     -141    
4224   1969 855     282     1430    -17     799     1680    1002    228     -152    268     791     1340    1499    1860    1676    1394    1089    522     -325    
4224   1970 801     221     1327    -154    635     1616    959     -75     -51     153     531     1218    1673    1499    1678    1350    918     611     59      
4224   1971 871     326     1407    91      824     1616    835     42      182     137     877     1460    1345    1778    1715    1242    934     327     362     
4224   1972 806     403     1263    196     789     1559    743     -93     328     554     713     1098    1382    1753    1537    1073    737     420     146     
4224   1973 855     316     1413    100     738     1742    865     68      83      422     531     1254    1687    1691    1846    1450    781     367     30      
4224   1974 894     421     1310    260     856     1530    753     399     363     581     865     1121    1422    1482    1681    1274    500     493     512     
4224   1975 916     441     1441    423     744     1760    870     494     246     384     702     1145    1488    1825    1958    1506    735     372     89      
4224   1976 906     296     1476    147     750     1842    930     216     137     219     728     1302    1833    2015    1676    1285    1013    488     -73     
4224   1977 882     431     1268    134     803     1554    908     127     371     657     572     1174    1476    1626    1557    1183    1046    491     256     
4224   1978 780     390     1242    90      786     1458    821     72      -74     505     694     1155    1438    1494    1442    1215    902     344     113     
4224   1979 768     193     1281    -160    733     1517    869     -464    -125    363     669     1166    1574    1542    1437    1288    974     342     388     
4224   1980 788     381     1286    180     745     1493    830     -167    329     414     660     1158    1387    1459    1631    1406    775     309     80      
4224   1981 825     304     1360    -15     954     1556    861     -82     -45     753     839     1267    1475    1583    1608    1374    752     460     -135    
4224   1982 890     237     1427    -68     764     1704    1027    -150    98      391     665     1233    1570    1879    1658    1539    908     639     200     
4224   1983 921     417     1470    160     788     1849    877     373     -120    453     879     1035    1646    2019    1875    1347    892     393     173     
4224   1984 831     333     1262    131     670     1548    949     138     80      308     700     1003    1382    1574    1684    1213    1035    598     224     
4224   1985 776     259     1354    -152    838     1527    803     -459    -227    350     802     1359    1315    1718    1540    1369    928     108     430     
4224   1986 837     253     1344    20      809     1651    912     61      -480    398     614     1409    1700    1678    1577    1067    1036    630     252     
4224   1987 773     257     1329    -76     663     1533    962     -490    20      83      984     931     1374    1664    1556    1456    965     463     240     
4224   1988 933     440     1398    301     869     1597    883     425     235     301     845     1460    1486    1620    1682    1277    989     378     456     
4224   1989 976     523     1435    329     967     1675    963     240     287     760     679     1453    1534    1791    1696    1439    1077    371     327     
4224   1990 950     560     1367    398     946     1636    883     285     601     699     740     1391    1456    1642    1804    1142    1065    438     97      
4224   1991 850     388     1354    22      793     1656    916     143     -196    726     708     941     1275    1900    1781    1500    863     387     90      
4224   1992 941     384     1483    174     941     1755    851     119     322     520     797     1501    1618    1823    1820    1315    659     584     191     
4224   1993 870     365     1412    152     996     1572    697     306     -62     476     1070    1445    1608    1590    1520    1225    790     72      327     
4224   1994 980     376     1466    234     915     1816    924     289     70      670     829     1243    1614    2103    1725    1260    749     770     371     
4224   1995 944     460     1485    307     828     1821    960     85      483     317     877     1293    1462    2070    1919    1262    1213    398     -89     
4224   1996 766     262     1322    -92     745     1597    827     -111    -76     218     936     1089    1534    1594    1661    1107    936     433     -154    
4224   1997 927     361     1434    20      887     1761    866     -219    477     703     678     1272    1565    1694    2017    1355    786     459     301     
4224   1998 918     473     1409    337     951     1602    801     279     442     569     847     1433    1616    1571    1620    1356    838     210     197     
4224   1999 978     389     1513    216     967     1698    993     351     89      614     890     1394    1503    1887    1697    1694    908     380     264     
4224   2000 996     448     1468    274     1023    1620    1018    178     386     568     1027    1474    1676    1440    1744    1440    981     636     389     
4224   2001 938     492     1431    281     896     1737    937     165     291     477     692     1514    1454    1872    1874    1146    1260    394     51      
4224   2002 991     501     1462    246     931     1756    950     153     565     587     847     1358    1744    1729    1795    1281    876     694     237     
4224   2003 992     422     1600    87      994     1965    902     40      -26     679     924     1377    1961    1896    2037    1385    629     702     230     
4224   2004 900     403     1414    194     866     1654    948     111     245     500     987     1115    1512    1668    1778    1415    1021    407     28      
4224   2005 944     373     1448    82      913     1658    1067    243     -38     539     968     1235    1661    1768    1545    1507    1198    490     142     
4224   2006 985     332     1537    17      775     1799    1238    -104    11      226     768     1329    1675    2227    1493    1715    1262    737     418     
4224   2007 1020    673     1478    460     1111    1645    -999999 494     469     638     1283    1416    1687    1647    1603    1223    871     -999999 185     
4224   2008 937     -999999 1430    322     904     1691    857     415     370     420     734     1553    1633    1733    1706    1195    866     510     80      
4224   2009 937     313     1512    12      1004    1683    1023    -176    145     440     1237    1341    1467    1767    1809    1437    852     787     105     
4224   2010 813     330     1406    -43     793     1758    865     -256    31      449     925     1010    1654    2011    1606    1218    867     509     -308    
4224   2011 999     343     1505    17      1083    1615    1027    155     226     605     1238    1411    1603    1531    1712    1534    979     570     377     
4224   2012 915     467     1410    159     986     1656    892     245     -166    757     787     1406    1463    1657    1842    1286    872     520     254     
4224   2013 880     290     1417    85      672     1737    955     35      -46     80      825     1116    1531    1950    1724    1338    1092    432     415     
4224   2014 1050    599     1469    427     1043    1658    1105    398     474     765     1134    1234    1573    1884    1513    1471    1169    675     276     
4224   2015 995     495     1456    200     875     1786    954     189     128     503     886     1235    1554    1897    1900    1242    853     771     716     
4224   2016 954     543     1505    418     845     1724    988     222     309     378     781     1372    1606    1795    1766    1698    839     432     231     
4224   2017 978     424     1459    149     997     1768    961     -170    412     798     727     1458    1788    1800    1715    1248    1117    513     282     
4224   2018 1071    428     1682    194     1063    1928    1040    419     -153    336     1256    1604    1753    2078    1947    1432    1079    607     399     
4224   2019 -999999 544     -999999 310     901     -999999 -999999 73      473     630     1021    1056    -999999 1888    1857    1367    1065    -999999 -999999 
