EUROPEAN CLIMATE ASSESSMENT & DATASET (ECA&D), file created on: 13-11-2019
THESE DATA CAN BE USED FOR NON-COMMERCIAL RESEARCH AND EDUCATION PROVIDED THAT THE FOLLOWING SOURCE IS ACKNOWLEDGED: 

Klein Tank, A.M.G. and Coauthors, 2002. Daily dataset of 20th-century surface
air temperature and precipitation series for the European Climate Assessment.
Int. J. of Climatol., 22, 1441-1453.
Data and metadata available at http://www.ecad.eu

FILE FORMAT (MISSING VALUE CODE = -999999):

THIS FILE HOLDS DATA FOR STATION SWEDEN                                   ULTUNA                                   (STAID:   5506)
LATITUDE: dd:mm:ss +59:48:36
LONGITUDE: ddd:mm:ss +017:39:59
ELEVATION: m   15

DATA IS FOR INDEX Mean of daily mean temperature (TG) with unit 0.01 Temperature (&#176;C)

01-06 SOUID: Source identifier
08-11 YEAR : YYYY
13-20 ANNUAL DATA VALUES
21-28 WINTER HALF YEAR DATA VALUES
29-36 SUMMER HALF YEAR DATA VALUES
37-44 WINTER (DJF) DATA VALUES
45-52 SPRING (MAM) DATA VALUES
53-60 SUMMER (JJA) DATA VALUES
61-68 AUTUMN (SON) DATA VALUES
69-76 JANUARY DATA VALUES
etc. 
157-164 DECEMBER DATA VALUES

5506   1840 498     -999999 1173    -999999 387     1521    533     -458    -305    -99     568     699     1458    1555    1549    1198    395     34      -606    
5506   1841 520     -294    1219    -720    559     1494    469     -849    -708    -75     487     1261    1428    1454    1598    1068    491     -152    97      
5506   1842 611     11      1221    -99     515     1587    409     -342    -48     12      356     1171    1404    1456    1895    1015    450     -239    141     
5506   1843 537     -82     1139    -164    198     1613    523     -166    -500    -226    163     658     1269    1687    1874    1159    296     123     24      
5506   1844 376     -294    1138    -571    365     1381    512     -625    -1148   -474    541     1032    1262    1398    1477    1101    558     -125    -547    
5506   1845 458     -301    1151    -560    139     1611    541     -140    -1038   -582    311     693     1507    1728    1594    1052    382     196     -306    
5506   1846 588     -98     1252    -456    425     1743    767     -503    -570    176     311     785     1441    1793    1985    1173    937     185     -748    
5506   1847 508     -143    1082    -639    217     1548    655     -507    -666    -101    18      726     1417    1527    1696    1084    452     436     -67     
5506   1848 517     -18     1175    -351    500     1499    467     -694    -287    47      422     1028    1449    1586    1460    1084    569     -256    -242    
5506   1849 447     -169    1089    -400    340     1433    445     -710    -234    -153    228     941     1252    1546    1495    1051    401     -116    -382    
5506   1850 449     -279    1155    -544    327     1573    369     -1034   -199    -357    310     1026    1496    1602    1606    923     337     -171    -94     
5506   1851 530     -135    1088    -203    269     1432    594     -246    -277    -374    434     752     1345    1544    1405    1036    694     49      -54     
5506   1852 525     -7      1235    -249    398     1674    329     -230    -478    -54     138     1101    1515    1849    1653    1121    150     -278    -235    
5506   1853 492     -339    1185    -385    105     1609    652     -139    -824    -755    63      1007    1620    1776    1431    1190    639     127     -325    
5506   1854 540     -76     1228    -458    530     1600    491     -608    -438    120     478     991     1379    1692    1721    1085    576     -189    -404    
5506   1855 414     -371    1199    -720    193     1702    567     -664    -1133   -448    265     766     1447    2032    1617    1038    615     46      -731    
5506   1856 406     -234    1062    -626    302     1407    423     -481    -669    -204    420     695     1435    1571    1217    1023    689     -451    -415    
5506   1857 563     -201    1129    -450    265     1551    688     -738    -170    -129    135     785     1270    1622    1752    1181    780     101     108     
5506   1858 564     15      1318    -241    392     1747    464     -333    -524    -94     289     978     1566    1862    1807    1382    491     -481    -297    
5506   1859 620     -78     1193    -170    387     1627    533     -105    -108    7       192     956     1607    1649    1623    1110    440     51      -999999 
5506   1860 416     -207    1129    -999999 268     1503    521     -323    -876    -316    385     737     1467    1595    1445    1134    432     2       -733    
5506   1861 526     -259    1165    -677    321     1687    539     -1014   -241    9       278     675     1598    1894    1565    961     729     -80     -115    
5506   1862 431     -248    1107    -570    328     1369    628     -849    -775    -466    348     1103    1283    1443    1377    1066    643     174     -302    
5506   1863 621     74      1137    -110    396     1464    693     0       -19     -58     392     853     1442    1415    1533    1172    707     199     -222    
5506   1864 388     -91     1018    -381    142     1428    339     -631    -284    -317    239     506     1505    1642    1140    1070    219     -268    -174    
5506   1865 -999999 -999999 -999999 -999999 -999999 -999999 -999999 -999999 -999999 -999999 -999999 -999999 -999999 -999999 -999999 -999999 -999999 -999999 -999999 
5506   1866 -999999 -999999 -999999 -999999 -999999 -999999 -999999 -999999 -999999 -999999 -999999 -999999 -999999 -999999 -999999 -999999 -999999 -999999 -999999 
5506   1867 -999999 -999999 -999999 -999999 -999999 -999999 -999999 -999999 -999999 -999999 -999999 -999999 -999999 -999999 -999999 -999999 -999999 -999999 -999999 
5506   1868 -999999 -999999 -999999 -999999 -999999 -999999 -999999 -999999 -999999 -999999 -999999 -999999 -999999 -999999 -999999 -999999 -999999 -999999 -999999 
5506   1869 475     -999999 1071    -999999 315     1357    441     -319    -148    -313    545     721     1181    1520    1365    1080    437     -194    -214    
5506   1870 422     -220    1152    -451    401     1464    504     -238    -949    -232    561     880     1339    1641    1408    1064    366     88      -958    
5506   1871 289     -398    934     -1018   266     1391    311     -693    -1442   168     17      606     990     1655    1516    789     461     -323    -430    
5506   1872 628     -113    1188    -243    436     1551    719     -48     -252    -100    396     1010    1464    1782    1403    1052    809     292     -312    
5506   1873 589     78      1147    -175    266     1598    586     119     -350    -127    255     670     1479    1785    1525    1153    502     106     -120    
5506   1874 526     49      1077    -64     283     1467    606     77      -159    -132    382     603     1407    1662    1328    1065    774     -28     -711    
5506   1875 333     -359    1118    -843    225     1532    336     -1082   -734    -422    111     982     1466    1590    1537    997     312     -301    -576    
5506   1876 390     -311    1123    -536    197     1608    391     -521    -510    -285    339     543     1612    1684    1528    1019    515     -366    -905    
5506   1877 350     -473    911     -785    -86     1440    517     -649    -801    -657    -144    541     1428    1576    1315    725     399     432     -48     
5506   1878 529     10      1137    -198    394     1412    666     -391    -152    -184    477     892     1331    1386    1516    1206    741     50      -554    
5506   1879 381     -266    1110    -656    165     1500    484     -653    -773    -447    101     839     1395    1507    1595    1200    498     -246    -528    
5506   1880 473     -135    1208    -356    433     1561    290     -382    -146    -10     456     854     1346    1616    1715    1243    -157    -202    -663    
5506   1881 304     -628    1002    -866    -26     1395    475     -940    -1010   -819    -26     766     1296    1542    1345    1031    295     106     -36     
5506   1882 562     57      1184    -61     462     1549    495     41      -202    118     325     937     1319    1658    1662    1177    535     -229    -660    
5506   1883 482     -300    1115    -500    172     1491    620     -537    -281    -624    239     903     1413    1621    1437    1054    512     299     -289    
5506   1884 470     -7      1058    -289    320     1358    538     -330    -244    5       232     722     1153    1569    1345    1309    587     -284    -446    
5506   1885 411     -188    987     -434    293     1331    382     -624    -211    -156    379     658     1242    1525    1224    882     348     -82     -290    
5506   1886 501     -226    1162    -427    339     1486    646     -503    -494    -356    462     914     1366    1595    1492    1126    481     336     -464    
5506   1887 519     10      1140    -239    415     1466    414     -169    -69     -54     386     913     1312    1636    1444    1128    251     -131    -456    
5506   1888 254     -515    943     -692    -161    1331    368     -525    -1121   -1134   -97     750     1190    1455    1343    995     296     -185    19      
5506   1889 499     -228    1143    -321    282     1523    588     -224    -804    -525    227     1142    1647    1477    1449    897     716     147     -259    
5506   1890 567     65      1169    -167    522     1424    552     -21     -228    12      438     1114    1326    1458    1486    1174    409     77      -494    
5506   1891 492     -206    1077    -423    221     1418    606     -683    -56     -468    248     883     1168    1726    1353    1056    771     -14     -114    
5506   1892 395     -178    1070    -527    287     1385    588     -755    -726    -263    302     823     1245    1450    1457    1124    474     170     -587    
5506   1893 387     -361    1075    -899    309     1485    465     -928    -1212   -150    357     723     1373    1593    1484    898     635     -144    -106    
5506   1894 592     45      1133    -174    598     1492    441     -220    -197    272     624     898     1326    1683    1463    785     245     301     -126    
5506   1895 432     -291    1184    -631    392     1479    528     -778    -1026   -415    439     1152    1449    1511    1478    1058    454     76      -307    
5506   1896 561     -53     1182    -273    375     1620    505     -382    -120    -37     350     811     1688    1795    1377    1054    625     -167    -280    
5506   1897 544     -200    1243    -483    395     1657    529     -598    -580    -234    413     1005    1530    1742    1695    1048    533     7       -115    
5506   1898 507     -27     1032    -159    243     1391    551     -66     -310    -238    96      865     1341    1415    1415    1042    452     161     -144    
5506   1899 440     -154    1061    -364    181     1441    602     -571    -377    -453    282     716     1103    1887    1321    1031    488     290     -489    
5506   1900 444     -249    1105    -636    191     1544    578     -466    -988    -383    239     717     1424    1617    1587    1024    603     106     -263    
5506   1901 530     -205    1327    -547    365     1769    611     -550    -857    -319    390     1024    1549    2034    1717    1223    936     -337    -555    
5506   1902 289     -202    865     -492    77      1237    381     -290    -647    -364    -21     612     1148    1297    1263    870     330     -56     -735    
5506   1903 528     -115    1085    -444    495     1405    447     -549    -5      337     246     895     1267    1559    1384    1141    347     -142    -175    
5506   1904 432     -166    1053    -295    262     1387    439     -122    -607    -323    393     720     1247    1519    1390    1032    535     -254    -389    
5506   1905 533     -132    1145    -368    406     1541    441     -451    -254    6       181     1022    1609    1642    1374    1020    254     56      -118    
5506   1906 563     -89     1173    -179    427     1483    603     -189    -237    -312    501     1093    1363    1627    1456    974     553     284     -404    
5506   1907 472     -96     1011    -464    321     1350    707     -582    -400    -45     273     732     1322    1470    1257    996     938     179     -538    
5506   1908 482     -77     1094    -406    251     1473    473     -357    -316    -378    277     856     1320    1584    1512    994     661     -243    -158    
5506   1909 425     -146    1002    -341    108     1448    515     -212    -688    -292    74      540     1287    1548    1504    1038    915     -421    -288    
5506   1910 585     -10     1148    -252    551     1432    529     -362    -92     164     505     983     1470    1478    1350    1088    537     -38     -105    
5506   1911 602     -28     1201    -217    470     1525    579     -274    -278    -35     409     1034    1281    1553    1732    1173    398     173     -8      
5506   1912 499     -97     1110    -449    406     1592    408     -783    -563    183     271     760     1398    1815    1556    833     388     3       74      
5506   1913 604     19      1180    -155    563     1482    676     -423    -112    173     514     1001    1334    1619    1487    1105    582     343     -417    
5506   1914 665     0       1302    -272    483     1695    534     -465    103     -127    679     904     1414    2102    1559    1132    485     -14     173     
5506   1915 350     -113    1058    -240    239     1424    354     -591    -308    -436    401     756     1229    1616    1420    908     250     -91     -980    
5506   1916 497     -307    1063    -550    311     1392    557     -326    -331    -355    489     804     1199    1686    1285    894     412     370     -180    
5506   1917 432     -308    1205    -634    99      1666    651     -1024   -707    -738    99      936     1786    1528    1688    1175    623     157     -402    
5506   1918 529     -108    1126    -485    439     1470    638     -761    -271    -1      371     946     1223    1694    1486    1011    701     200     -302    
5506   1919 443     -100    1158    -406    337     1480    426     -255    -690    -299    315     993     1326    1756    1352    1186    444     -351    -543    
5506   1920 630     -93     1214    -340    660     1493    605     -448    -8      344     564     1069    1326    1687    1463    1155    479     185     -273    
5506   1921 597     21      1215    -305    758     1439    455     -325    -319    350     683     1241    1329    1485    1501    1035    586     -260    -221    
5506   1922 444     -214    1103    -482    348     1458    425     -705    -524    -192    192     1039    1397    1561    1415    989     354     -66     -201    
5506   1923 440     -132    1027    -356    323     1376    504     -179    -725    -33     206     794     1030    1721    1366    1020    609     -122    -510    
5506   1924 521     -308    1158    -608    177     1535    732     -521    -807    -522    110     940     1297    1694    1606    1278    726     191     203     
5506   1925 538     124     1255    53      415     1639    325     -14     -39     -339    564     1026    1404    1954    1551    1007    309     -341    -661    
5506   1926 490     -315    1180    -625    403     1589    510     -539    -681    -16     390     834     1360    1810    1589    1075    239     227     -485    
5506   1927 508     -60     1141    -334    351     1626    445     -272    -236    162     305     585     1277    1924    1665    1067    432     -163    -707    
5506   1928 469     -242    1018    -492    296     1302    587     -418    -342    -257    379     770     1049    1471    1377    1040    550     172     -195    
5506   1929 514     -163    1074    -583    365     1415    693     -535    -1067   19      78      989     1251    1550    1437    1112    662     305     231     
5506   1930 686     204     1237    47      568     1630    565     149     -271    103     522     1079    1544    1738    1606    908     660     124     -10     
5506   1931 454     -112    1080    -305    235     1471    505     -461    -460    -553    206     1050    1228    1720    1457    789     412     316     -319    
5506   1932 601     -11     1159    -183    340     1534    538     42      -279    -247    364     904     1159    1838    1594    1066    402     150     174     
5506   1933 560     18      1201    -168    406     1640    572     -250    -455    48      362     805     1461    1882    1571    1103    658     -48     -495    
5506   1934 749     14      1306    -197    575     1568    799     -19     -66     45      524     1154    1417    1626    1655    1445    726     229     188     
5506   1935 604     84      1167    -142    379     1578    691     -386    -237    -42     458     725     1567    1661    1505    1076    629     372     -130    
5506   1936 626     -2      1267    -352    437     1764    537     -305    -641    33      321     952     1792    1884    1616    1014    361     241     195     
5506   1937 649     -35     1396    -185    533     1751    738     -275    -505    -265    581     1286    1558    1865    1823    1236    821     153     -566    
5506   1938 742     93      1291    -280    595     1663    829     -274    29      391     465     924     1426    1770    1785    1355    723     412     -155    
5506   1939 635     140     1277    -98     456     1723    540     -253    136     -14     458     924     1504    1755    1904    1091    312     224     -450    
5506   1940 393     -428    1187    -821    225     1593    550     -855    -1181   -647    257     1067    1561    1777    1440    997     505     148     -416    
5506   1941 368     -362    1156    -837    183     1659    456     -1270   -824    -347    131     762     1435    1986    1549    1046    371     -45     -455    
5506   1942 354     -564    1136    -986    137     1489    645     -1276   -1254   -777    408     788     1274    1602    1585    1143    675     114     -139    
5506   1943 717     96      1300    -182    711     1604    690     -490    112     308     706     1118    1573    1694    1543    1153    830     82      -69     
5506   1944 618     38      1193    -194    302     1662    661     -284    -230    -115    236     783     1295    1849    1831    1137    683     162     27      
5506   1945 605     78      1233    -181    536     1636    525     -399    -171    147     521     939     1346    1834    1718    1014    515     46      -313    
5506   1946 582     -139    1260    -416    458     1591    610     -368    -583    -168    593     954     1403    1815    1549    1230    438     169     -127    
5506   1947 516     -280    1364    -585    366     1716    611     -461    -1229   -547    449     1198    1661    1792    1692    1371    562     -97     -321    
5506   1948 618     -106    1240    -437    618     1540    557     -630    -354    190     653     1013    1416    1735    1464    1145    496     33      222     
5506   1949 717     113     1276    62      572     1482    814     -71     33      -46     550     1211    1314    1672    1456    1438    660     350     0       
5506   1950 608     38      1256    -298    579     1572    649     -643    -245    90      563     1083    1527    1561    1625    1158    686     102     -270    
5506   1951 613     -102    1219    -327    262     1593    777     -500    -197    -439    459     771     1431    1618    1725    1292    740     299     111     
5506   1952 475     36      1117    -159    397     1435    363     -279    -320    -349    681     867     1326    1568    1406    838     412     -162    -316    
5506   1953 686     -106    1250    -396    621     1608    740     -389    -490    273     605     984     1642    1653    1529    1074    869     272     129     
5506   1954 530     -8      1157    -412    456     1485    582     -604    -799    18      258     1084    1376    1573    1502    1128    559     59      103     
5506   1955 484     -120    1169    -307    118     1627    670     -452    -601    -426    108     672     1206    1839    1823    1339    547     128     -457    
5506   1956 396     -251    1054    -655    287     1379    435     -561    -966    -233    36      1050    1362    1493    1281    1081    555     -335    -86     
5506   1957 537     -91     1093    -141    253     1489    574     -106    -241    -357    298     818     1269    1715    1475    960     635     126     -204    
5506   1958 453     -207    1080    -467    160     1398    737     -473    -750    -618    247     855     1261    1525    1404    1167    756     288     -304    
5506   1959 669     36      1268    -364    592     1655    686     -617    -152    233     580     964     1394    1813    1749    1086    675     296     -53     
5506   1960 575     -61     1231    -396    446     1572    640     -502    -649    -157    421     1073    1607    1621    1489    1158    524     241     37      
5506   1961 673     119     1229    -132    603     1545    849     -430    11      324     555     929     1638    1566    1433    1246    1047    246     -521    
5506   1962 481     -46     1078    -363    266     1377    612     -247    -317    -501    476     830     1355    1437    1338    1017    737     77      -477    
5506   1963 518     -285    1269    -712    409     1575    697     -843    -829    -418    402     1243    1498    1647    1577    1222    677     174     -237    
5506   1964 593     -29     1211    -278    512     1477    630     -195    -410    -196    568     1165    1436    1579    1415    1087    654     148     -167    
5506   1965 488     -21     1131    -255    361     1420    540     -197    -415    -178    447     816     1451    1411    1398    1255    691     -331    -553    
5506   1966 479     -386    1195    -856    341     1653    592     -841    -1209   -152    112     1055    1751    1745    1466    1019    567     190     -81     
5506   1967 609     21      1217    -315    556     1575    784     -705    -144    291     480     896     1431    1728    1562    1188    794     371     -625    
5506   1968 529     -113    1247    -641    501     1620    516     -814    -475    63      660     785     1699    1572    1592    1167    471     -108    -306    
5506   1969 531     -254    1288    -471    288     1737    624     -379    -755    -484    425     927     1655    1778    1775    1147    716     5       -606    
5506   1970 460     -332    1194    -892    368     1620    555     -863    -1221   -115    222     993     1734    1552    1577    1068    641     -47     -148    
5506   1971 605     -26     1195    -161    393     1569    543     -162    -173    -280    306     1150    1460    1714    1529    982     649     -7      32      
5506   1972 660     -4      1240    -227    432     1697    634     -558    -150    2       351     939     1614    1928    1547    1040    626     237     312     
5506   1973 588     232     1174    81      544     1583    354     77      -171    275     319     1031    1378    1873    1493    924     353     -216    -352    
5506   1974 672     -17     1173    -88     470     1467    691     32      72      10      512     888     1424    1470    1505    1227    543     307     41      
5506   1975 725     137     1291    -25     493     1655    769     79      -214    35      367     1072    1378    1791    1788    1324    690     297     21      
5506   1976 506     -46     1173    -308    369     1567    523     -666    -276    -345    389     1065    1444    1654    1600    863     522     184     -380    
5506   1977 549     -73     1074    -405    431     1424    633     -275    -578    47      253     987     1447    1402    1426    910     737     248     -101    
5506   1978 471     -21     1096    -323    357     1476    619     -207    -697    -162    247     982     1513    1482    1435    896     550     413     -881    
5506   1979 491     -260    1186    -843    453     1541    590     -803    -847    -31     327     1059    1640    1475    1510    1085    459     230     -304    
5506   1980 490     -202    1220    -526    344     1575    498     -540    -748    -332    500     870     1625    1667    1434    1212    465     -182    -128    
5506   1981 509     -139    1196    -292    433     1489    581     -442    -307    -259    386     1169    1322    1670    1471    1135    569     40      -700    
5506   1982 592     -213    1200    -686    507     1550    740     -872    -465    130     407     981     1247    1742    1651    1147    674     402     -20     
5506   1983 646     86      1275    -168    482     1639    665     4       -524    -70     433     1082    1444    1775    1692    1200    709     84      -170    
5506   1984 639     -39     1224    -258    506     1502    729     -376    -226    -260    584     1197    1395    1548    1560    1036    835     312     30      
5506   1985 374     -198    1136    -745    353     1541    559     -1014   -1306   -138    180     1010    1434    1634    1552    980     731     -39     -665    
5506   1986 530     -241    1156    -749    539     1523    631     -583    -1025   67      276     1265    1611    1651    1310    799     651     442     -218    
5506   1987 399     -234    1056    -684    274     1352    642     -1333   -482    -469    460     839     1215    1570    1265    970     795     155     -247    
5506   1988 594     63      1261    -110    420     1603    498     11      -91     -252    336     1175    1564    1773    1470    1225    482     -212    -385    
5506   1989 741     109     1283    28      662     1585    674     256     231     280     519     1183    1510    1734    1508    1223    693     104     -381    
5506   1990 729     193     1218    -22     725     1523    547     0       351     404     653     1114    1440    1529    1596    953     630     55      -6      
5506   1991 645     69      1174    -153    499     1546    675     -122    -350    165     526     808     1193    1783    1649    1064    653     309     -18     
5506   1992 670     189     1243    -17     591     1601    483     7       -41     216     256     1289    1651    1632    1521    1083    248     126     25      
5506   1993 585     60      1116    -37     626     1374    405     -34     -109    89      523     1263    1189    1605    1322    765     475     -28     -100    
5506   1994 598     -137    1254    -423    495     1631    598     -312    -903    -27     620     895     1320    2000    1563    1104    529     164     106     
5506   1995 574     103     1202    -77     451     1625    598     -343    14      139     337     873     1538    1680    1655    1111    841     -167    -831    
5506   1996 499     -283    1163    -741    374     1582    634     -510    -890    -174    506     795     1436    1513    1791    918     759     219     -423    
5506   1997 670     64      1301    -259    465     1783    566     -272    -64     159     363     869     1561    1815    1964    1206    406     91      -112    
5506   1998 584     44      1139    -41     427     1412    521     -61     60      -117    387     1010    1283    1577    1373    1189    521     -148    -100    
5506   1999 706     -33     1354    -228    566     1683    850     -301    -290    92      674     937     1637    1895    1515    1457    716     382     -301    
5506   2000 750     113     1221    -190    655     1490    870     -154    -110    136     638     1189    1387    1576    1502    1010    998     600     190     
5506   2001 664     184     1307    -134    506     1670    759     -149    -476    -109    559     1069    1481    1905    1619    1188    885     201     -285    
5506   2002 692     137     1421    -153    672     1825    471     -232    82      171     645     1199    1664    1854    1952    1189    275     -45     -486    
5506   2003 676     -150    1332    -468    591     1732    654     -443    -475    243     413     1111    1523    1999    1666    1252    388     331     21      
5506   2004 679     43      1305    -186    608     1601    662     -419    -157    88      672     1066    1388    1635    1773    1277    666     44      89      
5506   2005 715     62      1314    -22     465     1633    833     67      -245    -276    634     1042    1433    1853    1606    1299    808     392     -102    
5506   2006 776     12      1440    -243    405     1843    907     -320    -313    -412    536     1095    1675    2005    1845    1462    873     389     403     
5506   2007 744     269     1351    -16     753     1688    652     -86     -404    378     785     1095    1638    1695    1729    1146    677     131     58      
5506   2008 779     229     1315    143     658     1650    674     154     220     130     688     1156    1608    1823    1518    1081    746     192     5       
5506   2009 691     76      1359    -181    677     1610    751     -221    -344    39      827     1169    1373    1756    1693    1317    452     494     -321    
5506   2010 513     -164    1350    -613    531     1750    517     -864    -660    -112    569     1136    1522    2065    1655    1124    531     -106    -788    
5506   2011 785     -192    1454    -553    706     1765    872     -287    -587    48      902     1175    1723    1884    1685    1343    765     512     165     
5506   2012 649     208     1250    -146    678     1557    710     -241    -378    395     457     1174    1336    1723    1606    1176    582     376     -461    
5506   2013 723     -73     1374    -360    507     1718    765     -399    -205    -327    456     1389    1628    1808    1714    1225    747     323     250     
5506   2014 810     280     1363    58      738     1708    846     -255    191     418     707     1088    1373    2049    1689    1245    857     435     -116    
5506   2015 792     268     1298    -16     671     1607    766     3       73      341     704     969     1407    1665    1744    1285    620     397     250     
5506   2016 742     154     1389    -123    705     1677    741     -564    -51     269     583     1259    1599    1813    1617    1447    662     118     125     
5506   2017 733     168     1277    -20     608     1613    745     -124    -67     269     449     1100    1508    1709    1619    1256    708     274     39      
5506   2018 811     43      1557    -159    675     1904    818     -119    -423    -257    668     1612    1685    2200    1820    1326    774     355     -6      
5506   2019 -999999 179     1372    -90     661     1735    -999999 -351    107     194     733     1057    1786    1683    1738    1221    619     -999999 -999999 
