EUROPEAN CLIMATE ASSESSMENT & DATASET (ECA&D), file created on: 13-11-2019
THESE DATA CAN BE USED FOR NON-COMMERCIAL RESEARCH AND EDUCATION PROVIDED THAT THE FOLLOWING SOURCE IS ACKNOWLEDGED: 

Klein Tank, A.M.G. and Coauthors, 2002. Daily dataset of 20th-century surface
air temperature and precipitation series for the European Climate Assessment.
Int. J. of Climatol., 22, 1441-1453.
Data and metadata available at http://www.ecad.eu

FILE FORMAT (MISSING VALUE CODE = -999999):

THIS FILE HOLDS DATA FOR STATION AUSTRIA                                  AIGEN IM ENNSTAL                         (STAID:   2016)
LATITUDE: dd:mm:ss +47:31:48
LONGITUDE: ddd:mm:ss +014:07:48
ELEVATION: m  638

DATA IS FOR INDEX Mean of daily mean temperature (TG) with unit 0.01 Temperature (&#176;C)

01-06 SOUID: Source identifier
08-11 YEAR : YYYY
13-20 ANNUAL DATA VALUES
21-28 WINTER HALF YEAR DATA VALUES
29-36 SUMMER HALF YEAR DATA VALUES
37-44 WINTER (DJF) DATA VALUES
45-52 SPRING (MAM) DATA VALUES
53-60 SUMMER (JJA) DATA VALUES
61-68 AUTUMN (SON) DATA VALUES
69-76 JANUARY DATA VALUES
etc. 
157-164 DECEMBER DATA VALUES

2016   1973 -999999 -999999 -999999 -999999 -999999 -999999 -999999 -999999 -128    191     467     1180    -999999 1565    1676    1372    604     -999999 -999999 
2016   1974 -999999 -999999 -999999 -999999 -999999 -999999 -999999 -999999 -999999 440     -999999 1028    -999999 1626    1742    1214    348     174     -78     
2016   1975 -999999 -999999 -999999 -999999 -999999 -999999 -999999 -999999 -999999 337     641     1265    -999999 1683    1652    1559    726     17      -298    
2016   1976 -999999 -999999 -999999 -999999 -999999 1540    -999999 12      72      121     653     1192    1520    1690    1393    1150    959     354     -548    
2016   1977 -999999 -999999 -999999 -999999 823     -999999 -999999 -308    -999999 642     650     1184    1581    1631    -999999 1175    876     -999999 -999999 
2016   1978 -999999 -999999 -999999 -999999 -999999 -999999 741     -999999 -999999 -999999 -999999 1048    -999999 1548    1476    1281    845     17      -262    
2016   1979 -999999 -999999 -999999 -999999 709     1548    -999999 -602    -26     393     591     1150    1609    1526    1514    1329    826     -999999 58      
2016   1980 -999999 -999999 -999999 -999999 -999999 -999999 -999999 -999999 12      385     492     963     1404    1509    1664    -999999 664     72      -482    
2016   1981 -999999 -999999 -999999 -999999 -999999 1564    -999999 -999999 -350    496     831     1208    1538    1530    1625    1352    837     192     -999999 
2016   1982 -999999 -999999 -999999 -999999 678     -999999 877     -564    -358    298     557     1157    1594    1810    1614    1512    825     295     -118    
2016   1983 737     186     1394    -168    802     1688    706     106     -527    422     850     1160    1475    1917    1657    1258    771     65      -415    
2016   1984 634     -51     1224    -386    540     1508    837     -391    -351    60      538     1055    1404    1583    1540    1214    909     349     -205    
2016   1985 713     79      1374    -378    768     1605    738     -742    -166    305     736     1261    1358    1795    1655    1397    790     -23     -47     
2016   1986 729     -10     1421    -359    835     1624    856     -407    -643    227     838     1441    1508    1641    1720    1329    901     318     -256    
2016   1987 -999999 65      -999999 -285    576     -999999 -999999 -512    -58     -37     802     1003    1499    1883    1655    1637    955     380     1       
2016   1988 808     201     1423    -82     740     1693    836     -83     -165    124     816     1283    1487    1835    1753    1353    1049    82      123     
2016   1989 -999999 -999999 1365    -999999 919     1602    795     -56     -999999 712     857     1177    1336    1761    1682    1331    876     178     -351    
2016   1990 -999999 -999999 -999999 -999999 920     1642    830     -643    203     648     735     1325    1542    1661    1709    1186    928     343     -345    
2016   1991 -999999 -999999 -999999 -999999 728     -999999 -999999 -294    -264    663     664     859     1514    1805    1777    1529    764     188     -448    
2016   1992 -999999 -999999 1500    -999999 845     1843    770     -225    156     418     787     1314    1617    1877    2025    1348    615     341     -302    
2016   1993 737     -999999 1365    -999999 771     1600    742     -107    -262    123     840     1327    1555    1575    1668    1210    845     120     -247    
2016   1994 874     187     1471    -185    875     1789    899     -138    -168    658     704     1252    1607    1887    1866    1429    638     613     -57     
2016   1995 724     175     1358    -116    715     1658    709     -435    176     155     776     1215    1394    1978    1595    1167    970     -20     -358    
2016   1996 645     -22     1319    -394    699     1616    722     -436    -387    61      757     1280    1655    1594    1600    1009    814     340     -574    
2016   1997 778     120     1344    -314    745     1644    804     -395    64      475     502     1250    1635    1601    1694    1368    725     321     55      
2016   1998 807     247     1421    58      760     1722    771     -126    265     247     812     1222    1670    1750    1743    1311    902     116     -240    
2016   1999 788     131     1437    -212    857     1638    845     -195    -199    392     828     1350    1521    1732    1658    1506    938     89      -209    
2016   2000 853     136     1478    -224    930     1702    959     -612    189     423     947     1420    1708    1581    1822    1388    1002    485     -119    
2016   2001 771     250     1370    -190    886     1670    812     -365    -76     548     658     1444    1420    1739    1843    1084    1132    208     -460    
2016   2002 869     197     1446    -247    891     1775    874     -538    312     542     735     1391    1791    1801    1733    1205    823     597     5       
2016   2003 812     218     1525    -199    856     1931    738     -214    -409    457     667     1438    1990    1846    1959    1224    573     423     -297    
2016   2004 765     91      1374    -226    716     1660    879     -388    23      220     848     1084    1528    1715    1732    1323    1015    295     -231    
2016   2005 765     139     1452    -270    852     1674    814     -245    -340    296     876     1385    1675    1785    1563    1413    907     118     -321    
2016   2006 -999999 -999999 -999999 -999999 -999999 -999999 -999999 -811    -999999 -999999 -999999 -999999 -999999 -999999 -999999 -999999 -999999 -999999 -999999 
