EUROPEAN CLIMATE ASSESSMENT & DATASET (ECA&D), file created on: 13-11-2019
THESE DATA CAN BE USED FOR NON-COMMERCIAL RESEARCH AND EDUCATION PROVIDED THAT THE FOLLOWING SOURCE IS ACKNOWLEDGED: 

Klein Tank, A.M.G. and Coauthors, 2002. Daily dataset of 20th-century surface
air temperature and precipitation series for the European Climate Assessment.
Int. J. of Climatol., 22, 1441-1453.
Data and metadata available at http://www.ecad.eu

FILE FORMAT (MISSING VALUE CODE = -999999):

THIS FILE HOLDS DATA FOR STATION NORWAY                                   KIRKENES LUFTHAVN                        (STAID:  18201)
LATITUDE: dd:mm:ss +69:43:32
LONGITUDE: ddd:mm:ss +029:53:52
ELEVATION: m   89

DATA IS FOR INDEX Mean of daily mean temperature (TG) with unit 0.01 Temperature (&#176;C)

01-06 SOUID: Source identifier
08-11 YEAR : YYYY
13-20 ANNUAL DATA VALUES
21-28 WINTER HALF YEAR DATA VALUES
29-36 SUMMER HALF YEAR DATA VALUES
37-44 WINTER (DJF) DATA VALUES
45-52 SPRING (MAM) DATA VALUES
53-60 SUMMER (JJA) DATA VALUES
61-68 AUTUMN (SON) DATA VALUES
69-76 JANUARY DATA VALUES
etc. 
157-164 DECEMBER DATA VALUES

18201  1957 -999999 -999999 752     -999999 -123    1143    -999999 -737    -803    -712    19      328     769     1411    1237    723     -999999 -999999 -999999 
18201  1958 -999999 -999999 -999999 -999999 -999999 -999999 -999999 -999999 -999999 -999999 -999999 -999999 -999999 -999999 -999999 -999999 -999999 -999999 -999999 
18201  1959 -999999 -999999 -999999 -999999 -999999 -999999 -999999 -999999 -999999 -999999 -999999 -999999 -999999 -999999 -999999 -999999 -999999 -999999 -999999 
18201  1960 -999999 -999999 -999999 -999999 -999999 -999999 -999999 -999999 -999999 -999999 -999999 -999999 -999999 -999999 -999999 -999999 -999999 -999999 -999999 
18201  1961 -999999 -999999 -999999 -999999 -999999 -999999 -999999 -999999 -999999 -999999 -999999 -999999 -999999 -999999 -999999 -999999 -999999 -999999 -999999 
18201  1962 -999999 -999999 -999999 -999999 -999999 -999999 -999999 -999999 -999999 -999999 -999999 -999999 -999999 -999999 -999999 -999999 -999999 -999999 -999999 
18201  1963 -999999 -999999 -999999 -999999 -999999 -999999 -999999 -999999 -999999 -999999 -999999 -999999 -999999 -999999 -999999 -999999 -999999 -999999 -999999 
18201  1964 -999999 -999999 -999999 -999999 -999999 -999999 10      -999999 -1258   -529    -999999 -999999 -999999 1380    1019    537     265     -782    -895    
18201  1965 -173    -755    526     -1035   -348    861     -66     -1188   -1021   -935    -169    66      785     886     911     665     -11     -854    -1260   
18201  1966 -260    -1183   545     -1575   -635    1074    -45     -1521   -1984   -1537   -486    124     968     1306    944     390     -277    -241    -924    
18201  1967 76      -647    760     -1011   -20     1148    271     -1242   -852    -351    -78     368     943     1274    1221    812     43      -35     -1240   
18201  1968 -190    -791    431     -1343   -361    846     -161    -1591   -1188   -737    -378    31      705     835     994     380     -406    -450    -504    
18201  1969 -145    -845    523     -1107   -390    943     74      -1286   -1575   -909    -357    98      652     1106    1061    557     153     -490    -854    
18201  1970 -19     -745    714     -1179   -261    1256    35      -1005   -1733   -628    -548    385     1076    1379    1306    652     155     -705    -705    
18201  1971 -201    -814    535     -1104   -409    950     -182    -1225   -1413   -1043   -406    223     625     1159    1056    523     -102    -968    -934    
18201  1972 141     -697    828     -874    -154    1427    -61     -713    -982    -509    -240    283     1298    1641    1337    623     75      -885    -305    
18201  1973 -64     -606    718     -708    -168    1220    -222    -747    -1109   -723    -121    341     995     1616    1043    409     -281    -791    -1470   
18201  1974 174     -724    794     -998    -51     1235    105     -765    -735    -305    -98     249     1027    1505    1167    895     24      -601    -350    
18201  1975 30      -506    609     -730    -2      869     153     -1004   -849    -294    -138    421     715     1045    843     753     -1      -289    -893    
18201  1976 -94     -749    652     -1145   -142    1034    -133    -1529   -1004   -780    -135    489     697     1267    1127    434     -101    -732    -902    
18201  1977 -58     -810    589     -1089   -276    1004    57      -1245   -1125   -785    -300    255     776     1213    1017    548     -96     -277    -749    
18201  1978 -180    -742    524     -1104   -238    836     -62     -1375   -1196   -790    -352    425     712     887     905     543     -72     -656    -1255   
18201  1979 -95     -923    612     -1368   -298    1040    2       -1619   -1215   -739    -449    290     799     1181    1133    692     -185    -495    -612    
18201  1980 -132    -801    642     -1055   -285    1007    -46     -1209   -1363   -970    -106    227     928     1012    1078    701     24      -867    -1085   
18201  1981 -162    -933    560     -1202   -429    952     99      -1240   -1290   -1174   -348    236     608     1262    976     600     140     -443    -1349   
18201  1982 -22     -712    570     -1107   -207    925     57      -1255   -675    -675    -200    255     477     1323    960     579     -3      -404    -690    
18201  1983 -30     -592    719     -869    -82     1061    7       -939    -989    -562    -3      322     912     1297    970     804     99      -886    -1444   
18201  1984 18      -793    -999999 -1088   -999999 1004    -9      -1238   -547    -728    -128    -999999 926     1065    1019    575     41      -645    -469    
18201  1985 -191    -845    605     -1308   -268    1055    120     -1741   -1756   -580    -360    133     802     1230    1126    679     127     -446    -1608   
18201  1986 -55     -775    599     -1327   -123    1054    119     -1236   -1118   -392    -296    312     1090    1072    1001    397     204     -247    -1507   
18201  1987 -150    -865    506     -1412   -347    825     192     -1375   -1348   -946    -323    229     664     1020    786     644     568     -650    -1159   
18201  1988 -60     -699    670     -1114   -301    1112    69      -1027   -1158   -795    -456    343     897     1365    1066    780     115     -688    -1202   
18201  1989 185     -584    864     -905    189     1208    151     -735    -763    -253    220     601     1188    1234    1203    724     21      -288    -983    
18201  1990 109     -581    723     -930    -27     1096    68      -1450   -296    -454    98      278     855     1226    1199    665     114     -576    -368    
18201  1991 45      -571    666     -712    -172    1047    80      -934    -849    -837    -4      330     869     1107    1160    511     138     -410    -599    
18201  1992 89      -377    672     -577    -28     990     -121    -599    -530    -271    -405    578     993     1036    942     868     -403    -819    -349    
18201  1993 -18     -595    539     -579    -180    919     -63     -715    -683    -619    -271    346     558     1091    1096    381     -150    -417    -886    
18201  1994 57      -700    735     -1041   -45     1122    28      -1350   -871    -533    110     293     771     1313    1269    633     -18     -528    -473    
18201  1995 12      -460    653     -627    -42     1013    -52     -721    -693    -352    -131    355     980     1054    1004    643     -50     -748    -1244   
18201  1996 38      -682    585     -936    -249    1056    129     -622    -942    -503    -329    84      703     1143    1310    571     220     -407    -818    
18201  1997 0       -590    655     -963    -234    1087    89      -1057   -1020   -494    -480    264     727     1189    1334    869     18      -618    -816    
18201  1998 -187    -836    533     -1183   -328    917     -151    -976    -1818   -892    -382    287     604     1100    1036    525     68      -1052   -885    
18201  1999 -30     -879    690     -1248   -208    1105    283     -1586   -1277   -583    -133    93      1077    1262    976     854     255     -259    -1108   
18201  2000 85      -584    696     -983    -124    1079    326     -871    -969    -565    -181    372     805     1295    1130    731     451     -208    -1015   
18201  2001 -5      -609    706     -964    -351    1126    69      -605    -1304   -1023   -286    257     982     1315    1077    873     -17     -648    -775    
18201  2002 -22     -675    721     -897    -67     1088    -113    -950    -975    -715    79      439     852     1333    1073    529     -72     -797    -1133   
18201  2003 52      -775    704     -1146   -7      1073    163     -1676   -575    -376    -104    455     687     1459    1060    639     90      -238    -836    
18201  2004 107     -595    806     -991    -39     1251    79      -955    -1194   -466    -51     399     826     1686    1227    717     107     -586    -496    
18201  2005 84      -565    684     -694    -240    1109    266     -813    -782    -841    -157    282     963     1201    1160    635     300     -138    -851    
18201  2006 37      -595    750     -957    -120    1109    -51     -875    -1166   -881    48      477     1017    1137    1169    633     -88     -697    -415    
18201  2007 71      -680    652     -1026   -18     1014    245     -1059   -1667   -253    -127    323     818     1015    1203    660     441     -440    -252    
18201  2008 36      -395    547     -553    -257    907     90      -645    -775    -730    -292    250     756     1089    870     591     154     -478    -391    
18201  2009 51      -538    679     -772    -96     979     209     -794    -1171   -610    -153    472     750     1033    1147    807     7       -182    -784    
18201  2010 7       -695    760     -1091   -7      1014    140     -1223   -1286   -742    133     594     833     1266    936     778     302     -666    -926    
18201  2011 164     -731    833     -1204   70      1131    403     -1128   -1598   -452    180     486     951     1303    1132    932     369     -92     -239    
18201  2012 10      -428    682     -815    9       974     197     -1021   -1209   -417    -108    548     798     1113    1005    716     166     -291    -1220   
18201  2013 186     -649    943     -933    -111    1343    213     -738    -830    -990    -94     752     1285    1389    1354    954     94      -406    -607    
18201  2014 97      -501    727     -795    -13     1114    123     -1338   -401    -336    -63     358     782     1313    1235    714     46      -390    -779    
18201  2015 166     -516    772     -870    152     1022    275     -1188   -617    -176    81      562     877     946     1237    907     174     -253    -588    
18201  2016 190     -534    902     -941    207     1206    257     -1561   -655    -320    108     829     994     1468    1149    841     309     -381    -525    
18201  2017 43      -430    626     -699    -182    1039    134     -754    -832    -435    -281    167     692     1328    1086    742     169     -510    -923    
18201  2018 144     -704    891     -1024   -73     1258    293     -1038   -1121   -846    -140    704     887     1665    1225    828     101     -43     -641    
18201  2019 -999999 -551    696     -921    -39     961     -999999 -1075   -1063   -621    154     355     781     1080    1015    779     -126    -999999 -999999 
