EUROPEAN CLIMATE ASSESSMENT & DATASET (ECA&D), file created on: 13-11-2019
THESE DATA CAN BE USED FOR NON-COMMERCIAL RESEARCH AND EDUCATION PROVIDED THAT THE FOLLOWING SOURCE IS ACKNOWLEDGED: 

Klein Tank, A.M.G. and Coauthors, 2002. Daily dataset of 20th-century surface
air temperature and precipitation series for the European Climate Assessment.
Int. J. of Climatol., 22, 1441-1453.
Data and metadata available at http://www.ecad.eu

FILE FORMAT (MISSING VALUE CODE = -999999):

THIS FILE HOLDS DATA FOR STATION SWEDEN                                   LUND                                     (STAID:    463)
LATITUDE: dd:mm:ss +55:42:00
LONGITUDE: ddd:mm:ss +013:12:00
ELEVATION: m   73

DATA IS FOR INDEX Mean of daily mean temperature (TG) with unit 0.01 Temperature (&#176;C)

01-06 SOUID: Source identifier
08-11 YEAR : YYYY
13-20 ANNUAL DATA VALUES
21-28 WINTER HALF YEAR DATA VALUES
29-36 SUMMER HALF YEAR DATA VALUES
37-44 WINTER (DJF) DATA VALUES
45-52 SPRING (MAM) DATA VALUES
53-60 SUMMER (JJA) DATA VALUES
61-68 AUTUMN (SON) DATA VALUES
69-76 JANUARY DATA VALUES
etc. 
157-164 DECEMBER DATA VALUES

463    1961 875     -999999 1354    -999999 804     1587    1023    -11     285     526     795     1090    1670    1565    1529    1470    1140    454     -41     
463    1962 707     286     1192    51      512     1439    862     144     49      -48     671     916     1390    1503    1424    1237    942     405     -180    
463    1963 686     -11     1328    -445    531     1641    965     -679    -479    -109    491     1210    1579    1706    1636    1330    906     663     -88     
463    1964 778     224     1336    -54     638     1571    882     15      -89     -66     746     1238    1553    1603    1557    1307    810     530     113     
463    1965 714     252     1228    13      538     1495    820     79      -171    118     593     903     1541    1424    1520    1380    932     145     48      
463    1966 748     148     1282    -147    576     1631    889     -304    -191    225     329     1167    1671    1696    1526    1287    964     413     125     
463    1967 859     343     1344    50      757     1623    1029    -117    151     509     592     1163    1428    1745    1691    1428    1105    551     7       
463    1968 798     294     1351    -85     698     1652    932     -185    -78     349     792     958     1678    1581    1698    1392    903     503     -36     
463    1969 752     176     1367    -107    516     1713    952     -64     -233    -46     546     1050    1599    1777    1759    1452    991     411     -286    
463    1970 696     66      1273    -339    478     1651    827     -323    -415    -15     364     1083    1721    1594    1641    1218    852     410     147     
463    1971 823     264     1326    95      624     1629    842     7       133     25      608     1239    1417    1754    1710    1206    922     394     407     
463    1972 799     303     1301    72      668     1649    821     -210    16      276     634     1091    1495    1821    1625    1116    805     543     348     
463    1973 815     401     1345    196     699     1714    739     57      181     457     497     1137    1631    1826    1682    1275    669     275     49      
463    1974 854     299     1304    168     718     1542    848     212     252     331     772     1053    1457    1516    1651    1363    664     523     414     
463    1975 919     407     1427    325     651     1786    931     424     116     280     540     1130    1504    1847    1998    1520    866     408     330     
463    1976 762     239     1343    78      529     1709    856     -71     -31     -78     549     1119    1546    1834    1743    1247    839     484     -62     
463    1977 811     263     1270    -31     649     1598    913     -37     9       328     446     1166    1602    1621    1573    1195    1005    534     233     
463    1978 768     318     1258    43      622     1584    929     86      -216    222     478     1161    1570    1551    1632    1139    939     709     -126    
463    1979 705     153     1276    -287    595     1566    824     -404    -336    108     501     1173    1638    1473    1591    1266    764     443     177     
463    1980 715     161     1296    -82     541     1590    819     -244    -184    -1      621     1005    1541    1654    1573    1371    784     305     132     
463    1981 750     226     1334    -1      713     1580    867     -166    35      252     596     1287    1464    1650    1623    1364    809     431     -390    
463    1982 850     115     1400    -310    726     1715    1024    -381    -143    350     685     1142    1478    1870    1788    1419    1018    636     262     
463    1983 871     438     1393    201     711     1731    880     413     -102    356     652     1125    1514    1858    1813    1378    920     340     110     
463    1984 838     262     1329    69      674     1613    953     98      -4      93      723     1206    1415    1644    1773    1188    1082    584     212     
463    1985 676     142     1286    -313    607     1592    796     -547    -636    94      474     1248    1448    1700    1623    1198    991     194     223     
463    1986 742     145     1280    -158    623     1609    895     -163    -573    129     474     1260    1532    1729    1564    1098    903     683     168     
463    1987 664     132     1198    -208    474     1436    912     -655    -130    -182    620     988     1277    1550    1476    1260    963     511     245     
463    1988 865     397     1399    256     682     1697    814     317     202     133     603     1308    1706    1754    1631    1377    818     246     253     
463    1989 963     456     1420    363     861     1686    950     418     426     565     705     1309    1605    1826    1625    1436    1004    407     192     
463    1990 970     521     1417    365     928     1700    869     376     543     603     838     1341    1640    1667    1790    1206    982     417     203     
463    1991 848     360     1322    101     701     1620    934     192     -114    436     677     989     1245    1832    1771    1397    902     504     264     
463    1992 921     428     1472    248     809     1822    802     201     281     407     632     1382    1830    1892    1745    1328    611     472     248     
463    1993 801     312     1305    169     831     1498    690     159     93      274     793     1426    1479    1530    1484    1103    714     253     250     
463    1994 921     294     1438    144     769     1769    931     265     -108    349     837     1123    1416    2072    1807    1348    814     634     408     
463    1995 864     424     1407    257     687     1777    936     7       367     315     664     1080    1528    1873    1922    1354    1153    295     -223    
463    1996 729     130     1302    -238    589     1634    882     -186    -310    26      781     966     1467    1569    1860    1151    990     501     -97     
463    1997 858     288     1424    -44     646     1842    857     -246    239     343     565     1026    1591    1837    2091    1411    741     422     236     
463    1998 843     394     1332    295     777     1525    817     191     475     309     730     1291    1491    1555    1529    1383    902     164     71      
463    1999 914     275     1457    69      765     1718    1029    166     -40     352     823     1122    1522    1893    1733    1635    928     528     241     
463    2000 958     435     1390    258     879     1583    1068    205     332     371     944     1325    1513    1607    1625    1316    1159    727     348     
463    2001 865     431     1396    192     671     1723    984     166     47      109     624     1277    1438    1926    1797    1286    1183    476     -14     
463    2002 938     445     1530    185     845     1864    855     196     391     431     754     1347    1668    1855    2063    1472    695     405     -61     
463    2003 874     177     1483    -119    761     1823    877     -64     -246    301     691     1289    1690    1925    1848    1434    589     619     335     
463    2004 849     295     1376    68      789     1613    921     -224    94      352     815     1200    1425    1569    1840    1390    934     437     328     
463    2005 876     337     1419    185     680     1693    992     249     -44     85      769     1190    1529    1894    1651    1468    1029    477     154     
463    2006 936     213     1513    -35     551     1879    1171    -203    -58     -139    601     1191    1680    2170    1781    1634    1193    684     624     
463    2007 964     620     1454    398     951     1726    866     418     127     630     930     1292    1738    1665    1775    1314    849     436     328     
463    2008 950     448     1438    353     803     1738    940     323     411     338     788     1283    1604    1880    1727    1326    941     553     210     
463    2009 892     338     1491    62      851     1742    948     3       -35     325     1001    1233    1465    1905    1847    1476    703     673     56      
463    2010 732     189     1415    -174    683     1792    795     -400    -177    258     743     1050    1516    2089    1761    1309    775     301     -498    
463    2011 910     110     1473    -237    841     1702    1008    -87     -114    265     1031    1234    1666    1756    1684    1459    944     624     390     
463    2012 856     417     1399    129     843     1669    936     135     -158    539     664     1321    1429    1778    1792    1388    847     576     -83     
463    2013 871     180     1432    -83     638     1747    984     -100    -65     -105    645     1375    1576    1885    1775    1310    1083    557     446     
463    2014 1027    520     1513    300     916     1791    1146    115     342     559     910     1279    1590    2079    1699    1507    1175    755     273     
463    2015 956     526     1378    243     780     1672    1006    272     177     476     789     1075    1419    1729    1859    1376    947     698     594     
463    2016 943     464     1525    242     869     1760    965     -100    232     407     727     1468    1738    1812    1728    1660    866     374     387     
463    2017 928     389     1403    201     823     1678    1002    57      154     476     678     1312    1616    1675    1740    1381    1072    549     367     
463    2018 1025    358     1691    167     876     1998    1033    243     -138    16      971     1644    1875    2153    1962    1516    1037    545     386     
463    2019 -999999 508     1514    298     853     1883    -999999 123     394     553     861     1146    1887    1865    1898    1417    975     -999999 -999999 
