EUROPEAN CLIMATE ASSESSMENT & DATASET (ECA&D), file created on: 13-11-2019
THESE DATA CAN BE USED FOR NON-COMMERCIAL RESEARCH AND EDUCATION PROVIDED THAT THE FOLLOWING SOURCE IS ACKNOWLEDGED: 

Klein Tank, A.M.G. and Coauthors, 2002. Daily dataset of 20th-century surface
air temperature and precipitation series for the European Climate Assessment.
Int. J. of Climatol., 22, 1441-1453.
Data and metadata available at http://www.ecad.eu

FILE FORMAT (MISSING VALUE CODE = -999999):

THIS FILE HOLDS DATA FOR STATION ITALY                                    PALERMO                                  (STAID:    381)
LATITUDE: dd:mm:ss +38:06:37
LONGITUDE: ddd:mm:ss +013:21:05
ELEVATION: m   37

DATA IS FOR INDEX Mean of daily mean temperature (TG) with unit 0.01 Temperature (&#176;C)

01-06 SOUID: Source identifier
08-11 YEAR : YYYY
13-20 ANNUAL DATA VALUES
21-28 WINTER HALF YEAR DATA VALUES
29-36 SUMMER HALF YEAR DATA VALUES
37-44 WINTER (DJF) DATA VALUES
45-52 SPRING (MAM) DATA VALUES
53-60 SUMMER (JJA) DATA VALUES
61-68 AUTUMN (SON) DATA VALUES
69-76 JANUARY DATA VALUES
etc. 
157-164 DECEMBER DATA VALUES

381    1865 1780    -999999 2206    -999999 1525    2493    1963    1220    945     1121    1454    1997    2297    2549    2627    2296    1998    1594    1197    
381    1866 1769    1454    2097    1214    1632    2339    1880    1128    1330    1472    1590    1833    2151    2515    2344    2137    1947    1554    1195    
381    1867 1786    1473    2175    1251    1669    2405    1877    1365    1186    1566    1541    1895    2243    2485    2480    2391    1821    1419    991     
381    1868 1757    1245    2164    1017    1524    2415    1912    1036    1025    1169    1428    1971    2285    2447    2509    2331    2008    1392    1448    
381    1869 1767    1371    2185    1225    1563    2419    1905    1006    1219    1135    1432    2117    2279    2484    2491    2287    1936    1489    1284    
381    1870 1813    1353    2207    1164    1501    2535    2032    987     1225    1188    1341    1969    2329    2638    2631    2314    1992    1791    1312    
381    1871 1837    1437    2273    1174    1650    2486    2121    1066    1141    1304    1639    2008    2252    2620    2578    2530    2109    1646    1079    
381    1872 1854    1438    2207    1156    1673    2409    2036    1140    1256    1426    1661    1932    2196    2499    2524    2417    2100    1588    1482    
381    1873 1775    1469    2176    1241    1562    2476    1952    1177    1045    1387    1528    1770    2158    2560    2698    2324    1999    1533    1065    
381    1874 1710    1260    2125    1011    1361    2440    1944    1004    958     971     1451    1664    2418    2538    2368    2321    2059    1447    1280    
381    1875 1748    1355    2181    1145    1514    2467    1925    1109    1036    1169    1420    1950    2314    2547    2535    2306    1969    1499    1066    
381    1876 1800    1376    2160    1143    1652    2348    1931    1153    1213    1346    1625    1983    2119    2412    2505    2304    2002    1483    1425    
381    1877 1792    1397    2267    1223    1557    2540    1920    1135    1099    1210    1609    1855    2333    2632    2648    2516    1756    1494    1174    
381    1878 1810    1291    2216    1083    1603    2462    2037    1035    1035    1237    1600    1973    2276    2524    2580    2330    2122    1656    1294    
381    1879 1754    1479    2149    1264    1509    2408    1929    1174    1330    1290    1577    1663    2272    2372    2577    2426    1840    1525    993     
381    1880 1809    1284    2192    1050    1515    2471    2046    986     1178    1176    1529    1841    2177    2600    2628    2359    2027    1741    1391    
381    1881 -999999 -999999 -999999 -999999 1692    2453    -999999 1507    1226    1500    1778    1781    2130    2567    2650    -999999 2009    1410    1306    
381    1882 -999999 1380    -999999 1140    1624    2476    -999999 1092    1002    1401    1508    1976    2310    2572    2538    -999999 2116    1596    -999999 
381    1883 -999999 -999999 -999999 -999999 1480    2342    1898    1154    1149    1145    1437    1855    -999999 2442    2396    2227    1842    1585    1130    
381    1884 -999999 -999999 2143    1117    1608    2323    -999999 1059    1167    1223    1632    1958    2056    2427    2484    2298    -999999 1449    1235    
381    1885 -999999 -999999 2212    -999999 -999999 2493    -999999 932     1274    -999999 1547    1858    2190    2484    2807    2382    -999999 -999999 1186    
381    1886 -999999 -999999 -999999 1157    -999999 2379    2067    1146    1138    1179    -999999 1805    2219    2499    2417    2398    2222    1534    -999999 
381    1887 -999999 -999999 -999999 -999999 -999999 2506    -999999 975     984     1416    -999999 2050    2272    2590    2687    2436    1816    -999999 -999999 
381    1888 -999999 -999999 2163    -999999 -999999 2362    1970    -999999 1069    -999999 1621    1859    2324    2495    2259    2391    1897    1623    1437    
381    1889 -999999 -999999 -999999 -999999 -999999 -999999 -999999 -999999 -999999 -999999 -999999 -999999 -999999 -999999 -999999 -999999 -999999 -999999 -999999 
381    1890 -999999 -999999 2063    -999999 -999999 2340    1762    1252    -999999 -999999 1460    1871    2098    2352    2548    2019    1822    1453    1202    
381    1891 1728    1250    -999999 991     -999999 2400    1998    905     861     1225    -999999 1790    2178    2497    2513    2348    1998    1648    1269    
381    1892 1796    1464    -999999 1254    1550    2416    1953    1223    1272    1359    1540    1763    2233    2518    2485    2251    2023    1593    1299    
381    1893 1805    1380    2174    1133    1515    2397    2123    910     1201    1224    1456    1853    2193    2505    2479    2534    2104    1744    1345    
381    1894 -999999 -999999 2164    -999999 -999999 2378    2117    1134    -999999 -999999 1486    1829    2116    2486    2528    2554    2190    1637    1201    
381    1895 1829    1452    2156    1200    1587    2384    2096    1167    1234    1284    1666    1816    2157    2506    2489    2310    2223    1764    1339    
381    1896 1707    1465    -999999 1123    1398    2392    1945    954     1072    1406    1262    1526    2092    2485    2542    2334    1925    1616    1326    
381    1897 1759    1446    2151    1252    1551    2412    1864    1221    1205    1359    1521    1772    2154    2590    2484    2353    1773    1465    1146    
381    1898 1777    1315    2131    1123    1553    2372    2031    1116    1107    1285    1576    1810    2266    2366    2489    2270    2042    1792    1248    
381    1899 -999999 -999999 -999999 1232    1591    -999999 1905    1199    1249    1328    1553    1899    2187    2387    2519    2388    1976    1417    1332    
381    1900 -999999 -999999 -999999 -999999 1507    2334    2071    1254    1399    1202    1443    1859    2205    2387    2403    2334    2239    1669    1265    
381    1901 1780    1460    2134    1115    1541    2425    1991    1009    1070    1436    1539    1643    2244    2504    2520    2367    1991    1639    1389    
381    1902 1780    1428    2134    1162    1541    2425    1991    1009    1070    1436    1539    1643    2244    2504    2520    2367    1991    1639    1389    
381    1903 -999999 -999999 2003    -999999 1321    2289    1930    1222    -999999 1159    1215    1604    2071    2344    2433    2339    1965    1500    1370    
381    1904 -999999 -999999 -999999 -999999 -999999 -999999 -999999 -999999 -999999 -999999 -999999 -999999 -999999 -999999 -999999 -999999 -999999 -999999 -999999 
381    1905 -999999 -999999 -999999 -999999 -999999 -999999 -999999 -999999 -999999 -999999 -999999 -999999 -999999 -999999 -999999 -999999 -999999 -999999 -999999 
381    1906 1595    -999999 1940    -999999 1328    2228    1814    1023    926     1130    1296    1557    1979    2307    2389    2099    1775    1568    1034    
381    1907 1589    1157    1934    920     1265    2169    1926    863     856     872     1272    1650    1940    2204    2355    2169    2007    1599    1234    
381    1908 -999999 1342    1996    1100    1430    2251    -999999 1062    998     1141    1243    1894    2114    2309    2326    2048    1893    -999999 -999999 
381    1909 1644    -999999 1957    -999999 1446    2166    1848    984     898     1221    1402    1678    1991    2147    2354    2156    1884    1504    1336    
381    1910 1664    -999999 1932    -999999 1395    2166    1894    1051    1058    1135    1454    1597    1973    2199    2319    2041    2115    1520    1372    
381    1911 1716    1381    2041    1092    1422    2332    2001    973     940     1313    1334    1615    2042    2409    2534    2297    2030    1675    1346    
381    1912 -999999 -999999 -999999 -999999 -999999 -999999 -999999 -999999 -999999 -999999 -999999 -999999 -999999 -999999 -999999 -999999 -999999 -999999 -999999 
381    1913 -999999 -999999 -999999 -999999 -999999 -999999 -999999 -999999 -999999 -999999 -999999 -999999 -999999 -999999 -999999 -999999 -999999 -999999 -999999 
381    1914 1648    -999999 1966    -999999 1519    2146    1777    985     1108    1342    1465    1749    1931    2250    2250    2141    1778    1411    1320    
381    1915 1698    1324    2047    1167    1485    2343    1769    1100    1072    1242    1414    1798    2233    2405    2386    2032    1757    1518    1374    
381    1916 1747    1391    2078    1227    1543    2367    1833    1057    1251    1382    1425    1792    2250    2480    2370    2110    1849    1539    1396    
381    1917 1657    1372    2032    1225    1453    2252    1816    1160    1109    1177    1350    1822    2059    2293    2398    2220    1858    1368    1029    
381    1918 1727    1239    2121    1010    1497    2314    2002    1014    985     1161    1540    1801    2104    2443    2387    2446    1942    1622    1250    
381    1919 1713    1428    -999999 1209    1499    2259    1910    1128    1252    1368    1573    1562    2081    2323    2378    2292    1823    1617    1186    
381    1920 1751    1364    2133    1151    1589    2366    1897    1162    1102    1289    1555    1923    2177    2471    2435    2242    1939    1508    1290    
381    1921 1708    1381    2048    1221    1440    2289    1914    1209    1159    1183    1371    1785    1993    2396    2471    2250    1898    1572    1182    
381    1922 1786    1410    2178    1152    1697    2387    1916    1113    1160    1519    1679    1904    2240    2338    2576    2308    2014    1395    1137    
381    1923 1762    1297    2119    1083    1509    2347    2047    976     1142    1159    1534    1836    1992    2464    2573    2298    2012    1834    1262    
381    1924 1805    1437    2189    1151    1618    2372    2038    1041    1153    1311    1625    1938    2252    2441    2420    2440    2019    1671    1360    
381    1925 1785    1460    2141    1275    1477    2433    1966    1167    1285    1206    1477    1748    2244    2464    2579    2322    1927    1634    1309    
381    1926 1805    1440    2055    1263    1567    2201    2174    1182    1303    1361    1607    1733    2038    2276    2283    2380    2188    1955    1338    
381    1927 1890    1530    2266    1220    1649    2533    2087    1179    1135    1378    1583    1939    2414    2575    2607    2467    1946    1853    1441    
381    1928 1821    1486    2237    1252    1616    2490    2038    1192    1121    1314    1685    1818    2205    2582    2675    2450    2073    1573    1087    
381    1929 1656    -999999 2067    -999999 1411    2338    1848    888     801     1070    1463    1721    2214    2424    2359    2192    1837    1504    1229    
381    1930 1743    1371    2071    1169    1503    2355    1922    1152    1121    1359    1449    1699    2270    2444    2350    2240    1857    1676    1291    
381    1931 1810    1429    2188    1181    1593    2526    1967    1185    1059    1481    1461    1833    2403    2579    2595    2255    1960    1686    1181    
381    1932 1835    1376    2177    1093    1620    2346    2148    1099    993     1334    1605    1921    2123    2385    2522    2495    2254    1691    1539    
381    1933 1800    1528    2107    1306    1558    2306    2093    1192    1175    1288    1484    1901    2064    2398    2448    2335    2163    1769    1338    
381    1934 1837    1497    2215    1198    1705    2454    1965    1104    1146    1445    1716    1955    2257    2580    2522    2258    1912    1726    1407    
381    1935 1813    1391    2180    1171    1550    2418    2104    900     1208    1195    1587    1857    2237    2481    2525    2385    2155    1747    1435    
381    1936 1811    1600    2122    1410    1614    2323    1941    1470    1319    1468    1603    1769    2100    2444    2409    2378    1853    1593    1314    
381    1937 1898    1516    2211    1343    1693    2475    2084    1290    1434    1609    1583    1882    2391    2459    2571    2381    2100    1791    1282    
381    1938 1756    1420    2102    1147    1417    2402    2022    1122    1024    1176    1308    1762    2179    2450    2571    2327    2056    1684    1364    
381    1939 1817    1462    2154    1312    1468    2411    2076    1320    1244    1098    1572    1724    2038    2588    2582    2413    2178    1647    1345    
381    1940 1760    1506    2091    1283    1557    2329    1990    1211    1298    1360    1504    1804    2146    2405    2419    2239    2070    1658    1010    
381    1941 1786    1455    2113    1198    1582    2396    1899    1295    1301    1376    1554    1804    2155    2524    2501    2126    1942    1621    1140    
381    1942 1844    1378    2206    1083    1693    2384    2069    985     1130    1435    1704    1939    2259    2454    2436    2421    2125    1659    1482    
381    1943 1875    1527    2240    1306    1653    2446    2088    1159    1267    1428    1602    1946    2201    2556    2578    2549    2084    1648    1445    
381    1944 1767    1401    2176    1194    1513    2385    2025    1122    1001    1087    1539    1925    2152    2445    2552    2421    2014    1641    1283    
381    1945 1814    1378    2286    1118    1646    2571    1903    980     1089    1243    1623    2072    2386    2594    2732    2306    1851    1553    1319    
381    1946 1851    1405    2219    1235    1589    2438    2159    1200    1182    1309    1584    1875    2171    2474    2662    2538    2146    1795    1237    
381    1947 1925    1590    2255    1280    1740    2544    2104    1111    1516    1737    1538    1937    2319    2582    2725    2412    2074    1827    1295    
381    1948 1828    1523    2128    1318    1611    2316    2054    1381    1275    1281    1576    1975    2179    2310    2453    2265    2197    1696    1329    
381    1949 1832    1473    2188    1256    1554    2388    2088    1260    1171    1162    1626    1875    2242    2434    2483    2462    2080    1721    1424    
381    1950 1893    1509    2292    1307    1633    2581    2054    1207    1289    1316    1644    1940    2397    2700    2639    2418    2045    1699    1382    
381    1951 1836    1562    2157    1379    1601    2416    1984    1305    1458    1475    1496    1828    2225    2488    2528    2366    1855    1737    1253    
381    1952 1902    1414    2341    1164    1667    2627    2111    1140    1096    1392    1670    1939    2445    2714    2711    2562    2130    1640    1375    
381    1953 1795    1389    2203    1148    1537    2425    2038    965     1098    1103    1611    1898    2251    2539    2479    2429    2129    1551    1435    
381    1954 1753    1428    2142    1161    1538    2406    1931    1003    1034    1380    1437    1787    2328    2473    2415    2402    1885    1506    1322    
381    1955 1873    1483    2223    1418    1579    2509    1932    1419    1523    1250    1482    2015    2315    2648    2558    2292    1913    1592    1450    
381    1956 1783    1426    2193    1255    1590    2424    1950    1376    918     1281    1624    1866    2122    2517    2643    2438    1873    1541    1301    
381    1957 1829    1421    2175    1280    1507    2496    2028    1132    1423    1259    1534    1730    2365    2479    2639    2294    2095    1695    1289    
381    1958 1860    1481    2177    1246    1573    2432    2089    1153    1303    1340    1466    1910    2254    2425    2610    2381    2135    1748    1553    
381    1959 1856    1586    2195    1363    1637    2459    2002    1242    1285    1527    1529    1851    2227    2543    2598    2405    1948    1654    1417    
381    1960 1930    1556    2225    1418    1660    2493    2149    1333    1511    1474    1500    2001    2338    2495    2641    2362    2245    1837    1401    
381    1961 1854    1517    2229    1247    1645    2417    2099    1160    1172    1261    1733    1945    2265    2485    2495    2425    2065    1807    1384    
381    1962 1839    1516    2213    1280    1635    2428    2065    1341    1099    1361    1635    1908    2168    2547    2560    2449    2121    1624    1187    
381    1963 1792    1407    2134    1156    1496    2403    2012    1185    1091    1213    1525    1753    2142    2563    2496    2312    1942    1783    1457    
381    1964 1818    1477    2198    1255    1591    2498    1978    1133    1169    1370    1498    1904    2308    2471    2707    2289    1949    1708    1296    
381    1965 1798    1406    2129    1141    1540    2417    2024    1150    960     1339    1431    1846    2189    2633    2420    2248    2015    1808    1485    
381    1966 1784    1508    2121    1329    1532    2369    1983    1146    1359    1230    1558    1808    2242    2365    2495    2249    2195    1497    1235    
381    1967 1813    1439    2137    1183    1600    2372    2069    1142    1172    1369    1507    1920    2064    2485    2556    2273    2117    1817    1291    
381    1968 1724    1401    2108    1134    1489    2325    1928    971     1139    1068    1478    1920    2107    2457    2406    2271    1892    1634    1345    
381    1969 1774    1432    2105    1245    1598    2285    2018    1187    1199    1321    1485    1983    2069    2297    2482    2301    1935    1820    1176    
381    1970 1834    1491    2144    1277    1565    2404    2004    1358    1298    1350    1647    1702    2274    2405    2530    2299    1955    1750    1423    
381    1971 1756    1419    2163    1252    1516    2443    1862    1214    1105    1135    1582    1832    2160    2475    2684    2230    1815    1543    1251    
381    1972 1765    1424    2065    1255    1551    2306    1908    1212    1307    1413    1487    1752    2130    2397    2385    2230    1822    1675    1359    
381    1973 1797    1380    2183    1231    1468    2445    2034    1227    1093    1086    1388    1927    2268    2517    2543    2443    2053    1604    1359    
381    1974 1764    1497    2098    1302    1530    2358    1878    1280    1262    1404    1408    1774    2195    2359    2514    2324    1767    1546    1305    
381    1975 1766    1381    2104    1213    1535    2320    1958    1205    1120    1321    1481    1801    2086    2424    2442    2380    1946    1548    1386    
381    1976 1727    1427    2039    1273    1460    2296    1870    1215    -999999 1220    1403    1756    2126    2409    2348    2175    1987    1443    1328    
381    1977 1809    1491    2090    1370    1588    2324    1947    1302    1491    1394    1481    1885    2062    2475    2427    2195    1983    1662    1325    
381    1978 1748    1451    2063    1258    1508    2329    1842    1128    1326    1276    1458    1787    2153    2384    2467    2179    1850    1496    1556    
381    1979 1794    1480    2095    1366    1533    2401    1923    1217    1322    1422    1398    1773    2265    2473    2462    2185    2075    1502    1391    
381    1980 1737    1453    2040    1279    1433    2319    2007    1233    1209    1291    1319    1686    2114    2311    2525    2270    1994    1757    1116    
381    1981 1816    1385    2166    1041    1606    2381    2094    925     1087    1414    1580    1824    2262    2354    2524    2448    2254    1575    1492    
381    1982 1833    1499    2230    1322    1480    2559    2053    1395    1052    1182    1417    1839    2355    2717    2585    2459    2094    1606    1268    
381    1983 1792    1409    2197    1169    1562    2472    1965    1140    1091    1230    1566    1891    2191    2652    2563    2304    1949    1642    1229    
381    1984 1795    1391    2141    1192    1510    2384    2051    1222    1122    1175    1397    1954    2140    2536    2468    2330    2029    1796    1345    
381    1985 1842    1476    2199    1257    1566    2467    2019    1133    1298    1249    1572    1876    2252    2591    2549    2339    1967    1753    1487    
381    1986 1849    1503    2228    1304    1652    2471    2034    1199    1218    1375    1590    1989    2210    2536    2659    2368    2115    1616    1260    
381    1987 1880    1424    2257    1250    1434    2564    2172    1239    1250    1051    1568    1688    2248    2691    2743    2591    2248    1674    1519    
381    1988 1904    1594    2289    1429    1668    2571    2041    1486    1271    1346    1587    2081    2305    2719    2680    2338    2201    1589    1228    
381    1989 1887    1466    2177    1179    1640    2344    2192    1117    1193    1445    1665    1811    2108    2432    2484    2556    2081    1944    1768    
381    1990 1886    1637    2224    1484    1607    2456    2184    1244    1435    1340    1553    1925    2317    2547    2501    2493    2341    1713    1193    
381    1991 1800    1524    2163    1160    1553    2488    2034    1161    1123    1581    1445    1628    2216    2598    2642    2433    2039    1631    1057    
381    1992 1851    1402    2203    1126    1611    2442    2118    1182    1140    1353    1572    1907    2225    2415    2679    2405    2217    1728    1362    
381    1993 1860    1450    2272    1183    1584    2534    2104    1176    993     1191    1620    1941    2360    2533    2704    2460    2205    1644    1431    
381    1994 1949    1558    2325    1341    1669    2607    2160    1323    1260    1459    1502    2054    2277    2665    2868    2557    2135    1789    1441    
381    1995 1853    1540    2216    1331    1567    2500    1979    1157    1401    1309    1506    1884    2265    2579    2650    2400    1980    1556    1512    
381    1996 1816    1466    2172    1335    1554    2454    1955    1331    1151    1251    1561    1850    2227    2492    2635    2249    1857    1763    1403    
381    1997 1851    1489    2193    1338    1542    2503    2037    1360    1240    1293    1358    1969    2432    2513    2561    2309    2077    1723    1329    
381    1998 1833    1468    2269    1259    1599    2556    1963    1196    1251    1217    1686    1897    2398    2618    2647    2353    2017    1517    1165    
381    1999 1886    1363    2314    1107    1660    2572    2134    1126    1020    1305    1632    2044    2414    2544    2760    2493    2251    1660    1363    
381    2000 1902    1478    2304    1200    1723    2530    2097    1064    1170    1372    1694    2103    2309    2558    2715    2431    2088    1772    1516    
381    2001 1937    1631    2275    1393    1784    2547    2115    1394    1258    1729    1546    2068    2384    2576    2675    2385    2237    1720    1207    
381    2002 1937    1595    2275    1287    1784    2547    2115    1394    1258    1729    1546    2068    2384    2576    2675    2385    2237    1720    1207    
381    2003 1963    1469    2429    1181    1680    2799    2138    1323    995     1286    1594    2145    2642    2866    2884    2421    2185    1805    1313    
381    2004 -999999 -999999 2154    -999999 1490    2405    -999999 -999999 1208    1284    1449    1707    2074    2480    2649    2542    2331    -999999 1684    
381    2005 -999999 -999999 2192    -999999 1478    2458    -999999 -999999 1074    1161    1447    1811    2214    2507    2647    2484    2186    1878    -999999 
381    2006 -999999 -999999 -999999 -999999 1555    2478    -999999 1169    1114    1256    1538    1892    2208    2538    2681    -999999 2263    -999999 1647    
381    2007 -999999 -999999 -999999 -999999 1567    2464    -999999 1471    -999999 1340    1526    1824    2239    2468    2672    -999999 -999999 -999999 -999999 
381    2008 -999999 -999999 -999999 -999999 1580    2421    -999999 1246    1241    1305    1534    1890    2173    2466    2602    2472    -999999 1866    -999999 
