EUROPEAN CLIMATE ASSESSMENT & DATASET (ECA&D), file created on: 13-11-2019
THESE DATA CAN BE USED FOR NON-COMMERCIAL RESEARCH AND EDUCATION PROVIDED THAT THE FOLLOWING SOURCE IS ACKNOWLEDGED: 

Klein Tank, A.M.G. and Coauthors, 2002. Daily dataset of 20th-century surface
air temperature and precipitation series for the European Climate Assessment.
Int. J. of Climatol., 22, 1441-1453.
Data and metadata available at http://www.ecad.eu

FILE FORMAT (MISSING VALUE CODE = -999999):

THIS FILE HOLDS DATA FOR STATION GERMANY                                  OLBERSDORF                               (STAID:  11765)
LATITUDE: dd:mm:ss +50:51:51
LONGITUDE: ddd:mm:ss +014:45:46
ELEVATION: m   31

DATA IS FOR INDEX Mean of daily mean temperature (TG) with unit 0.01 Temperature (&#176;C)

01-06 SOUID: Source identifier
08-11 YEAR : YYYY
13-20 ANNUAL DATA VALUES
21-28 WINTER HALF YEAR DATA VALUES
29-36 SUMMER HALF YEAR DATA VALUES
37-44 WINTER (DJF) DATA VALUES
45-52 SPRING (MAM) DATA VALUES
53-60 SUMMER (JJA) DATA VALUES
61-68 AUTUMN (SON) DATA VALUES
69-76 JANUARY DATA VALUES
etc. 
157-164 DECEMBER DATA VALUES

11765  1960 -999999 -999999 -999999 -999999 -999999 1611    918     -999999 -999999 -999999 -999999 -999999 1605    1585    1644    1254    932     566     154     
11765  1961 856     388     1406    69      909     1577    990     -207    280     600     1112    1021    1613    1537    1581    1576    1052    339     -242    
11765  1962 691     170     1279    -125    626     1514    813     -2      -132    -22     906     1004    1424    1507    1610    1215    851     371     -478    
11765  1963 706     -98     1436    -667    738     1714    987     -919    -595    151     834     1231    1649    1811    1680    1395    833     737     -408    
11765  1964 764     93      1451    -309    699     1727    808     -387    -120    -94     858     1337    1812    1849    1523    1316    699     412     -53     
11765  1965 717     151     1295    -108    610     1552    723     59      -355    105     663     1064    1555    1573    1528    1376    762     29      169     
11765  1966 835     172     1398    -34     842     1635    906     -525    286     316     936     1276    1696    1641    1571    1257    1171    281     89      
11765  1967 879     353     1398    31      821     1668    1008    -151    168     538     642     1277    1517    1867    1615    1449    1178    393     -1      
11765  1968 788     302     1356    -73     796     1617    886     -257    47      439     858     1093    1642    1594    1615    1325    976     353     -242    
11765  1969 729     105     1384    -227    670     1639    948     -193    -247    -45     651     1402    1515    1828    1570    1313    1017    511     -633    
11765  1970 732     54      1325    -428    583     1664    879     -398    -233    45      589     1117    1651    1698    1643    1235    853     551     -23     
11765  1971 828     231     1408    -31     757     1688    764     -157    100     57      822     1393    1412    1767    1875    1153    822     316     322     
11765  1972 797     318     1331    76      817     1664    706     -326    244     523     720     1204    1541    1854    1594    1051    623     448     70      
11765  1973 797     269     1355    47      711     1656    792     -29     105     389     494     1243    1591    1675    1699    1410    713     254     -31     
11765  1974 864     338     1320    152     813     1567    766     229     270     582     729     1124    1380    1555    1759    1359    534     413     390     
11765  1975 884     355     1449    260     759     1718    871     358     8       398     667     1208    1509    1818    1821    1654    746     216     134     
11765  1976 799     177     1367    25      632     1682    939     -27     -36     16      639     1241    1625    1888    1530    1263    1015    537     -133    
11765  1977 832     361     1281    -5      781     1602    883     -39     174     603     555     1178    1593    1612    1602    1129    1017    498     18      
11765  1978 756     315     1250    -38     746     1508    817     39      -186    463     631     1141    1461    1553    1508    1192    925     330     -62     
11765  1979 771     145     1357    -254    780     1615    787     -496    -199    347     645     1343    1754    1471    1623    1292    739     331     335     
11765  1980 710     222     1260    14      584     1563    787     -425    140     213     504     1033    1516    1525    1646    1322    815     223     -3      
11765  1981 820     235     1409    -113    907     1668    875     -261    -70     674     666     1375    1678    1671    1656    1391    843     392     -228    
11765  1982 887     164     1489    -236    775     1810    1043    -353    -117    430     562     1325    1705    1930    1792    1598    1007    525     170     
11765  1983 920     387     1523    99      916     1824    870     334     -239    471     955     1325    1661    2030    1775    1373    955     279     22      
11765  1984 792     234     1299    -9      691     1551    932     13      -67     185     672     1216    1412    1567    1671    1237    1028    529     7       
11765  1985 744     148     1389    -338    844     1600    741     -582    -450    310     798     1423    1344    1746    1700    1298    857     63      323     
