EUROPEAN CLIMATE ASSESSMENT & DATASET (ECA&D), file created on: 13-11-2019
THESE DATA CAN BE USED FOR NON-COMMERCIAL RESEARCH AND EDUCATION PROVIDED THAT THE FOLLOWING SOURCE IS ACKNOWLEDGED: 

Klein Tank, A.M.G. and Coauthors, 2002. Daily dataset of 20th-century surface
air temperature and precipitation series for the European Climate Assessment.
Int. J. of Climatol., 22, 1441-1453.
Data and metadata available at http://www.ecad.eu

FILE FORMAT (MISSING VALUE CODE = -999999):

THIS FILE HOLDS DATA FOR STATION RUSSIAN FEDERATION                       UST-USA                                  (STAID:   3067)
LATITUDE: dd:mm:ss +65:58:12
LONGITUDE: ddd:mm:ss +056:55:10
ELEVATION: m   77

DATA IS FOR INDEX Mean of daily mean temperature (TG) with unit 0.01 Temperature (&#176;C)

01-06 SOUID: Source identifier
08-11 YEAR : YYYY
13-20 ANNUAL DATA VALUES
21-28 WINTER HALF YEAR DATA VALUES
29-36 SUMMER HALF YEAR DATA VALUES
37-44 WINTER (DJF) DATA VALUES
45-52 SPRING (MAM) DATA VALUES
53-60 SUMMER (JJA) DATA VALUES
61-68 AUTUMN (SON) DATA VALUES
69-76 JANUARY DATA VALUES
etc. 
157-164 DECEMBER DATA VALUES

3067   1936 -174    -999999 735     -999999 -475    1329    47      -1964   -2130   -1259   -226    69      1208    1509    1266    564     -99     -319    -765    
3067   1937 -178    -791    642     -1007   -587    1225    3       -1261   -993    -1315   -519    77      1118    1328    1224    599     95      -686    -1841   
3067   1938 -185    -1080   797     -1728   -177    1257    -102    -1548   -1802   -756    -165    390     1048    1545    1169    771     -284    -786    -1907   
3067   1939 -310    -1269   472     -1780   -617    1060    -138    -1781   -1637   -1238   -512    -97     977     1358    844     229     -247    -381    -1292   
3067   1940 -375    -1247   771     -1842   -593    1384    -129    -2566   -1657   -1339   -311    -120    963     1574    1603    895     -530    -739    -2278   
3067   1941 -550    -1636   509     -2229   -836    1057    -192    -2611   -1751   -1892   -922    303     901     1058    1208    469     -153    -892    -2372   
3067   1942 -368    -1610   724     -2131   -841    1301    -222    -2381   -1589   -2248   -486    224     1294    1475    1133    680     -401    -939    -1232   
3067   1943 -66     -1159   870     -1490   -235    1342    94      -2266   -918    -1169   -34     504     1064    1725    1226    708     -60     -361    -1238   
3067   1944 -105    -865    653     -1228   -345    1033    107     -1393   -1040   -1092   -229    290     863     1259    971     748     258     -690    -1230   
3067   1945 -380    -1065   669     -1488   -645    1237    -248    -1367   -1908   -1525   -458    55      1118    1140    1450    691     -225    -1211   -2409   
3067   1946 -306    -1414   582     -2016   -490    1107    -269    -1603   -2038   -1053   -418    4       652     1260    1393    569     -462    -908    -1203   
3067   1947 -287    -1224   600     -1583   -472    1027    -54     -1520   -2074   -1248   -199    39      975     965     1139    667     47      -879    -1474   
3067   1948 -220    -1196   742     -1638   -383    1134    139     -1540   -1919   -1446   -354    652     1122    1245    1035    727     112     -421    -1904   
3067   1949 -301    -1117   567     -1798   -397    1055    -265    -1124   -2426   -1045   -198    58      869     1003    1286    361     -143    -1015   -1408   
3067   1950 -221    -1245   697     -1859   -171    1074    -85     -2437   -1717   -787    82      200     937     1262    1018    671     95      -1026   -1042   
3067   1951 -192    -1147   742     -1593   -318    1171    -46     -1713   -2071   -1208   210     60      844     1336    1321    665     52      -858    -1071   
3067   1952 -344    -995    585     -1128   -827    1182    -330    -1304   -1000   -1786   -507    -178    974     1595    971     636     -464    -1159   -1903   
3067   1953 -231    -1491   826     -1936   -369    1409    -391    -1812   -2110   -1545   178     278     1206    1428    1585    250     -174    -1256   -936    
3067   1954 -114    -1135   813     -1475   -283    1326    -47     -1575   -1960   -994    -152    302     1043    1837    1089    732     74      -951    -955    
3067   1955 -390    -1124   680     -1376   -489    1095    -275    -1159   -2083   -1758   -236    535     977     1401    905     475     77      -1389   -2541   
3067   1956 -329    -1377   557     -2124   -421    1243    -511    -1832   -1989   -628    -982    328     1093    1317    1314    231     -375    -1394   -1125   
3067   1957 -273    -1316   824     -1344   -718    1399    -305    -1615   -1287   -2103   -477    434     966     1619    1598    768     -190    -1495   -1570   
3067   1958 -495    -1420   450     -1571   -938    1045    -185    -1639   -1499   -2139   -664    -2      893     1217    1021    204     10      -776    -2614   
3067   1959 -208    -1171   627     -1832   -490    1300    -293    -1408   -1436   -813    -956    284     1216    1472    1210    500     -624    -744    -1285   
3067   1960 -471    -1542   660     -1951   -768    1233    -431    -2345   -2242   -2030   -365    103     1028    1616    1047    503     -556    -1237   -1234   
3067   1961 -139    -1025   677     -1282   -401    1405    -191    -1428   -1174   -541    -713    42      1077    1819    1308    492     46      -1120   -1571   
3067   1962 -69     -1015   829     -1310   -156    1177    25      -1463   -850    -1119   4       654     877     1666    979     770     -285    -401    -1682   
3067   1963 -422    -1411   707     -1822   -784    1209    -172    -2094   -1678   -2318   -447    424     1031    1433    1158    615     25      -1163   -2116   
3067   1964 -451    -1497   546     -2062   -897    1248    -411    -2460   -1578   -1685   -1102   89      890     1695    1148    513     -77     -1681   -1218   
3067   1965 -368    -1262   603     -1651   -471    1181    -563    -1873   -1883   -914    -429    -69     1050    1365    1124    554     -471    -1774   -1213   
3067   1966 -513    -1653   586     -2053   -663    1150    -236    -2098   -2932   -1559   -601    174     776     1560    1102    470     -620    -544    -2041   
3067   1967 -24     -1168   817     -1872   36      1314    154     -2142   -1385   -275    159     226     998     1585    1348    561     155     -253    -1351   
3067   1968 -561    -983    418     -1673   -499    966     -708    -2252   -1398   -800    -873    165     804     997     1092    292     -381    -2047   -2366   
3067   1969 -557    -1865   391     -2435   -836    914     -147    -2659   -2263   -1517   -660    -326    472     1409    846     583     -430    -584    -1654   
3067   1970 -316    -1202   572     -1892   -388    1058    -191    -2277   -1731   -566    -588    -18     676     1482    1004    854     -223    -1202   -1303   
3067   1971 -437    -1291   454     -1700   -732    1008    -276    -1680   -2162   -1255   -930    -17     704     1385    927     624     -636    -804    -1528   
3067   1972 -380    -1348   557     -1819   -646    1231    -439    -2451   -1456   -1205   -399    -325    925     1558    1199    358     -113    -1575   -1140   
3067   1973 -293    -1290   714     -1639   -305    1237    -352    -2406   -1352   -1198   -118    385     1090    1350    1265    257     -355    -957    -1623   
3067   1974 -192    -1246   802     -1864   -401    1516    -392    -2017   -1963   -623    -637    50      1173    2047    1317    830     -89     -1926   -637    
3067   1975 -249    -1182   648     -1458   -239    1022    -169    -1825   -1960   -741    -133    144     834     1235    992     803     -489    -810    -1160   
3067   1976 -223    -1222   746     -1726   -286    1311    -316    -2172   -1854   -876    -79     103     1007    1565    1352    505     -698    -755    -840    
3067   1977 -288    -1326   863     -1717   -277    1359    -325    -1862   -2528   -1350   -71     596     1331    1549    1195    555     -936    -571    -1509   
3067   1978 -502    -1179   312     -1505   -819    929     -204    -1338   -1685   -1061   -1177   -232    518     1325    930     472     -217    -867    -2777   
3067   1979 -424    -1598   555     -2472   -590    1058    -168    -2405   -2209   -1148   -939    306     614     1425    1119    763     -543    -712    -1487   
3067   1980 -999999 -999999 562     -999999 -438    967     -165    -999999 -999999 -1126   -317    135     981     1118    804     641     -21     -1121   -1285   
3067   1981 -102    -999    -999999 -1164   -712    -999999 163     -969    -1248   -1377   -794    34      1248    1428    -999999 619     311     -447    -1049   
3067   1982 -285    -1143   735     -1783   -343    1131    -214    -2449   -1858   -1412   -149    539     829     1677    877     604     -620    -612    -941    
3067   1983 -221    -1065   638     -1380   -467    1182    -119    -1442   -1797   -1033   -346    -16     1017    1524    1000    629     42      -1034   -1313   
3067   1984 -250    -871    599     -1196   -460    1242    -502    -1118   -1156   -672    -1013   288     1097    1522    1102    562     -401    -1671   -1603   
3067   1985 -482    -1620   585     -2321   -513    1168    -101    -2734   -2660   -753    -636    -154    1028    1301    1171    784     -189    -895    -2182   
3067   1986 -404    -1288   448     -2027   -352    941     -63     -1648   -2274   -624    -320    -112    956     1016    851     286     -75     -398    -2622   
3067   1987 -393    -1377   587     -2313   -487    1141    -192    -2338   -1945   -909    -966    398     1023    1431    964     640     178     -1406   -1909   
3067   1988 -202    -1161   685     -1743   -362    1350    -255    -1739   -1569   -553    -657    115     1061    1720    1258    578     -61     -1287   -1359   
3067   1989 -161    -1118   832     -1652   -178    1450    -138    -2183   -1389   -463    -616    529     1516    1632    1205    698     -55     -1060   -1828   
3067   1990 -211    -1170   814     -1709   -222    1433    -544    -2269   -955    -825    36      130     1242    1868    1183    403     -375    -1664   -1343   
3067   1991 -176    -1363   888     -1606   -196    1298    -21     -2034   -1424   -1355   16      758     1523    1343    1035    637     107     -812    -1957   
3067   1992 -409    -1154   511     -1846   -485    1004    -596    -2231   -1316   -714    -1141   379     727     1269    1007    789     -776    -1796   -1162   
3067   1993 -170    -1246   770     -1329   -450    1511    -340    -1396   -1439   -941    -554    161     1687    1708    1145    427     -312    -1135   -1473   
3067   1994 -262    -1255   698     -1811   -293    1268    -336    -1618   -2400   -697    -127    -48     1305    1382    1116    547     22      -1588   -1202   
3067   1995 -49     -862    847     -987    34      1183    -229    -1023   -709    -683    317     476     889     1447    1202    730     -194    -1225   -1847   
3067   1996 -182    -1137   523     -1592   -334    1074    -13     -1296   -1636   -659    -675    322     1008    1380    834     238     -6      -270    -1483   
3067   1997 -432    -1184   649     -1984   -236    956     -232    -2433   -2043   -922    -148    365     948     953     965     802     -47     -1456   -2269   
3067   1998 -573    -1605   552     -2422   -638    1332    -698    -2071   -2981   -933    -1067   73      1050    1837    1098    276     -451    -1928   -1993   
3067   1999 -415    -1638   447     -2051   -839    1088    -235    -2630   -1475   -1345   -760    -411    858     1336    1062    573     104     -1393   -972    
3067   2000 -120    -1038   872     -1430   -72     1372    -26     -2074   -1232   -683    -79     546     1350    1667    1098    626     89      -796    -1973   
3067   2001 -339    -1334   761     -1990   -402    1188    -315    -1650   -2385   -1375   -189    366     987     1286    1284    812     -395    -1361   -1600   
3067   2002 -375    -1335   579     -1757   -352    1063    -349    -2222   -1416   -1024   -201    175     855     1466    860     296     -135    -1215   -1998   
3067   2003 -159    -1414   808     -2032   -335    1366    -5      -2293   -1780   -1090   -449    530     907     1502    1673    645     172     -837    -1017   
3067   2004 -231    -995    672     -1306   -654    1335    -138    -1345   -1574   -1401   -872    305     1015    1913    1065    564     -138    -841    -1522   
3067   2005 0       -1095   809     -1359   -493    1319    337     -1110   -1454   -1530   -631    678     1068    1553    1329    818     306     -113    -1016   
3067   2006 -328    -1013   699     -1715   -414    1206    -375    -2310   -1831   -1164   -456    376     1361    1212    1050    635     -350    -1410   -1143   
3067   2007 -19     -1107   842     -1468   -114    1375    41      -1056   -2284   -519    -76     253     955     1875    1283    730     253     -866    -964    
3067   2008 -81     -877    658     -1189   -559    1308    66      -1116   -1507   -1100   -609    31      1100    1783    1034    579     205     -590    -852    
3067   2009 -349    -960    663     -1532   -445    1208    -89     -1894   -1885   -820    -592    72      1061    1394    1163    861     -62     -1066   -2514   
3067   2010 -274    -1510   755     -2312   -152    1132    -79     -2081   -2346   -1056   -32     638     899     1404    1085    507     179     -930    -1703   
3067   2011 -46     -1147   862     -1866   60      1172    69      -1504   -2449   -592    9       761     1345    1285    892     865     150     -811    -683    
3067   2012 -128    -941    911     -1239   -221    1345    44      -1422   -1639   -1280   15      610     1442    1505    1091    788     197     -858    -2025   
3067   2013 -145    -1312   893     -1786   -554    1502    -35     -2180   -1084   -1887   -63     305     1278    1882    1340    591     -273    -414    -1266   
