EUROPEAN CLIMATE ASSESSMENT & DATASET (ECA&D), file created on: 13-11-2019
THESE DATA CAN BE USED FOR NON-COMMERCIAL RESEARCH AND EDUCATION PROVIDED THAT THE FOLLOWING SOURCE IS ACKNOWLEDGED: 

Klein Tank, A.M.G. and Coauthors, 2002. Daily dataset of 20th-century surface
air temperature and precipitation series for the European Climate Assessment.
Int. J. of Climatol., 22, 1441-1453.
Data and metadata available at http://www.ecad.eu

FILE FORMAT (MISSING VALUE CODE = -999999):

THIS FILE HOLDS DATA FOR STATION POLAND                                   KRAKOW                                   (STAID:    929)
LATITUDE: dd:mm:ss +50:04:40
LONGITUDE: ddd:mm:ss +019:47:42
ELEVATION: m  237

DATA IS FOR INDEX Mean of daily mean temperature (TG) with unit 0.01 Temperature (&#176;C)

01-06 SOUID: Source identifier
08-11 YEAR : YYYY
13-20 ANNUAL DATA VALUES
21-28 WINTER HALF YEAR DATA VALUES
29-36 SUMMER HALF YEAR DATA VALUES
37-44 WINTER (DJF) DATA VALUES
45-52 SPRING (MAM) DATA VALUES
53-60 SUMMER (JJA) DATA VALUES
61-68 AUTUMN (SON) DATA VALUES
69-76 JANUARY DATA VALUES
etc. 
157-164 DECEMBER DATA VALUES

929    1966 831     -999999 1425    -999999 834     1668    932     -538    187     264     958     1285    1622    1726    1654    1294    1217    274     -5      
929    1967 872     284     1493    -104    879     1748    999     -339    46      489     781     1365    1594    1920    1723    1554    1074    368     -161    
929    1968 785     213     1433    -181    837     1688    888     -394    24      359     925     1228    1748    1663    1653    1369    830     466     -461    
929    1969 691     -16     1428    -441    699     1666    894     -598    -245    -95     698     1494    1571    1795    1629    1358    798     529     -691    
929    1970 735     -21     1367    -533    679     1695    828     -500    -393    114     760     1166    1661    1721    1701    1178    777     531     31      
929    1971 790     154     1431    -133    771     1710    709     -458    47      -2      837     1479    1507    1769    1848    1117    769     240     270     
929    1972 756     171     1414    -155    861     1737    715     -644    -87     467     804     1310    1680    1879    1649    1144    575     430     -158    
929    1973 767     170     1380    -111    774     1652    717     -235    79      330     716     1275    1527    1709    1715    1321    689     142     -109    
929    1974 814     222     1337    6       794     1593    736     -47     193     460     758     1162    1377    1595    1800    1313    581     321     213     
929    1975 859     271     1478    96      851     1724    824     212     -161    420     752     1379    1566    1826    1773    1555    806     111     -10     
929    1976 720     63      1346    -167    647     1603    837     -147    -357    -54     764     1235    1545    1796    1467    1256    826     430     -153    
929    1977 814     265     1345    -102    856     1660    836     -215    81      605     669     1287    1691    1658    1630    1116    912     477     -189    
929    1978 711     209     1260    -189    717     1539    798     -103    -286    401     604     1144    1512    1555    1550    1179    886     326     -312    
929    1979 752     52      1402    -423    780     1676    755     -513    -445    333     648     1355    1801    1565    1665    1367    602     301     259     
929    1980 658     84      1266    -161    542     1599    757     -726    -7      75      588     963     1530    1643    1623    1237    855     175     -77     
929    1981 802     169     1428    -198    849     1723    856     -395    -112    538     634     1369    1730    1751    1689    1379    890     299     -323    
929    1982 827     89      1481    -370    768     1791    946     -543    -226    374     546     1378    1639    1862    1867    1568    893     380     113     
929    1983 910     312     1577    46      1016    1804    823     257     -263    439     1061    1551    1681    1942    1785    1423    869     175     -94     
929    1984 771     148     1373    -96     752     1585    865     -34     -164    116     822     1321    1465    1555    1730    1330    1044    215     -181    
929    1985 682     -46     1418    -613    841     1641    705     -905    -768    259     830     1435    1395    1762    1757    1304    798     10      191     
929    1986 768     47      1453    -247    889     1681    817     -159    -830    189     983     1499    1609    1700    1731    1179    866     403     -74     
929    1987 700     -50     1416    -451    567     1701    931     -1063   -191    -238    783     1163    1668    1890    1544    1435    901     458     16      
929    1988 838     294     1471    92      760     1757    712     157     105     118     735     1426    1587    1909    1769    1378    807     -51     83      
929    1989 921     302     1462    153     956     1679    877     52      342     570     956     1343    1483    1791    1756    1423    1013    190     83      
929    1990 909     405     1402    181     950     1689    847     65      418     658     803     1384    1631    1689    1745    1141    877     521     -59     
929    1991 799     234     1423    -175    762     1773    870     -40     -453    500     721     1062    1575    1952    1786    1421    783     408     -219    
929    1992 894     220     1584    -83     839     2013    783     -119    101     362     832     1322    1855    1983    2195    1291    670     392     -183    
929    1993 820     152     1463    -105    864     1670    703     4       -139    145     862     1585    1577    1699    1732    1303    922     -124    196     
929    1994 935     282     1560    118     913     1865    865     273     -141    514     905     1320    1657    2084    1848    1525    688     388     78      
929    1995 821     279     1473    87      798     1826    736     -133    340     323     807     1265    1668    2037    1768    1270    995     -65     -454    
929    1996 676     -135    1413    -530    693     1719    856     -588    -548    -173    775     1480    1729    1660    1770    1042    932     591     -592    
929    1997 800     130     1438    -364    766     1766    791     -618    168     319     517     1455    1721    1739    1835    1336    681     360     46      
929    1998 878     286     1552    136     918     1806    730     24      359     257     1067    1435    1825    1834    1760    1375    826     -14     -242    
929    1999 919     164     1590    -119    968     1830    894     -30     -83     496     1047    1364    1714    2028    1745    1631    870     183     -6      
929    2000 992     254     1561    16      1053    1782    1061    -182    251     405     1215    1543    1745    1686    1913    1248    1243    686     140     
929    2001 863     397     1509    26      892     1829    877     -91     30      346     821     1506    1527    1988    1962    1220    1177    225     -418    
929    2002 950     301     1629    -55     1051    1948    869     -95     390     535     905     1708    1792    2040    2008    1291    776     542     -527    
929    2003 870     67      1621    -409    905     1949    827     -239    -466    280     784     1648    1910    1944    1992    1421    587     482     1       
929    2004 880     176     1500    -124    856     1799    952     -421    60      350     947     1274    1676    1831    1885    1368    1040    444     79      
929    2005 841     235     1544    -74     841     1805    831     -3      -322    126     966     1433    1691    1967    1753    1435    870     186     -91     
929    2006 842     -25     1566    -416    748     1866    1032    -834    -313    10      918     1320    1736    2157    1700    1547    1025    525     239     
929    2007 935     476     1567    229     1021    1893    697     318     120     595     941     1524    1843    1938    1897    1236    775     77      -112    
929    2008 944     243     1513    69      882     1845    898     109     221     380     907     1361    1844    1873    1818    1259    959     472     102     
929    2009 873     229     1580    -117    919     1819    918     -338    -115    265     1139    1359    1600    1987    1864    1518    768     473     -94     
929    2010 750     97      1491    -332    812     1865    775     -650    -244    307     870     1261    1725    2035    1831    1201    531     602     -526    
929    2011 884     102     1562    -303    918     1820    843     -125    -252    364     1035    1358    1816    1754    1890    1511    814     205     163     
929    2012 862     140     1603    -214    972     1892    935     -137    -697    441     970     1504    1780    2017    1876    1449    855     505     -276    
929    2013 871     118     1527    -193    739     1873    905     -243    -46     -93     889     1425    1752    1955    1910    1208    1011    491     130     
929    2014 985     402     1559    75      1026    1806    1021    -116    224     660     1028    1391    1626    2035    1751    1507    963     596     108     
929    2015 1007    388     1616    92      885     1994    939     110     56      466     880     1310    1755    2065    2154    1509    775     537     397     
929    2016 943     390     1584    185     936     1866    900     -228    401     465     919     1423    1869    1936    1793    1552    781     372     25      
929    2017 941     224     1578    -162    944     1954    952     -551    61      643     800     1386    1894    1925    2042    1403    1005    448     179     
929    2018 1044    268     1796    15      1056    2020    1082    111     -271    92      1380    1706    1936    2030    2092    1619    1111    515     123     
