EUROPEAN CLIMATE ASSESSMENT & DATASET (ECA&D), file created on: 13-11-2019
THESE DATA CAN BE USED FOR NON-COMMERCIAL RESEARCH AND EDUCATION PROVIDED THAT THE FOLLOWING SOURCE IS ACKNOWLEDGED: 

Klein Tank, A.M.G. and Coauthors, 2002. Daily dataset of 20th-century surface
air temperature and precipitation series for the European Climate Assessment.
Int. J. of Climatol., 22, 1441-1453.
Data and metadata available at http://www.ecad.eu

FILE FORMAT (MISSING VALUE CODE = -999999):

THIS FILE HOLDS DATA FOR STATION ITALY                                    BRIC DELLA CROCE                         (STAID:   1710)
LATITUDE: dd:mm:ss +45:01:59
LONGITUDE: ddd:mm:ss +007:43:00
ELEVATION: m  709

DATA IS FOR INDEX Mean of daily mean temperature (TG) with unit 0.01 Temperature (&#176;C)

01-06 SOUID: Source identifier
08-11 YEAR : YYYY
13-20 ANNUAL DATA VALUES
21-28 WINTER HALF YEAR DATA VALUES
29-36 SUMMER HALF YEAR DATA VALUES
37-44 WINTER (DJF) DATA VALUES
45-52 SPRING (MAM) DATA VALUES
53-60 SUMMER (JJA) DATA VALUES
61-68 AUTUMN (SON) DATA VALUES
69-76 JANUARY DATA VALUES
etc. 
157-164 DECEMBER DATA VALUES

1710   1952 -999999 -999999 -999999 -999999 -999999 -999999 -999999 -999999 -999999 -999999 -999999 -999999 -999999 -999999 -999999 -999999 -999999 -999999 -999999 
1710   1953 -999999 -999999 -999999 -999999 -999999 -999999 -999999 -999999 -999999 -999999 -999999 -999999 -999999 -999999 -999999 -999999 -999999 -999999 -999999 
1710   1954 1046    -999999 1562    -999999 943     1803    1186    48      -29     602     878     1347    1764    1859    1784    1730    1194    635     660     
1710   1955 1098    587     1646    417     992     1878    1144    318     256     425     1130    1424    1689    2043    1894    1682    1160    590     505     
1710   1956 997     425     1586    111     904     1853    1122    218     -426    449     734     1523    1612    1978    1962    1684    1169    511     458     
1710   1957 1125    -999999 1605    410     969     1950    1215    329     448     848     933     1126    1741    2121    1980    1717    1222    707     260     
1710   1958 1108    -999999 1670    336     893     1956    1229    209     559     346     661     1631    1708    2052    2099    1774    1221    691     252     
1710   1959 1119    606     1651    320     1055    1959    1077    235     490     738     1037    1391    1803    2166    1903    1590    1071    569     367     
1710   1960 -999999 -999999 1595    -999999 1048    1848    1029    -999999 -999999 576     1076    1493    1823    1806    1912    1433    960     694     270     
1710   1961 1201    606     1745    295     1213    1967    1265    -23     719     1059    1221    1353    1830    1976    2086    2003    1231    562     341     
1710   1962 1049    505     1646    327     823     1969    1110    305     337     227     968     1278    1687    1989    2213    1705    1169    454     191     
1710   1963 965     330     1565    -45     919     1840    1163    -228    -97     472     931     1355    1657    2030    1828    1563    1196    729     84      
1710   1964 1094    482     1685    183     977     1972    1160    91      388     408     1017    1507    1871    2101    1939    1658    1033    810     288     
1710   1965 -999999 -999999 -999999 -999999 -999999 -999999 -999999 269     -999999 -999999 -999999 -999999 -999999 1981    1844    1414    1182    452     -999999 
1710   1966 1118    -999999 1676    -999999 1124    1873    1132    66      549     724     1125    1535    1895    1876    1847    1762    1214    418     389     
1710   1967 1172    582     1679    315     1127    1966    1267    211     348     882     991     1504    1735    2189    1968    1664    1415    711     380     
1710   1968 1078    634     1573    291     1076    1806    1201    222     269     799     1130    1289    1659    1994    1761    1587    1337    638     184     
1710   1969 1065    497     1631    164     976     1897    1218    281     8       483     932     1514    1658    2083    1935    1646    1411    592     135     
1710   1970 1109    516     1684    207     908     1981    1291    188     308     444     977     1306    1832    2082    2023    1874    1202    802     223     
1710   1971 1133    523     1675    280     925     1971    1178    168     468     279     1134    1368    1628    2134    2140    1624    1293    612     703     
1710   1972 1041    642     1537    382     1044    1875    987     102     330     775     970     1385    1640    2075    1907    1237    1038    685     322     
1710   1973 1135    585     1668    350     993     1989    1197    279     456     701     850     1424    1838    2018    2106    1759    1193    676     256     
1710   1974 1139    612     1678    379     998     2034    984     486     396     643     926     1423    1767    2140    2187    1599    800     560     678     
1710   1975 1113    557     1646    507     974     1905    1129    458     373     453     1099    1375    1690    2075    1943    1682    1189    514     451     
1710   1976 1130    608     1663    475     1044    1958    1097    597     371     510     1011    1611    1991    2113    1771    1463    1139    693     261     
1710   1977 1037    569     1468    269     961     1721    1134    177     375     796     930     1157    1584    1835    1739    1551    1167    683     373     
1710   1978 1026    521     1543    196     842     1854    1255    167     32      661     721     1139    1657    1985    1914    1829    1234    704     198     
1710   1979 1085    501     1655    133     1012    1952    1126    -39     253     641     870     1521    1914    2045    1895    1667    1076    636     486     
1710   1980 1039    543     1576    340     833     1887    1148    36      508     514     899     1088    1648    1919    2087    1806    1166    472     309     
1710   1981 1067    549     1573    271     1047    1851    1110    246     255     815     1055    1272    1793    1803    1956    1546    1040    747     230     
1710   1982 1110    522     1695    254     991     1976    1151    321     206     564     921     1485    1901    2113    1912    1824    995     640     378     
1710   1983 1153    583     1692    367     974     2071    1204    668     21      744     875     1300    1811    2376    2016    1755    1295    560     312     
1710   1984 997     494     1490    204     784     1860    1105    188     105     482     940     934     1683    2086    1805    1479    1158    677     398     
1710   1985 1077    466     1684    161     925     1954    1194    -170    264     459     1060    1260    1689    2142    2023    1916    1322    340     565     
1710   1986 1106    499     1635    232     1042    1886    1271    187     -85     601     876     1645    1769    1930    1956    1615    1399    795     486     
1710   1987 1086    568     1670    289     898     1899    1246    164     210     322     1083    1289    1652    2041    1992    1954    1091    697     515     
1710   1988 1140    627     1638    416     1008    1939    1141    297     438     711     980     1331    1651    2105    2025    1721    1270    447     636     
1710   1989 1199    767     1652    -999999 1120    1960    1197    561     634     1006    847     1510    1753    2051    2070    1652    1317    617     328     
1710   1990 1226    749     1733    488     1197    2051    1207    400     771     1060    915     1607    1798    2190    2156    1707    1252    659     138     
1710   1991 1148    552     1719    189     979     2089    1218    219     210     805     887     1243    1770    2183    2303    1912    1101    644     423     
1710   1992 1214    673     1745    478     1176    2018    1186    397     623     847     1064    1615    1593    2139    2307    1723    965     877     390     
1710   1993 1221    661     1793    454     1158    2135    1087    459     519     750     1088    1633    2046    2087    2268    1616    1082    562     484     
1710   1994 1278    664     1823    378     1239    2255    1236    416     220     1172    1021    1517    1976    2401    2380    1617    1141    953     431     
1710   1995 1145    634     1690    362     1082    2007    1179    139     532     610     1151    1486    1733    2293    1986    1464    1424    639     234     
1710   1996 1072    508     1662    177     990     1987    1107    194     99      438     1075    1461    2002    2015    1943    1464    1189    665     281     
1710   1997 1303    770     1815    485     1417    2005    1261    461     736     1280    1290    1677    1833    2092    2084    1899    1218    667     358     
1710   1998 1185    696     1707    467     1108    2065    1085    288     786     865     927     1527    1911    2130    2148    1573    1169    511     346     
1710   1999 1132    591     1684    366     1120    1932    1132    404     347     745     1066    1549    1756    2082    1957    1699    1117    561     282     
1710   2000 1151    639     1639    417     1127    1871    1181    381     600     883     993     1500    1713    1573    2367    1765    1200    556     427     
