EUROPEAN CLIMATE ASSESSMENT & DATASET (ECA&D), file created on: 13-11-2019
THESE DATA CAN BE USED FOR NON-COMMERCIAL RESEARCH AND EDUCATION PROVIDED THAT THE FOLLOWING SOURCE IS ACKNOWLEDGED: 

Klein Tank, A.M.G. and Coauthors, 2002. Daily dataset of 20th-century surface
air temperature and precipitation series for the European Climate Assessment.
Int. J. of Climatol., 22, 1441-1453.
Data and metadata available at http://www.ecad.eu

FILE FORMAT (MISSING VALUE CODE = -999999):

THIS FILE HOLDS DATA FOR STATION NORWAY                                   NELAUG                                   (STAID:   4992)
LATITUDE: dd:mm:ss +58:39:29
LONGITUDE: ddd:mm:ss +008:37:53
ELEVATION: m  142

DATA IS FOR INDEX Mean of daily mean temperature (TG) with unit 0.01 Temperature (&#176;C)

01-06 SOUID: Source identifier
08-11 YEAR : YYYY
13-20 ANNUAL DATA VALUES
21-28 WINTER HALF YEAR DATA VALUES
29-36 SUMMER HALF YEAR DATA VALUES
37-44 WINTER (DJF) DATA VALUES
45-52 SPRING (MAM) DATA VALUES
53-60 SUMMER (JJA) DATA VALUES
61-68 AUTUMN (SON) DATA VALUES
69-76 JANUARY DATA VALUES
etc. 
157-164 DECEMBER DATA VALUES

4992   1960 -999999 -999999 -999999 -999999 -999999 -999999 510     -999999 -999999 -999999 -999999 -999999 -999999 -999999 1398    1038    478     14      -176    
4992   1961 613     19      1152    -269    624     1412    765     -522    -93     401     492     975     1417    1505    1313    1198    923     169     -467    
4992   1962 431     -41     969     -261    161     1263    574     -244    -53     -571    333     728     1243    1340    1205    950     728     40      -548    
4992   1963 358     -389    1098    -929    304     1428    602     -1201   -1051   -354    353     914     1461    1484    1341    1023    618     164     -536    
4992   1964 503     -74     1057    -369    429     1318    552     -285    -281    -130    430     988     1221    1344    1385    952     501     205     -323    
4992   1965 415     -80     1034    -325    321     1294    529     -317    -338    -226    398     794     1340    1278    1265    1119    732     -271    -835    
4992   1966 401     -369    1029    -939    294     1446    586     -906    -1090   87      -23     808     1492    1537    1312    1043    584     132     -237    
4992   1967 579     -16     1110    -377    494     1444    759     -700    -175    288     362     826     1345    1515    1469    1129    717     432     -298    
4992   1968 537     0       1172    -436    496     1512    582     -568    -442    143     501     845     1479    1488    1567    1140    640     -35     -350    
4992   1969 528     -169    1207    -434    295     1599    649     -274    -704    -340    349     879     1543    1603    1647    1206    805     -68     -398    
4992   1970 459     -264    1132    -740    357     1527    539     -790    -1062   -141    153     1052    1703    1343    1539    981     625     8       -15     
4992   1971 650     59      1151    -49     420     1461    648     -134    8       -142    393     1007    1336    1625    1419    1107    725     108     294     
4992   1972 588     60      1115    -167    478     1440    604     -530    -271    12      416     1004    1235    1675    1404    931     681     197     257     
4992   1973 630     257     1153    82      580     1520    461     -48     31      400     384     951     1409    1745    1403    1003    441     -60     -150    
4992   1974 673     82      1169    -5      584     1432    576     97      43      114     654     987     1413    1435    1446    1069    482     181     115     
4992   1975 716     131     1218    29      451     1618    694     145     -195    31      334     985     1353    1695    1797    1115    701     266     289     
4992   1976 559     88      1212    -85     425     1633    532     -383    -168    -189    470     996     1495    1737    1663    885     491     220     -524    
4992   1977 547     -124    1108    -524    426     1498    623     -442    -617    91      195     986     1473    1587    1433    952     746     167     -96     
4992   1978 527     9       1082    -252    383     1431    716     -88     -606    -125    238     1031    1457    1402    1436    908     781     456     -647    
4992   1979 431     -165    1059    -732    335     1408    565     -947    -587    -67     292     777     1401    1483    1340    1045    531     119     -283    
4992   1980 507     -210    1206    -565    465     1479    525     -692    -730    -229    504     1121    1429    1593    1415    1154    454     -30     51      
4992   1981 514     -18     1157    -129    464     1403    643     -214    -236    -157    432     1116    1236    1501    1465    1171    536     225     -950    
4992   1982 609     -172    1198    -683    564     1520    707     -778    -282    219     531     940     1354    1698    1502    1143    657     322     -57     
4992   1983 681     144     1204    -90     480     1606    686     234     -485    140     446     853     1385    1761    1666    1093    760     202     17      
4992   1984 635     23      1188    -223    459     1534    721     -385    -306    -168    454     1092    1417    1599    1581    959     815     386     135     
4992   1985 422     -45     1078    -489    413     1410    540     -911    -713    -36     239     1029    1317    1525    1385    950     812     -152    -469    
4992   1986 503     -211    1063    -672    394     1439    709     -660    -911    48      187     942     1507    1576    1236    909     738     480     -112    
4992   1987 459     -100    1058    -482    334     1324    625     -966    -356    -386    499     894     1161    1538    1269    970     745     157     -63     
4992   1988 658     116     1227    -24     421     1572    643     54      -65     -144    304     1099    1743    1516    1464    1224    586     122     -30     
4992   1989 788     302     1229    250     644     1536    741     476     309     347     474     1106    1445    1727    1433    1172    737     314     -124    
4992   1990 -999999 350     -999999 173     800     -999999 591     251     415     510     648     1238    1432    -999999 1592    1002    684     83      -8      
4992   1991 675     82      1209    -169    582     1509    704     -148    -371    206     510     1027    1095    1772    1646    1177    609     329     155     
4992   1992 710     273     1238    134     665     1539    531     99      149     289     430     1268    1697    1572    1352    1090    357     151     44      
4992   1993 599     139     1126    50      652     1358    430     13      99      166     561     1225    1354    1432    1287    878     488     -79     -271    
4992   1994 623     -123    1211    -400    506     1594    636     -244    -717    28      484     1004    1322    1912    1539    980     591     338     126     
4992   1995 653     191     1216    16      501     1621    711     -164    91      159     447     896     1441    1626    1791    1074    919     132     -616    
4992   1996 509     -128    1146    -566    366     1543    648     -467    -618    -138    457     781     1414    1539    1671    999     778     163     -506    
4992   1997 685     38      1291    -325    537     1726    637     -501    70      232     478     898     1502    1765    1903    1179    537     197     -75     
4992   1998 641     167     1125    47      519     1372    576     -134    381     118     341     1093    1257    1474    1383    1184    604     -61     34      
4992   1999 690     72      1234    -75     522     1521    827     -122    -143    95      623     852     1328    1697    1532    1360    683     445     -123    
4992   2000 773     237     1219    25      670     1462    845     103     102     210     574     1224    1292    1605    1483    1111    906     515     123     
4992   2001 611     110     1208    -183    414     1551    800     -238    -462    -225    343     1121    1361    1723    1562    1110    984     301     -332    
4992   2002 686     226     1343    -67     677     1659    528     14      137     244     618     1166    1492    1629    1851    1280    383     -73     -541    
4992   2003 691     -106    1296    -395    561     1686    662     -345    -288    213     550     918     1538    1807    1709    1236    418     340     130     
4992   2004 686     98      1262    -125    670     1518    675     -304    -205    198     639     1173    1378    1491    1681    1190    660     176     124     
4992   2005 708     162     1225    64      473     1552    784     161     -109    -63     587     899     1390    1739    1520    1197    770     385     -38     
4992   2006 730     35      1320    -185    323     1708    917     -245    -281    -403    363     1010    1534    1928    1655    1406    873     474     379     
4992   2007 718     349     1251    107     726     1540    668     147     -238    405     772     1003    1556    1502    1562    1101    689     213     -166    
4992   2008 716     199     1237    66      597     1550    643     126     251     86      523     1179    1410    1727    1507    1052    671     205     -161    
4992   2009 639     56      1266    -235    640     1530    678     -130    -432    139     704     1080    1438    1615    1533    1210    451     381     -389    
4992   2010 432     -175    1234    -636    515     1593    479     -784    -747    1       537     1008    1526    1706    1545    1064    533     -181    -1113   
4992   2011 705     -255    1300    -660    659     1556    843     -433    -409    86      922     976     1519    1648    1499    1227    787     517     53      
4992   2012 642     274     1171    -88     726     1456    642     -153    -170    590     437     1141    1243    1568    1549    1061    518     350     -501    
4992   2013 609     -145    1217    -480    349     1584    701     -503    -434    -327    265     1107    1404    1780    1564    1159    735     208     273     
4992   2014 815     279     1346    95      759     1663    849     -141    159     427     722     1127    1541    1938    1506    1221    904     422     -94     
4992   2015 753     271     1196    -7      603     1493    769     47      29      299     655     857     1351    1568    1556    1177    724     407     318     
4992   2016 715     203     1311    -64     667     1555    720     -479    -28     267     548     1182    1568    1600    1497    1462    609     92      235     
4992   2017 712     195     1231    60      663     1494    720     28      -99     270     547     1167    1474    1555    1453    1172    779     208     -67     
4992   2018 753     29      1443    -184    587     1793    775     -83     -425    -276    559     1478    1738    2081    1559    1217    751     357     -11     
4992   2019 -999999 210     1270    -44     650     1602    -999999 -227    122     262     693     996     1489    1690    1622    1115    580     -999999 -999999 
