EUROPEAN CLIMATE ASSESSMENT & DATASET (ECA&D), file created on: 13-11-2019
THESE DATA CAN BE USED FOR NON-COMMERCIAL RESEARCH AND EDUCATION PROVIDED THAT THE FOLLOWING SOURCE IS ACKNOWLEDGED: 

Klein Tank, A.M.G. and Coauthors, 2002. Daily dataset of 20th-century surface
air temperature and precipitation series for the European Climate Assessment.
Int. J. of Climatol., 22, 1441-1453.
Data and metadata available at http://www.ecad.eu

FILE FORMAT (MISSING VALUE CODE = -999999):

THIS FILE HOLDS DATA FOR STATION GERMANY                                  BERGE                                    (STAID:   4808)
LATITUDE: dd:mm:ss +52:37:14
LONGITUDE: ddd:mm:ss +012:47:20
ELEVATION: m   40

DATA IS FOR INDEX Mean of daily mean temperature (TG) with unit 0.01 Temperature (&#176;C)

01-06 SOUID: Source identifier
08-11 YEAR : YYYY
13-20 ANNUAL DATA VALUES
21-28 WINTER HALF YEAR DATA VALUES
29-36 SUMMER HALF YEAR DATA VALUES
37-44 WINTER (DJF) DATA VALUES
45-52 SPRING (MAM) DATA VALUES
53-60 SUMMER (JJA) DATA VALUES
61-68 AUTUMN (SON) DATA VALUES
69-76 JANUARY DATA VALUES
etc. 
157-164 DECEMBER DATA VALUES

4808   1953 -999999 -999999 -999999 -999999 -999999 -999999 1011    -999999 -999999 -999999 -999999 -999999 -999999 1860    1723    1391    1087    552     199     
4808   1954 809     227     1398    -224    788     1651    947     -363    -538    359     600     1398    1761    1520    1677    1421    1054    363     352     
4808   1955 779     205     1376    -65     575     1702    912     -224    -349    -11     666     1072    1485    1839    1775    1400    886     452     278     
4808   1956 719     163     1319    -223    700     1565    843     0       -998    292     498     1303    1443    1793    1456    1399    877     251     229     
4808   1957 897     398     1365    231     783     1742    882     104     373     548     751     1048    1783    1866    1578    1150    997     495     41      
4808   1958 859     277     1408    43      652     1680    974     -68     170     22      545     1385    1501    1786    1747    1463    1022    434     250     
4808   1959 935     402     1542    96      990     1870    808     19      10      638     999     1333    1715    2015    1875    1295    824     305     113     
4808   1960 876     259     1420    13      830     1687    938     4       -84     371     722     1394    1737    1661    1665    1326    895     594     196     
4808   1961 924     443     1459    170     945     1652    1035    -108    447     641     1102    1096    1755    1615    1589    1598    1104    401     -163    
4808   1962 770     290     1306    49      682     1538    841     218     97      70      922     1063    1496    1539    1578    1233    940     346     -295    
4808   1963 773     -18     1502    -564    815     1793    1018    -810    -590    255     836     1356    1734    1895    1747    1427    865     767     -288    
4808   1964 838     167     1503    -208    763     1772    877     -299    -26     -12     904     1400    1817    1872    1628    1386    727     524     117     
4808   1965 789     269     1344    58      694     1583    760     156     -116    179     721     1182    1652    1540    1558    1406    822     52      248     
4808   1966 883     214     1465    0       870     1745    900     -306    63      384     851     1374    1844    1711    1683    1314    1113    266     239     
4808   1967 961     438     1468    203     902     1734    1027    67      314     610     689     1400    1565    1930    1700    1502    1145    430     130     
4808   1968 878     361     1479    27      863     1777    955     -96     49      493     970     1131    1799    1706    1826    1437    1041    386     -225    
4808   1969 797     138     1489    -192    687     1795    1005    -79     -280    -46     733     1375    1643    1947    1790    1426    1023    567     -598    
4808   1970 797     70      1406    -430    642     1766    928     -460    -211    90      578     1255    1853    1699    1747    1290    941     554     160     
4808   1971 909     317     1469    78      811     1762    863     -126    213     159     786     1486    1490    1876    1912    1233    930     424     462     
4808   1972 832     362     1388    84      855     1722    780     -348    143     549     787     1227    1610    1908    1644    1134    690     519     105     
4808   1973 878     343     1431    110     788     1780    826     7       230     499     576     1283    1733    1863    1743    1370    754     357     71      
4808   1974 951     412     1385    260     850     1641    876     348     373     563     813     1172    1509    1598    1813    1389    687     559     553     
4808   1975 971     478     1541    401     800     1876    888     515     108     412     703     1281    1620    1972    2027    1623    802     241     269     
4808   1976 874     251     1482    117     713     1835    927     58      17      105     714     1321    1784    2005    1716    1333    935     514     -45     
4808   1977 913     380     1358    67      831     1677    946     6       258     603     612     1269    1684    1685    1661    1219    1010    607     298     
4808   1978 852     417     1355    107     857     1621    932     137     -139    543     693     1331    1599    1639    1623    1226    1011    555     -71     
4808   1979 805     182     1411    -271    798     1659    858     -415    -331    303     728     1362    1799    1514    1669    1382    782     413     384     
4808   1980 795     258     1357    34      682     1647    882     -381    104     240     674     1132    1611    1641    1688    1381    882     383     166     
4808   1981 882     352     1476    48      991     1706    929     -106    88      671     782     1514    1661    1765    1690    1426    869     494     -323    
4808   1982 971     211     1573    -206    864     1893    1114    -255    -23     490     724     1374    1742    2035    1897    1648    1057    638     259     
4808   1983 989     481     1577    220     907     1928    951     494     -127    513     900     1308    1741    2127    1911    1455    973     423     58      
4808   1984 860     315     1384    79      779     1634    938     159     15      246     784     1309    1434    1635    1826    1292    1084    432     68      
4808   1985 825     194     1465    -244    902     1685    824     -523    -280    345     817     1540    1464    1831    1754    1360    951     155     391     
4808   1986 866     204     1462    -77     858     1775    937     22      -705    321     703     1546    1734    1855    1733    1175    967     668     242     
4808   1987 782     181     1390    -186    668     1632    992     -705    -86     -8      941     1079    1501    1789    1603    1415    967     593     253     
4808   1988 -999999 -999999 1524    -999999 911     1760    900     -999999 289     291     856     1583    1626    1865    1785    1405    974     319     362     
4808   1989 1043    524     1557    377     1011    1801    1003    348     426     701     833     1494    1715    1887    1797    1599    1118    288     255     
4808   1990 1039    582     1492    427     1045    1776    941     399     650     778     864     1488    1651    1777    1896    1252    1044    525     117     
4808   1991 892     388     1417    28      811     1742    964     215     -277    646     764     1023    1399    2026    1809    1500    924     469     181     
4808   1992 1003    439     1625    237     976     1985    824     152     388     517     875     1534    1966    2006    1982    1364    602     514     117     
4808   1993 902     320     1474    131     1043    1609    729     250     15      398     1116    1617    1571    1605    1650    1273    868     43      351     
4808   1994 1021    362     1580    219     950     1941    944     348     -69     576     910     1362    1628    2314    1871    1371    764     703     385     
4808   1995 952     463     1553    311     872     1893    949     61      505     371     912     1335    1551    2142    1976    1378    1197    264     -297    
4808   1996 788     101     1462    -323    777     1769    901     -385    -284    92      995     1251    1674    1681    1950    1205    970     526     -250    
4808   1997 984     334     1606    -18     887     2004    891     -216    458     535     718     1403    1815    1969    2223    1485    840     349     195     
4808   1998 987     456     1556    349     1027    1764    828     290     585     485     1037    1560    1780    1769    1743    1436    886     160     90      
4808   1999 1040    360     1636    185     993     1858    1049    324     137     535     1011    1432    1637    2081    1848    1794    967     387     266     
4808   2000 1049    456     1564    279     1079    1754    1068    157     423     530     1127    1582    1801    1642    1821    1401    1163    637     289     
4808   2001 936     442     1488    174     851     1800    998     87      144     306     779     1465    1487    1985    1917    1265    1275    444     10      
4808   2002 984     505     1580    246     968     1890    881     216     539     544     849     1507    1735    1884    2047    1433    791     421     -181    
4808   2003 985     222     1666    -124    969     2013    909     -22     -173    464     906     1536    1946    2025    2066    1498    589     649     260     
4808   2004 943     368     1482    152     918     1735    968     -97     304     506     1000    1249    1544    1715    1939    1431    1013    459     232     
4808   2005 944     391     1494    170     875     1705    1049    287     -29     343     967     1319    1605    1854    1653    1552    1129    462     123     
4808   2006 1013    248     1637    -82     782     1925    1264    -352    -11     119     863     1368    1750    2307    1711    1810    1234    748     548     
4808   2007 1043    696     1566    482     1113    1811    862     534     350     731     1106    1502    1818    1810    1804    1345    845     396     224     
4808   2008 1017    462     1528    356     922     1837    961     387     465     455     830     1480    1792    1892    1824    1330    975     577     171     
4808   2009 963     347     1600    0       1046    1806    1033    -230    66      504     1267    1374    1505    1919    1985    1534    798     775     13      
4808   2010 832     261     1520    -177    838     1918    880     -479    -52     495     921     1100    1709    2214    1823    1331    821     489     -434    
4808   2011 1024    256     1607    -90     1054    1785    1015    152     24      466     1243    1460    1771    1740    1843    1581    1015    450     477     
4808   2012 962     457     1531    171     1052    1767    982     197     -184    743     893     1513    1588    1841    1867    1465    935     548     84      
4808   2013 943     251     1537    45      703     1876    1012    38      8       -122    863     1373    1709    2025    1889    1340    1140    553     431     
4808   2014 1093    573     1593    331     1068    1826    1181    75      502     727     1146    1331    1661    2094    1717    1597    1260    684     285     
4808   2015 1056    556     1535    259     915     1886    996     308     175     589     884     1270    1617    1935    2099    1385    847     760     730     
4808   2016 1026    533     1648    374     955     1894    1014    4       389     466     857     1538    1871    1973    1839    1799    882     365     316     
4808   2017 1014    408     1523    149     1000    1821    1051    -92     230     729     798     1467    1762    1838    1862    1392    1170    586     361     
4808   2018 1108    425     1787    205     1055    2025    1095    345     -123    163     1290    1718    1878    2102    2089    1629    1122    532     456     
4808   2019 -999999 573     -999999 357     -999999 2056    -999999 149     478     694     1039    -999999 2198    1929    2047    1487    1127    -999999 -999999 
