EUROPEAN CLIMATE ASSESSMENT & DATASET (ECA&D), file created on: 13-11-2019
THESE DATA CAN BE USED FOR NON-COMMERCIAL RESEARCH AND EDUCATION PROVIDED THAT THE FOLLOWING SOURCE IS ACKNOWLEDGED: 

Klein Tank, A.M.G. and Coauthors, 2002. Daily dataset of 20th-century surface
air temperature and precipitation series for the European Climate Assessment.
Int. J. of Climatol., 22, 1441-1453.
Data and metadata available at http://www.ecad.eu

FILE FORMAT (MISSING VALUE CODE = -999999):

THIS FILE HOLDS DATA FOR STATION SWEDEN                                   GENEVAD                                  (STAID:   5224)
LATITUDE: dd:mm:ss +56:34:12
LONGITUDE: ddd:mm:ss +013:01:48
ELEVATION: m   20

DATA IS FOR INDEX Mean of daily mean temperature (TG) with unit 0.01 Temperature (&#176;C)

01-06 SOUID: Source identifier
08-11 YEAR : YYYY
13-20 ANNUAL DATA VALUES
21-28 WINTER HALF YEAR DATA VALUES
29-36 SUMMER HALF YEAR DATA VALUES
37-44 WINTER (DJF) DATA VALUES
45-52 SPRING (MAM) DATA VALUES
53-60 SUMMER (JJA) DATA VALUES
61-68 AUTUMN (SON) DATA VALUES
69-76 JANUARY DATA VALUES
etc. 
157-164 DECEMBER DATA VALUES

5224   1961 806     -999999 1284    -999999 733     1513    968     -121    250     440     729     1029    1587    1501    1455    1400    1126    372     -128    
5224   1962 646     221     1139    3       442     1382    785     96      46      -200    645     889     1330    1433    1383    1142    878     332     -254    
5224   1963 633     -98     1303    -575    552     1583    933     -937    -531    -103    513     1244    1540    1607    1599    1296    878     627     -204    
5224   1964 720     178     1266    -139    623     1494    805     -46     -169    -25     696     1199    1482    1503    1498    1203    733     482     53      
5224   1965 646     162     1205    -75     484     1454    750     27      -330    -28     557     926     1484    1425    1455    1378    856     12      -76     
5224   1966 664     31      1221    -287    520     1564    805     -415    -378    147     292     1115    1622    1629    1443    1209    865     338     23      
5224   1967 794     264     1278    -37     709     1547    982     -221    100     467     502     1153    1380    1671    1585    1361    1073    508     -98     
5224   1968 740     221     1314    -192    660     1614    867     -283    -194    303     720     959     1635    1502    1706    1352    826     423     -94     
5224   1969 713     119     1334    -155    481     1684    904     -87     -297    -85     502     1028    1559    1740    1750    1407    948     354     -332    
5224   1970 635     -13     1230    -460    466     1596    773     -458    -603    -35     315     1112    1682    1524    1584    1147    848     322     87      
5224   1971 775     227     1267    48      593     1564    786     -19     79      32      547     1197    1401    1655    1632    1145    855     355     360     
5224   1972 765     269     1258    48      669     1584    755     -253    37      250     596     1158    1427    1791    1528    1022    728     517     352     
5224   1973 742     356     1271    168     648     1625    629     18      130     377     479     1082    1551    1780    1542    1171    567     152     10      
5224   1974 818     259     1259    152     720     1476    794     205     250     369     742     1051    1417    1467    1543    1324    590     474     351     
5224   1975 863     349     1360    277     625     1682    866     404     53      200     494     1178    1455    1717    1866    1425    823     352     316     
5224   1976 671     162     1265    -27     493     1604    763     -262    -143    -129    475     1132    1451    1741    1615    1155    756     378     -148    
5224   1977 734     166     1200    -143    602     1531    823     -131    -152    268     395     1136    1555    1533    1506    1058    950     458     166     
5224   1978 707     253     1212    -30     617     1505    881     31      -315    181     494     1172    1507    1495    1514    1075    880     687     -301    
5224   1979 632     76      1211    -408    556     1489    758     -465    -465    87      464     1115    1575    1407    1487    1203    671     402     31      
5224   1980 660     74      1266    -200    513     1565    725     -303    -336    -38     552     1026    1514    1641    1539    1312    698     166     115     
5224   1981 690     160     1287    -43     687     1519    803     -213    -30     205     506     1343    1431    1579    1545    1300    746     364     -628    
5224   1982 752     4       1297    -484    630     1620    943     -565    -245    296     560     1031    1389    1775    1690    1316    922     590     195     
5224   1983 796     364     1321    128     683     1610    812     368     -212    270     656     1123    1419    1727    1677    1309    882     242     13      
5224   1984 784     192     1270    -8      647     1535    902     3       -42     39      671     1231    1385    1542    1675    1098    1045    560     169     
5224   1985 587     72      1208    -425    567     1497    717     -716    -761    71      372     1250    1360    1590    1535    1117    942     85      89      
5224   1986 665     48      1196    -295    565     1530    835     -325    -686    111     405     1173    1491    1621    1476    987     847     671     111     
5224   1987 590     80      1129    -284    434     1359    828     -803    -146    -205    560     950     1206    1484    1382    1178    919     385     132     
5224   1988 797     319     1338    195     610     1624    738     283     167     20      534     1273    1666    1653    1556    1329    755     129     177     
5224   1989 891     406     1324    340     781     1598    849     417     435     519     657     1165    1534    1717    1541    1315    923     307     133     
5224   1990 896     465     1325    333     838     1612    776     349     538     541     773     1198    1574    1589    1670    1127    883     315     171     
5224   1991 791     285     1272    33      658     1574    873     83      -176    388     652     934     1212    1779    1718    1316    823     481     210     
5224   1992 845     375     1389    178     758     1733    707     115     210     403     523     1341    1808    1804    1589    1253    495     380     198     
5224   1993 733     228     1249    94      817     1404    614     71      3       202     816     1435    1385    1417    1408    1013    657     171     164     
5224   1994 842     203     1378    46      713     1699    835     183     -236    237     780     1124    1309    2015    1761    1256    720     534     328     
5224   1995 781     337     1342    170     628     1701    852     -100    293     247     616     1020    1480    1791    1826    1300    1099    148     -379    
5224   1996 674     49      1242    -326    538     1589    824     -223    -379    1       703     915     1409    1505    1847    1056    955     457     -195    
5224   1997 793     214     1392    -134    576     1834    762     -314    133     246     499     982     1605    1829    2061    1350    601     340     144     
5224   1998 777     299     1282    208     738     1449    768     125     370     224     719     1270    1380    1496    1468    1347    880     74      -58     
5224   1999 865     221     1404    1       740     1644    996     112     -58     345     812     1065    1465    1797    1663    1608    879     506     122     
5224   2000 930     379     1360    197     848     1545    1055    195     279     290     934     1323    1469    1594    1569    1261    1153    747     323     
5224   2001 810     403     1338    134     625     1647    960     117     -56     99      587     1188    1362    1841    1730    1298    1183    391     -88     
5224   2002 -999999 407     -999999 145     846     -999999 -999999 178     366     405     756     1373    1634    -999999 -999999 -999999 -999999 -999999 -999999 
