EUROPEAN CLIMATE ASSESSMENT & DATASET (ECA&D), file created on: 13-11-2019
THESE DATA CAN BE USED FOR NON-COMMERCIAL RESEARCH AND EDUCATION PROVIDED THAT THE FOLLOWING SOURCE IS ACKNOWLEDGED: 

Klein Tank, A.M.G. and Coauthors, 2002. Daily dataset of 20th-century surface
air temperature and precipitation series for the European Climate Assessment.
Int. J. of Climatol., 22, 1441-1453.
Data and metadata available at http://www.ecad.eu

FILE FORMAT (MISSING VALUE CODE = -999999):

THIS FILE HOLDS DATA FOR STATION SVALBARD AND JAN MAYEN                   LONGYEARBYEN                             (STAID:  19003)
LATITUDE: dd:mm:ss +78:13:21
LONGITUDE: ddd:mm:ss +015:37:30
ELEVATION: m   37

DATA IS FOR INDEX Mean of daily mean temperature (TG) with unit 0.01 Temperature (&#176;C)

01-06 SOUID: Source identifier
08-11 YEAR : YYYY
13-20 ANNUAL DATA VALUES
21-28 WINTER HALF YEAR DATA VALUES
29-36 SUMMER HALF YEAR DATA VALUES
37-44 WINTER (DJF) DATA VALUES
45-52 SPRING (MAM) DATA VALUES
53-60 SUMMER (JJA) DATA VALUES
61-68 AUTUMN (SON) DATA VALUES
69-76 JANUARY DATA VALUES
etc. 
157-164 DECEMBER DATA VALUES

19003  1911 -999999 -999999 -999999 -999999 -999999 -999999 -616    -999999 -999999 -999999 -999999 -999999 -999999 -999999 -999999 185     -910    -1122   -1304   
19003  1912 -999999 -1660   -999999 -1987   -1521   -999999 -999999 -2271   -2413   -1947   -1994   -637    178     -999999 -999999 -999999 -999999 -999999 -999999 
19003  1913 -999999 -999999 -999999 -999999 -999999 -999999 -999999 -999999 -999999 -999999 -999999 -999999 -999999 -999999 -999999 -999999 -999999 -999999 -999999 
19003  1914 -999999 -999999 -999999 -999999 -999999 -999999 -999999 -999999 -999999 -999999 -999999 -999999 -999999 -999999 -999999 -999999 -999999 -999999 -999999 
19003  1915 -999999 -999999 -999999 -999999 -999999 -999999 -999999 -999999 -999999 -999999 -999999 -999999 -999999 -999999 -999999 -999999 -999999 -999999 -999999 
19003  1916 -999999 -999999 -999999 -999999 -999999 -999999 -999999 -999999 -999999 -999999 -999999 -999999 -999999 -999999 -999999 -999999 -999999 -1771   -1848   
19003  1917 -1136   -999999 -386    -2219   -1828   314     -785    -2245   -2601   -2469   -2156   -869    168     441     328     -260    -788    -1305   -1985   
19003  1918 -666    -1683   53      -2112   -1037   582     -598    -2477   -1850   -1698   -1245   -176    437     838     466     -35     -765    -989    -589    
19003  1919 -999999 -1224   -47     -1122   -1348   524     -999999 -627    -2260   -2208   -1731   -119    506     547     517     -37     -999999 -1493   -1249   
19003  1920 -999999 -999999 -999999 -1384   -788    -999999 -999999 -1182   -1746   -922    -1212   -245    -999999 -999999 -999999 -999999 -999999 -999999 -999999 
19003  1921 -999999 -999999 -999999 -999999 -999999 -999999 -999999 -999999 -999999 -999999 -999999 -999999 -999999 -999999 -999999 -999999 -771    -1062   -1058   
19003  1922 -412    -1011   121     -849    -1058   682     -311    -497    -1008   -1673   -1185   -320    564     852     626     163     -465    -627    -1411   
19003  1923 -999999 -1096   -999999 -1397   -874    -999999 -999999 -1323   -1465   -1305   -985    -335    -999999 702     572     -999999 -999999 -999999 -999999 
19003  1924 -999999 -999999 -999999 -999999 -999999 -999999 -999999 -999999 -999999 -999999 -999999 -999999 -999999 -999999 -999999 -999999 -999999 -999999 -999999 
19003  1925 -999999 -999999 -999999 -999999 -999999 -999999 -999999 -999999 -999999 -999999 -999999 -999999 -999999 -999999 -999999 -999999 -999999 -999999 -999999 
19003  1926 -999999 -999999 -999999 -999999 -999999 -999999 -999999 -999999 -999999 -999999 -999999 -999999 -999999 -999999 -999999 -999999 -999999 -999999 -999999 
19003  1927 -999999 -999999 -999999 -999999 -999999 -999999 -999999 -999999 -999999 -999999 -999999 -999999 -999999 -999999 -999999 -999999 -999999 -999999 -999999 
19003  1928 -999999 -999999 -999999 -999999 -999999 -999999 -999999 -999999 -999999 -999999 -999999 -999999 -999999 -999999 -999999 -999999 -999999 -999999 -999999 
19003  1929 -999999 -999999 -999999 -999999 -999999 -999999 -999999 -999999 -999999 -999999 -999999 -999999 -999999 -999999 -999999 -999999 -999999 -999999 -999999 
19003  1930 -999999 -999999 -999999 -999999 -999999 -999999 -384    -999999 -999999 -999999 -999999 -999999 -999999 -999999 -999999 71      -578    -638    -485    
19003  1931 -390    -888    109     -840    -873    539     -263    -1209   -826    -1581   -567    -461    367     704     541     56      -688    -144    -879    
19003  1932 -551    -958    -37     -1202   -978    483     -532    -1476   -1253   -1302   -1306   -337    265     664     515     -57     -466    -1076   -828    
19003  1933 -368    -846    57      -706    -964    497     -319    -370    -943    -1412   -1251   -237    316     640     528     320     -550    -720    -783    
19003  1934 -999999 -837    -999999 -1037   -728    585     -999999 -837    -1539   -660    -1270   -273    353     695     700     -999999 -999999 -999999 -999999 
19003  1935 -999999 -999999 -1      -999999 -978    580     -999999 -999999 -1379   -1288   -1066   -584    331     766     634     -112    -999999 -999999 -999999 
19003  1936 -999999 -999999 -999999 -999999 -999999 -999999 -999999 -999999 -999999 -999999 -999999 -999999 -999999 -999999 -999999 -999999 -999999 -749    -870    
19003  1937 -297    -999999 162     -872    -648    528     -329    -224    -1591   -1202   -618    -122    301     665     612     111     -370    -728    -515    
19003  1938 -267    -772    81      -759    -853    561     -172    -858    -920    -1256   -981    -326    450     701     527     96      -80     -535    -77     
19003  1939 -999999 -683    -999999 -783    -739    -999999 -999999 -1195   -1108   -1140   -941    -142    165     -999999 -999999 -999999 -999999 -999999 -999999 
19003  1940 -999999 -999999 -999999 -999999 -999999 -999999 -999999 -999999 -999999 -999999 -999999 -999999 -999999 -999999 -999999 -999999 -999999 -999999 -999999 
19003  1941 -999999 -999999 -999999 -999999 -999999 -999999 -999999 -999999 -999999 -999999 -999999 -999999 -999999 -999999 -999999 -999999 -999999 -999999 -999999 
19003  1942 -999999 -999999 -999999 -999999 -999999 -999999 -999999 -999999 -999999 -999999 -999999 -999999 -999999 -999999 -999999 -999999 -999999 -999999 -999999 
19003  1943 -999999 -999999 -999999 -999999 -999999 -999999 -999999 -999999 -999999 -999999 -999999 -999999 -999999 -999999 -999999 -999999 -999999 -999999 -999999 
19003  1944 -999999 -999999 -999999 -999999 -999999 -999999 -999999 -999999 -999999 -999999 -999999 -999999 -999999 -999999 -999999 -999999 -999999 -999999 -999999 
19003  1945 -999999 -999999 -999999 -999999 -999999 -999999 -575    -999999 -999999 -999999 -999999 -999999 -999999 -999999 -999999 129     -612    -1239   -1075   
19003  1946 -999999 -1165   -999999 -1226   -972    501     -999999 -1215   -1407   -1467   -1018   -431    229     696     570     -999999 -999999 -999999 -999999 
19003  1947 -999999 -999999 -999999 -999999 -999999 -999999 -999999 -999999 -999999 -999999 -999999 -999999 -999999 -999999 -999999 -999999 -999999 -999999 -999999 
19003  1948 -999999 -999999 -999999 -999999 -999999 -999999 -999999 -999999 -999999 -999999 -999999 -999999 -999999 -999999 -999999 -999999 -999999 -999999 -999999 
19003  1949 -999999 -999999 -999999 -999999 -999999 -999999 -999999 -999999 -999999 -999999 -999999 -999999 -999999 -999999 -999999 -999999 -999999 -999999 -999999 
19003  1950 -999999 -999999 -999999 -999999 -999999 -999999 -999999 -999999 -999999 -999999 -999999 -999999 -999999 -999999 -999999 -999999 -999999 -999999 -999999 
19003  1951 -999999 -999999 -999999 -999999 -999999 -999999 -999999 -999999 -999999 -999999 -999999 -999999 -999999 -999999 -999999 -999999 -999999 -999999 -999999 
19003  1952 -999999 -999999 -999999 -999999 -999999 -999999 -999999 -999999 -999999 -999999 -999999 -999999 -999999 -999999 -999999 -999999 -999999 -999999 -999999 
19003  1953 -999999 -999999 -999999 -999999 -999999 -999999 -999999 -999999 -999999 -999999 -999999 -999999 -999999 -999999 -999999 -999999 -999999 -999999 -999999 
19003  1954 -999999 -999999 -999999 -999999 -999999 -999999 -999999 -999999 -999999 -999999 -999999 -999999 -999999 -999999 -999999 -999999 -999999 -999999 -999999 
19003  1955 -999999 -999999 -999999 -999999 -999999 -999999 -999999 -999999 -999999 -999999 -999999 -999999 -999999 -999999 -999999 -999999 -999999 -999999 -999999 
19003  1956 -999999 -999999 -999999 -999999 -999999 -999999 -999999 -999999 -999999 -999999 -999999 -999999 -999999 -999999 -999999 -999999 -999999 -999999 -999999 
19003  1957 -325    -999999 170     -999999 -641    537     -120    -838    -1187   -1124   -666    -133    329     683     592     197     76      -638    -1263   
19003  1958 -471    -897    49      -1119   -873    469     -403    -833    -1277   -1478   -976    -169    279     634     488     10      -421    -797    -1183   
19003  1959 -451    -1203   92      -1504   -824    468     -125    -1861   -1465   -1504   -851    -118    305     586     507     101     -86     -390    -700    
19003  1960 -465    -812    205     -1174   -550    545     -451    -1115   -1744   -880    -713    -62     308     767     553     355     -886    -809    -1400   
19003  1961 -517    -1243   81      -1470   -942    603     -219    -1255   -1784   -1361   -1175   -298    385     751     665     125     -110    -675    -1576   
19003  1962 -702    -1219   -146    -1507   -1362   380     -319    -1403   -1545   -2020   -1382   -685    230     436     469     36      -421    -568    -1620   
19003  1963 -785    -1467   -22     -2065   -1067   442     -505    -2132   -2483   -1651   -1292   -265    180     505     634     79      -233    -1371   -1536   
19003  1964 -549    -1228   -28     -1577   -866    427     -436    -1551   -1648   -1059   -1213   -339    153     544     575     85      -396    -999    -803    
19003  1965 -594    -1199   67      -1274   -1041   478     -405    -1553   -1486   -1980   -743    -390    317     659     454     84      -585    -709    -1240   
19003  1966 -745    -1408   -50     -1692   -1222   480     -809    -2120   -1717   -2083   -914    -660    194     743     494     -181    -1066   -1169   -520    
19003  1967 -658    -1304   44      -1439   -839    457     -466    -2197   -1616   -1281   -936    -302    293     604     468     113     -716    -787    -1587   
19003  1968 -928    -1369   -130    -1622   -1221   388     -1096   -1685   -1590   -1844   -1376   -447    160     555     440     -144    -1462   -1671   -2096   
19003  1969 -645    -1760   -25     -1769   -1329   461     -328    -1474   -1735   -2116   -1596   -282    131     739     503     321     -162    -1147   -1013   
19003  1970 -636    -1127   -18     -1440   -915    464     -527    -1477   -1873   -1165   -1408   -187    277     653     455     71      -381    -1276   -1430   
19003  1971 -660    -1318   78      -1570   -959    559     -805    -2154   -1078   -1563   -1131   -189    521     646     507     88      -797    -1707   -1094   
19003  1972 -289    -1016   123     -856    -780    586     -178    -354    -1138   -1037   -1102   -211    513     673     569     272     -390    -409    -891    
19003  1973 -609    -937    73      -1101   -882    488     -723    -756    -1714   -1519   -783    -341    345     674     439     85      -763    -1489   -1571   
19003  1974 -304    -1036   53      -1061   -790    586     -280    -606    -1000   -796    -1174   -412    373     755     624     124     -286    -679    -647    
19003  1975 -624    -939    39      -1082   -933    482     -547    -1435   -1174   -1430   -978    -394    236     644     559     145     -738    -1041   -1902   
19003  1976 -379    -1146   95      -1494   -557    537     -391    -1384   -1173   -638    -897    -145    407     662     539     -19     -382    -774    -780    
19003  1977 -600    -1127   -57     -1140   -1325   471     -357    -1048   -1640   -2179   -1468   -332    246     675     485     18      -402    -687    -954    
19003  1978 -747    -1309   -44     -1676   -1038   420     -616    -2072   -2036   -1754   -981    -376    166     590     494     -184    -579    -1086   -1243   
19003  1979 -768    -1422   -206    -1770   -1370   396     -337    -2048   -2047   -1579   -1734   -809    -56     752     478     101     -426    -683    -1268   
19003  1980 -719    -1172   31      -1472   -928    449     -720    -1667   -1480   -1511   -937    -338    340     594     411     101     -755    -1506   -1895   
19003  1981 -711    -1594   -91     -1800   -1222   353     -325    -2199   -1252   -1920   -1217   -529    -8      523     532     127     -365    -737    -1505   
19003  1982 -641    -1159   -109    -1679   -747    330     -550    -1972   -1549   -851    -988    -409    93      506     383     -265    -526    -858    -1324   
19003  1983 -636    -1054   -42     -1318   -833    377     -655    -1075   -1581   -1003   -1165   -340    112     595     414     103     -635    -1434   -1713   
19003  1984 -308    -1171   85      -1171   -848    478     -188    -880    -904    -1453   -803    -286    265     656     505     151     -248    -464    -266    
19003  1985 -542    -726    -24     -824    -960    500     -527    -1265   -953    -1176   -1340   -376    312     710     471     48      -665    -958    -1342   
19003  1986 -658    -1352   -58     -1705   -1052   511     -483    -1573   -2254   -1394   -1462   -314    369     644     517     -135    -398    -919    -1122   
19003  1987 -674    -1125   -47     -1350   -882    361     -608    -1189   -1780   -1400   -890    -355    206     471     401     -135    -653    -1035   -1809   
19003  1988 -890    -1437   -113    -1658   -1338   503     -925    -1691   -1462   -1959   -1808   -264    288     668     547     -151    -935    -1690   -2250   
19003  1989 -647    -1683   71      -2008   -814    415     -456    -1840   -1927   -1483   -807    -152    241     532     466     127     -556    -935    -1517   
19003  1990 -389    -1025   129     -1043   -919    491     -305    -617    -991    -1528   -817    -407    272     643     551     517     -245    -1189   -902    
19003  1991 -502    -888    -10     -1019   -808    475     -537    -1230   -914    -859    -1180   -397    253     549     616     74      -523    -1162   -1290   
19003  1992 -508    -1184   126     -1432   -686    456     -403    -1270   -1757   -1137   -653    -267    314     591     459     300     -812    -683    -1220   
19003  1993 -607    -1278   -23     -1516   -1147   555     -369    -1700   -1638   -1627   -1454   -371    234     775     645     -8      -872    -211    -1127   
19003  1994 -589    -1070   29      -1470   -662    388     -745    -1676   -1621   -938    -651    -395    307     511     343     49      -857    -1422   -800    
19003  1995 -600    -1269   135     -1274   -817    501     -612    -1640   -1393   -1520   -673    -253    331     630     536     220     -625    -1431   -1436   
19003  1996 -491    -1138   -11     -1371   -700    421     -264    -975    -1724   -685    -940    -481    234     529     495     79      -390    -476    -1604   
19003  1997 -597    -1167   -61     -1658   -958    417     -418    -1781   -1580   -1191   -1368   -329    259     523     462     58      -487    -821    -986    
19003  1998 -609    -1259   4       -1653   -1038   593     -294    -1997   -2010   -1313   -1252   -556    264     824     680     35      -383    -530    -1171   
19003  1999 -384    -850    69      -1146   -676    461     -244    -1004   -1274   -770    -1057   -213    266     628     483     283     -616    -387    -1008   
19003  2000 -398    -907    -25     -986    -1058   444     -7      -852    -1108   -1470   -1270   -440    211     603     511     209     136     -370    -972    
19003  2001 -455    -765    73      -903    -1057   541     -434    -825    -913    -1645   -1233   -298    332     636     649     325     -512    -1112   -900    
19003  2002 -424    -1156   150     -1166   -923    609     -284    -1265   -1352   -1813   -607    -338    369     702     747     7       -299    -558    -747    
19003  2003 -608    -1067   85      -1277   -978    543     -343    -1857   -1222   -1717   -956    -260    279     694     649     75      -426    -674    -1906   
19003  2004 -427    -1201   205     -1782   -457    555     -458    -1699   -1738   -778    -424    -167    309     765     582     146     -351    -1172   -656    
19003  2005 -294    -884    145     -690    -902    623     -311    -745    -666    -1699   -893    -113    457     726     682     -18     -524    -385    -377    
19003  2006 -163    -637    362     -527    -408    630     -267    -270    -976    -1317   14      92      478     747     658     169     -552    -410    -634    
19003  2007 -250    -674    180     -805    -579    643     -193    -892    -899    -670    -942    -138    506     780     639     209     -254    -533    -860    
19003  2008 -397    -793    96      -832    -899    486     -367    -748    -891    -1472   -1046   -185    336     615     503     333     -568    -858    -804    
19003  2009 -367    -961    35      -1065   -942    568     -128    -1271   -1127   -1152   -1591   -105    295     767     635     172     -362    -186    -550    
19003  2010 -409    -736    159     -760    -780    501     -399    -722    -1033   -1576   -766    2       353     659     485     196     -294    -1103   -1165   
19003  2011 -331    -1102   261     -1321   -673    623     -144    -1522   -1274   -1271   -585    -161    485     690     688     436     -263    -601    -656    
19003  2012 -195    -490    129     -518    -558    540     -204    -341    -559    -526    -918    -243    387     660     568     302     -272    -638    -787    
19003  2013 -347    -837    204     -893    -836    637     -300    -831    -1079   -1432   -926    -154    437     745     723     374     -471    -797    -813    
19003  2014 -207    -593    129     -476    -671    585     -222    -412    -173    -859    -967    -196    384     725     639     162     -186    -643    -963    
19003  2015 -192    -756    257     -1016   -477    668     -82     -732    -1388   -682    -534    -216    456     811     729     277     -180    -339    -595    
19003  2016 -2      -455    322     -508    -384    661     219     -375    -557    -685    -618    145     500     895     583     407     317     -69     -600    
19003  2017 -219    -539    175     -776    -792    588     59      -1031   -689    -1163   -827    -388    457     694     607     495     46      -362    -493    
19003  2018 -177    -529    223     -527    -642    603     -122    -547    -544    -1270   -838    176     398     724     679     165     -144    -385    -577    
19003  2019 -999999 -748    265     -900    -631    649     -999999 -1032   -1110   -1261   -392    -232    484     842     617     256     -468    -999999 -999999 
