EUROPEAN CLIMATE ASSESSMENT & DATASET (ECA&D), file created on: 13-11-2019
THESE DATA CAN BE USED FOR NON-COMMERCIAL RESEARCH AND EDUCATION PROVIDED THAT THE FOLLOWING SOURCE IS ACKNOWLEDGED: 

Klein Tank, A.M.G. and Coauthors, 2002. Daily dataset of 20th-century surface
air temperature and precipitation series for the European Climate Assessment.
Int. J. of Climatol., 22, 1441-1453.
Data and metadata available at http://www.ecad.eu

FILE FORMAT (MISSING VALUE CODE = -999999):

THIS FILE HOLDS DATA FOR STATION UNITED KINGDOM                           PLYMOUTH HOE                             (STAID:  17486)
LATITUDE: dd:mm:ss +50:21:46
LONGITUDE: ddd:mm:ss -004:08:23
ELEVATION: m   36

DATA IS FOR INDEX Mean of daily mean temperature (TG) with unit 0.01 Temperature (&#176;C)

01-06 SOUID: Source identifier
08-11 YEAR : YYYY
13-20 ANNUAL DATA VALUES
21-28 WINTER HALF YEAR DATA VALUES
29-36 SUMMER HALF YEAR DATA VALUES
37-44 WINTER (DJF) DATA VALUES
45-52 SPRING (MAM) DATA VALUES
53-60 SUMMER (JJA) DATA VALUES
61-68 AUTUMN (SON) DATA VALUES
69-76 JANUARY DATA VALUES
etc. 
157-164 DECEMBER DATA VALUES

17486  1874 -999999 -999999 -999999 -999999 993     1636    -999999 663     665     763     1044    1160    1551    1728    1632    1448    1164    -999999 363     
17486  1875 -999999 -999999 1430    -999999 936     1578    1164    849     -999999 617     874     1302    1501    1573    1657    1638    1089    723     493     
17486  1876 -999999 -999999 1405    522     869     1686    -999999 434     640     613     894     1085    1485    1830    1726    1393    1270    806     813     
17486  1877 -999999 -999999 -999999 -999999 835     1599    1072    736     820     612     875     1031    1598    1572    1629    1271    1069    861     593     
17486  1878 -999999 -999999 1457    -999999 977     1690    1077    625     709     713     932     1266    1551    1792    1715    1459    1193    475     192     
17486  1879 -999999 -999999 1261    -999999 794     1478    -999999 -999999 548     582     770     1007    1385    1479    1568    1333    1109    540     265     
17486  1880 -999999 -999999 -999999 -999999 -999999 1619    -999999 296     723     826     928     1209    1433    1640    1781    1493    863     712     813     
17486  1881 -999999 -999999 1346    -999999 942     1535    1103    99      -999999 701     858     1258    1412    1661    1526    1318    922     1058    637     
17486  1882 -999999 -999999 1354    -999999 1017    1541    1042    658     708     832     973     1243    1415    1579    1630    1267    1065    785     622     
17486  1883 -999999 -999999 -999999 -999999 816     1521    1076    -999999 650     358     889     1156    1416    1547    1593    1392    1071    785     607     
17486  1884 -999999 -999999 -999999 -999999 918     1637    -999999 749     702     781     795     1187    1512    1628    1771    1515    1037    710     -999999 
17486  1885 -999999 -999999 1287    -999999 815     1543    1026    486     -999999 623     807     1003    1450    1636    1537    1322    905     831     -999999 
17486  1886 -999999 -999999 -999999 -999999 -999999 1596    -999999 334     323     480     907     1173    1469    1691    1619    1450    1202    831     453     
17486  1887 -999999 -999999 1448    -999999 813     1787    -999999 429     464     497     770     1167    1762    1845    1754    1362    880     657     492     
17486  1888 -999999 -999999 -999999 -999999 802     1504    -999999 435     266     404     763     1200    1460    1531    1519    1401    972     950     693     
17486  1889 -999999 -999999 -999999 -999999 904     -999999 -999999 497     -999999 537     876     1300    1666    1651    1566    1443    951     -999999 514     
17486  1890 -999999 -999999 -999999 -999999 987     1559    -999999 780     -999999 689     920     1332    1510    1523    1636    1585    1117    809     -999999 
17486  1891 -999999 -999999 1369    -999999 838     1605    -999999 322     580     531     840     1112    1598    1630    1585    1447    1113    738     748     
17486  1892 -999999 -999999 -999999 -999999 -999999 1493    1023    441     -999999 422     885     1110    1336    1534    1609    1344    836     890     -999999 
17486  1893 -999999 -999999 -999999 -999999 -999999 1633    -999999 451     -999999 857     1158    1327    1561    1645    1696    1375    1147    636     632     
17486  1894 -999999 -999999 -999999 -999999 903     1437    -999999 569     662     753     1013    956     1345    1479    1488    1312    1110    958     781     
17486  1895 -999999 -999999 -999999 -999999 850     1490    -999999 260     60      566     844     1163    1456    1504    1505    1560    916     998     718     
17486  1896 -999999 -999999 -999999 -999999 1053    1562    954     -999999 620     876     998     1307    1552    1616    1518    1419    856     569     616     
17486  1897 -999999 -999999 -999999 -999999 903     1609    -999999 365     -999999 769     802     1139    1489    1697    1621    1286    1201    914     -999999 
17486  1898 -999999 -999999 1361    -999999 841     1538    1274    820     638     533     886     1094    1341    1613    1649    1579    1299    906     887     
17486  1899 -999999 -999999 -999999 -999999 -999999 1704    1244    626     -999999 614     807     1025    1506    1680    1886    1542    1179    996     -999999 
17486  1900 -999999 -999999 1340    -999999 819     1546    1148    711     -999999 474     914     1060    1420    1661    1552    1429    1173    831     907     
17486  1901 -999999 -999999 -999999 -999999 891     1601    -999999 564     365     521     921     1217    1409    1743    1652    1493    1112    697     538     
17486  1902 -999999 -999999 -999999 -999999 875     1463    -999999 685     -999999 839     843     944     1334    1510    1541    1416    1131    934     645     
17486  1903 -999999 -999999 1291    -999999 918     1461    1176    694     775     791     796     1163    1355    1548    1479    1395    1220    890     549     
17486  1904 -999999 -999999 -999999 -999999 848     1532    -999999 643     580     560     922     1064    1373    1657    1563    1396    1169    802     780     
17486  1905 -999999 -999999 -999999 -999999 937     1568    962     600     695     787     900     1124    1444    1702    1546    1352    864     622     701     
17486  1906 -999999 -999999 -999999 -999999 828     1550    1204    742     510     610     847     1028    1390    1561    1687    1527    1208    839     -999999 
17486  1907 -999999 -999999 1273    -999999 890     1403    1175    596     426     752     852     1065    1248    1470    1489    1517    1135    888     -999999 
17486  1908 -999999 -999999 -999999 -999999 846     1574    1271    -999999 699     603     762     1210    1481    1618    1613    1376    1391    1014    775     
17486  1909 -999999 -999999 -999999 -999999 878     1541    -999999 589     -999999 527     1008    1143    1327    1559    1708    1329    1219    688     -999999 
17486  1910 -999999 -999999 1317    -999999 896     1505    -999999 -999999 722     750     791     1160    1440    1476    1595    1404    1239    696     807     
17486  1911 -999999 -999999 -999999 -999999 -999999 -999999 1140    506     -999999 619     805     1315    1486    1823    1868    1513    1165    754     846     
17486  1912 -999999 -999999 -999999 -999999 1039    1444    -999999 649     693     851     1047    1226    1395    1624    1332    1273    994     842     873     
17486  1913 -999999 -999999 -999999 -999999 907     1553    1269    726     662     743     857     1143    1344    1603    1687    1519    1308    997     -999999 
17486  1914 -999999 -999999 -999999 -999999 -999999 1557    1163    474     787     737     1055    1179    1480    1581    1606    1456    1193    836     690     
17486  1915 -999999 -999999 -999999 -999999 -999999 1515    -999999 582     582     609     880     1223    1424    1502    1617    1464    1140    536     778     
17486  1916 -999999 -999999 -999999 -999999 -999999 1508    -999999 926     -999999 489     918     1165    1215    1584    1729    1457    1251    -999999 448     
17486  1917 -999999 -999999 -999999 -999999 -999999 1576    1143    296     321     548     653     1286    1470    1656    1592    1457    963     1001    -999999 
17486  1918 -999999 -999999 -999999 -999999 -999999 1541    1072    591     -999999 708     812     1271    1383    1609    1633    1351    1057    799     867     
17486  1919 -999999 -999999 -999999 -999999 892     1551    -999999 522     -999999 604     806     1275    1420    1480    1735    1345    971     511     -999999 
17486  1920 -999999 -999999 1349    -999999 1006    1466    -999999 710     780     794     971     1242    1467    1471    1460    1472    1340    911     622     
17486  1921 -999999 -999999 -999999 -999999 987     1677    -999999 912     -999999 807     931     1233    1599    1867    1552    1593    1395    -999999 836     
17486  1922 -999999 -999999 -999999 -999999 899     1422    -999999 -999999 721     651     728     1287    1481    1408    1380    1328    1000    742     764     
17486  1923 -999999 -999999 1340    758     934     1578    1008    673     844     810     925     1067    1382    1751    1608    1344    1114    552     -999999 
17486  1924 -999999 -999999 -999999 -999999 841     1473    -999999 731     457     630     789     1115    1424    1509    1484    1398    1209    -999999 864     
17486  1925 -999999 -999999 1347    -999999 865     1626    1040    746     666     615     865     1099    1616    1645    1619    1264    1240    584     575     
17486  1926 -999999 -999999 -999999 -999999 -999999 1635    -999999 664     853     732     966     1120    1373    1785    1753    1596    1092    841     574     
17486  1927 -999999 -999999 -999999 -999999 988     1527    1124    653     632     822     880     1286    1371    1623    1588    1336    1216    805     -999999 
17486  1928 -999999 -999999 -999999 -999999 -999999 1553    -999999 719     801     724     952     1224    1384    1667    1599    1462    1248    946     642     
17486  1929 -999999 -999999 -999999 -999999 -999999 1524    1233    338     -999999 712     818     1123    1342    1625    1578    1707    1113    877     808     
17486  1930 -999999 -999999 -999999 -999999 -999999 1573    1228    724     405     665     902     1166    1539    1559    1616    1560    1245    864     -999999 
17486  1931 -999999 -999999 -999999 -999999 -999999 -999999 -999999 -999999 -999999 -999999 -999999 -999999 -999999 -999999 -999999 -999999 -999999 -999999 -999999 
17486  1932 -999999 -999999 -999999 -999999 -999999 -999999 -999999 -999999 -999999 -999999 -999999 -999999 -999999 -999999 -999999 -999999 -999999 -999999 -999999 
17486  1933 -999999 -999999 -999999 -999999 -999999 -999999 -999999 -999999 -999999 -999999 -999999 -999999 -999999 -999999 -999999 -999999 -999999 -999999 -999999 
17486  1934 -999999 -999999 -999999 -999999 -999999 -999999 -999999 -999999 -999999 -999999 -999999 -999999 -999999 -999999 -999999 -999999 -999999 -999999 -999999 
17486  1935 -999999 -999999 -999999 -999999 -999999 -999999 -999999 -999999 -999999 -999999 -999999 -999999 -999999 -999999 -999999 -999999 -999999 -999999 -999999 
17486  1936 -999999 -999999 -999999 -999999 -999999 -999999 -999999 -999999 -999999 -999999 -999999 -999999 -999999 -999999 -999999 -999999 -999999 -999999 -999999 
17486  1937 -999999 -999999 -999999 -999999 -999999 -999999 -999999 -999999 -999999 -999999 -999999 -999999 -999999 -999999 -999999 -999999 -999999 -999999 -999999 
17486  1938 -999999 -999999 -999999 -999999 -999999 -999999 -999999 -999999 -999999 -999999 -999999 -999999 -999999 -999999 -999999 -999999 -999999 -999999 -999999 
17486  1939 -999999 -999999 -999999 -999999 -999999 -999999 -999999 -999999 -999999 -999999 -999999 -999999 -999999 -999999 -999999 -999999 -999999 -999999 -999999 
17486  1940 -999999 -999999 -999999 -999999 -999999 -999999 -999999 -999999 -999999 -999999 -999999 -999999 -999999 -999999 -999999 -999999 -999999 -999999 -999999 
17486  1941 -999999 -999999 -999999 -999999 -999999 -999999 -999999 -999999 -999999 -999999 -999999 -999999 -999999 -999999 -999999 -999999 -999999 -999999 -999999 
17486  1942 -999999 -999999 -999999 -999999 -999999 -999999 -999999 -999999 -999999 -999999 -999999 -999999 -999999 -999999 -999999 -999999 -999999 -999999 -999999 
17486  1943 -999999 -999999 -999999 -999999 -999999 -999999 -999999 -999999 -999999 -999999 -999999 -999999 -999999 -999999 -999999 -999999 -999999 -999999 -999999 
17486  1944 -999999 -999999 -999999 -999999 -999999 -999999 -999999 -999999 -999999 -999999 -999999 -999999 -999999 -999999 -999999 -999999 -999999 -999999 -999999 
17486  1945 -999999 -999999 -999999 -999999 -999999 -999999 -999999 -999999 -999999 -999999 -999999 -999999 -999999 -999999 -999999 -999999 -999999 -999999 -999999 
17486  1946 -999999 -999999 -999999 -999999 -999999 -999999 -999999 -999999 -999999 -999999 -999999 -999999 -999999 -999999 -999999 -999999 -999999 -999999 -999999 
17486  1947 -999999 -999999 -999999 -999999 -999999 -999999 -999999 -999999 -999999 -999999 -999999 -999999 -999999 -999999 -999999 -999999 -999999 -999999 -999999 
17486  1948 -999999 -999999 -999999 -999999 -999999 -999999 -999999 -999999 -999999 -999999 -999999 -999999 -999999 -999999 -999999 -999999 -999999 -999999 -999999 
17486  1949 -999999 -999999 -999999 -999999 -999999 -999999 -999999 -999999 -999999 -999999 -999999 -999999 -999999 -999999 -999999 -999999 -999999 -999999 -999999 
17486  1950 -999999 -999999 -999999 -999999 -999999 -999999 -999999 -999999 -999999 -999999 -999999 -999999 -999999 -999999 -999999 -999999 -999999 -999999 -999999 
17486  1951 -999999 -999999 -999999 -999999 -999999 -999999 -999999 -999999 -999999 -999999 -999999 -999999 -999999 -999999 -999999 -999999 -999999 -999999 -999999 
17486  1952 -999999 -999999 -999999 -999999 -999999 -999999 -999999 -999999 -999999 -999999 -999999 -999999 -999999 -999999 -999999 -999999 -999999 -999999 -999999 
17486  1953 -999999 -999999 -999999 -999999 -999999 -999999 -999999 -999999 -999999 -999999 -999999 -999999 -999999 -999999 -999999 -999999 -999999 -999999 -999999 
17486  1954 -999999 -999999 -999999 -999999 -999999 -999999 -999999 -999999 -999999 -999999 -999999 -999999 -999999 -999999 -999999 -999999 -999999 -999999 -999999 
17486  1955 -999999 -999999 -999999 -999999 -999999 -999999 -999999 -999999 -999999 -999999 -999999 -999999 -999999 -999999 -999999 -999999 -999999 -999999 -999999 
17486  1956 -999999 -999999 -999999 -999999 -999999 -999999 -999999 -999999 -999999 -999999 -999999 -999999 -999999 -999999 -999999 -999999 -999999 -999999 -999999 
17486  1957 -999999 -999999 -999999 -999999 -999999 -999999 -999999 -999999 -999999 -999999 -999999 -999999 -999999 -999999 -999999 -999999 -999999 -999999 -999999 
17486  1958 -999999 -999999 -999999 -999999 -999999 -999999 -999999 -999999 -999999 -999999 -999999 -999999 -999999 -999999 -999999 -999999 -999999 -999999 -999999 
17486  1959 -999999 -999999 -999999 -999999 1060    1651    -999999 -999999 624     847     1001    1317    1519    1698    1731    1626    1366    859     778     
17486  1960 -999999 -999999 1392    -999999 1048    1545    1169    551     516     826     990     1310    1552    1542    1541    1418    1145    919     475     
17486  1961 -999999 -999999 1404    -999999 1046    1532    1161    572     834     829     1109    1190    1457    1565    1572    1531    1172    766     519     
17486  1962 -999999 -999999 1295    -999999 797     1477    -999999 662     -999999 406     910     1058    1385    1549    1496    1374    1210    669     497     
17486  1963 -999999 -999999 -999999 -999999 915     1483    -999999 -85     -999999 694     905     1116    1418    1492    1527    1396    1216    1023    422     
17486  1964 -999999 -999999 1404    -999999 928     1565    -999999 553     563     583     910     1256    1453    1625    1612    1539    1069    943     542     
17486  1965 -999999 -999999 1286    -999999 898     1458    -999999 474     415     647     901     1154    1369    1479    1521    1262    1261    698     712     
17486  1966 -999999 -999999 1383    -999999 966     1535    1164    550     826     809     901     1186    1489    1574    1543    1562    1210    691     737     
17486  1967 -999999 -999999 1346    -999999 917     1546    -999999 580     661     782     905     1068    1452    1610    1573    1434    1136    726     -999999 
17486  1968 -999999 -999999 1341    -999999 862     1569    -999999 612     395     702     821     1049    1464    1562    1671    1494    1375    -999999 593     
17486  1969 -999999 -999999 -999999 -999999 858     1567    -999999 746     -999999 583     912     1084    1441    1626    1635    1523    1399    698     504     
17486  1970 -999999 -999999 1382    -999999 850     1589    1221    635     -999999 516     762     1230    1647    1510    1611    1509    1182    983     584     
17486  1971 -999999 -999999 1417    -999999 913     1610    -999999 646     597     625     868     1226    1350    1806    1674    1568    1289    673     -999999 
17486  1972 -999999 -999999 1246    -999999 888     1422    -999999 497     570     727     897     1035    1135    1555    1556    1295    1179    726     808     
17486  1973 -999999 -999999 1371    -999999 905     1577    -999999 603     -999999 712     832     1161    1482    1516    1725    1521    1106    -999999 611     
17486  1974 -999999 -999999 -999999 -999999 912     1480    1021    799     688     650     971     1102    1399    1532    1503    1271    907     872     883     
17486  1975 -999999 -999999 -999999 -999999 -999999 1675    -999999 817     -999999 601     879     1127    1566    1701    1756    1381    1159    820     611     
17486  1976 -999999 -999999 -999999 -999999 -999999 1725    -999999 695     512     593     852     1187    1583    1760    1823    1361    1128    812     412     
17486  1977 -999999 -999999 -999999 -999999 919     1509    -999999 447     704     796     783     1151    1296    1662    1572    1379    1318    762     791     
17486  1978 -999999 -999999 -999999 -999999 -999999 1474    1247    546     436     723     709     1198    1390    1466    1555    1443    1309    969     -999999 
17486  1979 -999999 -999999 -999999 -999999 793     1505    1158    193     -999999 587     861     937     1367    1634    1515    1372    1281    814     752     
17486  1980 -999999 -999999 1345    -999999 925     1476    -999999 384     781     628     959     1170    1371    1462    1589    1519    1051    713     701     
17486  1981 -999999 -999999 1365    -999999 960     1544    -999999 638     415     875     908     1106    1344    1591    1682    1524    974     -999999 481     
17486  1982 -999999 -999999 -999999 -999999 937     1574    1198    622     694     720     947     1144    1484    1680    1553    1489    1139    960     622     
17486  1983 -999999 -999999 -999999 -999999 854     1740    -999999 760     413     730     784     1059    1451    1966    1799    1454    1148    -999999 792     
17486  1984 -999999 -999999 -999999 657     871     1634    1176    591     574     590     940     1090    1502    1657    1736    1451    1205    859     727     
17486  1985 -999999 -999999 -999999 -999999 912     1476    -999999 322     521     615     914     1196    1349    1590    1476    1486    1168    595     854     
17486  1986 -999999 -999999 -999999 -999999 780     -999999 1108    601     68      606     644     1085    1422    1545    1370    1202    1227    893     770     
17486  1987 -999999 -999999 1363    -999999 904     1529    1141    -999999 527     580     1018    1100    1256    1657    1638    1462    1119    830     759     
17486  1988 -999999 -999999 -999999 -999999 955     1493    -999999 750     590     780     879     1217    1510    1461    1511    1402    1205    786     934     
17486  1989 -999999 -999999 -999999 -999999 1007    1711    -999999 738     740     856     741     1410    1538    1897    1704    1504    1304    916     768     
17486  1990 -999999 -999999 1443    -999999 1074    1626    -999999 821     -999999 899     906     1400    1391    1722    1766    1419    1334    856     647     
17486  1991 -999999 -999999 -999999 -999999 -999999 1495    1165    537     331     858     857     1231    1267    1573    1650    1585    1105    780     670     
17486  1992 -999999 -999999 -999999 -999999 994     1595    1073    487     618     796     901     1296    1576    1642    1565    1371    933     924     582     
17486  1993 -999999 -999999 -999999 -999999 974     1517    1014    746     649     734     1034    1169    1465    1558    1527    1342    954     733     720     
17486  1994 -999999 -999999 1348    -999999 939     1578    -999999 714     -999999 844     852     1119    1397    1691    1643    1377    1187    1138    -999999 
17486  1995 -999999 -999999 -999999 -999999 926     1760    -999999 670     821     680     929     1169    1527    1803    1963    1448    1414    911     -999999 
17486  1996 -999999 -999999 1328    -999999 -999999 1555    1155    702     456     -999999 889     961     1428    1624    1608    1453    1236    779     467     
17486  1997 -999999 -999999 1424    -999999 1029    1615    -999999 402     774     874     993     1219    1399    1627    1811    1500    1230    1023    758     
17486  1998 -999999 -999999 -999999 -999999 1039    -999999 -999999 662     -999999 864     837     1414    -999999 1543    1603    1557    1193    797     731     
17486  1999 -999999 -999999 -999999 -999999 -999999 -999999 -999999 716     -999999 761     999     -999999 -999999 -999999 1690    1582    1185    888     671     
17486  2000 -999999 -999999 1414    -999999 971     1587    -999999 573     770     823     841     1240    1410    1616    1724    1552    1145    -999999 -999999 
17486  2001 -999999 -999999 1405    -999999 942     1611    -999999 594     632     699     871     1240    1455    1660    1714    1473    1410    -999999 561     
17486  2002 -999999 -999999 1375    -999999 997     1521    1278    775     -999999 880     982     1135    1346    1562    1658    1543    1207    1082    774     
17486  2003 -999999 -999999 1480    -999999 -999999 1710    -999999 590     612     -999999 1050    1156    1528    1704    1893    1510    1046    959     710     
17486  2004 -999999 -999999 1433    -999999 993     1609    -999999 705     591     738     968     1265    1546    1546    1732    1547    1151    941     731     
17486  2005 1129    -999999 1425    687     953     1636    1263    756     565     784     940     1136    1540    1718    1648    1558    1399    826     632     
17486  2006 1158    758     1498    567     912     1723    1349    591     468     605     953     1180    1558    1892    1714    1679    1395    970     837     
17486  2007 1168    951     1432    831     1109    1548    1204    825     830     839     1204    1286    1528    1518    1597    1456    1255    898     759     
17486  2008 1089    855     1387    750     1010    1536    1123    781     708     723     879     1424    1426    1581    1599    1406    1091    873     576     
17486  2009 1102    735     1403    544     994     1589    1287    500     557     800     975     1208    1528    1618    1624    1485    1307    1046    530     
17486  2010 -999999 -999999 1398    -999999 917     1612    -999999 320     503     662     926     1155    1559    1691    1585    1444    1191    -999999 176     
17486  2011 -999999 -999999 1455    -999999 1124    1542    -999999 536     774     833     1273    1262    1435    1602    1580    1574    1320    1156    789     
17486  2012 -999999 -999999 -999999 -999999 1019    1550    -999999 764     545     967     859     1227    1396    1537    1706    1386    1137    811     716     
17486  2013 -999999 -999999 -999999 -999999 -999999 1676    -999999 -999999 536     499     807     1069    1454    1844    1723    1539    1389    788     800     
17486  2014 -999999 -999999 1512    757     1059    1681    1360    722     747     839     1056    1267    1616    1809    1616    1671    1379    1007    661     
17486  2015 1170    -999999 1402    -999999 1012    1579    1266    672     573     768     1072    1183    1483    1643    1610    1412    1240    1142    1154    
17486  2016 -999999 -999999 1455    -999999 970     1637    1221    761     641     727     871     1303    1542    1673    1696    1618    1185    832     802     
17486  2017 -999999 -999999 1426    -999999 1070    1625    1205    632     -999999 939     987     1290    1566    1710    1600    1428    1304    837     686     
17486  2018 -999999 -999999 -999999 644     1025    -999999 1248    750     487     641     1080    1344    1707    -999999 -999999 1509    1220    1009    946     
