EUROPEAN CLIMATE ASSESSMENT & DATASET (ECA&D), file created on: 13-11-2019
THESE DATA CAN BE USED FOR NON-COMMERCIAL RESEARCH AND EDUCATION PROVIDED THAT THE FOLLOWING SOURCE IS ACKNOWLEDGED: 

Klein Tank, A.M.G. and Coauthors, 2002. Daily dataset of 20th-century surface
air temperature and precipitation series for the European Climate Assessment.
Int. J. of Climatol., 22, 1441-1453.
Data and metadata available at http://www.ecad.eu

FILE FORMAT (MISSING VALUE CODE = -999999):

THIS FILE HOLDS DATA FOR STATION SWITZERLAND                              SAENTIS                                  (STAID:    243)
LATITUDE: dd:mm:ss +47:15:00
LONGITUDE: ddd:mm:ss +009:21:00
ELEVATION: m 2502

DATA IS FOR INDEX Mean of daily mean temperature (TG) with unit 0.01 Temperature (&#176;C)

01-06 SOUID: Source identifier
08-11 YEAR : YYYY
13-20 ANNUAL DATA VALUES
21-28 WINTER HALF YEAR DATA VALUES
29-36 SUMMER HALF YEAR DATA VALUES
37-44 WINTER (DJF) DATA VALUES
45-52 SPRING (MAM) DATA VALUES
53-60 SUMMER (JJA) DATA VALUES
61-68 AUTUMN (SON) DATA VALUES
69-76 JANUARY DATA VALUES
etc. 
157-164 DECEMBER DATA VALUES

243    1901 -293    -999999 214     -999999 -472    449     -107    -898    -1530   -1006   -372    -35     365     510     470     337     -83     -577    -792    
243    1902 -236    -614    121     -769    -476    372     -80     -731    -787    -730    -186    -502    162     521     426     304     -202    -337    -790    
243    1903 -243    -556    78      -711    -527    352     -107    -748    -584    -669    -858    -65     214     354     484     319     -72     -568    -757    
243    1904 -182    -642    264     -846    -292    573     -228    -783    -1009   -683    -274    80      420     743     551     45      -100    -635    -586    
243    1905 -294    -688    222     -906    -446    544     -393    -1124   -1019   -696    -508    -136    362     751     513     337     -789    -715    -554    
243    1906 -275    -822    153     -852    -471    438     5       -899    -1131   -871    -538    -5      189     551     567     133     181     -305    -1231   
243    1907 -250    -733    157     -1116   -523    365     77      -992    -1126   -947    -661    35      277     262     555     464     92      -326    -688    
243    1908 -227    -602    158     -794    -511    431     -10     -674    -1035   -998    -719    176     497     469     328     182     233     -453    -764    
243    1909 -334    -689    97      -978    -465    273     -187    -903    -1298   -999    -310    -82     110     239     465     149     8       -724    -738    
243    1910 -304    -666    50      -849    -496    327     -241    -910    -906    -752    -537    -198    318     268     394     48      48      -829    -644    
243    1911 -152    -652    277     -792    -458    597     25      -814    -933    -772    -569    -36     251     775     755     465     -24     -364    -621    
243    1912 -293    -492    0       -649    -414    311     -465    -739    -582    -619    -630    -1      288     496     147     -325    -209    -869    -499    
243    1913 -223    -601    64      -686    -348    238     24      -727    -848    -488    -492    -69     222     127     363     223     179     -337    -877    
243    1914 -233    -533    136     -768    -373    341     -214    -948    -447    -754    -199    -163    128     316     571     149     -192    -600    -664    
243    1915 -303    -745    171     -945    -387    389     -332    -1172   -1006   -860    -550    245     482     398     292     143     -383    -754    -521    
243    1916 -257    -654    94      -707    -339    281     -191    -670    -944    -674    -405    61      36      385     415     52      -156    -469    -745    
243    1917 -298    -742    250     -953    -510    501     -144    -1178   -934    -982    -872    314     559     510     436     536     -409    -550    -1045   
243    1918 -190    -685    180     -817    -307    308     -112    -667    -730    -707    -321    106     14      481     418     367     -223    -476    -583    
243    1919 -340    -660    119     -822    -556    353     -272    -953    -941    -803    -716    -154    290     169     596     518     -511    -816    -794    
243    1920 -66     -616    236     -657    -135    373     98      -658    -510    -408    -341    339     254     545     317     289     192     -189    -638    
243    1921 -96     -436    298     -707    -290    534     89      -681    -812    -520    -555    197     279     743     573     530     309     -580    -705    
243    1922 -280    -565    142     -866    -321    428     -333    -1064   -824    -550    -610    186     340     381     560     -26     -228    -748    -824    
243    1923 -243    -712    186     -888    -348    429     -110    -1034   -796    -650    -412    17      -102    737     636     214     50      -598    -1031   
243    1924 -192    -706    173     -1011   -324    337     28      -887    -1121   -671    -438    134     312     519     180     318     4       -237    -454    
243    1925 -256    -526    138     -622    -477    420     -195    -544    -896    -1054   -435    61      336     453     469     -72     44      -566    -920    
243    1926 -175    -588    184     -789    -360    341     75      -942    -474    -660    -239    -178    22      431     560     500     -34     -238    -850    
243    1927 -170    -581    207     -859    -343    452     1       -916    -805    -657    -463    87      325     546     482     250     81      -332    -688    
243    1928 -184    -514    261     -753    -408    624     -107    -825    -747    -585    -381    -256    322     846     694     324     -133    -512    -975    
243    1929 -213    -756    283     -1130   -377    560     8       -1188   -1238   -527    -669    55      393     647     633     622     -79     -517    -763    
243    1930 -150    -551    221     -715    -372    519     -71     -498    -904    -578    -385    -152    659     379     524     299     -94     -416    -683    
243    1931 -268    -691    140     -962    -371    465     -179    -1040   -1183   -767    -576    223     590     448     361     -223    -95     -223    -797    
243    1932 -157    -586    257     -788    -507    534     12      -457    -1132   -836    -640    -49     224     519     849     623     -244    -335    -456    
243    1933 -267    -608    178     -840    -397    442     -134    -1041   -1042   -561    -434    -197    41      619     652     367     -76     -695    -904    
243    1934 -96     -642    329     -806    -196    467     -6      -822    -681    -676    -131    223     317     658     421     475     -94     -397    -484    
243    1935 -263    -655    216     -873    -518    547     -70     -1183   -963    -830    -561    -164    572     598     471     373     -142    -438    -925    
243    1936 -208    -599    199     -831    -306    435     -246    -661    -912    -529    -457    64      296     463     541     269     -537    -459    -607    
243    1937 -217    -657    217     -691    -422    494     -108    -643    -835    -869    -560    160     440     547     493     205     40      -575    -1059   
243    1938 -187    -628    152     -952    -458    505     74      -965    -819    -405    -844    -136    511     486     517     362     12      -148    -850    
243    1939 -234    -579    202     -737    -543    490     -137    -758    -590    -1129   -238    -253    415     468     583     229     -318    -316    -905    
243    1940 -299    -695    124     -925    -421    326     -105    -1020   -844    -767    -427    -70     243     367     365     256     -34     -540    -1133   
243    1941 -292    -709    128     -1014   -521    457     -186    -953    -949    -661    -570    -333    380     620     367     295     -342    -506    -889    
243    1942 -182    -772    274     -1144   -258    501     48      -1391   -1152   -378    -404    5       406     486     608     533     200     -594    -569    
243    1943 -98     -476    296     -686    -193    488     15      -786    -705    -428    -318    161     193     564     699     461     277     -703    -647    
243    1944 -272    -679    268     -829    -478    540     -236    -657    -1207   -1169   -266    9       177     499     932     238     -264    -681    -918    
243    1945 -154    -734    348     -968    -194    581     -85     -1376   -572    -573    -264    252     539     716     488     341     -89     -507    -822    
243    1946 -140    -606    350     -851    -112    479     -37     -840    -896    -506    -33     205     251     675     504     485     -117    -476    -981    
243    1947 -84     -701    479     -1028   -115    696     99      -1140   -957    -551    -133    340     559     778     745     569     184     -458    -1001   
243    1948 -84     -536    238     -888    -128    364     133     -715    -951    -298    -295    203     221     319     547     424     130     -155    -472    
243    1949 -96     -460    360     -608    -317    510     70      -671    -688    -919    -26     4       294     637     592     653     211     -660    -619    
243    1950 -125    -502    335     -695    -285    711     -116    -795    -669    -503    -592    231     643     818     669     218     -1      -568    -998    
243    1951 -136    -682    277     -901    -424    530     61      -770    -940    -834    -439    2       336     624     624     501     72      -390    -483    
243    1952 -240    -592    302     -883    -247    671     -380    -1075   -1105   -598    -150    12      451     874     681     -77     -268    -800    -871    
243    1953 -87     -742    295     -949    -245    495     195     -1020   -957    -560    -275    98      264     629     583     459     199     -71     -452    
243    1954 -251    -498    114     -850    -405    334     -37     -1197   -905    -584    -540    -95     380     223     399     311     -17     -405    -625    
243    1955 -232    -582    142     -754    -502    434     -133    -592    -1076   -817    -530    -159    317     541     441     231     -185    -444    -575    
243    1956 -325    -740    159     -1004   -463    335     -106    -765    -1718   -809    -613    29      75      531     392     528     -212    -630    -772    
243    1957 -135    -566    158     -766    -303    474     30      -830    -689    -274    -404    -235    481     540     403     153     164     -232    -728    
243    1958 -152    -568    295     -765    -473    527     73      -854    -707    -1052   -699    325     269     627     676     548     -44     -282    -677    
243    1959 -72     -467    334     -707    -191    545     47      -967    -451    -376    -294    93      362     732     534     565     -7      -414    -667    
243    1960 -219    -561    186     -794    -303    423     -174    -960    -753    -573    -461    120     487     316     466     178     -219    -480    -765    
243    1961 -85     -550    288     -695    -285    438     153     -770    -535    -524    -138    -188    435     361     517     748     113     -399    -651    
243    1962 -282    -628    137     -805    -627    436     -55     -784    -998    -1077   -522    -278    156     452     691     305     179     -657    -912    
243    1963 -215    -761    241     -1140   -360    482     58      -1346   -1164   -701    -316    -63     349     673     420     370     108     -306    -667    
243    1964 -116    -468    313     -640    -288    540     -62     -535    -724    -693    -293    121     494     653     473     417     -298    -298    -720    
243    1965 -292    -705    84      -985    -485    368     -57     -905    -1367   -695    -601    -163    371     339     395     154     314     -652    -788    
243    1966 -219    -593    224     -774    -396    362     -32     -1033   -471    -919    -271    7       379     309     398     519     161     -784    -929    
243    1967 -174    -651    193     -875    -429    495     112     -931    -755    -682    -580    -31     194     727     553     275     262     -206    -957    
243    1968 -201    -572    154     -942    -337    360     66      -1062   -797    -676    -246    -86     287     449     342     172     246     -225    -823    
243    1969 -217    -569    216     -924    -342    378     98      -710    -1273   -685    -480    135     113     635     379     499     352     -566    -1089   
243    1970 -260    -697    154     -974    -682    471     46      -699    -1151   -1066   -738    -244    422     446     542     486     -19     -327    -825    
243    1971 -152    -670    285     -852    -380    500     -43     -781    -961    -1127   -199    193     101     681     705     206     229     -573    -367    
243    1972 -199    -430    57      -588    -405    374     -170    -801    -597    -486    -559    -175    199     471     446     -62     -12     -441    -401    
243    1973 -233    -563    200     -701    -528    514     -79     -650    -1090   -834    -850    89      421     385     733     405     -101    -541    -831    
243    1974 -267    -552    107     -714    -404    360     -383    -536    -782    -541    -499    -174    70      328     673     227     -789    -572    -647    
243    1975 -127    -667    223     -607    -435    431     15      -535    -643    -812    -527    32      146     538     599     537     -20     -470    -415    
243    1976 -191    -512    191     -606    -373    455     -87     -910    -486    -767    -398    47      480     592     295     116     155     -540    -876    
243    1977 -163    -521    108     -804    -312    355     -58     -813    -715    -358    -559    -26     274     471     318     156     273     -613    -418    
243    1978 -229    -514    33      -702    -490    286     18      -832    -872    -658    -578    -236    149     352     353     147     111     -206    -530    
243    1979 -227    -542    116     -817    -506    357     59      -1130   -790    -722    -699    -104    335     363     373     420     218     -466    -560    
243    1980 -258    -491    86      -678    -530    324     -44     -875    -595    -674    -741    -181    73      281     611     456     -127    -460    -880    
243    1981 -219    -628    230     -929    -225    423     -121    -1022   -881    -417    -245    -15     326     383     557     366     -132    -595    -989    
243    1982 -95     -634    296     -769    -442    562     147     -611    -700    -785    -598    52      402     755     524     629     -12     -172    -658    
243    1983 -53     -476    339     -722    -335    686     112     -556    -978    -523    -332    -150    421     1007    621     452     76      -192    -551    
243    1984 -229    -598    94      -859    -560    411     87      -943    -1099   -896    -559    -224    205     504     518     102     159     -4      -542    
243    1985 -180    -539    250     -851    -433    457     37      -1265   -733    -850    -467    18      85      694     580     570     274     -741    -372    
243    1986 -143    -589    271     -830    -294    472     177     -992    -1156   -608    -530    249     378     491     544     479     252     -202    -702    
243    1987 -151    -565    214     -789    -563    421     165     -933    -726    -1083   -297    -302    153     576     525     622     269     -399    -246    
243    1988 -106    -459    303     -566    -327    513     68      -568    -907    -933    -249    205     259     596     675     315     285     -405    -585    
243    1989 18      -270    236     -404    -200    452     90      -184    -447    -305    -446    144     170     604     574     352     184     -268    -219    
243    1990 -67     -245    239     -340    -235    530     -11     -473    -328    -374    -506    167     278     616     688     166     307     -518    -858    
243    1991 -103    -457    232     -759    -409    587     60      -478    -959    -286    -575    -370    184     768     796     571     4       -392    -580    
243    1992 -14     -436    378     -546    -234    654     -3      -422    -642    -596    -391    279     352     694     906     403     -212    -192    -386    
243    1993 -104    -429    282     -481    -251    498     -95     -459    -609    -728    -249    223     418     416     657     212     19      -519    -674    
243    1994 -12     -494    338     -716    -244    697     127     -698    -783    -339    -519    117     420     898     764     320     79      -15     -458    
243    1995 -126    -450    225     -642    -382    537     37      -912    -548    -841    -343    39      163     884     552     27      517     -448    -645    
243    1996 -144    -443    222     -647    -330    507     -153    -319    -999    -799    -276    87      510     501     510     -11     19      -473    -524    
243    1997 -10     -364    310     -454    -265    527     177     -359    -481    -377    -547    121     355     434     785     697     72      -234    -626    
243    1998 -111    -378    287     -481    -315    578     -222    -564    -228    -665    -426    142     437     584     708     259     -136    -792    -667    
243    1999 -103    -606    330     -751    -179    498     46      -614    -997    -476    -358    291     260     632     595     542     111     -518    -785    
243    2000 -61     -552    351     -759    -207    543     48      -788    -699    -644    -218    241     568     311     750     443     93      -395    -415    
243    2001 -121    -420    215     -606    -226    536     -29     -682    -733    -418    -559    290     218     608     773     -72     416     -445    -914    
243    2002 -55     -399    268     -657    -248    585     -64     -500    -548    -421    -398    71      628     561     566     164     -25     -331    -466    
243    2003 -19     -513    476     -762    -191    860     17      -906    -930    -457    -368    247     910     687     984     381     -206    -116    -519    
243    2004 -143    -531    224     -733    -400    492     53      -921    -760    -665    -388    -148    304     522     642     399     214     -460    -480    
243    2005 -160    -565    282     -843    -290    486     145     -859    -1226   -637    -328    95      498     550     412     460     450     -486    -926    
243    2006 -21     -549    349     -840    -368    565     332     -728    -868    -763    -369    26      504     987     202     736     413     -157    -297    
243    2007 -49     -264    343     -429    -74     522     -107    -528    -466    -563    152     195     465     539     560     138     43      -506    -640    
243    2008 -89     -467    277     -516    -348    567     -46     -467    -436    -797    -474    222     498     562     638     198     86      -427    -685    
243    2009 -93     -582    413     -806    -193    602     70      -780    -968    -751    -117    291     320     626     850     490     -32     -243    -862    
243    2010 -208    -622    256     -915    -374    574     -90     -963    -921    -729    -291    -100    442     787     487     199     20      -494    -980    
243    2011 35      -526    405     -769    -72     537     315     -731    -577    -401    -55     239     426     381     801     628     184     136     -638    
243    2012 -63     -415    365     -846    -172    657     157     -772    -1148   -282    -371    130     536     591     839     448     186     -165    -797    
243    2013 -102    -558    324     -905    -335    621     43      -776    -1168   -674    -163    -163    336     809     708     406     207     -491    -344    
243    2014 -6      -346    279     -502    -180    489     248     -554    -620    -308    -172    -58     461     602     405     431     288     24      -605    
243    2015 22      -382    390     -706    -232    784     36      -728    -795    -504    -289    95      534     946     865     168     51      -110    -39     
243    2016 -56     -357    350     -462    -334    602     46      -693    -667    -695    -299    -7      383     693     724     597     -81     -374    -271    
243    2017 -38     -396    352     -560    -151    735     -78     -903    -501    -258    -382    178     677     690     836     91      158     -491    -704    
243    2018 38      -544    522     -774    -81     709     228     -517    -1125   -668    89      342     538     776     809     568     258     -143    -557    
243    2019 -999999 -401    404     -679    -337    809     -999999 -1125   -320    -502    -261    -242    840     781     807     471     281     -999999 -999999 
