EUROPEAN CLIMATE ASSESSMENT & DATASET (ECA&D), file created on: 13-11-2019
THESE DATA CAN BE USED FOR NON-COMMERCIAL RESEARCH AND EDUCATION PROVIDED THAT THE FOLLOWING SOURCE IS ACKNOWLEDGED: 

Klein Tank, A.M.G. and Coauthors, 2002. Daily dataset of 20th-century surface
air temperature and precipitation series for the European Climate Assessment.
Int. J. of Climatol., 22, 1441-1453.
Data and metadata available at http://www.ecad.eu

FILE FORMAT (MISSING VALUE CODE = -999999):

THIS FILE HOLDS DATA FOR STATION RUSSIAN FEDERATION                       ZAMETCHINO                               (STAID:   1254)
LATITUDE: dd:mm:ss +53:30:00
LONGITUDE: ddd:mm:ss +042:37:12
ELEVATION: m  131

DATA IS FOR INDEX Mean of daily mean temperature (TG) with unit 0.01 Temperature (&#176;C)

01-06 SOUID: Source identifier
08-11 YEAR : YYYY
13-20 ANNUAL DATA VALUES
21-28 WINTER HALF YEAR DATA VALUES
29-36 SUMMER HALF YEAR DATA VALUES
37-44 WINTER (DJF) DATA VALUES
45-52 SPRING (MAM) DATA VALUES
53-60 SUMMER (JJA) DATA VALUES
61-68 AUTUMN (SON) DATA VALUES
69-76 JANUARY DATA VALUES
etc. 
157-164 DECEMBER DATA VALUES

1254   1900 339     -999999 1334    -999999 306     1798    444     -1629   -1410   -632    286     1264    1558    1923    1906    1031    704     -412    -652    
1254   1901 555     -430    1598    -828    585     2122    370     -1024   -806    -423    861     1326    2291    2027    2054    1007    392     -288    -834    
1254   1902 401     -452    1401    -791    389     1935    186     -735    -805    -471    245     1388    1965    2037    1803    933     245     -623    -1255   
1254   1903 563     -604    1609    -895    553     2066    440     -910    -481    -590    928     1334    2119    2210    1870    1174    271     -119    -1087   
1254   1904 367     -519    1149    -853    200     1579    392     -1048   -393    -714    187     1126    1434    1676    1621    818     502     -148    -682    
1254   1905 526     -508    1485    -872    451     1844    719     -1306   -601    -813    495     1671    1991    -999999 1776    1266    837     51      -582    
1254   1906 597     -298    1617    -864    880     1999    360     -898    -1139   -128    816     1950    2001    2304    1694    904     435     -262    -646    
1254   1907 312     -590    1379    -1098   395     1845    236     -1415   -1246   -459    489     1159    1760    2106    1665    1070    490     -860    -1130   
1254   1908 273     -781    1334    -1133   133     1817    257     -1339   -915    -941    286     1061    1883    1898    1673    1183    256     -666    -1125   
1254   1909 427     -781    1410    -1183   251     1810    665     -1190   -1241   -759    346     1171    1788    1883    1757    1493    570     -67     -727    
1254   1910 537     -440    1512    -899    570     1890    428     -830    -1166   -478    732     1463    1769    2148    1748    1184    211     -104    -354    
1254   1911 370     -673    1439    -1078   357     1861    448     -1349   -1582   -932    516     1492    1765    1990    1824    1013    323     12      -763    
1254   1912 392     -581    1392    -1183   397     1874    350     -1343   -1462   -291    372     1110    2119    1715    1796    1224    21      -184    -429    
1254   1913 542     -513    1464    -918    571     1855    609     -941    -1435   -186    924     988     1578    1920    2057    1296    301     240     -365    
1254   1914 515     -189    1390    -528    593     1824    209     -1044   -138    -110    368     1515    1863    2159    1451    951     254     -579    -561    
1254   1915 443     -459    1367    -607    401     1732    391     -576    -691    -624    563     1269    1641    2073    1478    1152    209     -181    -1061   
1254   1916 411     -556    1316    -865    325     1732    371     -709    -821    -781    542     1222    1808    1841    1549    913     408     -210    -860    
1254   1917 409     -742    1494    -1278   253     2021    636     -1193   -1834   -850    668     955     2053    2050    1960    1262    529     120     -945    
1254   1918 435     -405    1314    -801    176     1806    539     -724    -726    -697    506     729     1806    1980    1631    1218    720     -326    -968    
1254   1919 333     -663    1415    -1142   174     1855    390     -1289   -1173   -979    520     994     1850    2084    1630    1398    617     -854    -897    
1254   1920 491     -579    1625    -1062   778     1990    220     -1010   -1283   -187    778     1744    1764    2168    2031    1232    -12     -551    -1143   
1254   1921 494     -685    1579    -1118   868     1856    281     -1061   -1155   -228    945     1889    2028    1773    1774    1042    372     -574    -986    
1254   1922 509     -584    1455    -1014   587     1872    429     -928    -1139   -302    582     1481    1764    2098    1750    1022    283     -12     -607    
1254   1923 477     -515    1371    -993    422     1739    764     -1083   -1322   -409    101     1563    1816    1916    1486    1314    721     259     -764    
1254   1924 444     -524    1559    -1112   421     1946    529     -1177   -1413   -801    484     1582    2211    1865    1772    1420    362     -188    -843    
1254   1925 624     -320    1507    -663    697     1884    446     -694    -429    -135    593     1630    1762    2040    1847    1134    333     -124    -542    
1254   1926 415     -518    1317    -947    391     1694    571     -1040   -1294   -501    234     1434    1793    1816    1475    1123    386     210     -763    
1254   1927 389     -592    1474    -1174   343     1931    578     -1657   -1096   -655    411     1275    1904    1921    1967    1340    620     -228    -1221   
1254   1928 305     -699    1256    -1183   140     1639    510     -989    -1348   -1052   186     1288    1534    1823    1555    1117    351     69      -928    
1254   1929 324     -753    1346    -1359   168     1889    592     -1188   -2025   -893    -133    1522    1570    1992    2095    976     823     -31     -1014   
1254   1930 496     -365    1422    -995    713     1790    472     -787    -1204   -45     756     1430    1343    1896    2115    950     547     -85     -1101   
1254   1931 365     -706    1464    -1386   410     1942    379     -1358   -1732   -585    332     1481    1778    2292    1750    1113    462     -440    -877    
1254   1932 553     -642    1557    -1000   361     2014    603     -450    -1682   -914    430     1569    1971    1968    2101    1269    651     -113    -328    
1254   1933 316     -540    1429    -1070   385     1831    521     -1515   -1400   -606    554     1214    1692    2159    1637    1297    494     -228    -1610   
1254   1934 496     -668    1474    -1264   554     1806    664     -1215   -934    -525    524     1662    1523    2086    1799    1214    756     18      -1048   
1254   1935 491     -434    1425    -978    468     1778    586     -1240   -610    -484    611     1282    1805    1740    1791    1302    894     -449    -812    
1254   1936 538     -496    1539    -955    376     2128    443     -596    -1490   -586    436     1281    2050    2327    2005    1105    215     15      -385    
1254   1937 530     -429    1476    -871    549     1821    645     -1321   -910    -221    712     1161    1678    1950    1829    1508    530     -100    -544    
1254   1938 616     -369    1631    -798    564     2086    846     -1054   -796    -282    592     1381    1788    2368    2091    1532    782     226     -1325   
1254   1939 466     -484    1449    -1097   372     1993    357     -1114   -826    -656    394     1380    1953    2145    1880    906     235     -65     -727    
1254   1940 359     -762    1471    -1389   361     1914    557     -2064   -1375   -594    425     1255    1664    2061    2010    1383    186     116     -801    
1254   1941 206     -626    1219    -1128   118     1739    191     -1540   -1033   -700    210     847     1380    2117    1708    1016    260     -704    -1177   
1254   1942 212     -1013   1282    -1498   64      1723    414     -1964   -1338   -1178   89      1281    1583    1918    1663    1123    618     -506    -851    
1254   1943 425     -698    1459    -1223   486     1818    461     -1670   -1139   -679    695     1449    1783    1899    1770    1133    381     -130    -488    
1254   1944 500     -244    1374    -509    558     1681    488     -444    -602    -198    479     1391    1637    1807    1597    1311    442     -287    -1165   
1254   1945 228     -770    1257    -1366   129     1765    327     -1420   -1529   -719    242     868     1697    1822    1774    1115    271     -404    -1099   
1254   1946 449     -579    1504    -920    383     2016    279     -1013   -619    -608    382     1376    2145    1869    2038    1186    6       -345    -1084   
1254   1947 447     -724    1376    -1214   419     1814    510     -1326   -1234   -397    564     1095    1748    1955    1736    1137    417     -20     -425    
1254   1948 499     -412    1484    -728    410     1957    425     -806    -969    -694    246     1672    2270    1758    1854    1074    434     -234    -668    
1254   1949 504     -414    1425    -738    493     1816    402     -540    -1036   -492    372     1596    1846    1852    1751    1106    356     -253    -624    
1254   1950 401     -622    1390    -1131   586     1605    522     -1796   -957    -479    910     1338    1607    1674    1535    1263    457     -151    -660    
1254   1951 413     -639    1546    -1230   530     1966    283     -1364   -1712   -492    998     1100    1903    1951    2043    1264    223     -636    -466    
1254   1952 438     -600    1399    -685    97      1872    580     -670    -937    -1141   168     1266    1852    1923    1840    1319    575     -155    -825    
1254   1953 415     -590    1473    -1159   457     1948    332     -1047   -1651   -525    636     1265    1937    1983    1923    1068    441     -517    -682    
1254   1954 412     -850    1553    -1493   407     2068    585     -1809   -2043   -593    401     1412    2051    2208    1945    1273    556     -73     -556    
1254   1955 464     -307    1366    -586    346     1759    572     -653    -544    -586    385     1240    1672    1871    1732    1268    856     -418    -1315   
1254   1956 248     -835    1323    -1581   298     1801    202     -1299   -2167   -738    386     1250    2109    1638    1667    869     471     -743    -568    
1254   1957 606     -469    1596    -621    556     1891    535     -966    -296    -705    628     1749    1824    1965    1882    1501    420     -311    -465    
1254   1958 423     -444    1305    -733    399     1704    371     -780    -976    -599    371     1425    1575    1865    1669    893     513     -298    -691    
1254   1959 425     -416    1451    -751    548     1869    169     -627    -953    -489    695     1444    1750    2125    1729    930     194     -617    -1179   
1254   1960 508     -673    1459    -980    332     1992    306     -856    -899    -696    479     1219    1956    2220    1800    1050    331     -463    -107    
1254   1961 547     -268    1429    -445    522     1930    391     -761    -468    -166    497     1235    1962    2000    1831    1021    535     -389    -807    
1254   1962 531     -418    1404    -784    646     1647    589     -635    -924    -336    811     1467    1514    1870    1552    1189    487     96      -811    
1254   1963 357     -720    1459    -1275   303     1758    689     -1858   -1144   -1102   346     1665    1519    1938    1809    1441    630     -1      -1045   
1254   1964 419     -604    1383    -1148   245     1834    517     -1011   -1403   -826    337     1226    1881    1964    1660    1205    526     -181    -421    
1254   1965 406     -469    1322    -912    308     1737    383     -1130   -1214   -456    220     1157    1745    1859    1607    1320    333     -503    -182    
1254   1966 579     -342    1547    -623    819     1897    534     -827    -886    -45     941     1563    1666    2099    1918    1066    620     -85     -1180   
1254   1967 449     -685    1535    -1468   741     1836    571     -1667   -1567   -300    737     1786    1715    1862    1926    1151    703     -145    -957    
1254   1968 369     -596    1403    -1237   486     1763    361     -1565   -1186   -451    522     1387    1809    1680    1800    1192    246     -324    -697    
1254   1969 269     -824    1313    -1312   252     1668    528     -1797   -1455   -959    598     1128    1574    1741    1685    1132    407     51      -968    
1254   1970 458     -504    1426    -1003   492     1793    499     -1205   -816    -504    651     1335    1653    2018    1703    1173    512     -189    -911    
1254   1971 541     -476    1469    -871    346     1895    685     -455    -1286   -596    364     1272    1817    2063    1801    1474    410     179     -670    
1254   1972 587     -583    1704    -1222   584     2266    560     -1745   -1254   -434    767     1425    2039    2305    2446    1211    574     -104    -248    
1254   1973 491     -324    1410    -665    665     1733    310     -1318   -404    -445    964     1485    1814    1772    1615    791     362     -223    -562    
1254   1974 540     -412    1357    -829    470     1725    784     -1362   -534    -160    375     1192    1648    1875    1647    1385    853     112     -615    
1254   1975 630     -242    1669    -756    898     1879    449     -620    -1061   -190    1129    1762    2045    1961    1636    1470    296     -413    -561    
1254   1976 234     -741    1261    -1188   339     1568    219     -1268   -1771   -784    630     1180    1550    1598    1554    1037    -143    -224    -612    
1254   1977 459     -598    1469    -1028   712     1809    490     -1535   -926    -168    728     1577    1783    1927    1715    1058    247     172     -1139   
1254   1978 386     -475    1280    -1057   526     1618    522     -883    -1158   -133    538     1174    1469    1701    1679    1092    398     79      -1425   
1254   1979 -999999 -999999 1431    -999999 589     1761    475     -999999 -1076   -247    234     1768    1637    1831    1812    1269    337     -177    -453    
1254   1980 381     -581    1319    -920    247     1687    474     -1267   -1049   -895    533     1112    1753    1832    1478    1189    439     -206    -384    
1254   1981 638     -309    1518    -529    361     2102    583     -605    -607    -518    287     1311    2064    2279    1962    1170    676     -99     -352    
1254   1982 524     -329    1384    -769    518     1729    546     -876    -1112   -277    577     1255    1499    1918    1762    1270    345     30      -213    
1254   1983 611     -217    1483    -405    700     1699    494     -481    -534    -468    1118    1464    1522    1888    1680    1207    542     -267    -408    
1254   1984 458     -464    1522    -870    662     1771    536     -669    -1578   -470    645     1812    1777    1970    1567    1337    611     -343    -1237   
1254   1985 403     -709    1430    -1228   380     1806    457     -1057   -1406   -875    505     1515    1648    1756    2009    1117    475     -221    -763    
1254   1986 468     -525    1508    -1064   673     1910    361     -766    -1725   -259    953     1335    2011    1863    1860    1009    464     -393    -888    
1254   1987 271     -751    1359    -1250   247     1839    215     -1845   -992    -863    155     1448    1989    1853    1680    1001    183     -538    -895    
1254   1988 498     -582    1535    -945    552     2019    332     -956    -985    -325    521     1459    2085    2211    1763    1145    524     -678    -849    
1254   1989 689     -308    1539    -532    645     1944    557     -448    -275    -131    719     1348    2111    1945    1782    1315    614     -261    -505    
1254   1990 613     -139    1340    -474    741     1657    509     -730    -157    201     872     1154    1519    1849    1599    1028    525     -25     -519    
1254   1991 605     -338    1560    -677    578     1949    626     -659    -872    -520    721     1537    2101    1994    1755    1233    847     -210    -759    
1254   1992 572     -283    1473    -731    555     1869    537     -591    -852    -169    593     1242    1823    1900    1882    1377    354     -112    -625    
1254   1993 429     -334    1320    -634    561     1671    74      -550    -736    -365    579     1470    1531    1841    1636    828     444     -1064   -571    
1254   1994 416     -627    1379    -848    399     1625    636     -466    -1577   -634    653     1187    1560    1696    1618    1550    578     -217    -1087   
1254   1995 693     -308    1639    -713    867     1911    634     -755    -254    -105    1076    1635    2086    1933    1719    1371    632     -103    -954    
1254   1996 431     -670    1490    -1247   454     1874    618     -1521   -1268   -826    460     1729    1801    2033    1787    1094    504     262     -934    
1254   1997 503     -370    1449    -934    566     1917    440     -1080   -771    -217    577     1339    2020    1965    1769    999     470     -152    -965    
1254   1998 510     -435    1516    -922    563     1977    341     -869    -932    -202    393     1492    2074    2111    1750    1249    590     -825    -817    
1254   1999 615     -425    1521    -633    471     2011    410     -483    -596    -445    881     990     2045    2260    1728    1212    673     -664    -307    
1254   2000 613     -289    1451    -510    595     1862    513     -794    -425    -236    1013    1022    1693    2074    1812    1074    640     -180    -373    
1254   2001 627     -192    1588    -485    726     1958    580     -416    -686    -186    1051    1324    1702    2381    1782    1263    445     36      -1249   
1254   2002 601     -228    1484    -708    711     1902    557     -689    -129    239     680     1213    1730    2308    1663    1285    441     -51     -1504   
1254   2003 520     -619    1413    -1146   444     1743    616     -777    -1156   -701    468     1566    1364    2022    1831    1184    583     81      -350    
1254   2004 618     -177    1442    -600    617     1833    638     -627    -840    57      474     1315    1659    1956    1877    1342    599     -26     -435    
1254   2005 617     -334    1537    -613    525     1837    692     -420    -1023   -757    662     1674    1746    1918    1843    1352    639     87      -436    
1254   2006 509     -514    1477    -1104   459     1866    650     -1362   -1558   -539    605     1315    1938    1765    1898    1325    672     -47     -51     
1254   2007 669     -67     1569    -412    794     1963    575     -157    -1094   176     571     1627    1741    1948    2191    1301    672     -250    -847    
1254   2008 704     -283    1532    -796    864     1880    719     -1071   -449    235     1029    1333    1627    2021    1983    1176    805     173     -451    
1254   2009 611     -199    1518    -638    539     1892    757     -843    -620    -285    487     1413    1959    2073    1648    1511    696     65      -843    
1254   2010 672     -560    1852    -1254   695     2409    695     -1872   -1024   -405    718     1773    2161    2691    2366    1363    369     363     -544    
1254   2011 523     -499    1555    -1041   474     2004    527     -1166   -1454   -625    479     1568    1850    2288    1870    1238    624     -285    -262    
1254   2012 604     -455    1638    -868    710     1971    747     -941    -1439   -488    972     1656    1888    2075    1948    1262    853     123     -733    
1254   2013 665     -318    1581    -758    616     1936    702     -894    -634    -638    684     1804    1996    1920    1893    1156    604     348     -332    
1254   2014 -999999 -999999 -999999 -999999 -999999 -999999 -999999 -999999 -999999 -999999 -999999 -999999 -999999 -999999 -999999 -999999 -999999 -999999 -999999 
1254   2015 -999999 -999999 -999999 -999999 -999999 -999999 -999999 -999999 -999999 -999999 -999999 -999999 -999999 -999999 -999999 -999999 -999999 -999999 -999999 
