EUROPEAN CLIMATE ASSESSMENT & DATASET (ECA&D), file created on: 13-11-2019
THESE DATA CAN BE USED FOR NON-COMMERCIAL RESEARCH AND EDUCATION PROVIDED THAT THE FOLLOWING SOURCE IS ACKNOWLEDGED: 

Klein Tank, A.M.G. and Coauthors, 2002. Daily dataset of 20th-century surface
air temperature and precipitation series for the European Climate Assessment.
Int. J. of Climatol., 22, 1441-1453.
Data and metadata available at http://www.ecad.eu

FILE FORMAT (MISSING VALUE CODE = -999999):

THIS FILE HOLDS DATA FOR STATION RUSSIAN FEDERATION                       KANDALAKSA                               (STAID:     78)
LATITUDE: dd:mm:ss +67:09:00
LONGITUDE: ddd:mm:ss +032:21:00
ELEVATION: m   26

DATA IS FOR INDEX Mean of daily mean temperature (TG) with unit 0.01 Temperature (&#176;C)

01-06 SOUID: Source identifier
08-11 YEAR : YYYY
13-20 ANNUAL DATA VALUES
21-28 WINTER HALF YEAR DATA VALUES
29-36 SUMMER HALF YEAR DATA VALUES
37-44 WINTER (DJF) DATA VALUES
45-52 SPRING (MAM) DATA VALUES
53-60 SUMMER (JJA) DATA VALUES
61-68 AUTUMN (SON) DATA VALUES
69-76 JANUARY DATA VALUES
etc. 
157-164 DECEMBER DATA VALUES

78     1912 -999999 -999999 -999999 -999999 -999999 -999999 -50     -999999 -999999 -999999 -999999 -999999 -999999 -999999 -999999 582     -242    -484    -929    
78     1913 -7      -808    802     -1135   -140    1245    17      -1248   -1238   -738    7       316     902     1514    1307    743     -176    -511    -1038   
78     1914 11      -861    767     -1176   -255    1236    93      -1375   -1108   -969    -169    377     1216    1431    1060    666     94      -481    -675    
78     1915 -193    -841    715     -1125   -373    1186    -78     -1358   -1366   -1297   -141    326     778     1615    1151    531     17      -784    -1863   
78     1916 -7      -940    673     -1309   -368    1220    54      -1090   -952    -963    -261    123     995     1662    995     500     -212    -117    -788    
78     1917 -94     -919    740     -1321   -475    1297    181     -1511   -1700   -1237   -347    163     1206    1266    1415    713     353     -527    -1029   
78     1918 18      -818    745     -1402   -72     1118    314     -1943   -1215   -575    143     222     1017    1360    975     741     352     -144    -716    
78     1919 -31     -741    888     -1138   -288    1431    42      -1108   -1637   -1047   -285    468     1314    1684    1290    833     29      -737    -1287   
78     1920 221     -745    1004    -1201   223     1378    256     -1436   -858    -190    124     730     1155    1605    1368    1020    -32     -210    -658    
78     1921 81      -664    959     -1086   200     1284    -6      -1464   -1141   -509    308     804     1261    1276    1315    773     -92     -696    -942    
78     1922 67      -812    915     -1099   -144    1379    160     -1104   -1266   -813    -173    554     1300    1601    1235    950     94      -561    -1099   
78     1923 -999999 -707    -999999 -1071   -199    1104    -999999 -653    -1504   -590    -259    251     896     1444    965     -999999 307     -350    -666    
78     1924 94      -672    812     -1054   -243    1281    325     -1285   -1221   -844    -329    441     764     1522    1539    898     429     -356    -492    
78     1925 58      -469    873     -593    -239    1345    -85     -489    -818    -1115   -7      412     916     1768    1337    781     -73     -964    -1120   
78     1926 -16     -877    731     -1253   -150    1202    102     -1323   -1322   -505    -240    294     1039    1341    1219    711     -84     -315    -1092   
78     1927 -8      -753    836     -1134   -209    1413    -160    -1487   -789    -743    -200    315     1109    1735    1386    639     -240    -876    -997    
78     1928 48      -707    739     -901    -52     1159    -80     -844    -857    -440    -102    384     915     1338    1217    658     -147    -750    -836    
78     1929 31      -893    680     -1190   -368    1146    340     -1305   -1456   -917    -621    426     980     1205    1247    815     301     -96     -316    
78     1930 107     -443    814     -656    -195    1345    133     -505    -1198   -908    -154    478     1100    1478    1447    504     176     -282    -962    
78     1931 87      -701    797     -1106   -125    1270    152     -1329   -1019   -806    -100    532     791     1622    1382    520     127     -189    -569    
78     1932 159     -528    823     -758    -168    1271    203     -654    -1071   -836    -1      340     868     1527    1406    771     91      -251    -335    
78     1933 22      -631    781     -866    -367    1355    117     -939    -1373   -1042   -293    238     1175    1648    1237    656     205     -515    -835    
78     1934 220     -594    913     -818    -107    1313    363     -523    -1126   -821    -211    708     1014    1575    1340    1023    293     -227    -514    
78     1935 104     -513    719     -838    -222    1226    270     -989    -1030   -655    -238    225     1064    1356    1253    629     224     -42     -630    
78     1936 115     -732    931     -1241   -130    1434    267     -1278   -1853   -863    -148    621     1427    1463    1413    784     83      -60     -286    
78     1937 216     -480    994     -743    11      1490    318     -734    -1260   -681    123     595     1377    1539    1550    759     327     -131    -974    
78     1938 337     -421    973     -790    50      1426    422     -915    -449    -379    -12     539     1056    1827    1383    1018    324     -72     -328    
78     1939 80      -458    754     -755    -222    1306    166     -1048   -904    -753    -269    355     1078    1401    1430    500     41      -38     -893    
78     1940 -26     -890    872     -1351   -338    1334    233     -1597   -1579   -1289   -258    535     1195    1422    1382    932     221     -453    -871    
78     1941 -165    -876    718     -1236   -487    1268    7       -1530   -1315   -1339   -388    268     825     1702    1262    602     -117    -459    -1565   
78     1942 -57     -1011   771     -1421   -391    1256    108     -1430   -1253   -1251   -210    293     1037    1471    1253    757     101     -533    -992    
78     1943 258     -606    927     -956    58      1405    297     -1289   -547    -369    -7      549     1276    1656    1278    787     158     -51     -393    
78     1944 193     -396    720     -633    -190    1151    430     -741    -775    -586    -323    335     894     1335    1215    839     489     -41     -371    
78     1945 -54     -500    758     -852    -283    1252    3       -1109   -1102   -908    -205    266     865     1425    1454    713     -167    -530    -1420   
78     1946 94      -907    853     -1256   -258    1321    144     -912    -1457   -996    -157    382     1069    1621    1265    917     6       -486    -246    
78     1947 59      -758    905     -963    -296    1390    294     -1000   -1718   -1187   -143    446     1384    1451    1334    938     220     -273    -865    
78     1948 146     -660    886     -1088   28      1238    288     -1452   -939    -654    89      651     1227    1424    1063    845     243     -222    -547    
78     1949 173     -430    781     -594    -102    1070    304     -649    -584    -827    -22     545     836     1215    1150    940     114     -134    -556    
78     1950 156     -601    864     -1001   18      1228    339     -1355   -1101   -607    182     483     1088    1217    1375    825     458     -269    -506    
78     1951 69      -580    805     -974    -145    1237    203     -1380   -1043   -773    80      266     909     1239    1552    765     436     -600    -699    
78     1952 26      -587    754     -731    -365    1245    36      -771    -724    -1176   -124    214     1182    1531    1021    685     -60     -512    -969    
78     1953 157     -798    868     -1224   -34     1398    211     -1088   -1656   -576    94      383     1472    1358    1365    521     232     -120    -237    
78     1954 210     -434    920     -766    42      1366    160     -853    -1255   -443    -60     625     1082    1718    1288    836     86      -440    -189    
78     1955 -155    -721    716     -906    -444    1189    29      -1095   -1490   -1262   -355    288     844     1372    1341    776     152     -846    -1679   
78     1956 -85     -994    684     -1533   -246    1186    -127    -1197   -1736   -701    -574    527     1245    1256    1059    562     -35     -912    -595    
78     1957 124     -712    861     -761    -249    1346    268     -861    -834    -1052   -126    435     915     1665    1445    797     257     -249    -965    
78     1958 -66     -749    686     -1194   -376    1209    246     -1546   -1058   -944    -340    156     1035    1246    1341    654     173     -86     -1465   
78     1959 115     -571    810     -1100   -30     1378    84      -1157   -631    -251    -383    533     1337    1421    1376    545     29      -319    -1164   
78     1960 34      -818    970     -1343   52      1422    -129    -1470   -1397   -606    88      675     1072    1823    1359    770     -357    -791    -815    
78     1961 137     -709    805     -873    -210    1415    344     -915    -891    -504    -408    275     1321    1640    1280    698     623     -298    -1252   
78     1962 -38     -756    733     -1139   -296    1040    224     -1144   -1009   -1465   79      511     895     1190    1029    678     102     -103    -1256   
78     1963 -28     -922    877     -1383   -170    1148    214     -1336   -1575   -1402   -28     924     890     1337    1208    901     229     -489    -1104   
78     1964 40      -729    798     -1071   -235    1311    66      -734    -1395   -917    -252    463     1037    1575    1313    620     295     -725    -869    
78     1965 -65     -764    728     -1097   -262    1155    5       -1070   -1381   -891    -135    245     1057    1278    1126    782     44      -811    -1110   
78     1966 -245    -1234   652     -1691   -575    1193    -5      -1869   -2138   -1594   -504    376     1042    1389    1144    434     -200    -241    -908    
78     1967 129     -653    904     -1105   96      1360    355     -1507   -879    -192    45      433     1071    1471    1530    852     204     15      -1541   
78     1968 -162    -923    624     -1675   -256    1097    -156    -2067   -1397   -748    -320    297     1122    1087    1083    457     -387    -530    -579    
78     1969 -148    -978    653     -1332   -353    1122    124     -1584   -1886   -976    -283    202     867     1335    1155    620     196     -446    -1103   
78     1970 27      -800    842     -1365   -184    1441    112     -1188   -1852   -497    -431    370     1370    1586    1364    769     185     -620    -875    
78     1971 -172    -854    648     -1185   -436    1154    -174    -1183   -1530   -1157   -439    286     918     1336    1201    555     -106    -973    -1084   
78     1972 137     -864    912     -1145   -160    1526    27      -1189   -1162   -693    -152    365     1308    1811    1452    657     133     -713    -245    
78     1973 -24     -609    846     -794    -93     1403    -240    -994    -1179   -716    -72     511     1294    1772    1141    404     -228    -896    -1411   
78     1974 233     -793    927     -1078   -61     1448    196     -984    -813    -428    -74     318     1321    1680    1340    960     162     -533    -230    
78     1975 109     -451    784     -701    89      1119    171     -997    -894    -259    -82     602     1003    1297    1052    811     34      -326    -993    
78     1976 -92     -848    732     -1276   -184    1167    -143    -1590   -1242   -978    -99     528     901     1365    1227    436     -214    -648    -831    
78     1977 2       -824    762     -1107   -160    1224    50      -1221   -1285   -786    -151    457     1036    1475    1155    574     -115    -305    -897    
78     1978 -171    -827    685     -1284   -204    1116    -34     -1392   -1593   -718    -328    430     999     1274    1073    639     -19     -721    -1786   
78     1979 -34     -1051   768     -1638   -236    1274    65      -1685   -1422   -700    -570    551     1061    1509    1246    778     -114    -465    -706    
78     1980 -108    -879    827     -1220   -249    1309    -83     -1355   -1626   -1046   -118    420     1383    1422    1124    717     7       -976    -1304   
78     1981 -77     -1012   742     -1325   -304    1173    162     -1009   -1698   -1158   -191    441     902     1410    1197    666     260     -444    -1422   
78     1982 23      -802    727     -1370   -50     1081    154     -1827   -807    -561    -31     443     674     1479    1077    694     25      -252    -687    
78     1983 -11     -642    834     -973    -52     1211    -35     -1005   -1256   -723    77      496     1029    1532    1065    788     152     -1050   -1326   
78     1984 86      -831    853     -1089   -5      1221    -29     -1161   -760    -842    -40     866     1233    1335    1096    603     50      -744    -634    
78     1985 -194    -1030   765     -1657   -223    1296    171     -2318   -2058   -564    -348    239     1121    1458    1303    796     171     -452    -1791   
78     1986 -25     -882    740     -1597   -17     1244    184     -1578   -1403   -276    -165    386     1315    1382    1037    468     227     -145    -1633   
78     1987 -125    -959    699     -1644   -237    1081    186     -1758   -1529   -945    -220    456     1050    1243    948     697     607     -761    -1388   
78     1988 -15     -789    869     -1265   -198    1393    -2      -1292   -1103   -817    -302    521     1237    1659    1276    794     155     -961    -1390   
78     1989 192     -676    943     -1057   232     1359    104     -928    -832    -123    111     703     1374    1435    1268    747     -31     -399    -1086   
78     1990 80      -643    787     -989    -1      1217    -82     -1586   -222    -486    26      457     994     1413    1237    568     58      -875    -636    
78     1991 33      -801    775     -1004   -214    1256    165     -1226   -1166   -998    12      350     1081    1382    1298    504     205     -217    -909    
78     1992 73      -463    756     -850    -8      1133    -165    -1002   -624    -233    -499    691     1178    1195    1028    920     -569    -833    -402    
78     1993 8       -689    708     -710    -111    1205    -155    -859    -885    -611    -256    529     945     1455    1207    335     -156    -643    -1040   
78     1994 51      -834    810     -1205   -63     1266    14      -1298   -1284   -621    122     316     1154    1417    1222    609     65      -635    -557    
78     1995 57      -493    795     -704    50      1218    -46     -775    -786    -300    -29     476     1249    1266    1140    653     123     -919    -1471   
78     1996 40      -836    697     -1202   -186    1170    185     -900    -1237   -639    -189    270     916     1235    1352    573     233     -251    -940    
78     1997 32      -654    803     -1137   -184    1334    83      -1336   -1133   -528    -384    355     1177    1458    1363    826     2       -578    -918    
78     1998 -125    -948    738     -1392   -329    1243    2       -1196   -2132   -966    -400    376     980     1633    1107    700     117     -814    -1066   
78     1999 11      -902    810     -1350   -184    1288    250     -1653   -1331   -704    4       154     1331    1466    1067    826     341     -419    -1029   
78     2000 206     -605    909     -1035   39      1369    364     -1077   -997    -469    49      538     1223    1595    1283    742     515     -172    -799    
78     2001 37      -562    866     -882    -236    1341    36      -581    -1308   -1089   -46     433     1310    1551    1159    771     67      -731    -1182   
78     2002 -33     -800    849     -1171   -56     1323    -193    -1306   -1009   -655    -25     512     1246    1570    1151    618     -109    -1091   -1361   
78     2003 130     -889    885     -1282   77      1321    233     -1766   -657    -333    -111    668     908     1713    1328    766     180     -245    -947    
78     2004 95      -642    857     -1090   -71     1342    94      -1090   -1242   -537    -143    465     1076    1688    1254    777     122     -617    -674    
78     2005 224     -628    936     -784    -149    1426    425     -689    -1012   -933    -16     506     1244    1581    1447    828     369     80      -794    
78     2006 103     -607    912     -1039   -110    1345    83      -995    -1360   -990    74      593     1392    1348    1295    754     15      -516    -479    
78     2007 192     -648    885     -1092   154     1323    274     -1038   -1831   -148    52      554     1105    1439    1416    718     472     -376    -235    
78     2008 143     -416    736     -630    -156    1184    189     -903    -759    -713    -117    362     1121    1374    1055    601     292     -329    -304    
78     2009 110     -518    867     -799    -67     1252    238     -1005   -1121   -694    -167    656     1066    1345    1339    939     -66     -149    -908    
78     2010 15      -827    941     -1299   6       1304    148     -1568   -1433   -874    131     765     1075    1629    1200    824     318     -704    -1279   
78     2011 213     -852    999     -1420   111     1408    374     -1294   -1718   -515    214     637     1401    1626    1195    904     395     -179    -247    
78     2012 32      -523    846     -956    15      1234    229     -1136   -1520   -504    -99     643     1119    1404    1175    808     132     -251    -1437   
78     2013 166     -762    1001    -1070   -202    1469    201     -960    -785    -1259   -49     707     1375    1554    1475    921     105     -421    -724    
78     2014 171     -538    920     -891    105     1371    92      -1433   -475    -268    42      541     984     1683    1435    805     -24     -500    -778    
78     2015 204     -571    893     -928    222     1181    337     -1250   -738    -150    102     711     1072    1168    1301    990     228     -203    -832    
78     2016 233     -558    1031    -1010   233     1425    225     -1691   -473    -362    141     916     1158    1774    1334    835     272     -432    -694    
78     2017 111     -524    745     -869    -94     1213    196     -1036   -877    -405    -191    312     883     1504    1242    694     236     -343    -764    
78     2018 209     -645    1043    -928    -20     1457    301     -884    -1160   -997    71      868     1096    1811    1453    925     80      -95     -754    
