EUROPEAN CLIMATE ASSESSMENT & DATASET (ECA&D), file created on: 13-11-2019
THESE DATA CAN BE USED FOR NON-COMMERCIAL RESEARCH AND EDUCATION PROVIDED THAT THE FOLLOWING SOURCE IS ACKNOWLEDGED: 

Klein Tank, A.M.G. and Coauthors, 2002. Daily dataset of 20th-century surface
air temperature and precipitation series for the European Climate Assessment.
Int. J. of Climatol., 22, 1441-1453.
Data and metadata available at http://www.ecad.eu

FILE FORMAT (MISSING VALUE CODE = -999999):

THIS FILE HOLDS DATA FOR STATION NORWAY                                   FV37 RAULANDSFJELLET                     (STAID:  18666)
LATITUDE: dd:mm:ss +59:47:52
LONGITUDE: ddd:mm:ss +008:15:29
ELEVATION: m  959

DATA IS FOR INDEX Mean of daily mean temperature (TG) with unit 0.01 Temperature (&#176;C)

01-06 SOUID: Source identifier
08-11 YEAR : YYYY
13-20 ANNUAL DATA VALUES
21-28 WINTER HALF YEAR DATA VALUES
29-36 SUMMER HALF YEAR DATA VALUES
37-44 WINTER (DJF) DATA VALUES
45-52 SPRING (MAM) DATA VALUES
53-60 SUMMER (JJA) DATA VALUES
61-68 AUTUMN (SON) DATA VALUES
69-76 JANUARY DATA VALUES
etc. 
157-164 DECEMBER DATA VALUES

18666  1963 -999999 -999999 -999999 -999999 -999999 -999999 -999999 -999999 -999999 -999999 -999999 -999999 -999999 -999999 -999999 -999999 -999999 -999999 -566    
18666  1964 58      -999999 576     -618    -156    830     204     -625    -666    -818    -100    452     706     855     924     602     145     -132    -669    
18666  1965 -14     -468    546     -682    -242    839     168     -784    -583    -788    -124    190     769     876     870     683     475     -663    -1127   
18666  1966 -34     -702    558     -1206   -236    1004    146     -1166   -1338   -452    -558    292     1022    1057    933     580     190     -334    -731    
18666  1967 69      -486    557     -832    -135    892     314     -1106   -641    -305    -252    149     739     923     1011    762     210     -27     -670    
18666  1968 20      -474    665     -863    -128    1059    107     -964    -961    -449    -176    240     952     1038    1183    739     157     -576    -981    
18666  1969 20      -734    712     -997    -281    1128    172     -706    -1337   -1014   -162    338     1065    1064    1253    697     354     -542    -868    
18666  1970 -16     -705    616     -1135   -232    1053    99      -1184   -1376   -674    -431    404     1217    863     1084    546     173     -424    -493    
18666  1971 133     -425    624     -530    -167    942     198     -642    -446    -721    -156    377     776     1072    971     686     258     -353    -265    
18666  1972 94      -474    630     -771    -60     978     224     -1144   -914    -452    -138    408     738     1243    947     555     317     -205    -269    
18666  1973 128     -208    595     -404    -68     1029    62      -408    -550    -168    -338    293     887     1274    922     508     112     -435    -625    
18666  1974 139     -398    612     -500    -73     905     131     -411    -461    -576    -2      360     898     877     940     587     53      -244    -389    
18666  1975 181     -391    656     -479    -266    1122    280     -432    -630    -725    -390    313     797     1251    1308    628     313     -101    -229    
18666  1976 -999999 -465    -999999 -675    -999999 -999999 -999999 -991    -813    -982    -180    -999999 -999999 -999999 -999999 -999999 -999999 -999999 -999999 
18666  1977 -999999 -999999 -999999 -999999 -999999 -999999 -999999 -999999 -999999 -999999 -999999 -999999 -999999 -999999 -999999 -999999 -999999 -999999 -999999 
18666  1978 -999999 -999999 -999999 -999999 -999999 -999999 -999999 -999999 -999999 -999999 -999999 -999999 -999999 -999999 -999999 -999999 -999999 -999999 -999999 
18666  1979 -999999 -999999 -999999 -999999 -999999 -999999 -999999 -999999 -999999 -999999 -999999 -999999 -999999 -999999 -999999 -999999 -999999 -999999 -999999 
18666  1980 -999999 -999999 -999999 -999999 -999999 -999999 -999999 -999999 -999999 -999999 -999999 -999999 -999999 -999999 -999999 -999999 -999999 -627    -495    
18666  1981 -32     -999999 607     -719    -135    893     105     -753    -930    -679    -220    491     756     994     925     676     20      -379    -1337   
18666  1982 112     -603    649     -991    -31     1029    154     -948    -656    -318    -68     293     859     1235    987     571     131     -240    -552    
18666  1983 130     -375    632     -595    -95     1044    151     -380    -882    -374    -194    280     822     1180    1124    557     149     -254    -548    
18666  1984 -999999 -527    -999999 -760    -91     1063    -999999 -1016   -713    -783    16      496     904     1139    1140    -999999 245     -177    -439    
18666  1985 -36     -519    560     -852    -175    934     74      -1136   -993    -648    -342    461     848     1079    871     418     483     -692    -866    
18666  1986 19      -607    556     -1035   -124    987     158     -1102   -1147   -375    -415    408     1132    1098    736     360     217     -106    -663    
18666  1987 19      -561    568     -878    -162    851     144     -1262   -693    -859    65      314     692     1042    814     463     203     -237    -350    
18666  1988 138     -370    692     -487    -172    1068    162     -496    -623    -728    -313    521     1284    973     952     724     76      -310    -428    
18666  1989 229     -215    642     -276    15      977     245     -78     -326    -235    -143    417     901     1180    846     635     222     -121    -596    
18666  1990 236     -218    676     -406    122     1003    132     -403    -199    -207    -40     609     926     1046    1034    457     239     -303    -361    
18666  1991 160     -344    648     -603    9       1015    181     -518    -966    -210    -111    344     594     1324    1113    593     180     -230    -299    
18666  1992 190     -223    668     -323    43      976     -999999 -307    -365    -326    -197    646     1101    1023    809     611     -999999 -368    -480    
18666  1993 46      -999999 560     -502    -14     831     -49     -596    -424    -498    -112    565     813     913     767     394     63      -608    -761    
18666  1994 84      -620    642     -893    -87     1028    146     -722    -1228   -526    -80     344     706     1394    974     487     43      -87     -407    
18666  1995 121     -364    629     -543    -167    1056    260     -650    -575    -520    -241    257     863     1069    1230    574     417     -217    -809    
18666  1996 11      -523    633     -904    -134    987     103     -862    -1050   -643    -2      247     898     919     1141    582     262     -540    -862    
18666  1997 174     -441    714     -659    -143    1210    134     -591    -511    -412    -281    259     985     1244    1395    656     66      -318    -455    
18666  1998 136     -304    616     -369    -53     854     93      -480    -151    -475    -177    490     749     922     888     808     77      -606    -440    
18666  1999 -999999 -432    -999999 -559    -999999 -999999 382     -642    -599    -404    68      -999999 -999999 -999999 917     909     197     44      -677    
18666  2000 234     -284    682     -520    79      949     332     -357    -528    -389    21      603     746     1120    974     604     400     -9      -417    
18666  2001 86      -421    650     -698    -199    1005    298     -664    -1046   -835    -213    452     828     1165    1015    631     457     -199    -653    
18666  2002 173     -265    834     -495    94      1165    11      -342    -488    -383    132     535     951     1165    1372    831     -149    -645    -946    
18666  2003 204     -535    734     -736    13      1143    190     -566    -693    -230    -23     292     1013    1283    1130    692     -10     -106    -394    
18666  2004 191     -378    724     -598    102     982     230     -898    -496    -365    90      580     828     969     1142    717     173     -198    -268    
18666  2005 227     -282    691     -413    -22     1017    379     -341    -655    -438    53      322     813     1237    994     714     430     -8      -457    
18666  2006 257     -357    816     -564    -219    1230    427     -665    -570    -883    -186    414     1053    1436    1195    966     348     -34     -42     
18666  2007 201     -184    692     -423    122     1029    211     -452    -813    -153    128     393     1093    987     1009    534     327     -233    -477    
18666  2008 188     -280    710     -411    -3      1038    163     -461    -288    -545    -29     565     857     1255    996     591     131     -231    -602    
18666  2009 145     -405    767     -667    149     1020    154     -666    -741    -347    307     493     921     1150    986     729     -37     -223    -887    
18666  2010 -36     -628    668     -1080   -8      1048    -7      -1269   -1084   -301    -77     353     960     1148    1034    573     152     -751    -1238   
18666  2011 212     -628    751     -916    58      1044    367     -577    -934    -451    316     318     971     1168    991     734     262     108     -435    
18666  2012 88      -220    594     -583    111     919     108     -703    -613    46      -194    472     713     997     1041    513     6       -191    -1065   
18666  2013 105     -654    668     -934    -254    1044    267     -922    -802    -949    -304    490     850     1266    1010    669     316     -186    -242    
18666  2014 273     -232    796     -476    169     1115    339     -822    -353    -116    117     504     960     1415    965     798     359     -142    -454    
18666  2015 172     -229    579     -454    -30     883     234     -488    -415    -246    -42     199     696     978     968     662     163     -120    -336    
18666  2016 133     -405    728     -719    36      1008    142     -1078   -745    -326    -117    546     1048    1031    945     902     28      -502    -172    
18666  2017 124     -351    601     -431    13      871     143     -539    -598    -354    -152    540     813     941     859     591     197     -363    -501    
18666  2018 160     -539    836     -709    -32     1184    202     -668    -987    -949    -77     928     1143    1508    899     586     192     -170    -573    
18666  2019 -999999 -302    675     -492    -13     1050    -999999 -626    -254    -374    30      307     897     1159    1089    552     -2      -999999 -999999 
