EUROPEAN CLIMATE ASSESSMENT & DATASET (ECA&D), file created on: 13-11-2019
THESE DATA CAN BE USED FOR NON-COMMERCIAL RESEARCH AND EDUCATION PROVIDED THAT THE FOLLOWING SOURCE IS ACKNOWLEDGED: 

Klein Tank, A.M.G. and Coauthors, 2002. Daily dataset of 20th-century surface
air temperature and precipitation series for the European Climate Assessment.
Int. J. of Climatol., 22, 1441-1453.
Data and metadata available at http://www.ecad.eu

FILE FORMAT (MISSING VALUE CODE = -999999):

THIS FILE HOLDS DATA FOR STATION ITALY                                    ROMA MACAO                               (STAID:  16912)
LATITUDE: dd:mm:ss +41:54:14
LONGITUDE: ddd:mm:ss +012:30:24
ELEVATION: m   56

DATA IS FOR INDEX Mean of daily mean temperature (TG) with unit 0.01 Temperature (&#176;C)

01-06 SOUID: Source identifier
08-11 YEAR : YYYY
13-20 ANNUAL DATA VALUES
21-28 WINTER HALF YEAR DATA VALUES
29-36 SUMMER HALF YEAR DATA VALUES
37-44 WINTER (DJF) DATA VALUES
45-52 SPRING (MAM) DATA VALUES
53-60 SUMMER (JJA) DATA VALUES
61-68 AUTUMN (SON) DATA VALUES
69-76 JANUARY DATA VALUES
etc. 
157-164 DECEMBER DATA VALUES

16912  1965 1554    -999999 1990    -999999 1346    2340    1698    839     566     1118    1264    1653    2165    2457    2392    1993    1720    1381    1021    
16912  1966 1589    1176    2072    960     1453    2313    1699    706     1173    1060    1530    1772    2282    2277    2377    2184    1874    1035    783     
16912  1967 1614    1071    2066    757     1436    2394    1809    619     882     1216    1349    1739    2055    2582    2534    2114    1857    1455    863     
16912  1968 1578    1167    2053    843     1502    2281    1656    620     1053    1118    1520    1867    2118    2440    2278    2082    1694    1192    905     
16912  1969 1563    1087    2027    842     1448    2243    1778    776     844     1089    1349    1902    2003    2342    2377    2172    1764    1399    686     
16912  1970 1602    1127    2063    863     1330    2373    1766    997     910     996     1384    1613    2277    2395    2445    2252    1662    1389    869     
16912  1971 1575    1088    2109    870     1403    2412    1612    887     853     853     1500    1859    2075    2480    2670    2045    1623    1169    833     
16912  1972 1559    1147    1949    923     1460    2244    1552    875     1072    1304    1381    1693    2120    2340    2268    1879    1500    1278    974     
16912  1973 1581    1061    2100    873     1344    2416    1732    849     788     960     1172    1895    2257    2474    2511    2274    1730    1193    815     
16912  1974 1554    1156    2033    935     1395    2354    1517    945     1057    1187    1280    1715    2146    2371    2537    2129    1281    1148    818     
16912  1975 1577    1022    2065    866     1422    2309    1643    880     902     1095    1358    1809    2045    2491    2384    2261    1604    1065    966     
16912  1976 -999999 -999999 1947    -999999 1370    2233    1596    -999999 1021    1034    1301    1772    2167    2364    2166    1897    1698    1188    978     
16912  1977 1582    1204    1975    1009    1504    2232    1615    958     1099    1291    1369    1847    2021    2404    2262    1928    1717    1195    848     
16912  1978 1521    1111    1940    865     1333    2253    1548    809     946     1135    1227    1633    2108    2292    2356    2012    1620    1010    1058    
16912  1979 1578    1090    2021    914     1395    2340    1656    712     982     1139    1206    1834    2244    2435    2336    2052    1750    1146    1014    
16912  1980 1529    1129    1966    909     1282    2289    1721    736     981     1138    1163    1537    2091    2250    2521    2196    1686    1283    745     
16912  1981 1605    1058    2126    691     1547    2392    1665    568     764     1269    1542    1822    2289    2355    2528    2208    1811    971     1027    
16912  1982 1666    1126    2131    965     1397    2458    1829    949     913     1062    1336    1793    2318    2598    2453    2277    1811    1400    1032    
16912  1983 1498    1124    2048    817     1388    2368    1531    779     621     1059    1362    1742    2125    2630    2341    2066    1546    979     661     
16912  1984 1411    826     1880    557     1154    2224    1614    556     446     746     1159    1559    1968    2394    2301    1880    1641    1321    923     
16912  1985 1565    1043    2106    764     1406    2383    1691    507     873     988     1415    1814    2144    2565    2433    2249    1680    1142    922     
16912  1986 1551    1056    2079    794     1451    2332    1680    745     706     1109    1355    1989    2043    2375    2568    2102    1769    1166    698     
16912  1987 1626    1030    2114    800     1273    2407    1891    786     927     828     1427    1569    2082    2565    2564    2467    1903    1303    1046    
16912  1988 1531    1210    2085    1011    1440    2394    1427    1052    931     1010    -999999 1889    2125    2708    2341    1877    1615    785     559     
16912  1989 1438    876     1972    570     1394    2287    1402    446     718     1114    1097    1962    2245    2265    2351    1890    1381    935     797     
16912  1990 -999999 -999999 -999999 775     -999999 2183    1564    598     940     -999999 -999999 1649    1961    2301    2282    1928    1744    1021    475     
16912  1991 1813    -999999 2275    -999999 1577    2669    1913    1089    -999999 1582    1441    1704    2343    2790    2863    2540    1861    1444    931     
16912  1992 1730    1248    2205    994     1555    2485    1861    1045    1006    1193    1452    2016    2151    2529    2765    2294    1826    1462    988     
16912  1993 1672    1166    2206    885     1503    2519    1740    821     843     1034    1460    2013    2377    2460    2714    2191    1840    1186    1065    
16912  1994 1774    1254    2258    1025    1579    2614    1874    1033    971     1398    1377    1957    2244    2745    2841    2357    1825    1442    1032    
16912  1995 1662    1222    2109    991     1426    2453    1736    812     1144    1079    1385    1811    2125    2725    2500    2081    1880    1240    1122    
16912  1996 1656    1212    2132    1015    1492    2476    1694    1076    837     1092    1524    1861    2348    2510    2565    1967    1684    1433    946     
16912  1997 1741    1251    2191    1027    1515    2499    1876    1050    1091    1294    1257    1986    2398    2506    2589    2396    1854    1379    1041    
16912  1998 1701    1249    2240    1038    1522    2601    1709    978     1103    1131    1513    1922    2400    2650    2748    2186    1780    1159    803     
16912  1999 -999999 1101    2274    818     1591    2564    -999999 900     745     1190    1482    2099    2412    2574    2701    2359    1929    -999999 936     
16912  2000 1751    -999999 2271    874     1636    2547    1870    701     994     1205    1584    2115    2406    2502    2728    2273    1883    1455    1145    
16912  2001 1758    1353    2206    1086    1671    2553    1833    1080    1029    1501    1411    2093    2329    2602    2721    2054    2081    1355    768     
16912  2002 1758    1257    2201    887     1638    2521    1851    745     1176    1413    1534    1964    2535    2548    2481    2128    1829    1598    1110    
16912  2003 1808    1245    2421    931     1649    2849    1823    950     711     1231    1521    2190    2777    2814    2953    2246    1754    1471    996     
16912  2004 1709    1198    2174    941     1469    2513    1855    802     1031    1134    1489    1784    2320    2602    2612    2233    2036    1353    1177    
16912  2005 1664    1210    2222    891     1565    2512    1779    760     719     1171    1447    2074    2435    2650    2449    2258    1768    1312    857     
16912  2006 1752    1136    2267    854     1598    2547    1895    771     941     1153    1633    2008    2327    2815    2491    2313    1992    1376    1145    
16912  2007 1767    1361    2280    1147    1713    2562    1737    1111    1189    1335    1787    2020    2422    2635    2625    2179    1836    1194    837     
16912  2008 1726    1176    2228    941     1569    2556    1802    996     993     1187    1518    1999    2375    2621    2666    2167    1877    1359    924     
16912  2009 1765    1193    2320    891     1668    2588    1846    878     869     1227    1623    2152    2311    2649    2795    2366    1712    1465    1065    
16912  2010 1728    1230    2245    994     1552    2596    1798    907     1011    1208    1581    1869    2339    2807    2634    2224    1772    1401    933     
16912  2011 1800    1217    2335    965     1661    2579    1912    958     1009    1215    1710    2060    2451    2531    2752    2496    1861    1381    1128    
16912  2012 1803    1254    2347    916     1672    2750    1942    914     692     1515    1583    1915    2556    2794    2893    2321    1972    1531    902     
16912  2013 1754    1236    2273    887     1607    2585    1897    905     849     1230    1710    1885    2314    2693    2748    2302    2023    1362    1021    
16912  2014 1834    1337    2231    1101    1613    2504    1997    1026    1271    1315    1637    1887    2410    2509    2590    2345    2020    1625    -999999 
16912  2015 1829    -999999 2382    -999999 1652    2745    1876    980     1032    1279    1582    2093    2509    2952    2765    2367    1843    1421    1039    
16912  2016 1813    1323    2309    1114    1671    2606    1864    1028    1285    1324    1777    1917    2383    2750    2678    2333    1858    1401    1008    
