EUROPEAN CLIMATE ASSESSMENT & DATASET (ECA&D), file created on: 13-11-2019
THESE DATA CAN BE USED FOR NON-COMMERCIAL RESEARCH AND EDUCATION PROVIDED THAT THE FOLLOWING SOURCE IS ACKNOWLEDGED: 

Klein Tank, A.M.G. and Coauthors, 2002. Daily dataset of 20th-century surface
air temperature and precipitation series for the European Climate Assessment.
Int. J. of Climatol., 22, 1441-1453.
Data and metadata available at http://www.ecad.eu

FILE FORMAT (MISSING VALUE CODE = -999999):

THIS FILE HOLDS DATA FOR STATION GERMANY                                  MAYEN                                    (STAID:   4395)
LATITUDE: dd:mm:ss +50:19:33
LONGITUDE: ddd:mm:ss +007:13:50
ELEVATION: m  230

DATA IS FOR INDEX Mean of daily mean temperature (TG) with unit 0.01 Temperature (&#176;C)

01-06 SOUID: Source identifier
08-11 YEAR : YYYY
13-20 ANNUAL DATA VALUES
21-28 WINTER HALF YEAR DATA VALUES
29-36 SUMMER HALF YEAR DATA VALUES
37-44 WINTER (DJF) DATA VALUES
45-52 SPRING (MAM) DATA VALUES
53-60 SUMMER (JJA) DATA VALUES
61-68 AUTUMN (SON) DATA VALUES
69-76 JANUARY DATA VALUES
etc. 
157-164 DECEMBER DATA VALUES

4395   1961 983     -999999 1472    -999999 1004    1608    1085    64      527     732     1125    1159    1631    1541    1652    1725    1099    430     105     
4395   1962 813     367     1347    181     693     1606    854     275     162     112     883     1090    1587    1601    1629    1280    967     312     -174    
4395   1963 -999999 68      -999999 -431    838     -999999 -999999 -655    -467    382     940     1195    1555    1785    -999999 -999999 825     777     -262    
4395   1964 872     274     1455    -55     829     1693    883     -142    258     200     865     1423    1638    1796    1644    1348    718     587     119     
4395   1965 818     351     1284    120     783     1524    742     219     12      424     715     1208    1567    1511    1494    1197    803     222     377     
4395   1966 931     387     1417    283     912     1605    921     -150    660     429     973     1338    1671    1536    1611    1365    1151    239     340     
4395   1967 949     503     1406    325     883     1684    953     236     408     626     763     1257    1516    1884    1648    1347    1123    382     153     
4395   1968 868     411     1374    138     868     1610    928     98      165     529     966     1113    1559    1652    1618    1326    1091    363     -84     
4395   1969 886     321     1437    41      830     1690    1007    308     -115    324     805     1359    1502    1893    1669    1374    1075    571     -208    
4395   1970 871     289     1398    -65     730     1676    1015    -34     59      257     652     1278    1708    1602    1721    1415    993     640     113     
4395   1971 902     376     1429    131     867     1637    863     32      262     216     954     1434    1355    1835    1710    1261    907     419     395     
4395   1972 830     431     1293    221     831     1584    761     -55     329     585     783     1125    1389    1773    1583    1087    717     480     144     
4395   1973 920     357     1470    140     816     1791    929     112     167     511     628     1302    1723    1779    1868    1501    843     447     112     
4395   1974 937     480     1348    316     891     1575    792     430     415     625     923     1126    1468    1533    1721    1307    556     521     585     
4395   1975 957     479     1483    458     792     1799    909     535     233     423     769     1182    1549    1876    1964    1540    775     418     161     
4395   1976 972     369     1536    230     826     1900    986     305     224     326     813     1338    1904    2037    1758    1345    1044    567     -19     
4395   1977 935     487     1321    195     838     1612    967     206     421     698     647     1161    1538    1708    1588    1266    1046    586     315     
4395   1978 852     468     1292    184     853     1493    916     206     15      600     780     1176    1452    1537    1488    1304    1001    441     165     
4395   1979 868     285     1386    -83     818     1640    971     -359    -51     484     726     1240    1694    1669    1559    1418    1035    458     483     
4395   1980 873     469     1370    272     801     1595    929     -65     407     495     723     1184    1473    1544    1764    1518    906     365     149     
4395   1981 918     383     1465    65      1018    1687    947     35      6       798     905     1347    1583    1725    1750    1467    813     566     -44     
4395   1982 962     301     1516    -22     863     1787    1088    -148    141     469     785     1332    1667    1942    1746    1608    981     677     292     
4395   1983 986     490     1542    245     839     1941    932     466     -50     526     912     1080    1732    2101    1982    1425    956     412     202     
4395   1984 897     382     1351    186     742     1644    990     217     136     353     785     1088    1475    1684    1769    1291    1096    579     263     
4395   1985 859     309     1471    -88     935     1649    853     -349    -188    415     886     1503    1409    1853    1678    1477    922     157     461     
4395   1986 907     288     1435    67      865     1766    952     153     -464    422     660     1508    1796    1834    1669    1118    1102    630     337     
4395   1987 860     331     1435    12      775     1631    1013    -378    82      199     1080    1055    1481    1746    1662    1581    955     505     318     
4395   1988 1029    495     1517    359     970     1737    955     469     285     425     958     1525    1598    1747    1861    1391    1032    440     577     
4395   1989 1035    598     1506    412     1046    1742    1010    311     342     855     742     1531    1634    1859    1727    1520    1128    379     331     
4395   1990 -999999 599     -999999 432     -999999 1701    919     344     641     768     -999999 -999999 1522    1705    1870    1194    1037    522     205     
4395   1991 886     425     1405    84      828     1717    920     185     -161    708     724     1047    1357    1929    1855    1498    819     447     135     
4395   1992 972     421     1504    223     960     1799    880     180     363     582     830     1464    1673    1857    1863    1312    676     658     189     
4395   1993 928     406     1469    200     1011    1663    734     382     10      489     1092    1455    1676    1700    1614    1267    825     107     447     
4395   1994 1045    451     1505    334     951     1859    999     404     131     749     854     1248    1685    2143    1744    1338    788     880     504     
4395   1995 971     550     1489    419     872     1801    960     203     564     374     955     1290    1498    2048    1846    1275    1163    436     -28     
4395   1996 801     282     1370    -67     771     1663    859     -153    -18     275     915     1128    1613    1671    1703    1174    901     500     -112    
4395   1997 938     378     1437    27      923     1754    869     -297    539     759     730     1275    1574    1717    1966    1337    803     471     355     
4395   1998 969     509     1459    372     991     1683    847     307     463     652     887     1431    1667    1653    1729    1369    919     252     255     
4395   1999 1023    455     1548    294     998     1752    1001    417     202     655     931     1405    1554    1959    1737    1690    867     452     344     
4395   2000 1032    514     1487    359     1046    1669    1028    272     468     674     1003    1461    1699    1551    1758    1436    1001    648     401     
4395   2001 987     542     1471    332     969     1761    969     194     407     592     801     1509    1537    1876    1864    1208    1248    442     108     
4395   2002 1023    533     1477    289     948     1786    981     177     613     616     875     1351    1776    1765    1817    1263    920     762     325     
