EUROPEAN CLIMATE ASSESSMENT & DATASET (ECA&D), file created on: 13-11-2019
THESE DATA CAN BE USED FOR NON-COMMERCIAL RESEARCH AND EDUCATION PROVIDED THAT THE FOLLOWING SOURCE IS ACKNOWLEDGED: 

Klein Tank, A.M.G. and Coauthors, 2002. Daily dataset of 20th-century surface
air temperature and precipitation series for the European Climate Assessment.
Int. J. of Climatol., 22, 1441-1453.
Data and metadata available at http://www.ecad.eu

FILE FORMAT (MISSING VALUE CODE = -999999):

THIS FILE HOLDS DATA FOR STATION FINLAND                                  KOKKOLA OJA MARASKAR                     (STAID:   7577)
LATITUDE: dd:mm:ss +63:52:59
LONGITUDE: ddd:mm:ss +022:55:59
ELEVATION: m   10

DATA IS FOR INDEX Mean of daily mean temperature (TG) with unit 0.01 Temperature (&#176;C)

01-06 SOUID: Source identifier
08-11 YEAR : YYYY
13-20 ANNUAL DATA VALUES
21-28 WINTER HALF YEAR DATA VALUES
29-36 SUMMER HALF YEAR DATA VALUES
37-44 WINTER (DJF) DATA VALUES
45-52 SPRING (MAM) DATA VALUES
53-60 SUMMER (JJA) DATA VALUES
61-68 AUTUMN (SON) DATA VALUES
69-76 JANUARY DATA VALUES
etc. 
157-164 DECEMBER DATA VALUES

7577   1959 432     -999999 1029    -999999 262     1480    484     -720    -222    -13     150     644     1232    1638    1563    923     480     48      -577    
7577   1960 348     -340    1045    -717    113     1476    387     -723    -861    -427    80      685     1303    1620    1498    1064    247     -144    -214    
7577   1961 464     -154    926     -320    94      1383    737     -453    -290    -84     -69     431     1292    1511    1344    1033    893     280     -395    
7577   1962 277     -205    829     -451    -161    1133    612     -447    -517    -1071   142     457     932     1235    1225    971     711     150     -528    
7577   1963 -999999 -382    -999999 -773    -15     -999999 -999999 -768    -1050   -852    67      743     1005    -999999 -999999 -999999 -999999 -999999 -999999 
7577   1964 -999999 -999999 900     -999999 -22     1293    585     -114    -999999 -597    -35     565     1000    1496    1375    971     755     4       -217    
7577   1965 291     -171    873     -433    -25     1218    505     -417    -690    -501    56      372     1107    1337    1205    1148    647     -285    -555    
7577   1966 124     -728    917     -1254   -264    1468    512     -1450   -1810   -1005   -288    501     1419    1593    1392    862     465     197     -502    
7577   1967 372     -248    977     -709    178     1365    732     -1057   -554    -17     80      467     1034    1530    1522    1209    644     344     -793    
7577   1968 236     -436    947     -1088   39      1415    313     -1447   -1032   -381    85      415     1290    1467    1484    922     144     -122    -104    
7577   1969 237     -479    928     -709    -196    1450    521     -847    -1209   -794    -118    327     1160    1524    1657    996     597     -33     -552    
7577   1970 287     -415    947     -912    -29     1471    453     -820    -1410   -367    -112    390     1293    1575    1538    979     478     -100    -182    
7577   1971 298     -263    885     -379    -181    1347    409     -233    -751    -831    -99     389     1067    1490    1474    968     467     -210    -236    
7577   1972 426     -296    1017    -530    -11     1559    531     -668    -698    -453    -20     440     1256    1834    1576    991     520     82      196     
7577   1973 424     40      1048    -75     212     1566    331     -153    -290    -145    124     655     1356    1930    1406    791     320     -116    -848    
7577   1974 449     -251    958     -481    69      1349    549     -347    -225    -281    57      430     1253    1390    1401    1205    433     14      13      
7577   1975 531     -1      1021    -144    269     1356    664     -208    -251    -37     111     729     1116    1486    1458    1206    586     201     -110    
7577   1976 214     -292    865     -580    -80     1266    326     -1007   -626    -804    -27     593     901     1335    1550    810     182     -11     -351    
7577   1977 -999999 -320    -999999 -599    -999999 -999999 -999999 -553    -926    -308    -106    -999999 -999999 -999999 -999999 -999999 -999999 -999999 -999999 
7577   1978 -999999 -999999 -999999 -999999 -999999 -999999 -999999 -999999 -999999 -999999 -999999 -999999 -999999 -999999 -999999 -999999 -999999 -999999 -999999 
7577   1979 -999999 -999999 -999999 -999999 -999999 -999999 -999999 -999999 -999999 -999999 -999999 -999999 -999999 -999999 -999999 -999999 -999999 -999999 -999999 
7577   1980 -999999 -999999 -999999 -999999 -999999 -999999 -999999 -999999 -999999 -999999 -999999 -999999 -999999 -999999 -999999 -999999 -999999 -999999 -999999 
7577   1981 -999999 -999999 -999999 -999999 -999999 -999999 -999999 -999999 -999999 -999999 -999999 -999999 -999999 -999999 -999999 -999999 -999999 -999999 -999999 
7577   1982 -999999 -999999 -999999 -999999 -999999 -999999 -999999 -999999 -999999 -999999 -999999 -999999 -999999 -999999 -999999 -999999 -999999 -999999 -999999 
7577   1983 -999999 -999999 -999999 -999999 -999999 -999999 -999999 -999999 -999999 -999999 -999999 -999999 -999999 -999999 -999999 -999999 -999999 -999999 -999999 
7577   1984 -999999 -999999 -999999 -999999 -999999 -999999 -999999 -999999 -999999 -999999 -999999 -999999 -999999 -999999 -999999 -999999 -999999 -999999 -999999 
7577   1985 -999999 -999999 -999999 -999999 -999999 -999999 -999999 -999999 -999999 -999999 -999999 -999999 -999999 -999999 -999999 -999999 -999999 -999999 -999999 
7577   1986 -999999 -999999 -999999 -999999 -999999 -999999 -999999 -999999 -999999 -999999 -999999 -999999 -999999 -999999 -999999 -999999 -999999 -999999 -999999 
7577   1987 -999999 -999999 -999999 -999999 -999999 -999999 -999999 -999999 -999999 -999999 -999999 -999999 -999999 -999999 -999999 -999999 -999999 -999999 -999999 
7577   1988 -999999 -999999 -999999 -999999 -999999 -999999 -999999 -999999 -999999 -999999 -999999 -999999 -999999 -999999 -999999 -999999 -999999 -999999 -999999 
7577   1989 -999999 -999999 -999999 -999999 -999999 -999999 -999999 -999999 -999999 -999999 -999999 -999999 -999999 -999999 -999999 -999999 -999999 -999999 -999999 
7577   1990 -999999 -999999 -999999 -999999 -999999 -999999 -999999 -999999 -999999 -999999 -999999 -999999 -999999 -999999 -999999 -999999 -999999 -999999 -999999 
7577   1991 436     -999999 1003    -999999 153     1448    552     -359    -886    -298    241     517     1128    1603    1603    900     542     215     -79     
7577   1992 441     53      1011    -152    294     1380    203     -194    -185    8       -43     905     1418    1427    1295    1042    -86     -338    9       
7577   1993 351     -209    894     -214    241     1250    262     -288    -380    -193    61      848     948     1482    1310    682     331     -229    -436    
7577   1994 372     -430    1061    -779    182     1495    439     -732    -1212   -372    326     595     1216    1758    1503    948     426     -58     -62     
7577   1995 440     -42     1017    -207    244     1442    495     -325    -236    -18     160     588     1394    1427    1502    1018    651     -189    -734    
7577   1996 341     -369    975     -764    30      1462    538     -446    -1136   -405    78      418     1221    1436    1722    956     613     43      -467    
7577   1997 429     -165    1054    -486    67      1595    474     -485    -508    -211    -93     500     1230    1800    1745    1115    348     -36     -333    
7577   1998 343     -267    955     -479    30      1353    449     -379    -751    -488    -39     615     1151    1537    1362    1084    548     -289    -323    
7577   1999 -999999 -337    -999999 -661    -999999 1462    737     -845    -830    -328    -999999 522     1344    1635    1398    1208    673     302     -316    
7577   2000 508     -61     981     -288    128     1323    733     -191    -362    -459    140     685     1096    1455    1409    1080    828     287     9       
7577   2001 374     -106    1008    -318    -72     1429    648     -140    -875    -805    113     483     1120    1665    1494    1173    708     78      -556    
7577   2002 438     -152    1192    -460    216     1674    351     -514    -296    -337    242     744     1405    1786    1824    1123    218     -282    -701    
7577   2003 406     -406    990     -773    152     1430    586     -1103   -488    -83     -32     565     1034    1745    1497    1101    496     163     -92     
7577   2004 445     -121    1009    -375    177     1366    594     -515    -528    -269    202     598     1086    1535    1469    1143    548     88      -46     
7577   2005 514     -97     1066    -212    76      1504    782     -155    -459    -586    145     586     1197    1760    1577    1200    732     430     -283    
7577   2006 494     -181    1128    -463    8       1559    657     -360    -774    -916    172     714     1275    1669    1724    1190    600     183     271     
7577   2007 476     -44     1012    -337    259     1400    614     -251    -1106   -59     211     624     1163    1410    1625    1041    705     93      160     
7577   2008 513     86      950     -29     213     1303    607     -156    -96     -200    212     627     1162    1424    1319    938     694     185     25      
7577   2009 436     -54     1052    -298    173     1407    617     -303    -650    -323    92      747     1134    1455    1622    1241    385     234     -476    
7577   2010 227     -443    1011    -885    7       1441    481     -1084   -1117   -642    89      578     1045    1812    1452    1065    545     -168    -947    
7577   2011 482     -467    1107    -956    165     1507    827     -675    -1275   -347    189     655     1287    1713    1515    1266    742     476     115     
7577   2012 376     -15     1001    -425    236     1385    624     -620    -792    -48     108     642     1111    1540    1494    1090    532     252     -835    
7577   2013 517     -265    1102    -541    46      1488    742     -406    -365    -761    67      832     1330    1542    1586    1231    683     312     90      
7577   2014 572     83      1137    -201    357     1541    607     -639    -38     86      294     690     1049    1837    1722    1203    500     122     -14     
7577   2015 615     42      1074    -161    364     1380    812     -406    -53     97      264     727     1029    1423    1675    1304    717     417     141     
7577   2016 479     -16     1091    -375    302     1437    575     -987    -272    -116    223     795     1194    1639    1468    1205    564     -44     50      
7577   2017 468     -9      919     -152    129     1317    586     -159    -366    -134    65      454     1080    1429    1436    1033    523     205     -8      
7577   2018 494     -195    1153    -398    71      1581    754     -375    -856    -709    40      880     1127    1899    1701    1238    628     398     -141    
7577   2019 -999999 -60     1024    -381    170     1416    -999999 -609    -395    -256    212     555     1282    1486    1476    1120    458     -999999 -999999 
