EUROPEAN CLIMATE ASSESSMENT & DATASET (ECA&D), file created on: 13-11-2019
THESE DATA CAN BE USED FOR NON-COMMERCIAL RESEARCH AND EDUCATION PROVIDED THAT THE FOLLOWING SOURCE IS ACKNOWLEDGED: 

Klein Tank, A.M.G. and Coauthors, 2002. Daily dataset of 20th-century surface
air temperature and precipitation series for the European Climate Assessment.
Int. J. of Climatol., 22, 1441-1453.
Data and metadata available at http://www.ecad.eu

FILE FORMAT (MISSING VALUE CODE = -999999):

THIS FILE HOLDS DATA FOR STATION HUNGARY                                  SIOFOK                                   (STAID:   2047)
LATITUDE: dd:mm:ss +46:55:12
LONGITUDE: ddd:mm:ss +018:01:48
ELEVATION: m  107

DATA IS FOR INDEX Mean of daily mean temperature (TG) with unit 0.01 Temperature (&#176;C)

01-06 SOUID: Source identifier
08-11 YEAR : YYYY
13-20 ANNUAL DATA VALUES
21-28 WINTER HALF YEAR DATA VALUES
29-36 SUMMER HALF YEAR DATA VALUES
37-44 WINTER (DJF) DATA VALUES
45-52 SPRING (MAM) DATA VALUES
53-60 SUMMER (JJA) DATA VALUES
61-68 AUTUMN (SON) DATA VALUES
69-76 JANUARY DATA VALUES
etc. 
157-164 DECEMBER DATA VALUES

2047   1973 -999999 -999999 -999999 -999999 -999999 2049    -999999 -999999 263     519     938     1693    1922    2154    2084    -999999 991     -999999 91      
2047   1974 -999999 -999999 -999999 -999999 -999999 -999999 -999999 -999999 -999999 767     1075    1493    -999999 2016    2244    1694    807     -999999 366     
2047   1975 -999999 -999999 -999999 -999999 -999999 2044    1121    295     -999999 831     1061    1781    1896    2150    2069    1881    1109    398     36      
2047   1976 -999999 -999999 1725    -999999 1017    1998    -999999 56      -56     237     1166    1580    1947    2208    1844    1567    1236    -999999 124     
2047   1977 -999999 -999999 -999999 -999999 -999999 -999999 1093    13      389     920     957     1679    1991    -999999 -999999 1496    1172    624     -999999 
2047   1978 -999999 -999999 -999999 -999999 1053    1924    -999999 20      -999999 686     995     1463    1874    1945    1953    1568    1157    210     154     
2047   1979 -999999 -999999 1749    -999999 1174    2034    -999999 -276    144     800     1005    1677    2203    1945    1960    1671    979     -999999 477     
2047   1980 -999999 -999999 -999999 -999999 941     1994    -999999 -999999 -999999 557     874     1393    1902    2000    2086    -999999 1178    410     72      
2047   1981 -999999 -999999 1804    -999999 1195    2103    -999999 -171    190     840     1128    1628    2071    2138    2098    1779    1343    546     91      
2047   1982 1115    -999999 1817    -107    1052    2109    1263    -291    -115    611     916     1644    2041    2170    2115    1970    1252    568     370     
2047   1983 1157    553     1882    258     1267    2152    1046    361     1       683     1304    1795    1951    2359    2133    1732    1129    275     1       
2047   1984 1046    342     1672    37      1002    1927    1183    51      62      504     1027    1509    1819    1947    2012    1692    1319    511     45      
2047   1985 1002    243     1749    -267    1049    1988    1059    -458    -406    381     1135    1674    1732    2131    2093    1703    1050    402     448     
2047   1986 1056    331     1818    77      1114    2055    1088    102     -364    261     1235    1850    1885    2071    2204    1640    1114    510     -16     
2047   1987 1021    193     1763    -160    822     2052    1251    -439    -15     -32     1085    1422    1959    2312    1880    1914    1204    565     225     
2047   1988 1117    537     1783    313     1083    2104    981     330     385     519     1067    1644    1894    2285    2134    1676    1123    80      211     
2047   1989 1173    472     1775    207     1235    2044    1130    17      407     899     1264    1554    1827    2220    2080    1691    1167    511     243     
2047   1990 1165    575     -999999 274     1270    -999999 1123    0       611     934     1109    1758    1898    2116    2176    1530    1205    650     114     
2047   1991 -999999 415     1739    -23     985     2129    1201    92      -285    671     949     1323    1951    2281    2169    1837    1062    612     -15     
2047   1992 1188    450     1914    135     1133    2301    1164    85      340     616     1094    1687    2096    2217    2560    1772    1062    625     43      
2047   1993 -999999 -999999 -999999 -27     -999999 2126    1051    -5      -126    394     1150    1929    2071    2109    2191    1697    1295    175     167     
2047   1994 1229    504     1923    224     1220    2246    1210    329     170     859     1168    1646    2023    2420    2298    1954    985     699     213     
2047   1995 1118    493     1791    233     1078    2151    1065    -7      522     558     1112    1565    1924    2404    2118    1601    1250    338     -5      
2047   1996 1013    194     1759    -197    1029    2064    1174    -267    -327    145     1140    1805    2083    2017    2091    1394    1241    884     -94     
2047   1997 1099    456     1767    -13     1064    2104    1098    -178    260     615     822     1749    2045    2077    2188    1699    956     645     257     
2047   1998 1140    524     1823    334     1135    2155    1103    232     532     529     1267    1614    2080    2185    2197    1632    1254    418     -219    
2047   1999 1172    384     1895    -64     1240    2142    1209    -62     101     750     1279    1678    2026    2263    2132    1956    1226    419     157     
2047   2000 1265    455     1926    122     1314    2198    1353    -158    373     687     1453    1806    2160    2096    2335    1685    1408    975     278     
2047   2001 1173    701     1832    292     1283    2163    1148    146     475     873     1089    1861    1913    2250    2323    1529    1465    439     -371    
2047   2002 1246    474     1913    -999999 1279    2256    1214    51      -999999 782     1141    1910    2188    2388    2189    1640    1155    843     -15     
2047   2003 1138    280     2012    -259    1204    2404    1124    -245    -546    513     1096    1998    2407    2305    2499    1728    944     713     91      
2047   2004 1115    373     1814    19      1098    2128    1208    -169    155     491     1224    1583    1982    2195    2208    1703    1280    671     116     
2047   2005 1095    398     1818    -4      1097    2072    1165    54      -199    407     1181    1705    1992    2215    2007    1793    1212    488     164     
2047   2006 -999999 -999999 -999999 -999999 -999999 -999999 -999999 -195    -999999 -999999 -999999 -999999 -999999 -999999 -999999 -999999 -999999 -999999 -999999 
