EUROPEAN CLIMATE ASSESSMENT & DATASET (ECA&D), file created on: 13-11-2019
THESE DATA CAN BE USED FOR NON-COMMERCIAL RESEARCH AND EDUCATION PROVIDED THAT THE FOLLOWING SOURCE IS ACKNOWLEDGED: 

Klein Tank, A.M.G. and Coauthors, 2002. Daily dataset of 20th-century surface
air temperature and precipitation series for the European Climate Assessment.
Int. J. of Climatol., 22, 1441-1453.
Data and metadata available at http://www.ecad.eu

FILE FORMAT (MISSING VALUE CODE = -999999):

THIS FILE HOLDS DATA FOR STATION FINLAND                                  POHJA POHJANKURU                         (STAID:   6983)
LATITUDE: dd:mm:ss +60:06:00
LONGITUDE: ddd:mm:ss +023:31:59
ELEVATION: m    8

DATA IS FOR INDEX Mean of daily mean temperature (TG) with unit 0.01 Temperature (&#176;C)

01-06 SOUID: Source identifier
08-11 YEAR : YYYY
13-20 ANNUAL DATA VALUES
21-28 WINTER HALF YEAR DATA VALUES
29-36 SUMMER HALF YEAR DATA VALUES
37-44 WINTER (DJF) DATA VALUES
45-52 SPRING (MAM) DATA VALUES
53-60 SUMMER (JJA) DATA VALUES
61-68 AUTUMN (SON) DATA VALUES
69-76 JANUARY DATA VALUES
etc. 
157-164 DECEMBER DATA VALUES

6983   1959 581     -999999 1214    -999999 464     1646    556     -487    -196    -2      417     974     1472    1768    1693    935     547     185     -393    
6983   1960 448     -340    1196    -755    250     1602    515     -980    -907    -533    174     1105    1571    1726    1507    1066    418     61      73      
6983   1961 602     49      1142    -86     449     1519    696     -319    -3      74      284     983     1647    1535    1379    1011    874     199     -475    
6983   1962 406     -160    1017    -407    119     1307    612     -312    -436    -823    369     820     1184    1450    1281    982     692     161     -542    
6983   1963 408     -422    1237    -857    221     1566    614     -934    -1120   -835    234     1263    1426    1655    1612    1206    585     52      -358    
6983   1964 460     -227    1096    -495    201     1478    574     -226    -928    -523    232     894     1399    1586    1446    998     693     25      -163    
6983   1965 430     -124    1101    -388    237     1429    499     -293    -733    -328    342     702     1491    1401    1398    1265    597     -368    -391    
6983   1966 384     -483    1142    -989    245     1650    560     -1280   -1339   -225    16      936     1702    1802    1447    926     513     231     -324    
6983   1967 509     -176    1193    -633    447     1541    822     -1133   -410    65      332     942     1370    1684    1565    1246    862     357     -868    
6983   1968 438     -255    1183    -900    361     1607    433     -1284   -522    -90     413     761     1636    1545    1641    1087    276     -59     -166    
6983   1969 404     -380    1202    -604    167     1660    546     -773    -904    -693    322     877     1621    1703    1656    1013    570     54      -678    
6983   1970 412     -397    1171    -956    318     1624    471     -923    -1299   -177    171     956     1693    1628    1553    1006    444     -35     -202    
6983   1971 514     -145    1157    -278    278     1572    441     -184    -468    -452    233     1053    1416    1728    1567    917     474     -67     -132    
6983   1972 583     -186    1258    -418    295     1774    546     -741    -378    -278    229     933     1653    1985    1678    1043    508     87      231     
6983   1973 518     50      1221    -78     416     1738    262     -108    -387    -71     291     1023    1708    2001    1504    768     264     -247    -601    
6983   1974 636     -147    1136    -267    315     1510    706     -167    -4      -115    282     776     1489    1564    1476    1214    595     299     145     
6983   1975 672     125     1287    -45     513     1620    678     -56     -244    -15     371     1177    1401    1789    1663    1295    544     201     -135    
6983   1976 370     -229    1089    -556    273     1471    383     -940    -596    -460    199     1077    1319    1582    1506    819     199     136     -429    
6983   1977 439     -286    1054    -632    300     1458    538     -606    -893    -197    159     934     1450    1452    1473    833     587     192     -293    
6983   1978 357     -222    1087    -622    323     1459    521     -487    -1134   -272    213     1024    1458    1533    1385    884     419     265     -1151   
6983   1979 447     -387    1144    -981    358     1553    549     -837    -959    -117    182     1004    1573    1482    1605    998     444     210     -318    
6983   1980 453     -301    1220    -632    230     1633    529     -801    -788    -568    501     765     1699    1701    1503    1144    551     -130    -222    
6983   1981 461     -209    1142    -387    265     1477    605     -391    -559    -535    199     1130    1317    1671    1437    1068    658     87      -623    
6983   1982 530     -222    1131    -713    393     1520    674     -983    -513    25      274     876     1197    1716    1636    1060    533     435     35      
6983   1983 576     -16     1271    -279    482     1577    583     -81     -845    -237    540     1144    1366    1776    1583    1193    659     -105    -190    
6983   1984 580     -142    1206    -343    445     1488    672     -341    -508    -396    445     1285    1431    1534    1496    1019    786     207     -90     
6983   1985 305     -346    1114    -984    300     1539    530     -1404   -1478   -179    134     939     1398    1595    1621    969     694     -80     -685    
6983   1986 447     -321    1131    -824    413     1563    587     -685    -1131   -111    289     1057    1632    1663    1396    724     599     436     -620    
6983   1987 295     -417    1014    -1003   173     1351    579     -1710   -646    -563    238     822     1251    1535    1264    954     731     47      -455    
6983   1988 556     -59     1287    -297    376     1722    475     -149    -287    -250    205     1168    1748    1941    1479    1158    523     -256    -638    
6983   1989 677     -13     1267    -185    609     1596    612     37      69      190     567     1067    1591    1731    1466    1164    577     98      -472    
6983   1990 658     53      1205    -190    614     1552    486     -225    160     195     627     1023    1480    1590    1584    908     570     -23     -52     
6983   1991 580     -37     1126    -274    380     1536    666     -227    -565    25      334     781     1216    1714    1667    1017    648     333     -70     
6983   1992 613     128     1220    -115    491     1583    431     -115    -163    123     228     1113    1584    1671    1496    1205    122     -24     87      
6983   1993 521     -30     1107    -78     551     1411    289     -96     -242    -49     392     1306    1222    1638    1368    684     388     -207    -223    
