EUROPEAN CLIMATE ASSESSMENT & DATASET (ECA&D), file created on: 13-11-2019
THESE DATA CAN BE USED FOR NON-COMMERCIAL RESEARCH AND EDUCATION PROVIDED THAT THE FOLLOWING SOURCE IS ACKNOWLEDGED: 

Klein Tank, A.M.G. and Coauthors, 2002. Daily dataset of 20th-century surface
air temperature and precipitation series for the European Climate Assessment.
Int. J. of Climatol., 22, 1441-1453.
Data and metadata available at http://www.ecad.eu

FILE FORMAT (MISSING VALUE CODE = -999999):

THIS FILE HOLDS DATA FOR STATION SWEDEN                                   GADDEDE                                  (STAID:   3533)
LATITUDE: dd:mm:ss +64:30:12
LONGITUDE: ddd:mm:ss +014:09:34
ELEVATION: m  328

DATA IS FOR INDEX Mean of daily mean temperature (TG) with unit 0.01 Temperature (&#176;C)

01-06 SOUID: Source identifier
08-11 YEAR : YYYY
13-20 ANNUAL DATA VALUES
21-28 WINTER HALF YEAR DATA VALUES
29-36 SUMMER HALF YEAR DATA VALUES
37-44 WINTER (DJF) DATA VALUES
45-52 SPRING (MAM) DATA VALUES
53-60 SUMMER (JJA) DATA VALUES
61-68 AUTUMN (SON) DATA VALUES
69-76 JANUARY DATA VALUES
etc. 
157-164 DECEMBER DATA VALUES

3533   1948 -999999 -999999 -999999 -999999 -999999 -999999 -999999 -999999 -999999 -999999 -999999 -999999 -999999 -999999 -999999 -999999 -999999 -999999 -999999 
3533   1949 311     -999999 833     -999999 59      1077    480     -470    -268    -521    53      644     1027    1155    1048    1060    346     38      -412    
3533   1950 205     -365    865     -748    91      1237    343     -1138   -689    -356    165     465     1012    1266    1426    836     394     -202    -769    
3533   1951 96      -625    738     -1010   -212    1067    346     -1420   -822    -938    28      282     784     1027    1381    907     412     -285    -267    
3533   1952 34      -430    709     -681    16      1003    8       -969    -815    -674    187     542     876     1154    975     500     -15     -459    -915    
3533   1953 326     -531    898     -928    235     1333    410     -744    -1146   35      139     527     1439    1294    1270    709     485     34      -241    
3533   1954 203     -342    844     -743    136     1187    208     -947    -1074   -369    -59     830     976     1402    1177    712     164     -249    -231    
3533   1955 2       -526    710     -782    -266    1137    253     -969    -1187   -738    -288    227     741     1348    1310    900     125     -262    -1258   
3533   1956 55      -667    730     -1146   -31     1087    97      -948    -1238   -441    -217    558     942     1307    1007    760     195     -667    -659    
3533   1957 183     -510    732     -639    -106    1108    288     -416    -864    -685    -11     381     757     1439    1118    683     249     -68     -467    
3533   1958 35      -710    758     -1049   -328    1099    517     -1221   -1503   -1306   -87     417     958     1116    1219    908     447     197     -818    
3533   1959 292     -261    851     -729    220     1209    343     -1238   -66     -57     169     547     1047    1303    1274    746     369     -87     -516    
3533   1960 96      -554    903     -1044   113     1248    128     -1266   -1372   -491    128     705     1128    1374    1237    826     -91     -345    -731    
3533   1961 278     -425    789     -647    61      1158    537     -827    -354    -191    -147    515     1119    1263    1092    876     663     68      -774    
3533   1962 75      -481    682     -829    -229    972     308     -904    -808    -1146   8       459     769     1106    1035    698     472     -252    -594    
3533   1963 183     -551    907     -964    114     1175    300     -1091   -1233   -667    131     879     1059    1155    1308    887     437     -428    -344    
3533   1964 249     -285    740     -415    101     999     315     -127    -800    -487    149     644     851     1119    1023    638     455     -153    -376    
3533   1965 129     -331    808     -622    67      1073    283     -969    -511    -445    207     442     1055    1095    1069    971     438     -565    -1261   
3533   1966 -4      -895    748     -1555   -133    1216    178     -1543   -1894   -630    -278    503     1331    1233    1088    589     227     -285    -524    
3533   1967 177     -411    799     -777    133     1109    456     -1419   -346    -108    -1      503     910     1189    1221    955     296     123     -1204   
3533   1968 89      -538    755     -1125   57      1102    21      -1158   -1005   -290    116     345     1078    1146    1081    754     -34     -656    -354    
3533   1969 104     -702    916     -857    -125    1400    174     -920    -1343   -969    85      515     1302    1266    1629    677     337     -497    -935    
3533   1970 110     -753    836     -1345   39      1267    202     -1504   -1624   -373    -163    645     1332    1255    1216    710     330     -440    -197    
3533   1971 177     -404    751     -446    -156    1092    178     -470    -697    -979    -79     592     953     1188    1129    701     262     -432    -117    
3533   1972 269     -388    862     -624    115     1287    267     -1127   -627    -306    49      599     1265    1453    1143    642     326     -168    -54     
3533   1973 222     -106    778     -271    157     1212    58      -54     -753    3       -88     548     1076    1518    1036    549     35      -411    -883    
3533   1974 258     -431    865     -585    97      1172    230     -344    -524    -471    144     621     1145    1205    1165    897     171     -377    -582    
3533   1975 290     -315    744     -485    63      1069    398     -614    -234    -248    -103    535     822     1198    1180    807     376     11      -291    
3533   1976 75      -410    738     -684    -74     1137    135     -1175   -579    -803    -78     658     961     1252    1192    417     190     -204    -941    
3533   1977 100     -640    687     -1229   3       1092    302     -1242   -1535   -183    -218    401     861     1255    1153    642     382     -121    -325    
3533   1978 28      -479    770     -868    -65     1198    234     -802    -1540   -556    -173    530     1138    1331    1123    649     223     -169    -1525   
3533   1979 73      -748    792     -1394   34      1188    179     -1606   -1015   -404    -14     519     1161    1224    1178    667     113     -241    -766    
3533   1980 76      -704    952     -1106   -33     1386    124     -1317   -1242   -791    180     520     1324    1545    1285    839     75      -540    -1000   
3533   1981 3       -721    796     -974    -74     1074    186     -934    -989    -958    -31     769     865     1264    1086    797     239     -480    -1654   
3533   1982 192     -699    773     -1249   182     1110    250     -1369   -667    -999999 78      519     835     1289    1196    698     255     -203    -341    
3533   1983 214     -314    808     -512    152     1062    204     -559    -650    -413    151     718     894     1258    1028    780     229     -397    -537    
3533   1984 200     -498    850     -731    149     1118    190     -1195   -441    -638    178     907     1027    1195    1130    643     349     -427    -345    
3533   1985 -62     -699    759     -1239   -64     1222    154     -1580   -1851   -445    -199    449     1127    1335    1200    620     455     -622    -1374   
3533   1986 74      -760    781     -1408   136     1187    266     -1804   -1007   -224    -157    780     1341    1264    962     474     361     -38     -1125   
3533   1987 61      -732    718     -1285   -114    1023    350     -1731   -970    -889    98      456     969     1190    908     670     505     -131    -402    
3533   1988 195     -374    863     -619    -99     1288    233     -642    -826    -772    -187    660     1177    1524    1159    818     219     -339    -495    
3533   1989 304     -194    779     -300    157     1097    322     -109    -295    -158    64      561     1045    1123    1120    748     292     -74     -705    
3533   1990 331     -247    836     -537    202     1201    268     -780    -83     -108    148     564     1105    1264    1232    686     328     -211    -196    
3533   1991 255     -317    808     -605    116     1210    266     -450    -1230   -230    160     420     928     1379    1313    625     224     -48     -156    
3533   1992 245     -100    763     -230    136     1101    6       -232    -308    -90     -219    705     1232    1057    1017    771     -290    -452    -275    
3533   1993 162     -401    720     -475    157     1011    114     -566    -597    -247    55      659     733     1247    1045    558     83      -298    -790    
3533   1994 122     -680    807     -1139   60      1179    164     -1146   -1519   -477    166     493     823     1486    1217    631     124     -261    -209    
3533   1995 188     -284    708     -452    43      1054    255     -773    -365    -226    -95     447     947     1111    1100    721     394     -353    -695    
3533   1996 159     -466    813     -806    36      1206    233     -650    -1090   -436    76      470     968     1172    1469    702     385     -393    -828    
3533   1997 285     -347    886     -610    0       1393    204     -346    -660    -272    -171    437     1179    1598    1396    853     90      -327    -439    
3533   1998 203     -354    764     -485    -32     1117    216     -516    -503    -442    -151    492     1010    1279    1060    878     286     -519    -490    
3533   1999 -999999 -467    -999999 -740    121     -999999 481     -954    -780    -376    202     539     1170    1236    -999999 1008    300     140     -834    
3533   2000 288     -314    819     -598    103     1096    456     -468    -484    -535    121     725     881     1274    1127    765     525     77      -576    
3533   2001 194     -383    826     -645    -146    1181    390     -304    -1099   -977    23      521     1068    1293    1180    857     402     -87     -637    
3533   2002 318     -291    1090    -574    302     1481    69      -707    -357    -360    341     927     1371    1468    1599    809     -11     -589    -716    
3533   2003 287     -516    947     -833    248     1372    222     -1170   -589    -29     126     644     1158    1686    1265    777     116     -226    -383    
3533   2004 280     -406    920     -697    268     1202    263     -1038   -670    -246    344     710     1006    1265    1327    851     269     -330    -170    
3533   2005 285     -322    857     -403    -6      1218    440     -340    -729    -670    184     475     964     1514    1168    816     422     84      -542    
3533   2006 330     -369    980     -593    -41     1339    390     -584    -661    -947    129     701     1092    1389    1528    1020    225     -68     65      
3533   2007 291     -252    883     -538    252     1279    253     -678    -1052   -76     206     625     1209    1387    1238    614     356     -215    -233    
3533   2008 -999999 -190    -999999 -287    138     -999999 -999999 -348    -278    -430    201     644     1170    1438    -999999 -999999 -999999 -999999 -999999 
