EUROPEAN CLIMATE ASSESSMENT & DATASET (ECA&D), file created on: 13-11-2019
THESE DATA CAN BE USED FOR NON-COMMERCIAL RESEARCH AND EDUCATION PROVIDED THAT THE FOLLOWING SOURCE IS ACKNOWLEDGED: 

Klein Tank, A.M.G. and Coauthors, 2002. Daily dataset of 20th-century surface
air temperature and precipitation series for the European Climate Assessment.
Int. J. of Climatol., 22, 1441-1453.
Data and metadata available at http://www.ecad.eu

FILE FORMAT (MISSING VALUE CODE = -999999):

THIS FILE HOLDS DATA FOR STATION SPAIN                                    SANTANDER CMT                            (STAID:   3922)
LATITUDE: dd:mm:ss +43:29:30
LONGITUDE: ddd:mm:ss -003:47:58
ELEVATION: m   52

DATA IS FOR INDEX Mean of daily mean temperature (TG) with unit 0.01 Temperature (&#176;C)

01-06 SOUID: Source identifier
08-11 YEAR : YYYY
13-20 ANNUAL DATA VALUES
21-28 WINTER HALF YEAR DATA VALUES
29-36 SUMMER HALF YEAR DATA VALUES
37-44 WINTER (DJF) DATA VALUES
45-52 SPRING (MAM) DATA VALUES
53-60 SUMMER (JJA) DATA VALUES
61-68 AUTUMN (SON) DATA VALUES
69-76 JANUARY DATA VALUES
etc. 
157-164 DECEMBER DATA VALUES

3922   1924 1418    -999999 1685    -999999 1368    1821    1563    1027    670     1273    1223    1602    1682    1923    1855    1826    1628    1251    1048    
3922   1925 1329    1093    1591    985     1063    1796    1436    1012    884     721     1138    1332    1734    1776    1877    1680    1538    1086    1134    
3922   1926 1446    1194    1711    1156    1237    1873    1622    1101    1241    1065    1310    1336    1612    1913    2087    2003    1624    1240    811     
3922   1927 1407    1114    1682    883     1302    1872    1482    895     951     1155    1233    1515    1705    1945    1961    1720    1595    1128    1044    
3922   1928 1475    1186    1752    1044    1297    1981    1616    961     1133    1250    1266    1374    1786    2100    2051    1928    1623    1296    917     
3922   1929 1438    1138    1715    911     1251    1894    1603    835     988     1162    1222    1368    1780    1987    1912    2016    1489    1308    1159    
3922   1930 1423    1158    1660    1017    1193    1870    1622    1120    746     1089    1146    1344    1722    1847    2035    1858    1689    1318    1103    
3922   1931 1335    1186    1593    958     1266    1811    1405    920     838     1217    1163    1415    1779    1785    1868    1537    1443    1234    791     
3922   1932 1361    1019    1615    783     1153    1800    1572    967     579     1081    1028    1347    1608    1744    2042    1911    1493    1314    1187    
3922   1933 1381    1154    1719    963     1330    1880    1508    775     923     1212    1266    1509    1632    1940    2061    1893    1565    1062    695     
3922   1934 1382    977     1703    757     1191    1898    1469    893     676     946     1234    1394    1792    2041    1856    1897    1579    926     1287    
3922   1935 1341    1074    1630    973     1147    1825    1471    735     888     1005    1213    1226    1687    1911    1873    1867    1354    1197    1108    
3922   1936 1371    1205    1593    1135    1255    1752    1403    1180    1115    1273    1187    1303    1577    1803    1871    1809    1300    1105    920     
3922   1937 1420    1106    1682    1072    1258    1841    1529    1103    1206    1014    1304    1457    1663    1863    1991    1803    1481    1304    847     
3922   1938 1370    1102    1582    887     1177    1787    1580    961     850     1151    1039    1337    1682    1808    1867    1751    1574    1415    970     
3922   1939 1377    1179    1611    1031    1146    1798    1523    1127    993     987     1194    1260    1665    1814    1911    1821    1444    1307    982     
3922   1940 1398    1184    1657    1011    1347    1815    1473    874     1189    1315    1299    1425    1673    1843    1923    1771    1435    1214    816     
3922   1941 1335    1061    1593    857     1155    1801    1481    767     1013    1118    1098    1246    1688    1917    1793    1806    1500    1135    899     
3922   1942 1393    1045    1694    779     1367    1838    1514    786     640     1275    1292    1532    1707    1854    1949    1821    1650    1066    1076    
3922   1943 1445    1198    1737    1079    1390    1891    1487    1220    926     1220    1412    1539    1762    1961    1946    1800    1576    1082    868     
3922   1944 1350    1006    1705    815     1232    1882    1458    914     654     923     1374    1404    1677    1895    2067    1802    1329    1246    892     
3922   1945 1432    1018    1729    836     1351    1833    1633    624     1009    1013    1447    1596    1780    1881    1835    1833    1742    1320    1089    
3922   1946 1365    1181    1615    984     1234    1751    1562    847     1018    1060    1240    1403    1560    1853    1835    1793    1671    1218    855     
3922   1947 1454    1141    1744    870     1369    1910    1634    891     864     1325    1345    1436    1730    1879    2114    1954    1593    1355    925     
3922   1948 1470    1221    1666    1012    1320    1832    1611    1121    990     1335    1189    1432    1650    1844    1996    1878    1569    1386    1227    
3922   1949 1481    1217    1771    1092    1257    1956    1674    975     1071    1067    1413    1296    1759    2072    2032    2051    1736    1233    1043    
3922   1950 1442    1206    1715    1029    1261    1964    1579    879     1179    1165    1095    1517    1872    2056    1962    1774    1605    1359    829     
3922   1951 1356    1107    1617    891     1136    1813    1518    945     900     995     1160    1253    1639    1938    1840    1866    1456    1234    1044    
3922   1952 1403    1122    1678    891     1388    1892    1459    800     824     1358    1242    1560    1840    1882    1952    1583    1600    1191    973     
3922   1953 1395    1053    1669    795     1315    1807    1529    707     697     1117    1269    1556    1571    1840    2002    1764    1490    1333    1337    
3922   1954 -999999 -999999 -999999 -999999 -999999 1708    1622    814     -999999 -999999 -999999 1325    1589    1715    1817    1795    1690    1378    1055    
3922   1955 1436    1196    1733    1053    1231    1927    1484    1161    930     940     1271    1484    1726    1975    2075    1858    1415    1181    1176    
3922   1956 1305    1051    1588    872     1205    1715    1487    1029    379     1084    1118    1410    1535    1785    1818    1856    1538    1064    990     
3922   1957 1457    1194    1690    1030    1324    1895    1583    817     1308    1453    1156    1356    1679    2008    1990    1944    1587    1219    955     
3922   1958 1484    1198    1729    1078    1293    1867    1628    1052    1245    1138    1188    1548    1762    1871    1965    2031    1618    1235    1143    
3922   1959 1472    1210    1746    1057    1339    1906    1592    1060    957     1225    1353    1438    1731    1949    2034    1967    1635    1173    1103    
3922   1960 1448    1226    1721    1067    1397    1887    1525    1020    1079    1335    1296    1558    1878    1914    1868    1803    1474    1299    846     
3922   1961 1484    1144    1743    994     1335    1840    1629    915     1246    1095    1372    1539    1737    1893    1886    2026    1638    1224    1232    
3922   1962 1352    1158    1655    1029    1187    1822    1502    984     855     986     1151    1423    1642    1836    1980    1887    1595    1022    822     
3922   1963 1360    1034    1604    775     1253    1795    1579    737     765     1239    1203    1316    1719    1901    1761    1716    1596    1423    908     
3922   1964 1396    1158    1719    950     1261    1883    1487    909     1038    1076    1164    1548    1722    1940    1981    1946    1395    1124    905     
3922   1965 1373    1042    1591    855     1246    1775    1532    901     750     1152    1142    1442    1660    1798    1863    1634    1731    1226    1125    
3922   1966 1431    1246    1686    1177    1252    1804    1514    1091    1331    978     1382    1400    1654    1804    1948    1923    1612    1002    1041    
3922   1967 1382    1126    1625    1017    1183    1823    1560    951     1063    1077    1050    1417    1654    1907    1902    1807    1642    1227    867     
3922   1968 1424    1127    1635    955     1183    1835    1658    965     1037    1024    1185    1342    1652    1926    1916    1779    1784    1406    1064    
3922   1969 1389    1208    1638    980     1249    1816    1548    1053    807     1100    1158    1486    1557    1946    1937    1732    1747    1159    936     
3922   1970 1403    1138    1682    1015    1114    1900    1619    1134    971     866     1049    1426    1776    1954    1967    1910    1458    1495    806     
3922   1971 1377    1066    1683    887     1150    1866    1532    944     912     780     1281    1393    1573    2035    1981    1821    1734    1034    991     
3922   1972 1329    1116    1533    937     1165    1733    1446    859     961     1106    1116    1270    1503    1856    1831    1608    1465    1265    1084    
3922   1973 1378    1086    1702    944     1189    1893    1524    895     843     947     1090    1527    1703    1887    2085    1910    1491    1171    951     
3922   1974 1369    1136    1613    1029    1188    1816    1389    1138    995     1056    1131    1375    1711    1837    1897    1718    1217    1237    1095    
3922   1975 1394    1116    1667    1105    1120    1915    1551    1096    1128    930     1075    1355    1709    2000    2030    1818    1642    1189    740     
3922   1976 1401    1077    1701    865     1161    1993    1494    812     1055    1027    1041    1410    1934    2037    2006    1767    1566    1148    995     
3922   1977 1411    1193    1560    1049    1246    1724    1531    914     1257    1284    1146    1306    1547    1803    1818    1732    1665    1192    1252    
3922   1978 1393    1200    1594    1083    1191    1753    1535    864     1139    1084    1123    1363    1569    1818    1865    1815    1566    1222    1269    
3922   1979 1399    1180    1644    1084    1192    1834    1528    931     1049    1032    1181    1362    1655    1924    1918    1817    1587    1179    1131    
3922   1980 1394    1176    1647    1070    1189    1821    1564    951     1131    1071    1170    1327    1653    1763    2042    1919    1572    1201    921     
3922   1981 1469    1156    1705    912     1389    1861    1616    930     882     1407    1234    1521    1758    1843    1977    1892    1610    1347    1176    
3922   1982 1498    1269    1758    1191    1276    1939    1617    1245    1148    1080    1264    1483    1828    2024    1963    1979    1535    1340    1063    
3922   1983 1504    1169    1776    998     1293    1972    1732    1046    873     1135    1311    1435    1805    2122    1983    1990    1689    1520    1103    
3922   1984 1410    1194    1668    1000    1179    1864    1599    1023    864     957     1368    1218    1665    1947    1974    1832    1579    1387    1093    
3922   1985 1452    1171    1734    1014    1221    1915    1620    745     1223    1012    1300    1355    1753    2024    1963    2007    1727    1123    1186    
3922   1986 1396    1170    1620    1029    1148    1834    1580    997     890     1065    942     1431    1669    1915    1912    1836    1648    1253    1154    
3922   1987 1495    1173    1787    996     1352    1896    1681    847     986     1133    1490    1437    1689    1958    2032    2111    1666    1266    1294    
3922   1988 1509    1269    1756    1194    1340    1909    1677    1204    1077    1097    1335    1587    1801    1915    2007    1879    1763    1386    1043    
3922   1989 1586    1269    1812    1053    1375    2057    1707    1004    1120    1286    1148    1685    1887    2141    2137    1858    1744    1518    1456    
3922   1990 1549    1436    1820    1332    1425    1997    1649    1075    1479    1349    1190    1727    1784    2077    2122    2005    1733    1206    830     
3922   1991 1433    1143    1719    879     1233    1942    1592    925     882     1257    1118    1321    1696    1976    2147    2049    1448    1284    1057    
3922   1992 1454    1128    1747    973     1340    1911    1565    862     1004    1109    1223    1685    1607    1995    2122    1833    1389    1479    1124    
3922   1993 1470    1229    1722    1111    1348    1900    1480    1177    1024    1167    1299    1578    1777    1893    2025    1747    1506    1187    1224    
3922   1994 1531    1226    1756    1129    1346    2001    1641    1023    1140    1266    1198    1570    1776    2076    2135    1763    1675    1484    1236    
3922   1995 1551    1316    1781    1179    1353    2014    1674    1095    1208    1193    1226    1635    1790    2102    2145    1769    1875    1372    1173    
3922   1996 1468    1311    1715    1137    1338    1907    1527    1324    900     1199    1326    1488    1785    1985    1948    1750    1605    1223    1054    
3922   1997 1540    1241    1747    1096    1395    1902    1722    1006    1240    1318    1302    1561    1749    1864    2088    1912    1840    1410    1173    
3922   1998 1477    1347    1701    1184    1295    1895    1555    1170    1211    1267    1161    1453    1766    1913    2002    1901    1527    1237    1091    
3922   1999 1481    1177    1777    1048    1348    1918    1603    1110    932     1144    1310    1591    1703    1975    2067    2003    1649    1156    1089    
3922   2000 1475    1167    1732    1046    1284    1897    1577    907     1147    1053    1268    1530    1758    1905    2023    1902    1544    1285    1368    
3922   2001 1486    1312    1698    1203    1365    1908    1627    1168    1060    1419    1221    1452    1740    1907    2072    1788    1929    1153    885     
3922   2002 1487    1273    1621    1102    1298    1760    1624    1229    1202    1230    1224    1438    1606    1795    1874    1781    1690    1399    1349    
3922   2003 1532    1294    1835    1105    1407    2057    1625    960     998     1344    1404    1474    1893    1995    2279    1957    1530    1389    1125    
3922   2004 1455    1195    1715    1083    1191    1931    1626    1131    987     1003    1199    1370    1827    1900    2064    1923    1724    1227    1088    
3922   2005 1459    1168    1754    960     1309    1965    1647    1017    755     1161    1266    1499    1861    2030    2002    1856    1848    1231    922     
3922   2006 1555    1178    1833    884     1399    2023    1835    888     838     1311    1315    1567    1819    2198    2046    2044    1916    1542    1125    
3922   2007 1460    1349    1712    1172    1323    1886    1473    1145    1256    1110    1330    1530    1799    1907    1950    1748    1550    1119    1059    
3922   2008 1456    1209    1708    1146    1312    1884    1508    1163    1221    1140    1252    1543    1765    1894    1990    1797    1545    1180    972     
3922   2009 1474    1113    1737    952     1249    1953    1696    959     922     1085    1189    1473    1821    1975    2059    1897    1740    1451    1080    
3922   2010 1435    1225    1720    993     1306    1912    1559    927     970     1164    1322    1432    1704    1987    2037    1828    1630    1218    961     
3922   2011 1557    1195    1800    1031    1455    1878    1775    1031    1110    1215    1516    1635    1770    1847    2014    2012    1775    1537    1197    
3922   2012 1456    1261    1711    1025    1275    1903    1611    1075    788     1171    1099    1550    1773    1868    2065    1902    1638    1292    1211    
3922   2013 1450    1215    1663    1064    1199    1872    1680    1045    924     1158    1212    1227    1544    2061    2001    1925    1842    1269    1146    
3922   2014 1561    1287    1793    1150    1319    1949    1837    1177    1123    1147    1392    1420    1818    1978    2047    2099    1928    1482    1095    
3922   2015 1525    1249    1774    1003    1346    1965    1648    1026    875     1060    1412    1568    1793    2068    2029    1763    1663    1518    1474    
3922   2016 1491    1340    1733    1258    1270    1911    1595    1211    1078    1087    1228    1493    1725    1956    2044    1942    1611    1230    1270    
3922   2017 1483    1242    1731    1124    1361    1916    1595    927     1180    1228    1252    1601    1826    1931    1988    1777    1706    1299    1053    
3922   2018 1497    1195    1780    1008    1306    1981    1609    1136    816     1126    1359    1433    1774    2073    2091    1944    1523    1363    1274    
3922   2019 -999999 1248    1735    1130    1285    1942    -999999 928     1196    1205    1278    1373    1697    2045    2077    1932    1739    -999999 -999999 
