EUROPEAN CLIMATE ASSESSMENT & DATASET (ECA&D), file created on: 13-11-2019
THESE DATA CAN BE USED FOR NON-COMMERCIAL RESEARCH AND EDUCATION PROVIDED THAT THE FOLLOWING SOURCE IS ACKNOWLEDGED: 

Klein Tank, A.M.G. and Coauthors, 2002. Daily dataset of 20th-century surface
air temperature and precipitation series for the European Climate Assessment.
Int. J. of Climatol., 22, 1441-1453.
Data and metadata available at http://www.ecad.eu

FILE FORMAT (MISSING VALUE CODE = -999999):

THIS FILE HOLDS DATA FOR STATION NORWAY                                   MIKE                                     (STAID:   2757)
LATITUDE: dd:mm:ss +66:00:00
LONGITUDE: ddd:mm:ss +002:00:00
ELEVATION: m    6

DATA IS FOR INDEX Mean of daily mean temperature (TG) with unit 0.01 Temperature (&#176;C)

01-06 SOUID: Source identifier
08-11 YEAR : YYYY
13-20 ANNUAL DATA VALUES
21-28 WINTER HALF YEAR DATA VALUES
29-36 SUMMER HALF YEAR DATA VALUES
37-44 WINTER (DJF) DATA VALUES
45-52 SPRING (MAM) DATA VALUES
53-60 SUMMER (JJA) DATA VALUES
61-68 AUTUMN (SON) DATA VALUES
69-76 JANUARY DATA VALUES
etc. 
157-164 DECEMBER DATA VALUES

2757   1949 643     -999999 781     -999999 441     906     805     303     444     365     327     623     775     956     982     1001    687     733     439     
2757   1950 688     506     888     414     470     1079    818     462     329     364     488     554     840     1078    1310    1059    840     569     335     
2757   1951 611     464     759     375     366     899     774     385     410     242     309     545     668     946     1079    1007    854     457     431     
2757   1952 590     434     768     328     475     902     673     303     244     302     533     593     771     947     976     778     754     483     387     
2757   1953 700     441     878     316     439     1118    854     298     257     450     325     538     902     1198    1246    1047    883     630     587     
2757   1954 667     545     855     467     514     1003    731     367     450     349     427     755     809     1063    1125    912     664     620     445     
2757   1955 567     410     770     301     342     932     749     221     246     257     338     431     699     991     1100    1053    624     574     238     
2757   1956 629     405     788     267     485     917     768     305     256     424     363     665     685     1004    1070    959     747     592     501     
2757   1957 636     507     785     439     481     901     751     469     339     382     543     519     731     938     1029    946     720     589     408     
2757   1958 618     408     804     298     417     925     883     305     168     238     466     549     738     943     1107    1079    878     687     357     
2757   1959 709     532     834     356     560     960     881     222     510     568     458     651     813     1011    1051    1012    901     731     560     
2757   1960 728     570     935     400     605     1086    845     363     268     585     527     701     869     1158    1224    1120    743     674     482     
2757   1961 708     533     860     488     455     1013    900     485     497     321     370     665     827     1068    1136    1052    974     671     -999999 
2757   1962 613     -999999 800     -999999 376     916     746     437     -999999 78      466     583     729     940     1073    982     759     499     408     
2757   1963 660     423     879     288     565     1014    -999999 220     229     469     527     711     904     1013    1121    973     809     457     431     
2757   1964 647     -999999 782     -999999 592     887     698     -999999 381     576     534     666     760     939     961     812     780     503     347     
2757   1965 610     429     807     346     438     907     784     331     364     239     502     584     779     884     1054    1025    880     424     227     
2757   1966 578     -999999 791     189     411     1006    631     220     -999999 271     389     571     904     1071    1045    773     639     491     400     
2757   1967 620     -999999 812     377     441     932     765     278     472     282     406     620     843     966     992     1039    653     589     306     
2757   1968 -999999 -999999 809     -999999 -999999 990     706     276     -999999 -999999 419     502     892     995     1079    961     577     585     359     
2757   1969 -999999 411     -999999 320     496     1122    -999999 397     195     324     542     619     962     1087    1307    893     -999999 318     382     
2757   1970 -999999 -999999 -999999 329     -999999 970     -999999 382     220     265     411     674     891     1006    1014    871     623     427     407     
2757   1971 -999999 -999999 790     -999999 462     928     -999999 238     418     284     390     711     821     954     1022    873     712     -999999 378     
2757   1972 -999999 -999999 -999999 -999999 -999999 1008    -999999 499     357     428     -999999 642     866     1115    1034    872     -999999 -999999 643     
2757   1973 -999999 -999999 -999999 -999999 -999999 920     616     594     238     -999999 -999999 647     826     939     995     945     600     303     237     
2757   1974 -999999 -999999 -999999 396     -999999 -999999 -999999 566     373     -999999 555     706     935     1058    -999999 956     -999999 668     394     
2757   1975 -999999 -999999 -999999 -999999 -999999 -999999 -999999 -999999 -999999 -999999 -999999 -999999 -999999 932     1023    -999999 775     -999999 164     
2757   1976 -999999 -999999 -999999 -999999 -999999 1006    731     -999999 -999999 370     -999999 645     908     1044    1060    742     832     610     389     
2757   1977 -999999 -999999 -999999 -999999 370     -999999 -999999 -999999 322     343     277     484     719     967     955     820     793     478     543     
2757   1978 -999999 -999999 -999999 -999999 -999999 -999999 -999999 203     110     -999999 310     -999999 -999999 949     983     912     590     -999999 -999999 
2757   1979 -999999 -999999 -999999 -999999 -999999 -999999 -999999 212     -999999 226     414     468     -999999 904     -999999 768     699     454     367     
2757   1980 -999999 -999999 -999999 -999999 -999999 -999999 -999999 -999999 -999999 346     461     542     888     1004    1177    -999999 581     340     216     
2757   1981 -999999 -999999 -999999 -999999 -999999 -999999 -999999 150     286     164     -999999 627     672     917     1015    -999999 694     379     135     
2757   1982 596     -999999 747     -999999 441     910     685     159     512     417     364     541     679     983     1060    844     732     474     368     
2757   1983 -999999 409     -999999 313     464     879     594     250     323     290     427     671     802     911     923     829     606     337     314     
2757   1984 662     363     839     326     449     993     772     234     439     242     492     614     877     1041    1058    943     742     633     621     
2757   1985 -999999 -999999 -999999 -999999 454     983     -999999 259     -999999 364     357     634     756     1041    1154    848     727     359     183     
2757   1986 -999999 -999999 -999999 -999999 519     949     -999999 219     333     431     414     697     830     991     1020    -999999 725     516     -999999 
2757   1987 -999999 -999999 794     -999999 468     915     -999999 260     -999999 312     513     576     760     992     988     929     -999999 624     376     
2757   1988 -999999 -999999 -999999 -999999 -999999 1059    -999999 341     344     226     245     621     842     1113    1215    -999999 695     396     336     
2757   1989 -999999 -999999 -999999 -999999 -999999 920     -999999 -999999 -999999 364     471     -999999 799     895     1063    -999999 638     581     329     
2757   1990 -999999 -999999 -999999 -999999 -999999 -999999 -999999 504     -999999 -999999 389     547     941     1088    1179    985     -999999 571     395     
2757   1991 -999999 -999999 -999999 -999999 -999999 -999999 -999999 468     -999999 452     455     524     794     1108    1178    862     -999999 509     414     
2757   1992 -999999 -999999 831     398     412     1006    -999999 416     362     289     336     614     976     959     1081    1006    -999999 557     462     
2757   1993 -999999 -999999 791     -999999 475     921     -999999 282     237     368     486     567     722     996     1039    918     554     629     281     
2757   1994 -999999 -999999 -999999 267     412     991     -999999 184     345     271     410     554     759     1069    1144    955     -999999 571     467     
2757   1995 -999999 -999999 716     -999999 371     866     -999999 373     242     298     255     553     746     881     970     874     -999999 444     230     
2757   1996 -999999 -999999 -999999 -999999 -999999 941     -999999 546     -999999 337     454     495     764     913     1140    1003    751     234     290     
2757   1997 -999999 -999999 -999999 -999999 -999999 999     -999999 293     288     277     204     520     758     1052    1182    932     568     570     523     
2757   1998 -999999 -999999 -999999 -999999 407     -999999 -999999 393     277     174     429     603     808     1070    1077    982     -999999 529     -999999 
2757   1999 -999999 -999999 -999999 -999999 -999999 976     -999999 421     275     398     448     620     850     1048    1025    1030    -999999 577     269     
2757   2000 -999999 -999999 765     265     359     893     -999999 246     282     164     298     612     675     909     1081    1003    884     747     409     
2757   2001 -999999 -999999 783     385     414     924     -999999 520     209     276     402     564     732     955     1077    966     -999999 449     421     
2757   2002 -999999 -999999 1032    384     602     1227    -999999 421     301     337     647     816     1145    1237    1297    1044    677     574     512     
2757   2003 -999999 -999999 -999999 -999999 566     1188    -999999 266     597     508     531     655     929     1310    1313    -999999 659     741     335     
2757   2004 -999999 -999999 -999999 363     -999999 -999999 -999999 418     331     525     637     -999999 -999999 1107    1238    -999999 866     433     410     
2757   2005 -999999 -999999 -999999 -999999 480     -999999 730     355     340     396     509     537     796     1072    -999999 872     781     560     452     
2757   2006 709     507     883     481     476     1004    819     582     401     260     463     704     803     1058    1144    1117    757     584     606     
2757   2007 646     506     816     409     489     1017    672     269     340     456     430     579     841     1127    1078    828     757     426     576     
2757   2008 -999999 477     -999999 449     492     1052    -999999 391     368     313     473     682     881     1103    1172    -999999 772     483     490     
2757   2009 -999999 -999999 -999999 406     627     1111    -999999 443     281     480     619     786     920     1136    1272    -999999 710     687     -999999 
2757   2010 -999999 -999999 -999999 -999999 -999999 -999999 -999999 -999999 -999999 -999999 -999999 -999999 -999999 -999999 -999999 -999999 -999999 -999999 -999999 
2757   2011 -999999 -999999 -999999 -999999 -999999 -999999 -999999 -999999 -999999 -999999 -999999 -999999 -999999 -999999 -999999 -999999 -999999 -999999 -999999 
2757   2012 -999999 -999999 -999999 -999999 -999999 -999999 -999999 -999999 -999999 -999999 -999999 -999999 -999999 -999999 -999999 -999999 -999999 -999999 -999999 
2757   2013 -999999 -999999 -999999 -999999 413     -999999 -999999 -999999 455     209     389     641     -999999 -999999 -999999 -999999 -999999 -999999 -999999 
2757   2014 -999999 -999999 -999999 -999999 -999999 -999999 -999999 -999999 -999999 -999999 -999999 -999999 -999999 -999999 -999999 -999999 -999999 -999999 -999999 
2757   2015 -999999 -999999 -999999 -999999 -999999 -999999 -999999 -999999 -999999 -999999 -999999 -999999 -999999 -999999 -999999 -999999 -999999 -999999 -999999 
2757   2016 -999999 -999999 -999999 -999999 -999999 1076    -999999 -999999 -999999 -999999 -999999 -999999 862     1192    1171    -999999 -999999 -999999 -999999 
