EUROPEAN CLIMATE ASSESSMENT & DATASET (ECA&D), file created on: 13-11-2019
THESE DATA CAN BE USED FOR NON-COMMERCIAL RESEARCH AND EDUCATION PROVIDED THAT THE FOLLOWING SOURCE IS ACKNOWLEDGED: 

Klein Tank, A.M.G. and Coauthors, 2002. Daily dataset of 20th-century surface
air temperature and precipitation series for the European Climate Assessment.
Int. J. of Climatol., 22, 1441-1453.
Data and metadata available at http://www.ecad.eu

FILE FORMAT (MISSING VALUE CODE = -999999):

THIS FILE HOLDS DATA FOR STATION FINLAND                                  PUUMALA SORJOLA                          (STAID:   7377)
LATITUDE: dd:mm:ss +61:34:00
LONGITUDE: ddd:mm:ss +028:04:44
ELEVATION: m  146

DATA IS FOR INDEX Mean of daily mean temperature (TG) with unit 0.01 Temperature (&#176;C)

01-06 SOUID: Source identifier
08-11 YEAR : YYYY
13-20 ANNUAL DATA VALUES
21-28 WINTER HALF YEAR DATA VALUES
29-36 SUMMER HALF YEAR DATA VALUES
37-44 WINTER (DJF) DATA VALUES
45-52 SPRING (MAM) DATA VALUES
53-60 SUMMER (JJA) DATA VALUES
61-68 AUTUMN (SON) DATA VALUES
69-76 JANUARY DATA VALUES
etc. 
157-164 DECEMBER DATA VALUES

7377   1970 298     -999999 1137    -999999 233     1632    296     -1150   -1348   -302    74      922     1705    1688    1505    907     279     -297    -526    
7377   1971 301     -425    1049    -641    104     1503    248     -418    -1015   -624    13      919     1379    1642    1486    824     263     -343    -654    
7377   1972 457     -491    1238    -843    207     1810    388     -1213   -658    -354    116     876     1709    2035    1683    966     355     -154    32      
7377   1973 369     -192    1181    -372    330     1731    99      -526    -649    -255    225     1017    1692    2043    1456    619     101     -423    -949    
7377   1974 488     -389    1085    -623    192     1526    553     -735    -138    -166    128     612     1491    1646    1440    1179    457     27      -112    
7377   1975 505     -109    1203    -365    450     1540    482     -421    -582    -67     242     1167    1333    1768    1511    1170    335     -54     -425    
7377   1976 188     -526    1008    -952    208     1354    192     -1447   -986    -594    133     1082    1123    1491    1442    743     -9      -152    -609    
7377   1977 288     -508    1024    -847    221     1443    342     -897    -1057   -368    117     910     1407    1534    1385    768     285     -23     -704    
7377   1978 189     -519    1032    -1011   237     1436    354     -941    -1429   -372    63      1015    1432    1584    1290    778     248     39      -1549   
7377   1979 325     -622    1120    -1266   288     1543    399     -1077   -1162   -262    21      1096    1531    1536    1562    947     253     3       -648    
7377   1980 295     -511    1147    -903    128     1619    313     -1085   -982    -621    313     700     1776    1652    1433    999     401     -465    -612    
7377   1981 328     -471    1084    -687    139     1472    437     -620    -844    -725    49      1089    1329    1729    1352    923     536     -152    -817    
7377   1982 364     -457    1058    -1017   322     1427    500     -1404   -808    -123    227     858     1064    1695    1508    963     340     203     -235    
7377   1983 426     -240    1227    -557    432     1544    373     -444    -1039   -332    459     1169    1360    1800    1466    1083    449     -417    -556    
7377   1984 423     -409    1176    -679    419     1464    456     -696    -791    -470    412     1315    1403    1583    1404    915     560     -111    -496    
7377   1985 153     -640    1040    -1357   195     1478    397     -1882   -1729   -273    -21     871     1289    1545    1594    931     565     -310    -881    
7377   1986 312     -515    1110    -1095   368     1599    424     -1081   -1348   -108    180     1027    1733    1766    1302    629     429     214     -1110   
7377   1987 132     -674    956     -1370   114     1318    346     -2051   -905    -615    178     780     1327    1505    1124    808     563     -340    -837    
7377   1988 381     -378    1215    -722    276     1679    295     -651    -675    -345    36      1130    1686    1968    1382    1057    373     -548    -884    
7377   1989 562     -231    1242    -426    525     1597    468     -233    -133    38      431     1102    1644    1736    1412    1111    391     -96     -698    
7377   1990 463     -224    1118    -534    469     1489    270     -846    -8      -63     566     906     1371    1540    1552    749     399     -342    -298    
7377   1991 430     -339    1092    -613    247     1534    545     -673    -894    -276    262     754     1315    1698    1582    917     535     184     -346    
7377   1992 443     -88     1151    -405    354     1524    216     -455    -413    -45     8       1088    1620    1578    1377    1217    -108    -450    -134    
7377   1993 337     -296    1001    -349    427     1322    81      -458    -465    -184    196     1261    1116    1538    1305    554     231     -546    -584    
7377   1994 374     -549    1179    -884    298     1591    377     -676    -1448   -360    456     805     1340    1910    1516    1024    367     -259    -334    
7377   1995 439     -187    1150    -389    342     1585    441     -561    -261    -85     210     895     1721    1506    1531    1022    686     -395    -1047   
7377   1996 337     -515    1067    -1027   236     1508    523     -814    -1233   -331    193     843     1356    1415    1748    823     538     207     -765    
7377   1997 407     -272    1184    -718    175     1775    318     -785    -591    -252    33      738     1641    1901    1779    982     169     -193    -610    
7377   1998 348     -427    1086    -656    147     1471    373     -429    -957    -586    106     919     1440    1659    1314    1056    475     -415    -508    
7377   1999 454     -440    1253    -823    310     1718    556     -967    -1012   -264    502     698     1901    1847    1414    1150    565     -48     -422    
7377   2000 543     -186    1165    -485    418     1528    614     -587    -444    -192    484     963     1434    1675    1470    943     719     177     -162    
7377   2001 412     -187    1253    -495    283     1661    482     -403    -966    -553    562     847     1451    2004    1523    1114    584     -256    -1060   
7377   2002 425     -299    1311    -680    485     1764    143     -669    -273    -118    436     1134    1626    1886    1775    981     -29     -518    -1171   
7377   2003 414     -651    1171    -1065   329     1582    488     -1315   -670    -201    123     1059    1226    2027    1480    1076    288     107     -305    
7377   2004 436     -301    1181    -687    396     1524    478     -1023   -736    -154    397     945     1321    1683    1563    1155    437     -155    -239    
7377   2005 507     -291    1246    -437    183     1668    689     -338    -765    -728    340     942     1495    1916    1587    1172    599     299     -520    
7377   2006 498     -373    1326    -797    215     1767    570     -687    -1224   -763    336     1076    1627    1814    1855    1223    585     -98     102     
7377   2007 520     -162    1239    -570    554     1669    448     -541    -1345   215     428     1015    1543    1741    1719    961     563     -183    -31     
7377   2008 542     -83     1118    -192    356     1468    573     -314    -233    -309    444     940     1374    1633    1395    881     697     136     -170    
7377   2009 427     -163    1217    -513    357     1563    500     -659    -732    -297    252     1112    1354    1727    1600    1231    204     76      -819    
7377   2010 336     -587    1365    -1153   397     1837    397     -1529   -1106   -377    413     1155    1420    2300    1777    1086    417     -312    -1309   
7377   2011 -999999 -999999 -999999 -999999 -999999 1750    665     -791    -999999 -308    -999999 971     1593    2054    1597    1165    627     237     60      
7377   2012 383     -198    1180    -618    371     1556    577     -760    -1190   -184    220     1073    1394    1789    1480    1096    483     157     -1018   
7377   2013 -999999 -385    -999999 -727    239     -999999 -999999 -749    -379    -787    241     1263    1818    -999999 -999999 -999999 -999999 -999999 -999999 
