EUROPEAN CLIMATE ASSESSMENT & DATASET (ECA&D), file created on: 13-11-2019
THESE DATA CAN BE USED FOR NON-COMMERCIAL RESEARCH AND EDUCATION PROVIDED THAT THE FOLLOWING SOURCE IS ACKNOWLEDGED: 

Klein Tank, A.M.G. and Coauthors, 2002. Daily dataset of 20th-century surface
air temperature and precipitation series for the European Climate Assessment.
Int. J. of Climatol., 22, 1441-1453.
Data and metadata available at http://www.ecad.eu

FILE FORMAT (MISSING VALUE CODE = -999999):

THIS FILE HOLDS DATA FOR STATION SWEDEN                                   ABRAUR                                   (STAID:   5804)
LATITUDE: dd:mm:ss +65:59:23
LONGITUDE: ddd:mm:ss +018:55:12
ELEVATION: m  370

DATA IS FOR INDEX Mean of daily mean temperature (TG) with unit 0.01 Temperature (&#176;C)

01-06 SOUID: Source identifier
08-11 YEAR : YYYY
13-20 ANNUAL DATA VALUES
21-28 WINTER HALF YEAR DATA VALUES
29-36 SUMMER HALF YEAR DATA VALUES
37-44 WINTER (DJF) DATA VALUES
45-52 SPRING (MAM) DATA VALUES
53-60 SUMMER (JJA) DATA VALUES
61-68 AUTUMN (SON) DATA VALUES
69-76 JANUARY DATA VALUES
etc. 
157-164 DECEMBER DATA VALUES

5804   1991 -999999 -999999 -999999 -999999 -999999 -999999 -42     -999999 -999999 -999999 -999999 -999999 -999999 -999999 1303    444     78      -653    -597    
5804   1992 -999999 -999999 -999999 -999999 -999999 -999999 -999999 -719    -999999 -999999 -363    688     1310    1166    -999999 -999999 -728    -874    -602    
5804   1993 -999999 -803    -999999 -896    -999999 -999999 -999999 -1248   -834    -540    -999999 -999999 -999999 -999999 -999999 -999999 -999999 -768    -1404   
5804   1994 -999999 -999999 -999999 -999999 -999999 -999999 -999999 -999999 -999999 -999999 73      370     -999999 1473    -999999 -999999 -26     -780    -660    
5804   1995 -999999 -999999 -999999 -999999 -999999 -999999 -999999 -1084   -999999 -999999 -999999 335     1144    1192    -999999 -999999 -999999 -999999 -999999 
5804   1996 -999999 -999999 -999999 -999999 -999999 1222    -999999 -999999 -1603   -825    -999999 382     1033    1241    1387    -999999 -999999 -1226   -1336   
5804   1997 -999999 -999999 -999999 -1098   -999999 1390    -86     -901    -1054   -999999 -999999 387     1261    1589    1316    777     -137    -895    -1102   
5804   1998 -89     -999999 685     -999999 -291    1122    -124    -999999 -1322   -926    -347    397     983     1358    1020    676     24      -1076   -1217   
5804   1999 -37     -994    803     -1405   -107    1173    283     -1605   -1390   -740    60      366     1247    1322    954     860     76      -81     -1570   
5804   2000 98      -739    823     -1231   -16     1188    285     -1089   -1019   -747    2       697     1021    1373    1166    656     335     -138    -1121   
5804   2001 -80     -766    784     -1179   -336    1218    56      -813    -1650   -1276   -220    492     1168    1337    1148    757     65      -653    -1419   
5804   2002 -15     -820    1002    -1214   91      1449    -305    -1334   -854    -722    194     803     1351    1500    1493    646     -364    -1194   -1748   
5804   2003 18      -1067   868     -1543   94      1329    -58     -1968   -844    -265    -70     611     1111    1683    1185    657     -99     -730    -1110   
5804   2004 -30     -896    809     -1290   -7      1159    -113    -1484   -1274   -697    95      584     953     1321    1196    681     -51     -971    -764    
5804   2005 43      -825    843     -989    -162    1253    189     -933    -1301   -980    88      412     1091    1472    1191    782     257     -475    -1181   
5804   2006 74      -840    927     -1185   -229    1356    108     -1046   -1341   -1292   -22     632     1184    1415    1463    868     -137    -400    -532    
5804   2007 32      -744    818     -1195   72      1255    -7      -1577   -1507   -372    44      541     1184    1355    1224    534     242     -805    -596    
5804   2008 43      -598    752     -705    -157    1162    -40     -822    -696    -923    -39     495     1064    1413    1006    553     40      -717    -887    
5804   2009 -12     -834    883     -1228   20      1240    57      -1151   -1692   -677    -38     774     1093    1342    1281    824     -288    -354    -1367   
5804   2010 -221    -1035   793     -1548   -132    1183    -271    -1459   -1846   -952    -20     579     976     1459    1109    629     55      -1508   -1799   
5804   2011 123     -1177   967     -1672   68      1360    316     -1458   -1768   -650    264     595     1345    1551    1184    847     204     -100    -665    
5804   2012 -86     -595    688     -1135   -18     1115    -5      -1223   -1542   -291    -220    450     905     1299    1135    532     -119    -424    -1589   
5804   2013 16      -996    903     -1415   -174    1291    79      -1523   -1101   -1213   -176    867     1278    1340    1254    831     63      -656    -843    
5804   2014 138     -618    927     -942    119     1382    9       -1588   -338    -322    71      605     1078    1804    1254    719     2       -694    -964    
5804   2015 129     -626    812     -916    80      1149    126     -1213   -533    -347    117     471     908     1235    1297    827     115     -563    -806    
5804   2016 41      -742    868     -1227   125     1221    23      -1778   -1088   -347    7       712     1122    1492    1045    807     57      -797    -786    
5804   2017 10      -663    725     -865    -160    1146    -19     -905    -908    -666    -169    354     1081    1262    1093    714     52      -825    -1021   
5804   2018 -7      -995    921     -1365   -107    1326    103     -1458   -1642   -1134   -104    916     988     1784    1195    713     35      -438    -1060   
5804   2019 -999999 -837    853     -1293   -43     1303    -999999 -1803   -986    -770    133     513     1215    1425    1266    544     -999999 -999999 -999999 
