EUROPEAN CLIMATE ASSESSMENT & DATASET (ECA&D), file created on: 13-11-2019
THESE DATA CAN BE USED FOR NON-COMMERCIAL RESEARCH AND EDUCATION PROVIDED THAT THE FOLLOWING SOURCE IS ACKNOWLEDGED: 

Klein Tank, A.M.G. and Coauthors, 2002. Daily dataset of 20th-century surface
air temperature and precipitation series for the European Climate Assessment.
Int. J. of Climatol., 22, 1441-1453.
Data and metadata available at http://www.ecad.eu

FILE FORMAT (MISSING VALUE CODE = -999999):

THIS FILE HOLDS DATA FOR STATION RUSSIAN FEDERATION                       TOLKA                                    (STAID:   8082)
LATITUDE: dd:mm:ss +63:58:48
LONGITUDE: ddd:mm:ss +082:04:48
ELEVATION: m   31

DATA IS FOR INDEX Mean of daily mean temperature (TG) with unit 0.01 Temperature (&#176;C)

01-06 SOUID: Source identifier
08-11 YEAR : YYYY
13-20 ANNUAL DATA VALUES
21-28 WINTER HALF YEAR DATA VALUES
29-36 SUMMER HALF YEAR DATA VALUES
37-44 WINTER (DJF) DATA VALUES
45-52 SPRING (MAM) DATA VALUES
53-60 SUMMER (JJA) DATA VALUES
61-68 AUTUMN (SON) DATA VALUES
69-76 JANUARY DATA VALUES
etc. 
157-164 DECEMBER DATA VALUES

8082   1947 -999999 -999999 -999999 -999999 -999999 1273    -430    -999999 -999999 -999999 -999999 269     1110    1413    1290    542     223     -2076   -2290   
8082   1948 -481    -1713   739     -2296   -628    1278    -144    -2323   -2273   -1584   -404    113     910     1808    1103    879     -186    -1124   -2739   
8082   1949 -578    -1559   646     -2156   -594    1198    -722    -1710   -2003   -1622   -176    31      712     1400    1466    411     -217    -2377   -2961   
8082   1950 -525    -2126   826     -2902   -658    1506    -392    -3357   -2332   -1539   -652    217     1326    1661    1525    845     -355    -1667   -2087   
8082   1951 -539    -1956   801     -2700   -516    1258    -353    -2679   -3402   -1678   -92     235     946     1749    1067    881     -204    -1742   -1754   
8082   1952 -786    -1707   641     -2031   -957    1238    -937    -2281   -2061   -2221   -715    73      1056    1497    1155    751     -821    -2744   -3153   
8082   1953 -416    -2095   852     -2499   -484    1448    -662    -2215   -2092   -1563   -119    241     1222    1883    1231    628     -470    -2150   -1712   
8082   1954 -515    -1848   745     -2361   -636    1417    -389    -2385   -3079   -1460   -555    110     1359    1542    1348    637     -118    -1694   -2159   
8082   1955 -544    -1723   759     -2186   -718    1378    -311    -1549   -2922   -2015   -451    320     1234    1673    1221    524     5       -1472   -3262   
8082   1956 -491    -1782   691     -2592   -729    1466    -474    -2181   -2315   -1489   -891    187     1046    2032    1305    416     -514    -1323   -2240   
8082   1957 -628    -1800   763     -2334   -923    1520    -787    -2224   -2560   -1999   -815    48      1405    1757    1394    760     -554    -2576   -2319   
8082   1958 -720    -1986   529     -2248   -1117   1353    -595    -2139   -2289   -2088   -1241   -26     1163    1794    1096    342     -541    -1589   -3227   
8082   1959 -551    -1837   665     -2572   -762    1395    -492    -2091   -2380   -1236   -981    -75     1235    1580    1364    838     -614    -1696   -2686   
8082   1960 -783    -2162   612     -2821   -1008   1242    -779    -3123   -2642   -2225   -954    158     1152    1514    1056    714     -708    -2347   -2058   
8082   1961 -529    -1743   689     -2284   -294    1248    -728    -2635   -2144   -625    -350    90      861     1642    1228    635     -965    -1847   -2346   
8082   1962 -307    -1615   840     -1866   -460    1462    -482    -1635   -1591   -1309   -470    399     1295    1878    1206    697     -618    -1519   -2104   
8082   1963 -519    -1640   623     -2002   -872    1358    -404    -2186   -1686   -1724   -900    6       1139    1638    1289    530     -165    -1586   -2660   
8082   1964 -658    -1925   647     -2524   -1108   1346    -537    -2435   -2472   -2255   -1183   112     973     1760    1293    889     -607    -1891   -2149   
8082   1965 -614    -1808   656     -2418   -579    1322    -728    -2571   -2547   -1155   -734    146     927     1749    1277    535     -275    -2458   -2430   
8082   1966 -999999 -2180   -999999 -2826   -999999 -999999 -660    -2705   -3398   -1942   -1109   -999999 -999999 -999999 1192    840     -817    -1996   -2310   
8082   1967 -999999 -999999 -999999 -2394   -999999 -999999 -999999 -2414   -2465   -999999 -999999 -999999 -999999 -999999 -999999 -999999 -999999 -1242   -1519   
8082   1968 -767    -999999 506     -2062   -433    1143    -1090   -2855   -1796   -615    -797    101     720     1592    1105    273     -505    -3060   -3429   
8082   1969 -789    -2644   539     -3526   -980    1317    -430    -3646   -3500   -1823   -962    -155    1011    1955    975     368     -763    -885    -2220   
8082   1970 -690    -1748   493     -2450   -906    1134    -533    -2806   -2311   -1531   -865    -319    789     1655    947     726     -659    -1662   -2338   
8082   1971 -569    -1996   652     -2633   -842    1344    -265    -2466   -3145   -1807   -977    255     1117    1455    1454    567     -443    -913    -2104   
8082   1972 -754    -1809   590     -2593   -798    1317    -772    -3296   -2364   -1745   -473    -167    1292    1491    1166    204     -378    -2155   -2664   
8082   1973 -429    -1842   675     -2445   -572    1342    -355    -2747   -1868   -1255   -553    93      976     1577    1460    463     -404    -1121   -1859   
8082   1974 -874    -1921   535     -2771   -797    1183    -1156   -3443   -3036   -1747   -550    -62     852     1441    1244    233     -986    -2721   -1854   
8082   1975 -495    -1757   598     -1863   -658    1186    -579    -1888   -1845   -1287   -636    -49     993     1732    826     697     -418    -2020   -2142   
8082   1976 -564    -1830   805     -2256   -671    1446    -630    -2063   -2584   -1809   -419    223     1387    1637    1312    667     -1181   -1359   -2632   
8082   1977 -999999 -999999 -999999 -999999 -999999 -999999 -999999 -999999 -999999 -999999 -999999 -999999 -999999 -999999 -999999 -999999 -999999 -999999 -999999 
8082   1978 -515    -999999 566     -999999 -821    1287    -199    -2366   -2167   -1447   -947    -74     1037    1806    1011    527     -90     -1039   -2542   
8082   1979 -690    -2014   720     -3019   -973    1468    -382    -3373   -3154   -1965   -941    -13     1259    1886    1252    845     -595    -1387   -2248   
8082   1980 -545    -1829   657     -2389   -849    1305    -389    -2733   -2174   -1846   -671    -23     1162    1539    1209    700     -141    -1733   -1883   
8082   1981 -361    -1504   742     -1873   -678    1455    -478    -1573   -2195   -1572   -377    -74     1196    1545    1614    520     -610    -1339   -1596   
8082   1982 -430    -1736   887     -2133   -569    1464    -642    -2709   -2090   -2097   -136    540     1461    1729    1201    502     -1077   -1336   -1233   
8082   1983 -313    -1419   661     -1640   -796    1502    -162    -1835   -1875   -1202   -1013   -182    1522    1719    1265    629     -35     -1083   -1780   
8082   1984 -544    -1324   683     -1836   -905    1535    -780    -1796   -1938   -1343   -1551   158     1491    1689    1424    847     -524    -2673   -2394   
8082   1985 -561    -2096   767     -2640   -681    1461    -425    -2620   -2936   -1527   -572    60      1517    1578    1290    710     -161    -1834   -2403   
8082   1986 -479    -1677   625     -2251   -700    1360    -206    -2235   -2100   -1372   -801    68      1043    1766    1260    369     -169    -820    -2856   
8082   1987 -644    -1789   677     -2716   -712    1291    -685    -2924   -2331   -1656   -712    233     690     1799    1365    641     -381    -2325   -2268   
8082   1988 -434    -1832   607     -2374   -690    1277    -276    -2184   -2692   -1214   -1009   144     993     1586    1241    648     -324    -1151   -1357   
8082   1989 -454    -1321   594     -1864   -573    1328    -438    -2478   -1744   -907    -1169   337     959     1732    1282    369     -425    -1259   -2249   
8082   1990 -511    -1743   846     -2605   -372    1550    -664    -3316   -2213   -1027   -364    275     1296    2010    1337    487     -510    -1973   -2252   
8082   1991 -460    -1856   877     -2217   -680    1424    -254    -1986   -2435   -2039   -254    266     1330    1757    1182    961     -315    -1407   -2698   
8082   1992 -591    -1656   476     -2258   -875    1248    -753    -2203   -1847   -1469   -1449   273     689     1604    1432    243     -530    -1981   -1934   
8082   1993 -365    -1490   753     -1837   -573    1544    -524    -1717   -1863   -969    -641    -113    1444    1892    1292    616     -495    -1695   -2237   
8082   1994 -537    -1823   803     -2636   -472    1584    -520    -2680   -3029   -917    -608    105     1574    1895    1282    539     -153    -1959   -2681   
8082   1995 -219    -1442   830     -1838   -203    1320    -360    -1654   -1108   -1080   105     375     876     1649    1421    520     -254    -1350   -2183   
8082   1996 -556    -1628   535     -2335   -696    1278    -451    -2840   -1959   -1194   -882    -18     1048    1899    880     246     -317    -1286   -2299   
8082   1997 -470    -1627   824     -2462   -3      1110    -350    -2776   -2294   -845    326     522     954     1201    1170    757     87      -1909   -2947   
8082   1998 -685    -1745   579     -2542   -703    1431    -1224   -2255   -2411   -1105   -1038   25      918     1762    1597    155     -936    -2901   -2195   
8082   1999 -681    -2143   616     -2285   -873    1209    -557    -3016   -1574   -2207   -885    474     839     1669    1108    448     -305    -1822   -2947   
8082   2000 -612    -1857   819     -2667   -357    1447    -756    -2999   -2012   -1067   -432    424     1483    1379    1480    550     -520    -2307   -3363   
8082   2001 -513    -2253   833     -3105   -548    1531    -446    -3456   -2430   -1463   -693    508     1510    1438    1643    558     -559    -1334   -1992   
8082   2002 -498    -1561   704     -2100   -562    1444    -565    -2372   -1919   -1220   -942    464     1598    1564    1174    329     -302    -1732   -2721   
8082   2003 -426    -1808   866     -2476   -560    1567    -587    -2319   -2380   -1447   -717    480     1643    1496    1565    695     -173    -2298   -1816   
8082   2004 -496    -1675   666     -1958   -807    1375    -254    -1952   -2118   -1744   -1141   453     1521    1599    1009    519     -392    -886    -2864   
8082   2005 -278    -1571   841     -2339   -464    1473    -89     -1900   -2243   -1185   -671    458     1272    1896    1245    809     28      -1108   -2083   
8082   2006 -664    -1771   685     -2797   -773    1473    -664    -4024   -2228   -1237   -1194   98      1572    1768    1083    752     -657    -2087   -1906   
8082   2007 -274    -1684   860     -2050   -362    1453    -183    -1336   -3000   -1257   176     11      1163    1963    1225    603     -26     -1131   -1875   
8082   2008 -339    -1329   719     -1925   -502    1317    -239    -2306   -1569   -1074   -877    433     1113    1605    1228    775     -209    -1284   -1948   
8082   2009 -640    -1670   767     -2371   -639    1405    -538    -2351   -2862   -1469   -291    -147    1120    1730    1357    811     -333    -2097   -3293   
8082   2010 -677    -2175   576     -3147   -581    1173    -327    -2907   -3251   -1268   -548    75      1080    1339    1096    391     0       -1381   -2926   
8082   2011 -262    -1624   909     -2529   -67     1308    -287    -2308   -2336   -855    2       655     1696    1176    1065    852     17      -1740   -1515   
8082   2012 -361    -1393   1021    -1827   -338    1664    -572    -2264   -1693   -1195   -259    444     1952    1900    1149    926     -513    -2130   -2666   
8082   2013 -388    -2001   836     -2495   -670    1552    -325    -2785   -1982   -1928   -267    198     1286    2002    1360    401     -397    -978    -1656   
