EUROPEAN CLIMATE ASSESSMENT & DATASET (ECA&D), file created on: 13-11-2019
THESE DATA CAN BE USED FOR NON-COMMERCIAL RESEARCH AND EDUCATION PROVIDED THAT THE FOLLOWING SOURCE IS ACKNOWLEDGED: 

Klein Tank, A.M.G. and Coauthors, 2002. Daily dataset of 20th-century surface
air temperature and precipitation series for the European Climate Assessment.
Int. J. of Climatol., 22, 1441-1453.
Data and metadata available at http://www.ecad.eu

FILE FORMAT (MISSING VALUE CODE = -999999):

THIS FILE HOLDS DATA FOR STATION FINLAND                                  INARI KIILOPAA                           (STAID:   7860)
LATITUDE: dd:mm:ss +68:21:59
LONGITUDE: ddd:mm:ss +027:27:00
ELEVATION: m  326

DATA IS FOR INDEX Mean of daily mean temperature (TG) with unit 0.01 Temperature (&#176;C)

01-06 SOUID: Source identifier
08-11 YEAR : YYYY
13-20 ANNUAL DATA VALUES
21-28 WINTER HALF YEAR DATA VALUES
29-36 SUMMER HALF YEAR DATA VALUES
37-44 WINTER (DJF) DATA VALUES
45-52 SPRING (MAM) DATA VALUES
53-60 SUMMER (JJA) DATA VALUES
61-68 AUTUMN (SON) DATA VALUES
69-76 JANUARY DATA VALUES
etc. 
157-164 DECEMBER DATA VALUES

7860   1972 -20     -999999 710     -999999 -309    1342    -228    -1030   -1229   -701    -392    162     1283    1601    1140    437     -184    -938    -448    
7860   1973 -999999 -759    642     -879    -284    1225    -999999 -973    -1252   -814    -320    281     1121    1642    908     187     -999999 -999999 -999999 
7860   1974 -999999 -999999 -999999 -999999 -999999 -999999 -999999 -999999 -999999 -999999 -999999 -999999 -999999 -999999 -999999 -999999 -999999 -999999 -999999 
7860   1975 -999999 -999999 -999999 -999999 -999999 839     -111    -999999 -999999 -999999 -999999 -999999 727     998     788     544     -224    -648    -1401   
7860   1976 -260    -1027   558     -1455   -264    987     -387    -1781   -1162   -956    -335    496     749     1180    1025    200     -397    -965    -1212   
7860   1977 -232    -1033   503     -1274   -448    992     -222    -1326   -1286   -1037   -479    170     780     1243    947     327     -397    -588    -1204   
7860   1978 -999999 -999999 -999999 -1418   -999999 -999999 -999999 -1518   -1544   -999999 -999999 -999999 -999999 -999999 -999999 -999999 -999999 -999999 -999999 
7860   1979 -999999 -999999 -999999 -999999 -999999 -999999 -999999 -999999 -999999 -999999 -999999 -999999 -999999 -999999 -999999 -999999 -999999 -999999 -999999 
7860   1980 -193    -999999 725     -999999 -262    1198    -273    -1437   -1507   -963    -75     258     1324    1256    1019    556     -263    -1113   -1406   
7860   1981 -241    -1109   562     -1329   -430    944     -83     -1220   -1365   -1311   -375    398     628     1289    905     496     -21     -725    -1712   
7860   1982 -115    -939    565     -1427   -196    948     -78     -1652   -873    -663    -193    269     522     1341    966     454     -168    -516    -921    
7860   1983 -113    -739    713     -1023   -79     1035    -231    -1008   -1153   -700    13      452     935     1286    881     699     -105    -1290   -1443   
7860   1984 -53     -966    686     -1167   -91     1013    -238    -1294   -736    -922    -128    776     1023    1056    960     407     -211    -933    -690    
7860   1985 -287    -1073   615     -1545   -332    1145    -77     -1941   -2054   -696    -426    123     956     1361    1111    541     -66     -706    -1772   
7860   1986 -165    -995    598     -1580   -167    1115    -61     -1563   -1387   -501    -365    360     1290    1239    823     218     24      -427    -1760   
7860   1987 -243    -1055   527     -1671   -337    898     19      -1742   -1492   -956    -343    287     852     1076    766     507     425     -921    -1488   
7860   1988 -122    -840    707     -1268   -287    1219    -192    -1190   -1110   -791    -457    382     1121    1492    1042    636     -145    -1132   -1449   
7860   1989 73      -800    808     -1080   132     1174    -48     -892    -878    -344    158     583     1171    1220    1129    567     -183    -523    -1191   
7860   1990 -9      -742    682     -1043   -113    1102    -192    -1467   -409    -642    12      296     946     1221    1133    467     -72     -975    -638    
7860   1991 -72     -823    627     -1024   -243    1096    -76     -1136   -1326   -845    -102    222     945     1208    1132    337     -49     -518    -826    
7860   1992 -31     -554    646     -795    -83     990     -345    -847    -705    -390    -457    586     1164    1024    788     758     -798    -979    -541    
7860   1993 -121    -817    531     -805    -218    967     -278    -941    -948    -715    -305    362     573     1317    999     201     -442    -586    -1036   
7860   1994 -74     -901    681     -1240   -141    1121    -199    -1469   -1213   -678    51      211     909     1311    1136    450     -217    -829    -631    
7860   1995 -109    -648    622     -799    -147    1059    -259    -935    -835    -463    -225    245     1117    1075    988     517     -193    -1104   -1535   
7860   1996 -79     -921    573     -1236   -277    1091    -42     -878    -1299   -547    -364    77      812     1144    1308    435     63      -627    -1134   
7860   1997 -72     -796    693     -1198   -324    1259    -104    -1310   -1146   -651    -564    235     1056    1435    1280    686     -196    -800    -975    
7860   1998 -222    -983    571     -1328   -364    1034    -226    -1185   -1875   -947    -399    254     738     1406    948     448     -115    -1013   -1059   
7860   1999 -87     -960    705     -1323   -228    1147    132     -1587   -1325   -696    -106    121     1284    1308    852     767     84      -452    -1351   
7860   2000 46      -742    714     -1146   -143    1139    232     -1085   -993    -663    -184    415     934     1386    1090    617     341     -265    -1077   
7860   2001 -72     -690    727     -1029   -371    1181    -71     -715    -1324   -1147   -226    266     1198    1291    1056    762     -143    -831    -1139   
7860   2002 -69     -843    806     -1137   -13     1244    -319    -1231   -1029   -704    126     544     1150    1414    1165    414     -315    -1057   -1365   
7860   2003 -6      -953    748     -1295   -43     1191    8       -1776   -686    -493    -165    524     891     1629    1042    534     -68     -438    -1102   
7860   2004 8       -750    767     -1134   -77     1200    -109    -1094   -1211   -605    -31     407     873     1605    1113    606     -86     -849    -694    
7860   2005 71      -711    769     -819    -233    1278    150     -824    -954    -889    -93     289     1165    1478    1189    563     114     -227    -1020   
7860   2006 33      -719    828     -1083   -111    1261    -103    -991    -1255   -970    98      547     1170    1261    1349    519     -221    -604    -595    
7860   2007 39      -743    708     -1138   0       1162    43      -1227   -1640   -254    -108    359     1033    1247    1201    494     257     -629    -407    
7860   2008 -42     -570    570     -747    -268    995     -111    -875    -974    -820    -283    299     935     1195    853     402     -20     -717    -546    
7860   2009 -72     -743    706     -999    -164    1098    -15     -1167   -1314   -745    -327    575     881     1187    1213    682     -373    -342    -1184   
7860   2010 -174    -1009   737     -1410   -195    1082    -148    -1422   -1646   -1128   -21     568     860     1396    982     611     80      -1142   -1341   
7860   2011 62      -1018   840     -1464   -36     1212    218     -1283   -1801   -702    124     475     1187    1398    1051    789     189     -321    -490    
7860   2012 -119    -643    628     -1046   -154    1020    -6      -1176   -1501   -605    -294    433     858     1154    1041    550     -81     -485    -1371   
7860   2013 25      -883    880     -1130   -262    1289    -3      -1062   -939    -1354   -206    776     1314    1318    1236    818     -102    -720    -834    
7860   2014 19      -667    741     -910    -108    1230    -135    -1362   -493    -475    -152    301     878     1596    1204    588     -207    -783    -908    
7860   2015 32      -747    722     -1055   28      1017    133     -1408   -825    -362    -24     467     855     981     1208    825     -64     -356    -957    
7860   2016 60      -711    836     -1118   85      1167    63      -1642   -729    -510    11      751     992     1477    1027    733     65      -609    -863    
7860   2017 -90     -691    579     -988    -310    1043    -39     -1025   -1083   -666    -372    106     765     1348    1008    595     -65     -646    -1119   
7860   2018 45      -896    878     -1190   -159    1309    116     -1174   -1286   -1118   -127    768     904     1835    1175    675     -133    -185    -885    
7860   2019 -999999 -781    698     -1182   -149    1052    -999999 -1405   -1264   -843    70      333     947     1158    1048    617     -374    -999999 -999999 
