EUROPEAN CLIMATE ASSESSMENT & DATASET (ECA&D), file created on: 13-11-2019
THESE DATA CAN BE USED FOR NON-COMMERCIAL RESEARCH AND EDUCATION PROVIDED THAT THE FOLLOWING SOURCE IS ACKNOWLEDGED: 

Klein Tank, A.M.G. and Coauthors, 2002. Daily dataset of 20th-century surface
air temperature and precipitation series for the European Climate Assessment.
Int. J. of Climatol., 22, 1441-1453.
Data and metadata available at http://www.ecad.eu

FILE FORMAT (MISSING VALUE CODE = -999999):

THIS FILE HOLDS DATA FOR STATION UNITED KINGDOM                           HAYLING ISLAND                           (STAID:   1870)
LATITUDE: dd:mm:ss +50:47:02
LONGITUDE: ddd:mm:ss -000:59:02
ELEVATION: m    4

DATA IS FOR INDEX Mean of daily mean temperature (TG) with unit 0.01 Temperature (&#176;C)

01-06 SOUID: Source identifier
08-11 YEAR : YYYY
13-20 ANNUAL DATA VALUES
21-28 WINTER HALF YEAR DATA VALUES
29-36 SUMMER HALF YEAR DATA VALUES
37-44 WINTER (DJF) DATA VALUES
45-52 SPRING (MAM) DATA VALUES
53-60 SUMMER (JJA) DATA VALUES
61-68 AUTUMN (SON) DATA VALUES
69-76 JANUARY DATA VALUES
etc. 
157-164 DECEMBER DATA VALUES

1870   1960 -999999 -999999 1404    -999999 969     1596    -999999 414     -999999 689     924     1267    1570    1602    1614    1454    1151    914     476     
1870   1961 -999999 -999999 1453    -999999 1017    1622    -999999 503     734     782     1062    1198    1512    1650    1698    1606    1245    -999999 -999999 
1870   1962 -999999 -999999 1278    -999999 718     1503    1090    495     -999999 348     808     1001    1390    1552    1567    1379    1168    685     317     
1870   1963 -999999 -999999 -999999 -999999 -999999 1534    -999999 -182    21      499     803     1101    1475    1572    1551    -999999 1201    989     268     
1870   1964 -999999 -999999 1420    -999999 879     1619    -999999 378     -999999 484     831     1283    1450    1733    1668    1558    1015    860     465     
1870   1965 -999999 -999999 1314    -999999 852     1511    -999999 434     -999999 562     840     1164    1412    1512    1607    1317    1236    -999999 -999999 
1870   1966 -999999 -999999 1396    -999999 907     1580    1149    368     -999999 710     846     1171    1574    1588    1576    1535    1230    652     676     
1870   1967 -999999 -999999 1390    -999999 921     1606    1148    494     630     785     854     1118    1455    1714    1649    1510    1248    680     481     
1870   1968 -999999 -999999 -999999 -999999 858     1584    -999999 461     326     686     790     1084    1533    1561    1659    1520    1395    734     -999999 
1870   1969 -999999 -999999 -999999 -999999 832     -999999 -999999 640     -999999 472     851     1172    -999999 1776    1726    1566    1413    -999999 444     
1870   1970 -999999 -999999 1418    -999999 842     1643    1222    504     448     453     739     1306    1646    1599    1683    1544    1176    950     499     
1870   1971 -999999 -999999 -999999 533     869     1630    -999999 559     543     571     829     1222    1379    1785    1697    1549    1258    672     720     
1870   1972 -999999 -999999 1327    -999999 956     1516    1110    503     571     797     937     1133    1255    1646    1646    1332    1206    753     741     
1870   1973 -999999 -999999 1440    -999999 891     1687    -999999 -999999 498     640     821     1207    1582    1646    1827    1543    1056    -999999 607     
1870   1974 -999999 -999999 1381    -999999 944     1597    1044    743     658     673     957     1176    1510    1628    1653    1362    869     889     856     
1870   1975 -999999 -999999 -999999 -999999 814     1729    -999999 807     600     563     820     1077    1563    1757    1849    1487    1109    750     539     
1870   1976 -999999 -999999 1528    -999999 889     1856    1167    609     483     558     871     1238    1770    1954    1838    1447    1245    795     382     
1870   1977 -999999 -999999 -999999 -999999 909     -999999 1144    419     646     763     795     1153    1304    -999999 1629    1377    1329    736     714     
1870   1978 -999999 -999999 1353    -999999 878     1547    -999999 462     320     689     737     1193    1430    1587    1614    1527    1267    -999999 605     
1870   1979 -999999 -999999 1332    -999999 802     1576    1169    160     237     543     810     1027    1402    1727    1592    1435    1258    779     735     
1870   1980 -999999 -999999 1422    -999999 920     1568    -999999 317     684     592     965     1208    1468    1545    1698    1639    1057    646     584     
1870   1981 -999999 -999999 1415    -999999 957     1610    -999999 523     372     839     868     1164    1394    1694    1733    1575    981     826     274     
1870   1982 -999999 -999999 1483    -999999 940     1716    -999999 419     -999999 652     924     1244    1633    1794    1718    1571    1171    968     556     
1870   1983 -999999 -999999 -999999 -999999 839     1784    -999999 740     299     643     757     1110    1547    1956    1847    1501    1186    -999999 707     
1870   1984 -999999 -999999 -999999 -999999 -999999 -999999 -999999 561     494     533     891     1012    1484    1694    1779    1508    1235    943     663     
1870   1985 -999999 -999999 1396    -999999 865     1579    1136    152     -999999 501     874     1220    1405    1730    1583    1541    1240    553     776     
1870   1986 -999999 -999999 -999999 -999999 759     -999999 -999999 432     -999999 510     666     1101    1583    1695    -999999 1261    1282    936     704     
1870   1987 -999999 -999999 1421    -999999 886     1613    -999999 -999999 409     482     979     1168    1411    1732    1685    1542    1191    796     619     
1870   1988 -999999 -999999 1412    -999999 972     1586    -999999 688     565     732     866     1315    1516    1597    1643    1490    1245    685     815     
1870   1989 -999999 -999999 -999999 -999999 1017    1777    1262    694     713     815     751     1431    1588    1939    1811    1597    1363    832     668     
1870   1990 -999999 -999999 1483    -999999 1081    1686    1216    768     -999999 909     954     1371    1418    1738    1884    1492    1327    819     535     
1870   1991 -999999 -999999 1414    -999999 940     1622    -999999 -999999 232     801     859     1149    1313    1711    1827    1638    1135    762     591     
1870   1992 -999999 -999999 1499    -999999 1045    1703    1134    463     569     803     937     1401    1629    1755    1721    1506    963     937     511     
1870   1993 -999999 -999999 -999999 -999999 995     1619    -999999 709     -999999 699     1034    1282    1554    1669    1626    1392    1037    584     657     
1870   1994 -999999 -999999 1455    -999999 949     1749    -999999 660     478     839     843     1158    1529    1896    1806    1465    1193    1181    821     
1870   1995 -999999 -999999 1560    -999999 979     1847    -999999 590     790     670     960     1284    1586    1917    2023    1504    1457    924     -999999 
1870   1996 -999999 -999999 -999999 -999999 -999999 1647    -999999 574     338     527     855     1003    1448    1715    1743    1462    1276    704     461     
1870   1997 -999999 -999999 1520    -999999 1019    1752    -999999 269     677     858     953     1244    1546    1743    1962    1627    1233    1001    714     
1870   1998 -999999 -999999 1511    -999999 1096    1664    1207    663     658     874     873     1491    1548    1661    1776    1631    1219    754     668     
1870   1999 -999999 -999999 1558    -999999 -999999 1727    -999999 708     615     763     1009    1393    1508    1879    1788    1706    1209    848     631     
1870   2000 -999999 -999999 1473    -999999 995     1674    -999999 548     749     843     856     1302    1547    1654    1822    1639    1227    849     -999999 
1870   2001 -999999 -999999 1477    -999999 950     1715    -999999 516     566     644     900     1308    1548    1796    1803    1506    1485    -999999 433     
1870   2002 -999999 -999999 1491    -999999 1061    1678    1296    678     791     850     1039    1278    1490    1707    1825    1605    1222    1040    729     
1870   2003 -999999 -999999 -999999 -999999 1048    1820    1215    494     513     832     1032    1264    1661    1847    1956    1582    1066    978     -999999 
1870   2004 -999999 -999999 -999999 -999999 983     1751    -999999 627     590     708     980     1269    1676    1730    1846    1626    1242    -999999 625     
1870   2005 1164    -999999 1519    632     975     1743    1319    736     522     714     980     1232    1650    1824    1751    1667    1479    807     555     
1870   2006 1219    743     1605    527     947     1846    1456    560     460     574     998     1269    1666    2036    1828    1821    1505    1040    811     
1870   2007 1214    974     1542    811     1175    1665    1241    844     774     852     1297    1382    1619    1678    1695    1575    1235    914     680     
1870   2008 1161    846     1513    718     1072    1713    1178    776     697     764     940     1509    1609    1764    1765    1476    1179    879     554     
1870   2009 1188    740     1568    515     1095    1768    1361    429     567     820     1110    1356    1663    1792    1847    1631    1350    1101    532     
1870   2010 -999999 -999999 1503    -999999 954     1758    -999999 232     446     661     1000    1192    1655    1883    1731    1553    1249    -999999 187     
1870   2011 -999999 -999999 1538    -999999 1158    1634    1405    536     -999999 773     1310    1383    1551    1645    1699    1645    1401    1151    810     
1870   2012 -999999 -999999 1455    681     1061    1665    -999999 767     436     944     908     1332    1517    1662    1808    1491    1180    858     689     
1870   2013 -999999 -999999 1472    -999999 806     1774    -999999 544     428     415     786     1164    1525    1933    1874    1565    1417    824     796     
1870   2014 -999999 -999999 1597    779     1113    1806    -999999 749     792     901     1121    1317    1677    1989    1745    1714    1446    1031    649     
1870   2015 -999999 -999999 -999999 -999999 1020    1698    -999999 596     502     785     1003    1272    1588    1772    1742    1462    1259    1138    1175    
1870   2016 -999999 -999999 -999999 840     986     1781    -999999 699     643     711     883     1379    1618    1823    1889    1778    1251    794     746     
1870   2017 -999999 -999999 1538    -999999 1148    1745    1232    479     716     964     1056    1402    1743    1804    1689    1531    1345    816     571     
1870   2018 -999999 746     -999999 555     1018    -999999 1200    691     398     603     1048    1403    1686    -999999 -999999 1484    1173    944     837     
