EUROPEAN CLIMATE ASSESSMENT & DATASET (ECA&D), file created on: 13-11-2019
THESE DATA CAN BE USED FOR NON-COMMERCIAL RESEARCH AND EDUCATION PROVIDED THAT THE FOLLOWING SOURCE IS ACKNOWLEDGED: 

Klein Tank, A.M.G. and Coauthors, 2002. Daily dataset of 20th-century surface
air temperature and precipitation series for the European Climate Assessment.
Int. J. of Climatol., 22, 1441-1453.
Data and metadata available at http://www.ecad.eu

FILE FORMAT (MISSING VALUE CODE = -999999):

THIS FILE HOLDS DATA FOR STATION GERMANY                                  LEUNAWERKE                               (STAID:  11760)
LATITUDE: dd:mm:ss +51:19:00
LONGITUDE: ddd:mm:ss +012:01:59
ELEVATION: m    9

DATA IS FOR INDEX Mean of daily mean temperature (TG) with unit 0.01 Temperature (&#176;C)

01-06 SOUID: Source identifier
08-11 YEAR : YYYY
13-20 ANNUAL DATA VALUES
21-28 WINTER HALF YEAR DATA VALUES
29-36 SUMMER HALF YEAR DATA VALUES
37-44 WINTER (DJF) DATA VALUES
45-52 SPRING (MAM) DATA VALUES
53-60 SUMMER (JJA) DATA VALUES
61-68 AUTUMN (SON) DATA VALUES
69-76 JANUARY DATA VALUES
etc. 
157-164 DECEMBER DATA VALUES

11760  1947 1001    -999999 1830    -999999 1086    2065    1170    -472    -849    419     1181    1660    2028    2115    2052    1935    901     683     244     
11760  1948 1119    513     1685    274     1164    1872    1133    464     102     666     1241    1588    1841    1878    1896    1658    1086    656     317     
11760  1949 1132    524     1701    342     1036    1877    1206    303     412     362     1262    1490    1592    2050    1979    1818    1277    521     468     
11760  1950 1043    552     1691    302     1018    2039    999     -26     481     584     849     1618    2040    2047    2030    1545    921     533     -134    
11760  1951 1022    362     1565    131     843     1844    1063    254     289     306     961     1264    1696    1904    1929    1625    784     790     424     
11760  1952 924     425     1569    237     928     1888    765     131     152     263     1197    1333    1688    1963    2007    1208    876     208     30      
11760  1953 1052    316     1604    55      1032    1869    1114    11      131     615     1045    1435    1797    1967    1840    1526    1155    658     386     
11760  1954 911     344     1486    -96     871     1746    1082    -309    -394    505     707     1395    1823    1628    1788    1563    1183    499     448     
11760  1955 879     334     1473    52      722     1762    996     -144    -169    142     812     1216    1601    1853    1828    1515    970     503     345     
11760  1956 803     216     1421    -172    789     1654    949     81      -995    323     628     1410    1489    1849    1618    1515    992     339     300     
11760  1957 1033    524     1506    340     933     1874    1016    183     556     771     876     1150    1906    2002    1715    1372    1104    569     166     
11760  1958 992     393     1545    207     758     1808    1090    94      378     51      665     1555    1619    1897    1900    1610    1150    508     429     
11760  1959 1070    529     1668    240     1109    1977    975     197     80      765     1148    1415    1825    2151    1951    1502    958     467     307     
11760  1960 1004    411     1538    190     916     1827    1095    134     124     458     858     1430    1833    1835    1814    1443    1063    781     245     
11760  1961 1075    600     1601    296     1076    1787    1214    30      647     845     1228    1160    1839    1730    1794    1858    1267    514     -15     
11760  1962 894     421     1457    181     797     1698    954     373     187     179     1030    1189    1636    1695    1762    1420    1035    403     -215    
11760  1963 890     80      1619    -494    968     1907    1158    -758    -509    478     1017    1411    1806    2046    1865    1554    998     929     -242    
11760  1964 983     288     1668    -96     885     1945    1032    -124    88      87      1026    1546    1988    2052    1796    1585    879     636     224     
11760  1965 927     401     1474    175     841     1717    885     286     -4      356     874     1295    1736    1706    1710    1516    954     183     441     
11760  1966 1016    384     1582    205     1019    1827    1021    -216    411     528     1060    1471    1934    1763    1787    1466    1218    373     368     
