EUROPEAN CLIMATE ASSESSMENT & DATASET (ECA&D), file created on: 13-11-2019
THESE DATA CAN BE USED FOR NON-COMMERCIAL RESEARCH AND EDUCATION PROVIDED THAT THE FOLLOWING SOURCE IS ACKNOWLEDGED: 

Klein Tank, A.M.G. and Coauthors, 2002. Daily dataset of 20th-century surface
air temperature and precipitation series for the European Climate Assessment.
Int. J. of Climatol., 22, 1441-1453.
Data and metadata available at http://www.ecad.eu

FILE FORMAT (MISSING VALUE CODE = -999999):

THIS FILE HOLDS DATA FOR STATION RUSSIAN FEDERATION                       JUZHNO-SUHOKUMSK                         (STAID:   8548)
LATITUDE: dd:mm:ss +44:21:00
LONGITUDE: ddd:mm:ss +045:49:48
ELEVATION: m   19

DATA IS FOR INDEX Mean of daily mean temperature (TG) with unit 0.01 Temperature (&#176;C)

01-06 SOUID: Source identifier
08-11 YEAR : YYYY
13-20 ANNUAL DATA VALUES
21-28 WINTER HALF YEAR DATA VALUES
29-36 SUMMER HALF YEAR DATA VALUES
37-44 WINTER (DJF) DATA VALUES
45-52 SPRING (MAM) DATA VALUES
53-60 SUMMER (JJA) DATA VALUES
61-68 AUTUMN (SON) DATA VALUES
69-76 JANUARY DATA VALUES
etc. 
157-164 DECEMBER DATA VALUES

8548   1955 -999999 -999999 -999999 -999999 1025    2474    -999999 79      -999999 242     901     1899    2443    2605    2371    1866    1485    -999999 -126    
8548   1956 -999999 -999999 -999999 -343    782     -999999 -999999 -107    -828    -149    970     1543    2236    -999999 2466    1452    1232    63      -348    
8548   1957 -999999 -999999 -999999 -999999 -999999 -999999 1217    -765    -999999 201     1158    2018    2283    2460    2594    2132    1053    486     105     
8548   1958 -999999 -999999 -999999 67      -999999 -999999 -999999 57      38      297     873     1867    2267    2285    2377    1485    973     -999999 -999999 
8548   1959 -999999 -999999 -999999 -999999 956     2412    -999999 122     -999999 63      1076    1766    2205    2559    2460    -999999 685     161     -401    
8548   1960 1067    -23     1843    -257    756     2336    1127    -24     -356    -210    915     1506    2225    2496    2283    1608    1221    550     381     
8548   1961 1148    411     1941    58      1135    2344    1022    -240    31      454     1063    1912    2311    2345    2375    1611    1057    418     265     
8548   1962 1212    406     2028    87      1148    2440    1221    -64     69      617     1086    1801    2289    2628    2397    1887    1132    594     -50     
8548   1963 1071    227     1958    -100    929     2327    1192    -293    59      57      975     1760    2101    2563    2311    1946    1130    446     -298    
8548   1964 -999999 -999999 1940    -999999 898     2365    1096    -999999 -999999 63      928     1734    2410    2504    2179    1809    1050    433     117     
8548   1965 1029    167     1868    -255    863     2370    1002    -502    -409    235     639     1686    2276    2496    2333    1747    755     495     324     
8548   1966 -999999 -999999 -999999 -999999 -999999 -999999 -999999 -999999 -999999 -999999 -999999 -999999 -999999 -999999 -999999 -999999 -999999 -999999 -999999 
8548   1967 -999999 -999999 -999999 -999999 -999999 -999999 1176    -999999 -999999 -999999 -999999 -999999 -999999 -999999 -999999 1704    1239    581     -6      
8548   1968 -999999 330     -999999 -91     -999999 -999999 1238    -316    63      404     1067    -999999 -999999 -999999 2281    2032    1255    480     3       
8548   1969 985     15      1957    -550    905     2402    1098    -841    -862    10      977     1729    2404    2361    2441    1808    894     599     65      
8548   1970 -999999 -999999 -999999 -28     -999999 -999999 1098    -233    90      -999999 -999999 -999999 -999999 2612    2326    1696    1016    586     -181    
8548   1971 -999999 253     -999999 -141    -999999 2417    1288    46      -304    312     -999999 1785    2169    2706    2360    2171    1035    666     169     
8548   1972 1065    -38     2164    -647    1046    2625    1289    -1448   -661    -4      1309    1869    2516    2682    2673    1901    1313    653     -32     
8548   1973 1054    243     1929    -278    1115    2319    1032    -769    -7      323     1193    1835    2204    2472    2277    1540    1173    378     -27     
8548   1974 1145    176     1964    -296    1015    2374    1381    -544    -321    339     920     1782    2325    2457    2337    1949    1530    678     197     
8548   1975 1214    415     2182    -16     1251    2551    1103    -6      -264    290     1366    2069    2583    2663    2410    1980    1050    281     17      
8548   1976 1027    47      2014    -354    1008    2412    986     -215    -900    -5      1273    1766    2232    2433    2561    1801    628     519     150     
8548   1977 1068    147     2020    -282    1242    2387    1061    -1033   86      566     1263    1896    2318    2498    2344    1776    755     664     -351    
8548   1978 1058    202     1847    -256    1031    2194    1137    -314    -87     532     1019    1542    1956    2412    2205    1930    1120    362     -62     
8548   1979 1232    301     2082    -102    1213    2468    1247    -232    -1      591     1058    1986    2261    2525    2613    2021    1042    686     154     
8548   1980 1105    210     1969    -219    999     2418    1103    -655    -152    176     1062    1762    2253    2660    2336    1711    974     627     469     
8548   1981 1238    435     1969    210     939     2470    1312    60      88      364     925     1527    2368    2653    2385    1932    1371    630     468     
8548   1982 -999999 269     -999999 -188    -999999 2254    1084    -289    -804    147     1225    -999999 2067    2376    2313    1863    1004    387     52      
8548   1983 1193    294     2050    47      1174    2395    1121    -128    235     210     1375    1945    2169    2645    2364    1778    1118    467     77      
8548   1984 1106    299     1998    -47     1089    2357    1183    220     -465    331     1030    1906    2185    2650    2231    1963    1138    450     -432    
8548   1985 1050    57      1988    -353    950     2350    1064    -234    -397    -215    1163    1909    2202    2277    2566    1782    935     480     35      
8548   1986 -999999 205     -999999 -130    1080    2496    -999999 182     -658    181     1366    1702    2385    2542    2556    -999999 1039    220     21      
8548   1987 1025    138     1916    -137    858     2384    1038    -239    -199    -44     788     1827    2399    2504    2251    1701    914     501     -175    
8548   1988 1096    144     2001    -317    1080    2449    1066    -385    -397    384     1233    1628    2406    2558    2380    1783    1136    279     96      
8548   1989 1206    359     2015    32      1177    2447    1167    -110    117     612     1280    1643    2324    2565    2447    1814    1163    523     26      
8548   1990 1206    377     1989    -37     1178    2373    1265    -215    89      653     1208    1674    2241    2577    2296    1917    1107    778     79      
8548   1991 1141    262     2016    -217    1044    2471    1285    -165    -604    307     1193    1638    2381    2651    2378    1836    1439    573     -65     
8548   1992 1042    309     1864    -167    945     2289    1142    -191    -250    317     949     1569    2161    2349    2353    1780    1096    553     -221    
8548   1993 969     204     1889    -255    992     2308    782     -265    -282    310     978     1689    2162    2372    2385    1722    1094    -481    -162    
8548   1994 1099    27      1984    -222    1039    2287    1298    134     -684    176     1222    1724    2055    2466    2333    2084    1424    384     -261    
8548   1995 1253    401     2089    5       1230    2457    1270    -13     318     545     1268    1879    2425    2516    2429    1995    1159    659     -192    
8548   1996 1123    224     1963    -228    1040    2358    1196    -377    -108    197     934     1985    2105    2633    2328    1758    1089    745     137     
8548   1997 1084    265     1958    -191    1085    2411    1090    -467    -249    301     1015    1936    2321    2471    2439    1535    1250    479     -116    
8548   1998 1207    224     2141    -250    1144    2617    1214    -356    -279    327     1283    1827    2606    2672    2571    1868    1273    500     97      
8548   1999 1251    450     2076    124     1106    2577    1111    68      215     526     1251    1547    2366    2691    2669    1912    1308    106     271     
8548   2000 1208    391     2067    144     1165    2514    1055    -56     224     477     1483    1546    2243    2738    2554    1815    988     366     86      
8548   2001 1252    380     2070    74      1225    2493    1246    14      127     675     1270    1732    2209    2713    2549    1920    1090    733     -86     
8548   2002 1164    436     1975    12      1078    2396    1398    -230    389     723     961     1545    2141    2699    2340    2144    1335    716     -823    
8548   2003 1094    115     1947    -488    961     2335    1223    -63     -588    63      854     1964    2099    2376    2523    1832    1335    497     102     
8548   2004 1220    483     1966    142     1133    2365    1258    124     206     614     1037    1745    2226    2368    2495    1899    1235    640     17      
8548   2005 -999999 356     2074    -8      1080    2453    -999999 263     -335    259     1077    1905    2191    2635    2525    2082    -999999 -999999 -999999 
8548   2006 -999999 -999999 -999999 -999999 -999999 -999999 -999999 -999999 -999999 -999999 -999999 -999999 -999999 -999999 -999999 -999999 -999999 -999999 -999999 
8548   2007 -999999 -999999 -999999 -999999 -999999 -999999 -999999 -999999 -999999 -999999 -999999 -999999 -999999 -999999 -999999 -999999 -999999 -999999 -999999 
8548   2008 -999999 -999999 -999999 -999999 -999999 -999999 -999999 -999999 -999999 -999999 -999999 -999999 -999999 -999999 -999999 -999999 -999999 -999999 -999999 
8548   2009 -999999 -999999 -999999 -999999 -999999 -999999 -999999 -999999 -999999 -999999 -999999 -999999 -999999 -999999 -999999 -999999 -999999 -999999 -999999 
8548   2010 -999999 -999999 -999999 -999999 -999999 -999999 -999999 -999999 -999999 -999999 -999999 -999999 -999999 -999999 2787    -999999 -999999 -999999 -999999 
