EUROPEAN CLIMATE ASSESSMENT & DATASET (ECA&D), file created on: 13-11-2019
THESE DATA CAN BE USED FOR NON-COMMERCIAL RESEARCH AND EDUCATION PROVIDED THAT THE FOLLOWING SOURCE IS ACKNOWLEDGED: 

Klein Tank, A.M.G. and Coauthors, 2002. Daily dataset of 20th-century surface
air temperature and precipitation series for the European Climate Assessment.
Int. J. of Climatol., 22, 1441-1453.
Data and metadata available at http://www.ecad.eu

FILE FORMAT (MISSING VALUE CODE = -999999):

THIS FILE HOLDS DATA FOR STATION SPAIN                                    ALICANTE                                 (STAID:    412)
LATITUDE: dd:mm:ss +38:22:21
LONGITUDE: ddd:mm:ss -000:29:39
ELEVATION: m   81

DATA IS FOR INDEX Mean of daily mean temperature (TG) with unit 0.01 Temperature (&#176;C)

01-06 SOUID: Source identifier
08-11 YEAR : YYYY
13-20 ANNUAL DATA VALUES
21-28 WINTER HALF YEAR DATA VALUES
29-36 SUMMER HALF YEAR DATA VALUES
37-44 WINTER (DJF) DATA VALUES
45-52 SPRING (MAM) DATA VALUES
53-60 SUMMER (JJA) DATA VALUES
61-68 AUTUMN (SON) DATA VALUES
69-76 JANUARY DATA VALUES
etc. 
157-164 DECEMBER DATA VALUES

412    1894 -999999 -999999 -999999 -999999 -999999 -999999 -999999 -999999 -999999 -999999 -999999 -999999 -999999 2268    -999999 -999999 1853    -999999 1153    
412    1895 -999999 -999999 -999999 -999999 -999999 -999999 -999999 -999999 1141    1221    1591    -999999 -999999 -999999 -999999 -999999 -999999 -999999 1250    
412    1896 -999999 -999999 -999999 -999999 -999999 -999999 -999999 1091    -999999 1489    -999999 -999999 2068    2418    -999999 2402    1696    1085    1006    
412    1897 -999999 -999999 -999999 -999999 -999999 -999999 -999999 1039    1354    1627    1713    1860    2238    -999999 -999999 -999999 1818    1622    -999999 
412    1898 -999999 -999999 -999999 -999999 -999999 -999999 -999999 -999999 1194    1163    1550    1806    2124    -999999 2555    2281    1955    1566    1193    
412    1899 -999999 -999999 -999999 -999999 -999999 -999999 -999999 -999999 1345    1360    1739    1920    2096    -999999 -999999 -999999 2195    1709    1132    
412    1900 -999999 -999999 -999999 -999999 -999999 -999999 -999999 -999999 -999999 1173    -999999 1896    2230    -999999 2523    -999999 -999999 -999999 1123    
412    1901 -999999 -999999 2108    -999999 1455    2388    1765    1008    -999999 1171    1524    1671    2229    2446    2485    2283    1725    1290    946     
412    1902 -999999 -999999 -999999 -999999 -999999 2324    1809    -999999 -999999 -999999 -999999 1577    2027    2413    2521    2191    1781    1455    1170    
412    1903 1674    1306    2028    1093    1477    2282    1884    1039    1067    1305    1422    1704    2037    2350    2452    2189    1995    1463    1018    
412    1904 1716    1303    2124    1071    1485    2413    1806    1020    1183    1135    1458    1862    2183    2460    2590    2174    1816    1427    1248    
412    1905 -999999 1333    -999999 1084    1578    2364    -999999 1041    956     1474    1597    1663    2106    2443    2536    -999999 1783    1394    1045    
412    1906 -999999 -999999 -999999 -999999 1406    -999999 1816    -999999 1085    1155    1338    1724    -999999 -999999 2560    2228    1852    1382    1139    
412    1907 1685    1272    2060    1067    1450    2309    1828    1037    1020    1184    1493    1673    2131    2280    2512    2263    1731    1493    1356    
412    1908 1730    1330    2092    1198    1493    2298    1950    1127    1101    1156    1406    1915    1998    2384    2502    2331    1931    1588    1271    
412    1909 1733    1389    2077    1131    1617    2293    1873    1085    1026    1405    1590    1856    2088    2267    2519    2128    1970    1518    1292    
412    1910 1726    1407    2056    1250    1456    2325    1895    1124    1346    1185    1493    1689    2155    2373    2442    2174    1918    1590    1193    
412    1911 1731    1312    2150    1049    1479    2411    1920    870     1087    1200    1439    1797    2158    2460    2607    2423    1885    1455    1349    
412    1912 1693    1424    2039    1256    1592    2280    1730    1085    1339    1425    1439    1906    2104    2347    2384    2037    1788    1363    1083    
412    1913 -999999 -999999 -999999 -999999 1558    -999999 1871    1169    -999999 1265    1523    1885    -999999 2437    2488    2177    1844    1592    1121    
412    1914 1740    1382    2123    1111    1661    2316    1851    943     1287    1502    1651    1829    2069    2426    2445    2308    1860    1384    1150    
412    1915 1755    1312    2186    1117    1528    2512    1832    1056    1147    1260    1429    1891    2299    2576    2653    2251    1794    1454    1204    
412    1916 -999999 -999999 -999999 -999999 -999999 2255    1819    1096    -999999 -999999 -999999 1897    2074    2235    2450    2096    1873    1476    1191    
412    1917 1626    1299    2042    1091    1406    2306    1799    994     1090    1161    1283    1769    2089    2381    2439    2277    1768    1354    871     
412    1918 1649    1186    2046    956     1411    2280    1793    1027    971     1111    1385    1737    2067    2351    2414    2313    1618    1454    1300    
412    1919 1692    1364    2049    1243    1547    2279    1741    1042    1401    1376    1457    1805    2156    2228    2448    2191    1629    1407    1148    
412    1920 1755    1301    2152    1162    1617    2372    1859    1156    1184    1277    1636    1939    2210    2430    2472    2211    1905    1460    1165    
412    1921 1739    1338    2124    1146    1462    2391    1947    1139    1134    1208    1395    1781    2134    2487    2542    2387    2044    1408    1161    
412    1922 1786    1404    2177    1208    1686    2388    1869    1186    1283    1325    1745    1979    2181    2448    2529    2166    1954    1483    1103    
412    1923 1722    1367    2082    1134    1530    2370    1825    964     1356    1344    1490    1755    1932    2454    2708    2130    1961    1378    1151    
412    1924 1768    1320    2172    1094    1618    2391    1937    1156    967     1288    1554    2010    2185    2497    2485    2286    2005    1517    1232    
412    1925 1669    1307    2076    1113    1417    2329    1800    1025    1078    972     1515    1768    2184    2319    2480    2181    1853    1366    1248    
412    1926 1769    1399    2109    1268    1586    2303    1968    1221    1344    1359    1613    1787    2059    2380    2462    2342    2060    1499    1076    
412    1927 1773    1388    2163    1091    1625    2420    1876    1127    1069    1468    1534    1872    2217    2443    2595    2305    1904    1419    1272    
412    1928 1778    1390    2178    1191    1593    2450    1920    1109    1192    1434    1573    1772    2195    2529    2619    2366    1964    1430    1128    
412    1929 1736    1320    2129    1098    1525    2385    1867    940     1239    1216    1546    1813    2267    2455    2429    2256    1896    1449    1296    
412    1930 1781    1359    2138    1144    1572    2383    2006    1131    991     1360    1466    1886    2176    2443    2522    2320    2104    1591    1321    
412    1931 1766    1495    2157    1235    1648    2466    1829    1199    1180    1549    1534    1857    2376    2471    2550    2142    1841    1504    949     
412    1932 1679    1266    2063    966     1520    2293    1871    1015    931     1345    1432    1781    2109    2322    2442    2282    1855    1475    1135    
412    1933 -999999 1316    -999999 1083    -999999 2390    1897    974     1147    1299    -999999 -999999 2083    2446    2631    2424    1995    1268    900     
412    1934 1721    1228    2154    954     1519    2419    1818    1008    955     1219    1461    1876    2248    2559    2444    2325    1870    1258    1365    
412    1935 1728    1300    2136    1136    1485    2409    1883    925     1114    1245    1602    1613    2243    2505    2474    2374    1815    1461    1333    
412    1936 1725    1447    2067    1343    1528    2278    1824    1342    1353    1370    1564    1650    2018    2407    2401    2356    1720    1400    1020    
412    1937 1794    1357    2175    1231    1587    2437    1898    1158    1516    1303    1653    1808    2248    2485    2572    2271    1805    1620    1086    
412    1938 -999999 1308    -999999 1069    -999999 2388    -999999 1136    975     1205    -999999 1716    2244    2419    2496    -999999 -999999 -999999 1122    
412    1939 1737    -999999 2080    -999999 1461    2322    1886    1291    -999999 1216    1441    1726    2073    2416    2469    2340    1858    1461    1183    
412    1940 1732    1398    2109    1182    1659    2317    1805    1068    1301    1510    1626    1841    2093    2358    2494    2231    1753    1434    1064    
412    1941 1727    -999999 2089    -999999 1546    2375    1778    -999999 1304    1388    1546    1702    2199    2468    2452    2154    1829    1348    1035    
412    1942 1769    1292    2158    1023    1683    2376    1927    1100    925     1479    1640    1929    2284    2424    2417    2245    2054    1477    1190    
412    1943 1773    1400    2210    1199    1608    2445    1861    1237    1168    1256    1612    1955    2269    2494    2567    2349    1868    1366    1088    
412    1944 1730    1250    2204    1010    1628    2419    1861    1005    931     1227    1723    1938    2252    2442    2558    2299    1760    1528    1078    
412    1945 1786    1280    -999999 1039    -999999 2412    1973    848     1209    1260    -999999 1930    2286    2520    2425    2364    1951    1604    1289    
412    1946 1748    1390    2140    1150    1536    2384    1979    964     1201    1322    1554    1734    2133    2400    2610    2399    2099    1436    1089    
412    1947 1812    1418    2177    1124    1628    2485    1985    1030    1269    1571    1533    1777    2303    2576    2570    2286    1953    1716    1124    
412    1948 1795    1478    2119    1253    1622    2339    1901    1325    1314    1433    1598    1834    2188    2283    2541    2261    1914    1526    1309    
412    1949 1797    1370    2197    1181    1531    2464    2026    1082    1151    1225    1610    1762    2254    2548    2583    2415    2057    1605    1237    
412    1950 1823    1453    2206    1212    1567    2517    2030    1078    1334    1400    1503    1795    2302    2586    2656    2378    1974    1740    1104    
412    1951 1714    1413    2075    1133    1487    2336    1843    1131    1170    1349    1420    1691    2194    2402    2407    2331    1738    1462    1226    
412    1952 1800    1333    2203    1076    1658    2517    1943    939     1068    1551    1533    1884    2384    2580    2583    2239    2035    1551    1222    
412    1953 1739    1329    2167    1070    1582    2353    1910    951     1034    1160    1559    2025    2100    2442    2508    2354    1839    1539    1313    
412    1954 1726    1348    2055    1111    1493    2301    1999    991     1021    1359    1314    1799    2171    2352    2374    2308    1961    1729    1280    
412    1955 1861    1505    2228    1362    1624    2476    1928    1494    1306    1250    1610    2010    2283    2580    2558    2313    1931    1541    1409    
412    1956 1670    1354    2110    1120    1525    2354    1805    1190    734     1282    1477    1814    2071    2407    2575    2298    1844    1273    1027    
412    1957 1722    1318    2114    1088    1581    2375    1818    895     1368    1503    1447    1790    2121    2445    2549    2316    1803    1336    1061    
412    1958 1788    1348    2164    1154    1636    2365    1902    1096    1320    1467    1447    1987    2205    2403    2481    2450    1845    1414    1310    
412    1959 1752    1363    2130    1168    1587    2385    1869    1128    1054    1396    1615    1751    2152    2506    2490    2255    1892    1461    1271    
412    1960 1771    1410    2166    1209    1651    2403    1892    1111    1248    1470    1569    1912    2254    2437    2512    2303    1796    1581    1048    
412    1961 1801    1346    2214    1143    1698    2372    1899    1074    1325    1260    1808    2030    2222    2474    2414    2327    1907    1463    1279    
412    1962 1769    1390    2192    1211    1619    2378    1929    1202    1145    1323    1620    1916    2056    2509    2558    2480    2006    1299    1068    
412    1963 1732    1323    2091    1066    1577    2360    1882    1075    1053    1409    1560    1761    2175    2446    2452    2137    1894    1613    1159    
412    1964 1800    1404    2226    1151    1679    2435    1954    1045    1256    1453    1526    2054    2294    2493    2514    2462    1920    1481    1084    
412    1965 1746    1329    2140    1040    1661    2395    1806    1057    973     1427    1576    1976    2294    2450    2437    2093    1890    1432    1283    
412    1966 1767    1428    2150    1347    1571    2357    1794    1374    1387    1196    1683    1838    2164    2375    2524    2307    1816    1259    1251    
412    1967 1733    1332    2080    1174    1548    2320    1949    1088    1183    1377    1411    1850    1979    2475    2496    2247    2059    1538    1049    
412    1968 1762    1381    2125    1141    1531    2360    1956    1164    1214    1256    1563    1776    2122    2457    2492    2327    2025    1514    1209    
412    1969 1712    1388    2092    1128    1624    2304    1819    1173    990     1384    1561    1924    2061    2384    2459    2146    1867    1441    1095    
412    1970 1722    1364    2118    1210    1514    2357    1851    1248    1294    1234    1528    1782    2181    2397    2486    2326    1693    1540    935     
412    1971 1745    1257    2188    1062    1486    2464    1884    1085    1179    1110    1556    1796    2164    2545    2672    2382    1980    1288    1139    
412    1972 1679    1332    2020    1139    1491    2293    1793    1052    1231    1295    1486    1692    2075    2399    2396    2058    1727    1595    1127    
412    1973 1718    1294    2136    1109    1453    2414    1887    1109    1089    1108    1400    1851    2187    2504    2543    2314    1830    1518    1115    
412    1974 1738    1361    2124    1170    1527    2370    1838    1247    1145    1292    1392    1894    2222    2417    2467    2338    1700    1479    1227    
412    1975 1735    1370    2098    1250    1478    2406    1836    1275    1249    1285    1482    1666    2076    2553    2579    2213    1855    1440    1104    
412    1976 1706    1323    2096    1107    1510    2399    1747    1032    1190    1311    1431    1785    2206    2489    2495    2155    1775    1310    1275    
412    1977 1747    1400    2016    1299    1572    2204    1881    1187    1450    1405    1566    1744    2034    2295    2278    2170    1926    1544    1341    
412    1978 1756    1464    2096    1282    1591    2310    1828    1132    1383    1454    1552    1767    2138    2323    2462    2323    1780    1384    1352    
412    1979 1768    1416    2113    1314    1562    2397    1816    1295    1291    1380    1503    1800    2234    2447    2503    2180    1842    1425    1274    
412    1980 1728    1392    2085    1224    1513    2342    1888    1135    1265    1406    1391    1739    2159    2283    2578    2350    1888    1427    1097    
412    1981 1780    1369    2087    1088    1665    2284    1946    1059    1110    1608    1558    1825    2190    2280    2379    2281    1977    1579    1472    
412    1982 1780    1495    2138    1354    1512    2462    1871    1311    1271    1339    1468    1727    2316    2597    2466    2238    1897    1477    1212    
412    1983 1790    1353    2173    1114    1595    2397    2045    1098    1023    1386    1596    1802    2186    2511    2487    2445    1997    1694    1204    
412    1984 1725    1412    2081    1192    1495    2309    1903    1200    1170    1204    1616    1668    2081    2465    2375    2272    1821    1619    1195    
412    1985 1779    1373    2170    1158    1563    2433    1945    967     1329    1309    1624    1756    2290    2540    2464    2336    1988    1509    1209    
412    1986 1787    1410    2166    1209    1552    2430    1943    1206    1212    1317    1405    1928    2183    2460    2640    2364    1954    1509    1220    
412    1987 1826    1415    2212    1182    1646    2453    1975    1098    1232    1461    1668    1810    2221    2531    2600    2434    2005    1486    1329    
412    1988 1846    1486    2215    1295    1703    2479    1970    1354    1194    1529    1607    1970    2222    2565    2640    2270    2077    1559    1136    
412    1989 1875    1439    2244    1177    1632    2556    2009    1103    1304    1443    1562    1890    2251    2650    2757    2334    1996    1698    1466    
412    1990 1844    1544    2232    1381    1604    2481    2023    1178    1510    1418    1493    1897    2322    2535    2583    2555    2025    1487    1109    
412    1991 1774    1381    2175    1110    1515    2487    1923    1110    1111    1423    1467    1655    2245    2556    2651    2462    1811    1500    1255    
412    1992 1765    1346    2150    1136    1622    2361    1931    995     1159    1346    1592    1925    2064    2412    2599    2295    1880    1619    1272    
412    1993 1737    1360    2164    1129    1583    2419    1800    1020    1093    1261    1591    1897    2291    2411    2552    2228    1769    1403    1283    
412    1994 1854    1392    2237    1247    1670    2534    1942    1153    1311    1424    1603    1982    2236    2650    2706    2224    1945    1658    1316    
412    1995 1873    1509    2197    1343    1632    2477    1991    1264    1462    1408    1532    1953    2225    2583    2614    2257    2002    1713    1434    
412    1996 1807    1509    2183    1319    1621    2457    1883    1355    1157    1375    1620    1868    2286    2499    2579    2231    1860    1559    1268    
412    1997 1869    1436    2229    1269    1675    2450    2043    1192    1356    1380    1652    1992    2369    2422    2557    2374    2118    1635    1350    
412    1998 1853    1521    2269    1291    1699    2520    1962    1256    1264    1483    1717    1898    2331    2604    2617    2437    1893    1558    1142    
412    1999 1852    1392    2305    1158    1738    2533    1922    1173    1159    1411    1722    2081    2331    2565    2697    2419    2012    1332    1261    
412    2000 1843    1398    2269    1197    1740    2494    1918    941     1403    1435    1717    2066    2328    2540    2608    2341    1927    1485    1307    
412    2001 1882    1511    2267    1285    1794    2542    1951    1284    1261    1774    1668    1938    2389    2565    2668    2362    2118    1368    1133    
412    2002 1855    1431    2204    1199    1643    2460    2006    1187    1284    1482    1567    1878    2373    2500    2503    2395    1988    1635    1433    
412    2003 1895    1477    2347    1270    1668    2686    2003    1205    1163    1410    1643    1951    2551    2719    2784    2420    1977    1612    1260    
412    2004 1858    1469    2250    1280    1563    2561    2034    1405    1169    1375    1535    1778    2408    2560    2711    2499    2116    1484    1231    
412    2005 1803    1364    2273    1075    1673    2548    1919    998     987     1332    1675    2012    2456    2625    2559    2300    2023    1430    1180    
412    2006 1911    1408    2326    1121    1825    2551    2102    1025    1164    1605    1807    2062    2352    2686    2607    2428    2164    1714    1269    
412    2007 1864    1557    2270    1326    1749    2518    1856    1221    1507    1467    1618    2157    2352    2550    2646    2278    1905    1384    1257    
412    2008 1839    1443    2258    1263    1744    2502    1893    1269    1265    1567    1744    1920    2280    2578    2640    2372    1958    1346    1106    
412    2009 1886    1364    2293    1156    1672    2605    2042    1190    1172    1389    1610    2014    2459    2690    2662    2308    2105    1711    1273    
412    2010 1800    1462    2242    1213    1587    2533    1913    1144    1223    1299    1598    1865    2251    2658    2680    2381    1874    1486    1098    
412    2011 1888    1372    2311    1164    1719    2541    2040    1139    1263    1364    1755    2039    2301    2623    2690    2444    2048    1627    1320    
412    2012 1835    1407    2309    1139    1674    2617    1924    1187    893     1337    1663    2023    2502    2593    2752    2304    1966    1514    1259    
412    2013 1817    1452    2169    1244    1630    2418    2005    1268    1200    1483    1587    1813    2174    2525    2549    2354    2168    1487    1133    
412    2014 1925    1493    2327    1277    1752    2543    2095    1335    1372    1451    1900    1911    2364    2590    2669    2521    2136    1627    1192    
412    2015 1918    1465    2360    1178    1761    2668    1984    1146    1196    1470    1692    2120    2400    2818    2776    2334    2026    1589    1393    
412    2016 1914    1549    2277    1405    1693    2526    2047    1379    1446    1455    1704    1922    2355    2629    2588    2453    2107    1578    1333    
412    2017 1877    1511    2297    1282    1729    2595    1945    1141    1381    1516    1614    2053    2504    2662    2621    2336    2034    1463    1220    
412    2018 1869    1435    2299    1212    1688    2568    1959    1304    1102    1457    1695    1911    2327    2657    2713    2478    1912    1489    1327    
412    2019 -999999 1416    2248    1227    1638    2533    -999999 1160    1190    1402    1593    1916    2273    2695    2624    2373    2004    -999999 -999999 
