EUROPEAN CLIMATE ASSESSMENT & DATASET (ECA&D), file created on: 13-11-2019
THESE DATA CAN BE USED FOR NON-COMMERCIAL RESEARCH AND EDUCATION PROVIDED THAT THE FOLLOWING SOURCE IS ACKNOWLEDGED: 

Klein Tank, A.M.G. and Coauthors, 2002. Daily dataset of 20th-century surface
air temperature and precipitation series for the European Climate Assessment.
Int. J. of Climatol., 22, 1441-1453.
Data and metadata available at http://www.ecad.eu

FILE FORMAT (MISSING VALUE CODE = -999999):

THIS FILE HOLDS DATA FOR STATION NORWAY                                   FOERDE I SUNNFJORD                       (STAID:  18890)
LATITUDE: dd:mm:ss +61:27:14
LONGITUDE: ddd:mm:ss +005:51:38
ELEVATION: m    3

DATA IS FOR INDEX Mean of daily mean temperature (TG) with unit 0.01 Temperature (&#176;C)

01-06 SOUID: Source identifier
08-11 YEAR : YYYY
13-20 ANNUAL DATA VALUES
21-28 WINTER HALF YEAR DATA VALUES
29-36 SUMMER HALF YEAR DATA VALUES
37-44 WINTER (DJF) DATA VALUES
45-52 SPRING (MAM) DATA VALUES
53-60 SUMMER (JJA) DATA VALUES
61-68 AUTUMN (SON) DATA VALUES
69-76 JANUARY DATA VALUES
etc. 
157-164 DECEMBER DATA VALUES

18890  1957 649     -999999 1065    -999999 606     1352    618     111     -82     379     573     866     1157    1499    1394    885     701     265     -23     
18890  1958 554     -26     1109    -259    241     1428    853     -280    -499    -355    352     729     1365    1473    1445    1280    801     478     -204    
18890  1959 696     167     1166    -258    723     1413    758     -517    -32     469     691     1008    1229    1540    1463    1047    658     573     178     
18890  1960 608     178     1189    -163    667     1443    569     -448    -223    316     565     1117    1337    1456    1532    1106    365     243     -98     
18890  1961 690     124     1121    -73     627     1320    889     -338    249     338     572     969     1239    1399    1319    1218    1017    429     -148    
18890  1962 554     173     1019    -58     351     1260    632     90      -122    -246    428     874     1078    1417    1280    1020    799     70      -88     
18890  1963 569     -79     1201    -505    590     1499    686     -669    -786    134     597     1038    1577    1398    1523    1062    761     233     -136    
18890  1964 624     190     1047    -22     608     1235    615     113     -45     200     618     1008    1143    1271    1286    938     592     315     19      
18890  1965 -999999 75      -999999 -146    513     -999999 -999999 -257    -207    -33     596     980     1328    -999999 -999999 -999999 -999999 -999999 -999999 
18890  1966 -999999 -999999 -999999 -999999 -999999 -999999 -999999 -999999 -999999 -999999 -999999 -999999 -999999 -999999 -999999 -999999 -999999 -999999 -999999 
18890  1967 -999999 -999999 -999999 -999999 -999999 -999999 -999999 -999999 -999999 -999999 -999999 -999999 -999999 -999999 -999999 -999999 -999999 -999999 -999999 
18890  1968 -999999 -999999 -999999 -999999 -999999 -999999 -999999 -999999 -999999 -999999 -999999 -999999 -999999 -999999 -999999 -999999 -999999 -999999 -999999 
18890  1969 -999999 -999999 -999999 -999999 -999999 -999999 -999999 -999999 -999999 -999999 -999999 -999999 -999999 -999999 -999999 -999999 -999999 -999999 -999999 
18890  1970 -999999 -999999 -999999 -999999 -999999 -999999 -999999 -999999 -999999 -999999 -999999 -999999 -999999 -999999 -999999 -999999 -999999 -999999 -999999 
18890  1971 -999999 -999999 -999999 -999999 -999999 -999999 -999999 -999999 -999999 -999999 -999999 -999999 -999999 -999999 -999999 -999999 -999999 -999999 -999999 
18890  1972 -999999 -999999 -999999 -999999 -999999 -999999 -999999 -999999 -999999 -999999 -999999 -999999 -999999 -999999 -999999 -999999 -999999 -999999 -999999 
18890  1973 -999999 -999999 -999999 -999999 -999999 -999999 -999999 -999999 -999999 -999999 -999999 -999999 -999999 -999999 -999999 -999999 -999999 -999999 -999999 
18890  1974 -999999 -999999 -999999 -999999 -999999 -999999 -999999 -999999 -999999 -999999 -999999 -999999 -999999 -999999 -999999 -999999 -999999 -999999 -999999 
18890  1975 -999999 -999999 -999999 -999999 -999999 -999999 -999999 -999999 -999999 -999999 -999999 -999999 -999999 -999999 -999999 -999999 -999999 -999999 -999999 
18890  1976 -999999 -999999 -999999 -999999 -999999 -999999 -999999 -999999 -999999 -999999 -999999 -999999 -999999 -999999 -999999 -999999 -999999 -999999 -999999 
18890  1977 -999999 -999999 -999999 -999999 -999999 -999999 -999999 -999999 -999999 -999999 -999999 -999999 -999999 -999999 -999999 -999999 -999999 -999999 -999999 
18890  1978 -999999 -999999 -999999 -999999 -999999 -999999 -999999 -999999 -999999 -999999 -999999 -999999 -999999 -999999 -999999 -999999 -999999 -999999 -999999 
18890  1979 -999999 -999999 -999999 -999999 -999999 -999999 -999999 -999999 -999999 -999999 -999999 -999999 -999999 -999999 -999999 -999999 -999999 -999999 -999999 
18890  1980 -999999 -999999 -999999 -999999 -999999 -999999 -999999 -999999 -999999 -999999 -999999 -999999 -999999 -999999 -999999 -999999 -999999 -999999 -999999 
18890  1981 -999999 -999999 -999999 -999999 -999999 -999999 -999999 -999999 -999999 -999999 -999999 -999999 -999999 -999999 -999999 -999999 -999999 -999999 -999999 
18890  1982 -999999 -999999 -999999 -999999 -999999 -999999 -999999 -999999 -999999 -999999 -999999 -999999 -999999 -999999 -999999 -999999 -999999 -999999 -999999 
18890  1983 -999999 -999999 -999999 -999999 -999999 -999999 -999999 -999999 -999999 -999999 -999999 -999999 -999999 -999999 -999999 -999999 -999999 -999999 -999999 
18890  1984 -999999 -999999 -999999 -999999 -999999 -999999 -999999 -999999 -999999 -999999 -999999 -999999 -999999 -999999 -999999 -999999 -999999 -999999 -999999 
18890  1985 -999999 -999999 -999999 -999999 -999999 -999999 -999999 -999999 -999999 -999999 -999999 -999999 -999999 -999999 -999999 -999999 801     -276    -248    
18890  1986 514     -138    997     -580    535     1329    654     -659    -859    340     290     967     1395    1315    1280    715     744     501     33      
18890  1987 538     29      1047    -327    457     1302    695     -801    -201    -107    632     851     1176    1417    1307    882     952     242     61      
18890  1988 675     259     1158    119     467     1468    638     166     131     -5      288     1113    1492    1514    1397    1126    611     177     70      
18890  1989 701     329     1069    266     618     1284    672     455     273     378     618     857     1262    1367    1222    1080    665     270     -68     
18890  1990 737     328     1120    217     654     1401    590     267     478     370     529     1060    1419    1384    1400    915     723     128     149     
18890  1991 657     210     1086    -20     611     1388    609     -23     -204    443     587     803     1048    1664    1441    948     569     311     221     
18890  1992 -999999 -999999 -999999 196     -999999 -999999 -999999 198     167     -999999 -999999 -999999 -999999 -999999 -999999 -999999 -999999 -999999 -999999 
