EUROPEAN CLIMATE ASSESSMENT & DATASET (ECA&D), file created on: 13-11-2019
THESE DATA CAN BE USED FOR NON-COMMERCIAL RESEARCH AND EDUCATION PROVIDED THAT THE FOLLOWING SOURCE IS ACKNOWLEDGED: 

Klein Tank, A.M.G. and Coauthors, 2002. Daily dataset of 20th-century surface
air temperature and precipitation series for the European Climate Assessment.
Int. J. of Climatol., 22, 1441-1453.
Data and metadata available at http://www.ecad.eu

FILE FORMAT (MISSING VALUE CODE = -999999):

THIS FILE HOLDS DATA FOR STATION GERMANY                                  OBERHOF                                  (STAID:  11764)
LATITUDE: dd:mm:ss +50:42:01
LONGITUDE: ddd:mm:ss +010:43:32
ELEVATION: m   81

DATA IS FOR INDEX Mean of daily mean temperature (TG) with unit 0.01 Temperature (&#176;C)

01-06 SOUID: Source identifier
08-11 YEAR : YYYY
13-20 ANNUAL DATA VALUES
21-28 WINTER HALF YEAR DATA VALUES
29-36 SUMMER HALF YEAR DATA VALUES
37-44 WINTER (DJF) DATA VALUES
45-52 SPRING (MAM) DATA VALUES
53-60 SUMMER (JJA) DATA VALUES
61-68 AUTUMN (SON) DATA VALUES
69-76 JANUARY DATA VALUES
etc. 
157-164 DECEMBER DATA VALUES

11764  1950 -999999 -999999 -999999 -999999 -999999 1490    529     -999999 -999999 -999999 -999999 -999999 1501    1478    1491    968     516     102     -505    
11764  1951 607     -52     1116    -263    365     1401    719     -162    -108    -159    377     876     1224    1496    1476    1229    560     374     55      
11764  1952 501     59      1131    -194    565     1454    310     -321    -325    -4      800     906     1226    1557    1573    704     389     -167    -356    
11764  1953 681     -71     1193    -339    670     1444    746     -371    -285    340     633     1035    1359    1515    1453    1146    871     218     188     
11764  1954 456     11      976     -403    406     1241    632     -766    -655    153     191     868     1329    1086    1311    1057    717     121     -16     
11764  1955 -999999 -999999 -999999 -272    -999999 -999999 565     -326    -497    -999999 300     -999999 914     -999999 -999999 1072    502     122     -101    
11764  1956 383     -179    977     -569    387     1171    524     -364    -1289   -8      185     978     970     1415    1122    1171    521     -121    -73     
11764  1957 578     87      1023    -94     484     1397    553     -256    60      378     419     651     1440    1555    1196    867     664     124     -199    
11764  1958 534     -35     1081    -210    269     1351    663     -305    -118    -380    141     1043    1157    1443    1447    1231    644     115     -53     
11764  1959 674     137     1190    -119    642     1477    694     -285    -10     395     678     854     1310    1681    1435    1170    701     210     -93     
11764  1960 534     62      1022    -219    501     1246    644     -321    -246    106     424     970     1287    1178    1275    987     673     272     -220    
11764  1961 620     148     1100    -142    593     1228    809     -371    200     346     801     638     1294    1114    1279    1484    807     137     -285    
11764  1962 409     -40     935     -282    236     1185    566     -200    -369    -356    504     569     1092    1179    1280    976     682     36      -535    
11764  1963 439     -262    1084    -788    480     1323    712     -1052   -777    33      519     890     1219    1473    1274    1118    572     452     -515    
11764  1964 544     -46     1166    -333    434     1418    556     -282    -192    -303    541     1069    1415    1535    1305    1117    427     129     -245    
11764  1965 455     -84     973     -335    365     1214    521     -227    -553    -74     371     798     1238    1202    1203    1014    678     -133    -136    
11764  1966 -999999 -5      1084    -191    548     -999999 628     -569    167     -22     641     1027    1373    -999999 1238    1056    866     -47     -999999 
11764  1967 603     -999999 1093    -999999 484     1388    715     -227    -38     167     302     976     1164    1645    1347    1098    867     174     -289    
11764  1968 521     29      1068    -330    492     1322    654     -428    -268    105     616     758     1279    1336    1348    1060    782     116     -477    
11764  1969 480     -104    1106    -406    345     1371    707     -195    -559    -328    359     1005    1135    1626    1345    1143    810     165     -818    
11764  1970 454     -162    1004    -568    254     1321    604     -408    -468    -274    143     891     1466    1182    1318    1009    465     343     -269    
11764  1971 -999999 -21     1104    -241    504     1318    465     -188    -267    -222    628     1111    982     1471    1489    921     652     -184    -999999 
11764  1972 480     -999999 919     -999999 363     1276    378     -999999 45      168     234     685     1128    1476    1220    751     390     -9      -117    
11764  1973 525     -63     1104    -285    380     1419    633     -267    -492    75      136     922     1327    1398    1530    1295    592     13      -300    
11764  1974 -999999 -999999 1030    -999999 -999999 1271    415     73      -999999 -999999 508     850     1207    1192    1411    1002    130     124     64      
11764  1975 600     63      1133    24      405     1438    627     77      -80     49      335     828     1153    1535    1618    1312    585     -15     -244    
11764  1976 539     -64     1108    -242    329     1475    640     -271    -210    -236    274     946     1417    1685    1322    985     773     159     -397    
11764  1977 539     79      929     -254    423     1236    616     -285    -63     277     176     808     1136    1301    1268    868     866     104     -43     
11764  1978 446     52      917     -263    400     1173    541     -309    -456    103     296     798     1110    1213    1193    878     617     125     -287    
11764  1979 426     -122    937     -497    347     1194    522     -756    -443    -12     196     852     1273    1129    1181    977     595     -7      63      
11764  1980 403     17      911     -150    275     1170    451     -482    -22     -50     225     648     1073    1090    1343    1073    406     -124    -347    
11764  1981 504     -98     1016    -399    552     1211    531     -453    -395    295     429     927     1137    1222    1271    1098    429     69      -999999 
