EUROPEAN CLIMATE ASSESSMENT & DATASET (ECA&D), file created on: 13-11-2019
THESE DATA CAN BE USED FOR NON-COMMERCIAL RESEARCH AND EDUCATION PROVIDED THAT THE FOLLOWING SOURCE IS ACKNOWLEDGED: 

Klein Tank, A.M.G. and Coauthors, 2002. Daily dataset of 20th-century surface
air temperature and precipitation series for the European Climate Assessment.
Int. J. of Climatol., 22, 1441-1453.
Data and metadata available at http://www.ecad.eu

FILE FORMAT (MISSING VALUE CODE = -999999):

THIS FILE HOLDS DATA FOR STATION RUSSIAN FEDERATION                       HATYRKA                                  (STAID:   8151)
LATITUDE: dd:mm:ss +62:03:00
LONGITUDE: ddd:mm:ss +175:12:00
ELEVATION: m   11

DATA IS FOR INDEX Mean of daily mean temperature (TG) with unit 0.01 Temperature (&#176;C)

01-06 SOUID: Source identifier
08-11 YEAR : YYYY
13-20 ANNUAL DATA VALUES
21-28 WINTER HALF YEAR DATA VALUES
29-36 SUMMER HALF YEAR DATA VALUES
37-44 WINTER (DJF) DATA VALUES
45-52 SPRING (MAM) DATA VALUES
53-60 SUMMER (JJA) DATA VALUES
61-68 AUTUMN (SON) DATA VALUES
69-76 JANUARY DATA VALUES
etc. 
157-164 DECEMBER DATA VALUES

8151   1966 -366    -999999 290     -999999 -826    801     -224    -1133   -1439   -1319   -1075   -91     491     893     1009    489     -549    -576    -1146   
8151   1967 -251    -948    425     -1293   -474    894     -223    -1333   -1413   -715    -894    159     759     993     920     552     -200    -1020   -943    
8151   1968 -437    -936    226     -1089   -816    723     -357    -810    -1546   -1137   -1092   -229    443     799     919     501     -461    -1079   -1581   
8151   1969 -440    -1174   313     -1334   -797    709     -409    -646    -1799   -1520   -884    38      440     838     840     583     -423    -1355   -1499   
8151   1970 -321    -1276   387     -1515   -723    796     -9      -1561   -1484   -1370   -885    80      578     850     952     724     -105    -644    -1136   
8151   1971 -531    -1113   171     -1425   -1024   621     -247    -1184   -2023   -1687   -1087   -300    307     675     869     537     -300    -975    -1372   
8151   1972 -999999 -1100   -999999 -1244   -868    -999999 -299    -1236   -1113   -1606   -920    -81     404     -999999 958     574     -312    -1157   -959    
8151   1973 -479    -1263   254     -1371   -1004   653     -64     -1708   -1467   -2005   -702    -295    387     770     793     587     -172    -543    -1419   
8151   1974 -999999 -1116   -999999 -1593   -811    -999999 -999999 -1531   -1850   -1251   -1095   -109    408     -999999 -999999 -999999 -999999 -999999 -999999 
8151   1975 -503    -999999 257     -999999 -819    668     -189    -1876   -1491   -1384   -922    -155    402     774     820     602     -218    -950    -1691   
8151   1976 -644    -1347   155     -1768   -1042   610     -343    -1451   -2188   -1628   -1420   -91     310     685     825     593     -431    -1190   -1813   
8151   1977 -472    -1455   381     -1637   -1007   799     -304    -1331   -1783   -2207   -764    -42     605     769     1017    680     -433    -1153   -1115   
8151   1978 -311    -998    355     -1092   -592    731     -105    -756    -1438   -1144   -663    28      427     842     914     556     -207    -660    -1710   
8151   1979 -999999 -916    270     -1129   -796    756     -999999 -979    -652    -1256   -1020   -118    467     848     945     467     -222    -999999 -1461   
8151   1980 -470    -999999 260     -1344   -777    678     -386    -1239   -1331   -1233   -1128   19      318     873     832     613     -367    -1403   -1636   
8151   1981 -324    -1306   476     -1637   -541    867     -89     -1592   -1690   -1190   -538    106     742     839     1014    677     -19     -927    -1409   
8151   1982 -272    -872    289     -1091   -669    702     -165    -1119   -709    -1037   -853    -123    503     781     817     591     12      -1102   -1064   
8151   1983 -368    -1023   300     -1280   -723    750     -439    -1295   -1501   -1235   -911    -30     456     859     925     470     -371    -1419   -472    
8151   1984 -395    -1220   341     -1417   -743    764     34      -1513   -2326   -1297   -1034   93      598     853     835     674     77      -651    -1132   
8151   1985 -461    -1076   172     -1264   -1220   713     -172    -1301   -1370   -2097   -1311   -254    436     811     884     437     -381    -564    -886    
8151   1986 -320    -1005   402     -1242   -649    818     -109    -1732   -1095   -1364   -637    53      647     851     951     522     -265    -579    -1226   
8151   1987 -475    -1080   287     -1498   -678    712     -286    -1513   -1784   -1164   -880    4       467     748     913     446     -168    -1140   -1725   
8151   1988 -467    -1244   289     -1485   -848    667     -282    -995    -1752   -1714   -800    -27     471     683     840     548     -94     -1307   -1520   
8151   1989 -313    -1103   383     -1482   -549    811     -132    -2173   -676    -816    -818    -22     484     941     998     686     15      -1102   -1291   
8151   1990 -384    -1255   431     -1758   -579    879     -191    -1617   -2431   -1209   -654    123     652     994     984     461     -279    -752    -1040   
8151   1991 -326    -1105   404     -1486   -586    808     112     -1555   -1905   -1163   -732    132     507     878     1029    583     157     -405    -1554   
8151   1992 -999999 -1100   -999999 -1442   -902    -999999 -133    -1647   -1103   -2023   -534    -138    554     -999999 871     418     -13     -807    -1752   
8151   1993 -999999 -1145   -999999 -1551   -999999 -999999 -999999 -1980   -854    -1423   -999999 -45     -999999 -999999 835     -999999 -999999 -999999 -999999 
8151   1994 -999999 -999999 -999999 -999999 -999999 -999999 -999999 -999999 -999999 -999999 -999999 -999999 -999999 -999999 -999999 -999999 -999999 -1094   -1936   
8151   1995 -999999 -999999 -999999 -1742   -999999 -999999 -999999 -1745   -1522   -1126   -999999 -999999 456     638     -999999 -999999 -999999 -999999 -999999 
8151   1996 -999999 -999999 -999999 -999999 -999999 -999999 -999999 -999999 -999999 -999999 -999999 -999999 -999999 -999999 1074    -999999 -999999 -999999 -818    
8151   1997 -277    -999999 484     -1173   -340    827     -159    -1446   -1264   -825    -327    133     604     837     1032    605     23      -1111   -1653   
8151   1998 -999999 -1268   -999999 -1737   -835    -999999 -999999 -1698   -1872   -1350   -864    -291    517     1010    -999999 -999999 -999999 -999999 -1193   
8151   1999 -554    -999999 306     -1676   -856    746     -142    -1805   -2068   -1541   -995    -35     403     820     1005    607     -241    -788    -2105   
8151   2000 -999999 -1227   -999999 -1713   -601    -999999 -999999 -1891   -1104   -1209   -574    -19     -999999 -999999 -999999 -999999 -999999 -999999 -999999 
8151   2001 -999999 -999999 -999999 -999999 -999999 -999999 -999999 -999999 -999999 -999999 -999999 -999999 -999999 -999999 -999999 -999999 -999999 -999999 -999999 
8151   2002 -999999 -999999 -999999 -999999 -999999 -999999 -999999 -999999 -999999 -999999 -999999 -999999 -999999 -999999 -999999 -999999 -127    -925    -1079   
8151   2003 -239    -1054   505     -1457   -457    876     25      -1482   -1847   -934    -482    45      617     1093    910     829     -65     -687    -984    
8151   2004 -284    -918    489     -1222   -521    891     -118    -985    -1729   -1103   -643    178     677     928     1062    708     -116    -946    -1500   
8151   2005 -384    -1138   377     -1511   -724    822     -84     -1158   -1915   -1261   -990    70      482     979     993     695     -6      -944    -1673   
8151   2006 -999999 -1205   -999999 -1764   -821    -999999 137     -2233   -1347   -1031   -1342   -107    555     -999999 -999999 715     -78     -255    -1563   
8151   2007 -276    -960    413     -1358   -637    796     -6      -1569   -900    -1224   -765    75      669     789     925     766     -132    -647    -1325   
8151   2008 -397    -1183   416     -1606   -741    826     -146    -1653   -1856   -1514   -728    19      533     929     1005    716     -148    -1007   -1115   
8151   2009 -423    -1271   400     -1667   -759    844     -201    -1967   -1945   -1498   -767    -13     713     827     988     630     -30     -1208   -923    
8151   2010 -381    -1211   410     -1454   -893    900     -70     -1619   -1861   -1687   -1191   188     683     1033    979     737     -174    -770    -1005   
8151   2011 -244    -947    507     -1281   -514    967     -4      -1395   -1459   -921    -768    137     688     1206    999     753     59      -828    -1491   
8151   2012 -356    -1291   425     -1748   -803    909     118     -1891   -1870   -1747   -681    22      566     991     1161    460     115     -220    -1221   
8151   2013 -999999 -972    -999999 -1486   -564    1001    -999999 -1338   -1944   -1294   -423    30      699     1118    1175    -999999 -999999 -999999 -999999 
