EUROPEAN CLIMATE ASSESSMENT & DATASET (ECA&D), file created on: 13-11-2019
THESE DATA CAN BE USED FOR NON-COMMERCIAL RESEARCH AND EDUCATION PROVIDED THAT THE FOLLOWING SOURCE IS ACKNOWLEDGED: 

Klein Tank, A.M.G. and Coauthors, 2002. Daily dataset of 20th-century surface
air temperature and precipitation series for the European Climate Assessment.
Int. J. of Climatol., 22, 1441-1453.
Data and metadata available at http://www.ecad.eu

FILE FORMAT (MISSING VALUE CODE = -999999):

THIS FILE HOLDS DATA FOR STATION KAZAKHSTAN                               KARSAKPAJ                                (STAID:   3282)
LATITUDE: dd:mm:ss +47:49:59
LONGITUDE: ddd:mm:ss +066:45:00
ELEVATION: m  488

DATA IS FOR INDEX Mean of daily mean temperature (TG) with unit 0.01 Temperature (&#176;C)

01-06 SOUID: Source identifier
08-11 YEAR : YYYY
13-20 ANNUAL DATA VALUES
21-28 WINTER HALF YEAR DATA VALUES
29-36 SUMMER HALF YEAR DATA VALUES
37-44 WINTER (DJF) DATA VALUES
45-52 SPRING (MAM) DATA VALUES
53-60 SUMMER (JJA) DATA VALUES
61-68 AUTUMN (SON) DATA VALUES
69-76 JANUARY DATA VALUES
etc. 
157-164 DECEMBER DATA VALUES

3282   1926 -999999 -999999 -999999 -999999 427     -999999 -999999 -999999 -999999 -433    315     1394    -999999 -999999 -999999 -999999 689     -540    -999999 
3282   1927 -999999 -999999 -999999 -999999 360     -999999 515     -1869   -1454   -1237   570     1753    2471    -999999 2235    1570    488     -513    -1356   
3282   1928 -999999 -896    -999999 -1281   67      -999999 366     -1417   -1057   -1522   190     1537    2170    2221    -999999 1118    400     -420    -1267   
3282   1929 350     -941    1785    -1664   565     2309    444     -1792   -1963   -687    983     1413    2231    2557    2138    1363    428     -459    -2153   
3282   1930 442     -936    1728    -1795   591     2331    434     -1631   -1580   -268    485     1554    2330    2535    2129    1301    375     -373    -1687   
3282   1931 291     -1091   -999999 -1923   376     2243    -999999 -1646   -2492   -834    500     1465    2196    2549    1984    -999999 569     -698    -1276   
3282   1932 -999999 -788    -999999 -1320   -999999 2096    434     -1333   -1354   -666    -999999 1597    2091    2228    1967    1295    501     -528    -1347   
3282   1933 401     -952    1768    -1598   542     2248    390     -1752   -1707   -924    907     1653    2050    2544    2142    1279    229     -333    -1410   
3282   1934 248     -949    1422    -1566   81      2104    306     -1990   -1268   -935    -11     1184    2087    2027    2196    1007    432     -523    -1323   
3282   1935 401     -840    1740    -1383   468     2276    339     -1934   -839    -841    591     1659    1979    2483    2357    1331    745     -1072   -1725   
3282   1936 381     -1043   1536    -1617   145     2110    598     -1771   -1337   -1120   240     1318    2220    2266    1846    1300    824     -337    -927    
3282   1937 354     -761    1683    -1419   264     2268    468     -1800   -1543   -845    377     1265    2097    2473    2227    1626    575     -800    -1526   
3282   1938 397     -886    1703    -1429   590     2057    470     -1472   -1273   -854    969     1668    1989    2035    2145    1386    382     -354    -1942   
3282   1939 459     -951    1700    -1647   429     2250    286     -1668   -1299   -841    636     1499    2390    2418    1947    1281    100     -518    -544    
3282   1940 541     -701    1779    -1159   634     2334    400     -1568   -1379   -335    984     1264    2156    2539    2302    1404    326     -527    -738    
3282   1941 459     -684    1676    -1155   564     2160    397     -1334   -1417   -481    738     1439    2305    2150    2028    1378    480     -669    -1232   
3282   1942 423     -822    1617    -1357   322     2234    430     -1083   -1800   -717    293     1388    2229    2413    2061    1287    424     -420    -1157   
3282   1943 349     -961    1740    -1590   442     2244    293     -1803   -1832   -1042   599     1775    2053    2508    2166    1297    311     -729    -1262   
3282   1944 526     -613    1717    -1101   809     2145    385     -1228   -792    7       761     1657    2022    2480    1929    1422    432     -700    -1717   
3282   1945 341     -1155   1702    -1884   331     2257    416     -1692   -2280   -1069   702     1373    2196    2190    2382    1342    608     -707    -1134   
3282   1946 378     -712    1590    -1130   450     1977    368     -1436   -788    -824    637     1542    1857    2116    1953    1405    367     -668    -1687   
3282   1947 419     -884    1508    -1641   581     1957    581     -1636   -1597   -147    669     1223    1675    2126    2060    1269    434     45      -1228   
3282   1948 486     -667    1693    -1257   425     2296    523     -1043   -1519   -722    356     1637    2217    2472    2195    1238    628     -300    -1413   
3282   1949 330     -832    1586    -1411   249     2191    268     -1394   -1428   -1123   380     1494    2181    2260    2132    1031    307     -536    -1463   
3282   1950 307     -956    1668    -1633   548     2112    199     -1733   -1711   -658    729     1578    2155    2196    1987    1339    271     -1017   -1584   
3282   1951 426     -1176   1800    -1863   667     2180    330     -1744   -2304   -782    1044    1752    2052    2466    2017    1438    271     -718    -576    
3282   1952 400     -736    1719    -1043   368     2295    256     -1285   -1283   -863    395     1572    2070    2494    2313    1430    354     -1019   -1443   
3282   1953 472     -812    1679    -1233   544     2120    294     -1438   -774    -553    598     1590    1895    2402    2055    1502    204     -900    -1086   
3282   1954 323     -1072   1559    -1556   159     2103    582     -1783   -1824   -1099   279     1300    1808    2411    2082    1435    606     -298    -1190   
3282   1955 516     -653    1746    -1245   554     2276    460     -1400   -1136   -535    418     1774    2374    2298    2158    1423    458     -500    -1246   
3282   1956 388     -936    1635    -1517   347     2198    484     -1808   -1496   -1043   701     1393    1920    2484    2181    1092    523     -163    -1180   
3282   1957 434     -816    1682    -1494   433     2073    546     -1813   -1489   -819    460     1661    2167    2085    1971    1724    540     -625    -772    
3282   1958 363     -614    1446    -1023   313     2029    300     -1376   -910    -572    313     1197    1943    2133    2008    1050    341     -493    -1357   
3282   1959 330     -808    1616    -1303   434     2017    269     -1282   -1265   -827    695     1441    2063    2028    1962    1488    204     -882    -1757   
3282   1960 273     -1044   1468    -1415   26      2004    244     -1243   -1234   -1361   375     1075    2139    1928    1951    1321    230     -820    -1119   
3282   1961 510     -828    1770    -1303   746     2181    355     -1409   -1388   -514    907     1851    2080    2236    2224    1287    234     -452    -1061   
3282   1962 517     -671    1702    -1272   707     2206    431     -1500   -1252   -46     683     1484    2112    2502    2001    1404    463     -574    -1197   
3282   1963 551     -593    1590    -1075   598     2084    549     -1114   -896    -272    528     1536    2144    2292    1819    1191    606     -151    -1169   
3282   1964 353     -792    1506    -1420   280     1985    453     -1322   -1793   -966    414     1395    1845    2169    1936    1242    252     -129    -887    
3282   1965 512     -688    1684    -1268   547     2186    514     -1394   -1550   -487    540     1586    2035    2539    1980    1390    383     -226    -801    
3282   1966 497     -551    1720    -1070   567     2265    455     -1297   -1118   -286    730     1235    2110    2425    2255    1537    312     -481    -1646   
3282   1967 454     -951    1678    -1665   643     2120    446     -1699   -1646   -622    885     1672    2150    2188    2023    1120    565     -352    -977    
3282   1968 439     -569    1653    -1144   700     2110    288     -1133   -1336   -224    572     1746    2067    2144    2116    1236    174     -541    -1621   
3282   1969 285     -1283   1599    -2135   315     2081    514     -2641   -2145   -984    650     1289    2155    2235    1855    1392    296     -139    -687    
3282   1970 417     -670    1665    -1154   529     2082    460     -1599   -1179   -745    847     1495    2001    2309    1933    1378    515     -514    -1528   
3282   1971 521     -862    1648    -1492   397     2096    714     -1355   -1605   -745    596     1345    2024    2385    1875    1640    593     -86     -558    
3282   1972 251     -830    1502    -1452   280     1926    394     -2139   -1674   -1143   601     1393    1881    2000    1896    1214    452     -487    -1031   
3282   1973 453     -769    1593    -1317   466     2117    405     -1623   -1306   -690    778     1319    2009    2345    1995    1086    267     -132    -792    
3282   1974 420     -834    1737    -1519   606     2157    586     -1796   -2018   -624    747     1699    2076    2507    1886    1479    728     -453    -1360   
3282   1975 557     -653    1824    -1277   725     2263    372     -1113   -1367   -415    1094    1508    2180    2535    2072    1535    298     -717    -1060   
3282   1976 245     -931    1674    -1303   293     2228    -50     -921    -1973   -1236   496     1626    2098    2198    2383    1202    -287    -1057   -1682   
3282   1977 473     -1221   1819    -1818   753     2197    536     -2160   -1590   -580    1044    1806    2401    2309    1887    1448    307     -137    -1167   
3282   1978 430     -812    1670    -1454   407     2109    557     -1621   -1585   -719    734     1217    2041    2390    1893    1727    343     -392    -980    
3282   1979 505     -731    1620    -1194   355     2124    567     -1550   -1037   -788    399     1455    1916    2350    2099    1466    610     -375    -584    
3282   1980 403     -849    1697    -1395   394     2143    566     -1818   -1809   -1163   727     1628    2017    2442    1965    1371    521     -192    -922    
3282   1981 518     -562    1642    -1117   482     2168    572     -1227   -1210   -394    648     1197    1852    2416    2226    1482    695     -465    -1121   
3282   1982 491     -803    1755    -1347   471     2177    560     -1467   -1466   -1046   880     1592    2097    2346    2085    1508    547     -376    -928    
3282   1983 654     -486    1760    -889    649     2278    522     -952    -777    -454    1078    1336    2057    2606    2163    1290    467     -189    -865    
3282   1984 372     -752    1698    -1403   427     2306    499     -1383   -2000   -607    369     1518    2158    2522    2234    1346    552     -403    -1926   
3282   1985 420     -902    1667    -1524   324     2175    367     -1534   -1067   -1033   624     1389    2235    2330    1963    1441    224     -560    -1045   
3282   1986 391     -820    1597    -1255   412     2018    414     -1121   -1637   -855    658     1440    1899    2247    1906    1404    357     -516    -1228   
3282   1987 360     -774    1524    -1207   238     2098    172     -1292   -1090   -897    131     1476    1956    2250    2085    1208    121     -811    -922    
3282   1988 518     -871    1727    -1277   425     2272    587     -1255   -1681   -730    760     1257    2362    2354    2102    1510    528     -276    -782    
3282   1989 541     -620    1624    -1118   376     2224    530     -1251   -1344   -654    390     1393    2078    2460    2129    1260    593     -267    -441    
3282   1990 477     -535    1676    -1071   604     2095    460     -1488   -1306   -371    715     1470    2250    2115    1925    1564    387     -569    -1078   
3282   1991 524     -884    1747    -1351   408     2214    755     -1340   -1666   -1105   733     1608    2311    2392    1941    1473    850     -62     -983    
3282   1992 411     -545    1482    -1026   277     1962    415     -928    -1176   -994    592     1244    1915    2174    1796    1148    381     -284    -976    
3282   1993 320     -661    1525    -1123   327     2106    127     -1067   -1348   -725    514     1198    2051    2242    2024    1094    479     -1204   -1538   
3282   1994 -999999 -1060   -999999 -1620   -999999 -999999 -999999 -1438   -1913   -831    -999999 1577    2325    -999999 -999999 -999999 -999999 -999999 -999999 
