EUROPEAN CLIMATE ASSESSMENT & DATASET (ECA&D), file created on: 13-11-2019
THESE DATA CAN BE USED FOR NON-COMMERCIAL RESEARCH AND EDUCATION PROVIDED THAT THE FOLLOWING SOURCE IS ACKNOWLEDGED: 

Klein Tank, A.M.G. and Coauthors, 2002. Daily dataset of 20th-century surface
air temperature and precipitation series for the European Climate Assessment.
Int. J. of Climatol., 22, 1441-1453.
Data and metadata available at http://www.ecad.eu

FILE FORMAT (MISSING VALUE CODE = -999999):

THIS FILE HOLDS DATA FOR STATION SWEDEN                                   TARNABY                                  (STAID:   5786)
LATITUDE: dd:mm:ss +65:43:12
LONGITUDE: ddd:mm:ss +015:15:00
ELEVATION: m  450

DATA IS FOR INDEX Mean of daily mean temperature (TG) with unit 0.01 Temperature (&#176;C)

01-06 SOUID: Source identifier
08-11 YEAR : YYYY
13-20 ANNUAL DATA VALUES
21-28 WINTER HALF YEAR DATA VALUES
29-36 SUMMER HALF YEAR DATA VALUES
37-44 WINTER (DJF) DATA VALUES
45-52 SPRING (MAM) DATA VALUES
53-60 SUMMER (JJA) DATA VALUES
61-68 AUTUMN (SON) DATA VALUES
69-76 JANUARY DATA VALUES
etc. 
157-164 DECEMBER DATA VALUES

5786   1948 -999999 -999999 -999999 -999999 -999999 -999999 -999999 -999999 -999999 -999999 -999999 -999999 -999999 -999999 -999999 -999999 -999999 -999999 -999999 
5786   1949 94      -999999 639     -999999 -225    931     290     -738    -459    -836    -191    353     910     982     900     870     118     -113    -692    
5786   1950 3       -605    738     -1023   -99     1140    152     -1344   -1034   -589    5       290     919     1220    1275    700     213     -459    -1226   
5786   1951 -115    -944    623     -1423   -402    985     164     -1844   -1174   -1182   -150    135     690     963     1292    791     324     -627    -664    
5786   1952 -155    -689    594     -997    -174    924     -175    -1249   -1086   -858    -10     351     829     1093    847     436     -200    -760    -1282   
5786   1953 177     -757    780     -1129   34      1247    265     -785    -1340   -229    -49     378     1367    1220    1158    594     346     -150    -496    
5786   1954 26      -551    737     -999    -17     1104    20      -1178   -1357   -538    -183    665     874     1355    1075    604     20      -563    -577    
5786   1955 -186    -761    576     -1073   -405    1016    51      -1427   -1230   -826    -490    98      626     1219    1191    784     -39     -587    -1618   
5786   1956 -130    -923    644     -1482   -133    1043    -105    -1411   -1411   -492    -352    438     901     1298    925     629     45      -994    -1189   
5786   1957 20      -823    647     -1077   -194    1029    131     -720    -1348   -787    -50     260     661     1405    1008    572     93      -269    -692    
5786   1958 -110    -891    658     -1296   -397    1011    375     -1547   -1688   -1298   -216    329     858     994     1175    792     306     30      -1151   
5786   1959 135     -435    700     -957    95      1062    195     -1505   -136    -109    -43     431     917     1149    1116    612     272     -301    -787    
5786   1960 -57     -760    823     -1302   -30     1212    -51     -1553   -1584   -643    -50     603     1107    1354    1172    730     -224    -654    -995    
5786   1961 90      -668    680     -890    -140    1087    378     -1099   -542    -480    -342    396     1020    1202    1037    750     524     -145    -1272   
5786   1962 -102    -742    598     -1156   -355    905     86      -1174   -1007   -1384   -52     379     708     1071    929     534     315     -598    -1008   
5786   1963 13      -778    785     -1170   -71     1069    94      -1190   -1326   -907    -16     711     966     1030    1208    792     274     -789    -694    
5786   1964 79      -547    624     -681    -86     912     162     -321    -1051   -742    -6      494     746     1055    931     501     395     -418    -697    
5786   1965 -86     -564    679     -907    -129    979     63      -1309   -695    -669    21      265     955     994     989     846     334     -998    -1783   
5786   1966 -240    -1208   582     -1918   -346    1085    -103    -1834   -2160   -889    -451    300     1251    1106    904     364     -31     -645    -927    
5786   1967 -80     -755    665     -1205   -29     1003    227     -1959   -678    -282    -183    373     827     1066    1111    777     39      -129    -1934   
5786   1968 -170    -951    579     -1694   -149    940     -270    -1743   -1384   -556    -86     197     915     1015    888     532     -403    -933    -528    
5786   1969 -190    -1022   722     -1250   -298    1226    -180    -1479   -1795   -1068   -146    325     1126    1137    1411    453     124     -1126   -1360   
5786   1970 -124    -1101   679     -1701   -152    1141    -89     -1790   -1979   -558    -363    458     1243    1165    1018    535     57      -864    -555    
5786   1971 -96     -768    587     -837    -412    982     -180    -940    -1035   -1301   -327    396     906     1055    982     490     9       -1045   -425    
5786   1972 49      -748    712     -972    -94     1168    57      -1469   -1024   -560    -141    418     1157    1331    1015    473     193     -501    -350    
5786   1973 -999999 -999999 -999999 -999999 -999999 -999999 -999999 -999999 -999999 -999999 -999999 -999999 -999999 -999999 -999999 -999999 -999999 -999999 -999999 
5786   1974 -999999 -999999 -999999 -999999 -999999 -999999 -999999 -999999 -999999 -999999 -999999 -999999 -999999 -999999 -999999 -999999 -999999 -999999 -999999 
5786   1975 -999999 -999999 -999999 -999999 -999999 -999999 -999999 -999999 -999999 -999999 -999999 -999999 -999999 -999999 -999999 -999999 -999999 -999999 -999999 
5786   1976 -999999 -999999 -999999 -999999 -999999 -999999 -999999 -999999 -999999 -999999 -999999 -999999 -999999 -999999 -999999 -999999 -999999 -999999 -999999 
5786   1977 -999999 -999999 -999999 -999999 -999999 -999999 -999999 -999999 -999999 -999999 -999999 -999999 -999999 -999999 -999999 -999999 -999999 -999999 -999999 
5786   1978 -999999 -999999 -999999 -999999 -999999 -999999 -999999 -999999 -999999 -999999 -999999 -999999 -999999 -999999 -999999 -999999 -999999 -999999 -999999 
5786   1979 -999999 -999999 -999999 -999999 -999999 -999999 -999999 -999999 -999999 -999999 -999999 -999999 -999999 -999999 -999999 -999999 -999999 -999999 -999999 
5786   1980 -999999 -999999 -999999 -999999 -999999 -999999 -999999 -999999 -999999 -999999 -999999 -999999 -999999 -999999 -999999 -999999 -999999 -999999 -999999 
5786   1981 -999999 -999999 -999999 -999999 -999999 -999999 -999999 -999999 -999999 -999999 -999999 -999999 -999999 -999999 -999999 -999999 -999999 -999999 -999999 
5786   1982 -999999 -999999 -999999 -999999 -999999 -999999 -999999 -999999 -999999 -999999 -999999 -999999 -999999 -999999 -999999 -999999 -999999 -999999 -999999 
5786   1983 -999999 -999999 -999999 -999999 -999999 -999999 -999999 -999999 -999999 -999999 -999999 -999999 -999999 -999999 -999999 -999999 -999999 -999999 -999999 
5786   1984 -999999 -999999 -999999 -999999 -999999 -999999 -999999 -999999 -999999 -999999 -999999 -999999 -999999 -999999 -999999 -999999 -999999 -999999 -999999 
5786   1985 -999999 -999999 -999999 -999999 -999999 -999999 -999999 -999999 -999999 -999999 -999999 -999999 -999999 -999999 -999999 -999999 -999999 -999999 -999999 
5786   1986 -999999 -999999 -999999 -999999 -999999 -999999 -999999 -999999 -999999 -999999 -999999 -999999 -999999 -999999 -999999 -999999 -999999 -999999 -999999 
5786   1987 -999999 -999999 -999999 -999999 -999999 -999999 -999999 -999999 -999999 -999999 -999999 -999999 -999999 -999999 -999999 -999999 -999999 -999999 -999999 
5786   1988 -999999 -999999 -999999 -999999 -999999 -999999 -999999 -999999 -999999 -999999 -999999 -999999 -999999 -999999 -999999 -999999 -999999 -999999 -999999 
5786   1989 -999999 -999999 -999999 -999999 -999999 -999999 -999999 -999999 -999999 -999999 -999999 -999999 -999999 -999999 -999999 -999999 -999999 -999999 -999999 
5786   1990 -999999 -999999 -999999 -999999 -999999 -999999 -999999 -999999 -999999 -999999 -999999 -999999 -999999 -999999 -999999 -999999 -999999 -999999 -999999 
5786   1991 -999999 -999999 -999999 -999999 -999999 -999999 -999999 -999999 -999999 -999999 -999999 -999999 -999999 -999999 -999999 -999999 -999999 -999999 -999999 
5786   1992 -999999 -999999 -999999 -999999 -999999 -999999 -999999 -999999 -999999 -999999 -999999 -999999 -999999 -999999 -999999 -999999 -999999 -999999 -999999 
5786   1993 -999999 -999999 -999999 -999999 -999999 -999999 -999999 -999999 -999999 -999999 -999999 -999999 -999999 -999999 -999999 -999999 -999999 -999999 -999999 
5786   1994 -999999 -999999 -999999 -999999 -999999 -999999 -999999 -999999 -999999 -999999 -999999 -999999 -999999 -999999 -999999 -999999 -999999 -999999 -999999 
5786   1995 -999999 -999999 -999999 -999999 -999999 -999999 -999999 -999999 -999999 -999999 -999999 -999999 -999999 -999999 -999999 -999999 -999999 -999999 -999999 
5786   1996 -999999 -999999 -999999 -999999 -999999 -999999 -999999 -999999 -999999 -999999 -999999 -999999 -999999 -999999 -999999 -999999 -999999 -999999 -999999 
5786   1997 -999999 -999999 -999999 -999999 -999999 -999999 -999999 -999999 -999999 -999999 -999999 -999999 -999999 -999999 -999999 -999999 -999999 -999999 -999999 
5786   1998 -999999 -999999 -999999 -999999 -999999 -999999 -999999 -999999 -999999 -999999 -999999 -999999 -999999 -999999 -999999 -999999 -999999 -999999 -999999 
5786   1999 -999999 -999999 -999999 -999999 -999999 -999999 -999999 -999999 -999999 -999999 -999999 -999999 -999999 -999999 -999999 -999999 -999999 -999999 -999999 
5786   2000 -999999 -999999 -999999 -999999 -999999 -999999 -999999 -999999 -999999 -999999 -999999 -999999 -999999 -999999 -999999 -999999 -999999 -999999 -999999 
5786   2001 -999999 -999999 -999999 -999999 -999999 -999999 -999999 -999999 -999999 -999999 -999999 -999999 -999999 -999999 -999999 -999999 -999999 -999999 -999999 
5786   2002 -999999 -999999 -999999 -999999 -999999 -999999 -999999 -999999 -999999 -999999 -999999 -999999 -999999 -999999 -999999 -999999 -999999 -999999 -999999 
5786   2003 -999999 -999999 -999999 -999999 -999999 -999999 -999999 -999999 -999999 -999999 -999999 -999999 -999999 -999999 -999999 -999999 -999999 -999999 -999999 
5786   2004 -999999 -999999 -999999 -999999 -999999 -999999 -999999 -999999 -999999 -999999 -999999 -999999 -999999 -999999 -999999 -999999 -999999 -999999 -999999 
5786   2005 -999999 -999999 -999999 -999999 -999999 -999999 -999999 -999999 -999999 -999999 -999999 -999999 -999999 -999999 -999999 -999999 -999999 -999999 -999999 
5786   2006 -999999 -999999 -999999 -999999 -999999 -999999 -999999 -999999 -999999 -999999 -999999 -999999 -999999 -999999 -999999 -999999 -999999 -999999 -999999 
5786   2007 -999999 -999999 -999999 -999999 -999999 -999999 -999999 -999999 -999999 -999999 -999999 -999999 -999999 -999999 -999999 -999999 -999999 -999999 -999999 
5786   2008 -999999 -999999 -999999 -999999 -999999 -999999 143     -578    -454    -757    18      -999999 -999999 1333    1012    589     211     -372    -629    
5786   2009 78      -576    794     -943    56      1132    173     -843    -1402   -495    47      616     905     1310    1173    690     -37     -127    -1007   
5786   2010 -184    -841    693     -1361   -165    1064    -120    -1482   -1619   -829    -79     414     799     1254    1131    618     205     -1195   -1533   
5786   2011 208     -864    872     -1222   23      1242    429     -911    -1223   -570    172     471     1138    1410    1174    852     337     100     -548    
5786   2012 -26     -399    604     -869    -54     992     100     -1066   -1001   -240    -211    284     790     1161    1019    560     -36     -219    -1383   
5786   2013 121     -768    825     -1127   -128    1156    259     -955    -1035   -988    -240    839     1136    1188    1144    858     209     -288    -496    
5786   2014 192     -406    842     -689    67      1285    152     -1292   -235    -314    43      470     937     1701    1206    670     137     -350    -691    
5786   2015 147     -468    678     -734    -28     969     257     -956    -535    -415    -19     350     669     1039    1190    823     212     -263    -378    
5786   2016 103     -502    776     -919    119     1072    154     -1564   -810    -224    14      564     964     1287    960     850     50      -436    -447    
5786   2017 79      -455    652     -582    -205    1033    130     -585    -730    -606    -251    240     954     1119    1024    812     204     -628    -663    
5786   2018 49      -780    791     -1002   -211    1128    247     -1052   -1321   -1268   -185    822     777     1554    1040    702     120     -75     -629    
5786   2019 -999999 -523    747     -840    -91     1178    -999999 -1218   -654    -682    5       408     999     1333    1195    519     -59     -999999 -999999 
