EUROPEAN CLIMATE ASSESSMENT & DATASET (ECA&D), file created on: 13-11-2019
THESE DATA CAN BE USED FOR NON-COMMERCIAL RESEARCH AND EDUCATION PROVIDED THAT THE FOLLOWING SOURCE IS ACKNOWLEDGED: 

Klein Tank, A.M.G. and Coauthors, 2002. Daily dataset of 20th-century surface
air temperature and precipitation series for the European Climate Assessment.
Int. J. of Climatol., 22, 1441-1453.
Data and metadata available at http://www.ecad.eu

FILE FORMAT (MISSING VALUE CODE = -999999):

THIS FILE HOLDS DATA FOR STATION SWEDEN                                   KARLSBORG_MO                             (STAID:   5380)
LATITUDE: dd:mm:ss +58:31:12
LONGITUDE: ddd:mm:ss +014:30:36
ELEVATION: m   95

DATA IS FOR INDEX Mean of daily mean temperature (TG) with unit 0.01 Temperature (&#176;C)

01-06 SOUID: Source identifier
08-11 YEAR : YYYY
13-20 ANNUAL DATA VALUES
21-28 WINTER HALF YEAR DATA VALUES
29-36 SUMMER HALF YEAR DATA VALUES
37-44 WINTER (DJF) DATA VALUES
45-52 SPRING (MAM) DATA VALUES
53-60 SUMMER (JJA) DATA VALUES
61-68 AUTUMN (SON) DATA VALUES
69-76 JANUARY DATA VALUES
etc. 
157-164 DECEMBER DATA VALUES

5380   1951 614     -999999 1094    -999999 228     1424    812     -234    -105    -358    311     735     1252    1487    1527    1238    768     431     274     
5380   1952 508     144     1046    -16     338     1358    472     -180    -150    -287    524     783     1157    1505    1405    883     494     38      -96     
5380   1953 723     42      1216    -206    613     1546    825     -181    -355    316     535     985     1582    1580    1478    1122    925     423     187     
5380   1954 567     98      1116    -235    429     1401    664     -392    -530    -74     315     1043    1312    1446    1442    1117    681     194     168     
5380   1955 569     -5      1185    -195    181     1635    773     -263    -523    -334    214     663     1222    1876    1794    1318    671     332     -219    
5380   1956 -999999 -80     -999999 -455    -999999 1397    576     -314    -858    -130    -999999 1052    1304    1591    1299    1102    660     -21     137     
5380   1957 -999999 120     -999999 46      -999999 1497    689     62      -71     -72     -999999 -999999 1318    1654    1514    1036    777     298     16      
5380   1958 -999999 -55     -999999 -305    -999999 1406    864     -330    -634    -518    -999999 880     1289    1518    1410    1254    880     459     -72     
5380   1959 -999999 180     -999999 -169    -999999 1680    835     -350    -77     226     -999999 1042    1473    1823    1741    1258    785     479     114     
5380   1960 614     100     1180    -216    473     1487    702     -330    -446    -25     406     1036    1519    1479    1465    1157    614     337     116     
5380   1961 745     253     1203    34      635     1485    930     -169    166     448     544     910     1530    1523    1405    1299    1102    383     -231    
5380   1962 535     118     1029    -117    228     1330    686     -18     -101    -442    427     705     1282    1404    1303    1044    825     185     -231    
5380   1963 515     -182    1167    -590    311     1502    784     -841    -709    -359    298     992     1440    1565    1498    1191    779     383     -135    
5380   1964 623     89      1157    -164    498     1398    712     -50     -316    -146    557     1084    1323    1443    1424    1094    704     337     -13     
5380   1965 552     95      1107    -125    384     1378    667     -82     -296    -111    446     820     1390    1375    1370    1232    822     -59     -343    
5380   1966 518     -182    1123    -613    325     1530    704     -583    -945    -55     84      938     1557    1586    1446    1103    720     289     -30     
5380   1967 665     143     1167    -172    550     1488    863     -381    -97     338     425     882     1334    1568    1556    1221    895     473     -284    
5380   1968 614     57      1247    -384    496     1610    660     -476    -393    108     595     787     1603    1553    1675    1260    628     95      -98     
5380   1969 566     -115    1249    -300    222     1689    725     -202    -630    -525    356     839     1600    1709    1756    1217    799     156     -360    
5380   1970 483     -213    1136    -686    281     1546    645     -690    -1044   -207    154     893     1660    1461    1521    1110    704     121     7       
5380   1971 666     89      1165    -36     401     1498    694     -81     -34     -192    331     1061    1320    1664    1504    1089    798     192     275     
5380   1972 675     147     1174    -59     456     1567    700     -357    -96     57      412     896     1408    1781    1506    1017    707     378     353     
5380   1973 687     320     1231    155     562     1653    517     46      55      360     353     967     1585    1840    1532    1087    454     11      -102    
5380   1974 724     119     1206    36      566     1474    706     106     113     128     621     949     1413    1485    1522    1238    538     348     193     
5380   1975 784     225     1293    127     514     1659    813     211     -38     78      414     1047    1367    1722    1880    1299    805     334     223     
5380   1976 589     108     1190    -102    392     1591    639     -367    -166    -194    425     947     1450    1701    1617    976     611     330     -280    
5380   1977 597     -4      1094    -337    400     1455    737     -262    -481    22      216     957     1469    1438    1459    1002    853     351     57      
5380   1978 584     107     1125    -163    406     1480    778     -66     -514    -92     346     963     1449    1509    1482    979     776     579     -474    
5380   1979 506     -91     1110    -619    376     1447    661     -682    -708    -73     299     898     1488    1437    1416    1110    568     307     -70     
5380   1980 543     -87     1195    -365    333     1541    625     -394    -651    -305    451     857     1474    1651    1496    1224    584     69      16      
5380   1981 567     27      1172    -131    464     1435    693     -253    -159    -109    439     1063    1276    1547    1477    1211    673     195     -596    
5380   1982 656     -98     1232    -555    533     1577    819     -672    -378    173     481     943     1315    1748    1659    1224    787     446     71      
5380   1983 707     225     1241    -8      502     1617    727     232     -361    128     430     947     1388    1770    1685    1202    763     216     -7      
5380   1984 705     86      1219    -125    490     1554    826     -214    -156    -96     536     1031    1370    1622    1665    1066    940     470     190     
5380   1985 454     -28     1094    -503    351     1459    635     -706    -1044   -99     166     981     1347    1574    1452    1018    855     26      -240    
5380   1986 569     -77     1110    -473    440     1489    727     -444    -763    43      203     1068    1521    1574    1372    903     726     552     -23     
5380   1987 461     -95     1040    -447    245     1308    717     -976    -330    -522    431     831     1120    1500    1300    1040    817     290     -12     
5380   1988 685     184     1267    39      456     1606    643     119     8       -127    369     1125    1671    1642    1508    1273    620     37      -44     
5380   1989 821     295     1269    232     697     1562    775     409     343     401     531     1155    1480    1727    1476    1227    808     291     -34     
5380   1990 831     386     1270    222     807     1556    673     265     457     532     684     1200    1493    1581    1592    1049    725     242     115     
5380   1991 716     203     1187    -14     561     1509    769     43      -219    274     522     886     1102    1780    1631    1178    729     400     181     
5380   1992 757     311     1285    152     643     1635    610     147     126     272     384     1265    1706    1682    1520    1131    450     256     119     
5380   1993 -999999 163     1125    32      651     1346    547     7       -36     163     559     1227    1287    1445    1304    910     598     132     -999999 
5380   1994 -999999 -999999 1336    -999999 -999999 1724    721     -999999 -999999 -999999 643     1005    1378    2082    1702    1180    619     368     182     
5380   1995 677     205     1241    21      508     1644    713     -221    109     170     417     935     1477    1681    1767    1144    950     39      -386    
5380   1996 581     -68     1187    -440    400     1592    736     -345    -599    -98     522     781     1438    1526    1806    1030    827     348     -315    
5380   1997 746     146     1366    -190    548     1830    671     -239    2       246     446     948     1587    1847    2050    1292    520     204     -9      
5380   1998 664     178     1167    85      524     1417    639     -6      292     79      400     1089    1304    1532    1412    1248    705     -38     -76     
5380   1999 751     67      1337    -133    577     1630    918     -174    -150    111     693     931     1476    1797    1612    1504    780     475     -93     
5380   2000 831     255     1274    31      694     1523    952     63      129     172     670     1239    1418    1584    1564    1150    1042    661     255     
5380   2001 703     248     1297    -20     482     1659    833     -26     -316    -169    481     1133    1442    1873    1655    1170    995     328     -212    
5380   2002 780     277     1431    22      704     1798    617     76      221     249     648     1215    1612    1801    1974    1315    435     105     -333    
5380   2003 721     -28     1338    -321    600     1707    713     -266    -367    230     468     1099    1549    1871    1696    1323    432     393     147     
5380   2004 707     107     1285    -110    633     1556    728     -367    -108    142     639     1118    1396    1521    1746    1274    733     176     179     
5380   2005 730     146     1284    35      478     1599    853     118     -218    -145    592     991     1398    1783    1610    1315    812     434     6       
5380   2006 781     39      1397    -197    350     1798    996     -303    -304    -434    429     1058    1627    1994    1768    1487    1006    496     478     
5380   2007 792     384     1294    134     739     1573    785     100     -208    382     728     1108    1577    1544    1597    1199    810     345     251     
5380   2008 794     352     1272    271     661     1555    740     284     279     140     657     1187    1452    1716    1495    1107    797     316     75      
5380   2009 699     166     1280    -77     627     1537    773     -77     -246    96      736     1051    1355    1638    1612    1275    522     531     -164    
5380   2010 509     -69     1243    -470    476     1600    591     -690    -564    -80     544     965     1412    1820    1563    1135    601     36      -706    
5380   2011 774     -92     1345    -431    649     1623    907     -169    -418    76      850     1027    1532    1750    1584    1317    822     585     256     
5380   2012 681     318     1187    -1      686     1462    763     -52     -222    493     436     1121    1236    1601    1543    1164    661     468     -320    
5380   2013 694     2       1245    -280    422     1581    802     -258    -259    -288    413     1141    1465    1703    1570    1153    841     411     367     
5380   2014 846     363     1340    159     748     1655    912     -119    234     433     722     1088    1518    1913    1531    1249    943     542     57      
5380   2015 811     356     1224    91      636     1514    865     123     94      356     677     877     1324    1568    1645    1239    838     518     421     
5380   2016 758     289     1318    32      671     1569    815     -332    6       274     569     1165    1536    1675    1494    1458    741     248     239     
5380   2017 756     254     1235    75      635     1521    794     -35     17      293     495     1113    1444    1602    1515    1223    830     326     193     
5380   2018 813     147     1474    -24     628     1808    854     51      -347    -211    636     1459    1626    2072    1720    1305    835     421     101     
5380   2019 -999999 303     1309    71      666     1654    -999999 -122    251     331     703     965     1630    1672    1660    1211    701     -999999 -999999 
