EUROPEAN CLIMATE ASSESSMENT & DATASET (ECA&D), file created on: 13-11-2019
THESE DATA CAN BE USED FOR NON-COMMERCIAL RESEARCH AND EDUCATION PROVIDED THAT THE FOLLOWING SOURCE IS ACKNOWLEDGED: 

Klein Tank, A.M.G. and Coauthors, 2002. Daily dataset of 20th-century surface
air temperature and precipitation series for the European Climate Assessment.
Int. J. of Climatol., 22, 1441-1453.
Data and metadata available at http://www.ecad.eu

FILE FORMAT (MISSING VALUE CODE = -999999):

THIS FILE HOLDS DATA FOR STATION GERMANY                                  LOHNBERG-OBERSHAUSEN                     (STAID:   4364)
LATITUDE: dd:mm:ss +50:33:48
LONGITUDE: ddd:mm:ss +008:14:24
ELEVATION: m  230

DATA IS FOR INDEX Mean of daily mean temperature (TG) with unit 0.01 Temperature (&#176;C)

01-06 SOUID: Source identifier
08-11 YEAR : YYYY
13-20 ANNUAL DATA VALUES
21-28 WINTER HALF YEAR DATA VALUES
29-36 SUMMER HALF YEAR DATA VALUES
37-44 WINTER (DJF) DATA VALUES
45-52 SPRING (MAM) DATA VALUES
53-60 SUMMER (JJA) DATA VALUES
61-68 AUTUMN (SON) DATA VALUES
69-76 JANUARY DATA VALUES
etc. 
157-164 DECEMBER DATA VALUES

4364   1993 -999999 -999999 -999999 -999999 -999999 -999999 656     -999999 -999999 -999999 -999999 -999999 -999999 1616    1535    1183    770     12      338     
4364   1994 966     351     1459    229     877     1812    919     309     19      614     803     1213    1643    2098    1689    1285    716     763     370     
4364   1995 889     432     1431    272     808     1748    873     18      444     295     932     1200    1442    1990    1802    1195    1106    311     -104    
4364   1996 730     206     1288    -140    717     1570    792     -217    -97     223     827     1105    1536    1569    1605    1076    854     445     -185    
4364   1997 877     307     1397    -59     861     1723    817     -351    405     686     650     1240    1545    1697    1923    1307    741     405     242     
4364   1998 880     409     1391    252     922     1603    775     199     323     535     823     1404    1606    1596    1606    1298    844     182     103     
4364   1999 931     333     1477    127     929     1672    932     245     25      563     873     1350    1518    1856    1638    1615    839     344     241     
4364   2000 954     422     1434    245     1005    1604    954     138     364     598     964     1452    1668    1462    1683    1363    953     547     246     
4364   2001 902     429     1403    195     888     1686    895     71      277     473     690     1495    1434    1831    1785    1151    1145    382     37      
4364   2002 944     449     1431    201     897     1736    886     72      526     541     850     1299    1726    1685    1798    1212    810     638     151     
4364   2003 929     354     1539    17      953     1900    828     21      -137    603     888     1365    1927    1820    1955    1263    623     604     143     
4364   2004 861     353     1380    161     818     1625    887     87      259     402     954     1102    1492    1606    1773    1341    905     413     -19     
4364   2005 915     334     1443    54      899     1672    979     209     -38     502     953     1244    1685    1782    1550    1434    1059    442     94      
4364   2006 941     275     1497    -20     754     1768    1143    -159    7       187     783     1292    1642    2186    1472    1591    1170    666     391     
4364   2007 974     622     1466    428     1069    1665    807     474     418     595     1206    1411    1740    1653    1604    1173    831     417     134     
4364   2008 914     410     1422    258     902     1689    830     364     278     428     742     1530    1644    1748    1672    1174    819     497     43      
4364   2009 894     258     1492    -75     989     1663    980     -339    86      429     1207    1337    1472    1749    1762    1414    798     734     40      
4364   2010 798     284     1398    -97     792     1748    856     -286    -41     441     892     1046    1655    1972    1615    1193    813     564     -331    
4364   2011 943     312     1474    -34     1031    1622    896     75      175     569     1185    1343    1612    1563    1692    1441    872     376     369     
4364   2012 887     405     1401    153     975     1644    834     246     -176    707     794     1419    1482    1662    1784    1243    797     462     175     
4364   2013 876     259     1430    72      677     1756    934     65      -34     64      826     1146    1563    1971    1727    1326    1030    443     320     
4364   2014 1022    532     1467    344     1002    1667    1071    332     385     664     1128    1217    1570    1899    1528    1451    1125    634     288     
4364   2015 982     475     1470    199     845     1822    939     192     108     473     855     1207    1595    1927    1938    1273    845     701     601     
4364   2016 941     507     1509    369     839     1751    960     167     337     388     774     1352    1661    1823    1765    1667    835     383     128     
4364   2017 951     368     1448    71      970     1756    939     -243    356     746     740     1418    1760    1806    1702    1246    1053    515     266     
4364   2018 1046    405     1669    182     1039    1930    974     414     -168    297     1210    1616    1798    2058    1928    1384    992     545     390     
4364   2019 -999999 502     1513    268     913     1882    -999999 100     319     653     1003    1086    1931    1879    1838    1329    1015    -999999 -999999 
