EUROPEAN CLIMATE ASSESSMENT & DATASET (ECA&D), file created on: 13-11-2019
THESE DATA CAN BE USED FOR NON-COMMERCIAL RESEARCH AND EDUCATION PROVIDED THAT THE FOLLOWING SOURCE IS ACKNOWLEDGED: 

Klein Tank, A.M.G. and Coauthors, 2002. Daily dataset of 20th-century surface
air temperature and precipitation series for the European Climate Assessment.
Int. J. of Climatol., 22, 1441-1453.
Data and metadata available at http://www.ecad.eu

FILE FORMAT (MISSING VALUE CODE = -999999):

THIS FILE HOLDS DATA FOR STATION RUSSIAN FEDERATION                       MAKSATIHA                                (STAID:   8169)
LATITUDE: dd:mm:ss +57:48:00
LONGITUDE: ddd:mm:ss +035:54:00
ELEVATION: m  140

DATA IS FOR INDEX Mean of daily mean temperature (TG) with unit 0.01 Temperature (&#176;C)

01-06 SOUID: Source identifier
08-11 YEAR : YYYY
13-20 ANNUAL DATA VALUES
21-28 WINTER HALF YEAR DATA VALUES
29-36 SUMMER HALF YEAR DATA VALUES
37-44 WINTER (DJF) DATA VALUES
45-52 SPRING (MAM) DATA VALUES
53-60 SUMMER (JJA) DATA VALUES
61-68 AUTUMN (SON) DATA VALUES
69-76 JANUARY DATA VALUES
etc. 
157-164 DECEMBER DATA VALUES

8169   1959 -999999 -999999 -999999 -999999 -999999 -999999 134     -999999 -999999 -999999 -999999 -999999 -999999 1919    1654    775     152     -548    -945    
8169   1960 386     -692    1282    -1065   290     1771    211     -1274   -962    -601    358     1116    1731    2035    1545    880     138     -403    -15     
8169   1961 495     -204    1223    -307    437     1689    424     -661    -238    -63     276     1089    1776    1785    1514    863     578     -174    -861    
8169   1962 385     -401    1152    -697    316     1395    508     -503    -736    -752    590     1146    1247    1571    1369    979     547     -23     -827    
8169   1963 304     -718    1335    -1234   291     1587    587     -1701   -1184   -1091   356     1609    1265    1813    1695    1284    495     -60     -880    
8169   1964 407     -507    1269    -897    207     1712    439     -760    -1066   -744    308     1093    1782    1870    1487    1015    655     -360    -478    
8169   1965 274     -456    1087    -885    129     1478    254     -1069   -1159   -470    101     776     1496    1517    1423    1168    393     -799    -339    
8169   1966 333     -579    1238    -988    535     1616    396     -1446   -1178   -133    445     1292    1588    1762    1496    816     463     -93     -1120   
8169   1967 413     -544    1292    -1223   627     1609    606     -1514   -1015   -15     493     1399    1516    1626    1681    1010    766     37      -1125   
8169   1968 287     -549    1190    -1306   407     1585    262     -1806   -966    -211    386     1045    1659    1445    1654    933     182     -327    -586    
8169   1969 163     -835    1118    -1322   126     1488    450     -1825   -1580   -932    387     930     1339    1663    1457    908     388     56      -970    
8169   1970 356     -521    1230    -1094   385     1611    383     -1229   -1081   -362    438     1081    1478    1791    1560    1010    435     -298    -699    
8169   1971 368     -409    1158    -714    305     1535    311     -384    -1097   -476    262     1128    1506    1569    1529    927     262     -255    -666    
8169   1972 455     -615    1380    -1091   328     1915    423     -1724   -884    -474    430     1035    1708    2098    1933    1012    391     -152    -100    
8169   1973 389     -287    1223    -577    491     1650    179     -1115   -507    -257    562     1172    1692    1754    1509    641     256     -362    -755    
8169   1974 490     -432    1160    -777    257     1594    657     -1299   -202    -211    197     783     1562    1738    1480    1183    673     97      -209    
8169   1975 533     -88     1330    -446    705     1556    375     -448    -707    -3      719     1400    1507    1766    1392    1175    296     -342    -489    
8169   1976 168     -626    1034    -1084   285     1352    115     -1455   -1322   -476    351     957     1214    1518    1318    825     -243    -248    -521    
8169   1977 373     -548    1227    -846    500     1580    377     -1185   -830    -258    492     1267    1555    1729    1455    840     249     47      -960    
8169   1978 233     -470    1061    -1024   361     1451    393     -921    -1210   -79     278     882     1344    1565    1439    834     230     119     -1773   
8169   1979 351     -663    1209    -1379   469     1542    375     -1203   -1138   -232    157     1471    1530    1522    1575    968     269     -108    -702    
8169   1980 291     -572    1143    -905    91      1573    344     -1195   -812    -883    477     693     1741    1591    1393    953     405     -327    -555    
8169   1981 470     -406    1273    -631    256     1735    509     -629    -719    -639    171     1233    1704    1940    1561    999     673     -151    -593    
8169   1982 416     -389    1144    -911    426     1457    523     -1203   -941    -161    404     1035    1203    1710    1449    1036    348     190     -175    
8169   1983 498     -223    1290    -540    612     1501    465     -525    -961    -270    731     1378    1331    1697    1468    1111    517     -235    -372    
8169   1984 391     -359    1266    -692    557     1475    440     -553    -1184   -375    573     1472    1406    1627    1390    1107    559     -349    -1042   
8169   1985 236     -720    1176    -1404   349     1569    335     -1470   -1732   -370    256     1157    1303    1592    1803    913     550     -465    -862    
8169   1986 348     -528    1204    -1068   505     1628    340     -828    -1561   -97     440     1169    1698    1691    1499    699     326     -3      -993    
8169   1987 185     -710    1119    -1287   200     1501    227     -2114   -699    -756    178     1179    1618    1537    1352    827     301     -448    -793    
8169   1988 449     -442    1353    -790    500     1789    299     -862    -708    -158    314     1337    1811    2043    1514    1070    402     -579    -840    
8169   1989 612     -216    1359    -426    663     1711    420     -261    -150    125     663     1202    1863    1762    1512    1140    442     -323    -676    
8169   1990 500     -194    1135    -469    546     1472    359     -703    19      95      671     876     1312    1599    1501    834     416     -174    -471    
8169   1991 497     -331    1250    -656    439     1637    535     -749    -756    -286    511     1095    1680    1708    1524    962     546     95      -451    
8169   1992 472     -137    1261    -518    502     1641    241     -626    -472    75      331     1095    1493    1773    1651    1196    -17     -448    -427    
8169   1993 349     -387    1117    -506    460     1452    -6      -557    -535    -351    408     1323    1312    1628    1411    588     338     -956    -506    
8169   1994 371     -543    1222    -760    365     1525    420     -518    -1308   -398    604     896     1403    1703    1466    1246    419     -406    -777    
8169   1995 525     -278    1349    -571    647     1664    465     -733    -162    1       687     1255    1837    1592    1568    1143    630     -384    -1165   
8169   1996 380     -598    1216    -1135   416     1594    503     -1081   -1161   -455    424     1279    1526    1697    1556    784     435     293     -787    
8169   1997 393     -271    1182    -727    340     1689    266     -808    -571    -201    329     893     1685    1755    1625    779     226     -205    -852    
8169   1998 377     -423    1231    -772    420     1624    147     -493    -991    -272    312     1217    1807    1696    1374    957     491     -1017   -673    
8169   1999 526     -491    1364    -748    428     1861    389     -767    -812    -219    835     681     2051    2043    1495    1074    659     -576    -241    
8169   2000 551     -234    1279    -438    566     1627    488     -658    -414    -195    884     1018    1524    1822    1530    875     621     -35     -395    
8169   2001 444     -272    1366    -597    505     1717    433     -482    -950    -448    912     1064    1515    2124    1505    1057    443     -202    -1294   
8169   2002 474     -295    1344    -714    594     1772    266     -594    -206    93      546     1141    1565    2098    1645    1044    68      -308    -1440   
8169   2003 461     -646    1238    -1107   429     1582    504     -989    -870    -346    294     1335    1196    1986    1550    1025    436     52      -245    
8169   2004 457     -256    1240    -669    435     1635    462     -947    -825    -34     318     1016    1415    1802    1681    1183    461     -260    -379    
8169   2005 492     -369    1320    -571    377     1627    578     -384    -992    -719    584     1272    1470    1799    1606    1163    436     138     -569    
8169   2006 459     -519    1313    -1039   332     1663    620     -1035   -1563   -603    495     1107    1698    1687    1605    1272    581     8       117     
8169   2007 570     -100    1330    -534    734     1685    478     -398    -1406   375     462     1357    1509    1725    1814    1081    624     -277    -203    
8169   2008 617     -97     1250    -324    578     1602    620     -550    -212    23      709     1007    1423    1761    1616    960     761     133     -260    
8169   2009 525     -104    1277    -449    468     1609    606     -565    -531    -193    343     1251    1598    1743    1485    1223    411     189     -713    
8169   2010 468     -489    1539    -1091   612     2003    440     -1585   -965    -295    613     1518    1703    2402    1893    1063    274     -11     -1081   
8169   2011 550     -524    1391    -1049   490     1830    549     -871    -1210   -295    523     1244    1691    2139    1654    1067    570     10      -58     
8169   2012 401     -319    1313    -706    460     1650    551     -817    -1279   -391    508     1265    1543    1885    1519    1135    474     46      -1136   
8169   2013 526     -502    1346    -874    324     1733    585     -946    -503    -930    398     1506    1832    1749    1619    943     547     264     -227    
8169   2014 530     -81     1318    -467    615     1656    345     -901    -260    49      490     1325    1398    1864    1697    1094    224     -256    -450    
8169   2015 594     -213    1269    -455    580     1551    544     -585    -316    93      458     1186    1501    1608    1541    1303    338     -1      -54     
8169   2016 521     -213    1397    -496    619     1757    320     -1304   -107    -138    656     1339    1587    1928    1749    1093    327     -460    -469    
8169   2017 478     -327    1140    -648    397     1509    514     -843    -624    67      314     806     1273    1607    1640    1179    400     -32     -136    
8169   2018 496     -322    1388    -561    437     1690    607     -501    -1099   -628    617     1328    1439    1903    1726    1306    599     -84     -723    
