EUROPEAN CLIMATE ASSESSMENT & DATASET (ECA&D), file created on: 13-11-2019
THESE DATA CAN BE USED FOR NON-COMMERCIAL RESEARCH AND EDUCATION PROVIDED THAT THE FOLLOWING SOURCE IS ACKNOWLEDGED: 

Klein Tank, A.M.G. and Coauthors, 2002. Daily dataset of 20th-century surface
air temperature and precipitation series for the European Climate Assessment.
Int. J. of Climatol., 22, 1441-1453.
Data and metadata available at http://www.ecad.eu

FILE FORMAT (MISSING VALUE CODE = -999999):

THIS FILE HOLDS DATA FOR STATION NORWAY                                   VENNAFJELL                               (STAID:  18835)
LATITUDE: dd:mm:ss +63:18:45
LONGITUDE: ddd:mm:ss +010:55:22
ELEVATION: m  688

DATA IS FOR INDEX Mean of daily mean temperature (TG) with unit 0.01 Temperature (&#176;C)

01-06 SOUID: Source identifier
08-11 YEAR : YYYY
13-20 ANNUAL DATA VALUES
21-28 WINTER HALF YEAR DATA VALUES
29-36 SUMMER HALF YEAR DATA VALUES
37-44 WINTER (DJF) DATA VALUES
45-52 SPRING (MAM) DATA VALUES
53-60 SUMMER (JJA) DATA VALUES
61-68 AUTUMN (SON) DATA VALUES
69-76 JANUARY DATA VALUES
etc. 
157-164 DECEMBER DATA VALUES

18835  1958 -999999 -999999 -999999 -999999 -999999 879     457     -999999 -999999 -999999 -999999 -999999 753     850     1036    851     419     102     -604    
18835  1959 243     -189    667     -540    122     1003    303     -780    -204    -57     28      393     862     1097    1046    555     375     -23     -404    
18835  1960 155     -285    726     -634    115     1031    131     -724    -784    -175    -35     550     950     1074    1067    733     -45     -288    -496    
18835  1961 228     -296    617     -406    16      877     446     -495    -208    -234    -66     345     815     946     867     782     577     -26     -595    
18835  1962 53      -285    468     -512    -207    717     185     -455    -484    -738    -85     206     488     822     835     525     305     -279    -538    
18835  1963 192     -390    739     -641    88      1004    219     -652    -744    -464    53      674     945     909     1157    677     270     -293    -300    
18835  1964 179     -223    571     -355    112     780     210     -231    -545    -260    80      514     658     860     817     478     354     -208    -407    
18835  1965 92      -297    595     -507    -55     829     242     -614    -501    -425    14      248     805     814     869     814     412     -507    -863    
18835  1966 42      -549    567     -914    -155    991     108     -827    -1067   -489    -320    339     1145    909     925     387     190     -256    -511    
18835  1967 150     -330    613     -565    -13     865     352     -756    -413    -241    -176    374     670     955     963     878     178     6       -664    
18835  1968 114     -358    619     -652    -65     928     129     -689    -598    -383    8       183     931     923     931     730     -55     -282    -352    
18835  1969 165     -441    776     -599    7       1190    118     -537    -941    -525    -1      545     1099    985     1484    522     305     -480    -567    
18835  1970 103     -503    667     -788    -54     1029    113     -785    -1036   -505    -181    522     1158    912     1022    557     206     -426    -290    
18835  1971 157     -311    606     -355    -53     874     102     -311    -477    -590    -151    579     709     965     944     567     135     -396    -148    
18835  1972 228     -297    674     -426    77      1042    155     -643    -492    -256    -70     552     1017    1195    913     418     250     -205    15      
18835  1973 151     -99     569     -190    2       956     -3      -131    -483    -82     -297    374     875     1131    858     450     -33     -425    -489    
18835  1974 250     -267    682     -330    166     898     191     -227    -269    -162    71      587     898     848     947     729     37      -189    -302    
18835  1975 227     -213    587     -291    -38     917     331     -359    -205    -261    -179    323     648     1025    1068    615     348     30      -364    
18835  1976 106     -260    587     -462    -59     923     120     -645    -372    -555    -216    591     718     1002    1043    352     163     -157    -676    
18835  1977 105     -391    492     -715    -103    867     217     -705    -769    -231    -376    289     647     946     1000    419     393     -167    -272    
18835  1978 83      -310    614     -550    -57     968     168     -533    -878    -455    -202    481     958     1039    907     478     190     -166    -889    
18835  1979 91      -454    574     -796    -40     898     162     -853    -629    -386    -85     349     967     846     881     476     265     -258    -532    
18835  1980 153     -386    779     -602    -20     1149    80      -776    -489    -526    4       465     1138    1271    1037    746     -42     -460    -541    
18835  1981 69      -460    624     -576    15      781     202     -579    -612    -543    -161    744     601     927     810     803     170     -368    -1005   
18835  1982 190     -404    606     -681    24      922     239     -733    -265    -210    -116    395     595     1061    1099    577     279     -140    -302    
18835  1983 175     -227    638     -393    98      850     163     -371    -519    -334    24      602     688     1037    821     636     159     -304    -392    
18835  1984 196     -365    652     -510    127     828     282     -741    -390    -523    125     777     699     869     911     512     333     0       -246    
18835  1985 61      -346    604     -673    -65     1005    99      -917    -874    -413    -245    456     884     1096    1031    374     386     -473    -655    
18835  1986 115     -402    584     -731    72      942     161     -860    -672    -169    -257    633     1040    955     835     275     244     -39     -669    
18835  1987 100     -427    541     -728    -94     795     275     -914    -588    -598    53      268     699     943     739     533     462     -177    -262    
18835  1988 -999999 -222    -999999 -365    -75     -999999 -999999 -348    -491    -532    -277    599     -999999 -999999 -999999 -999999 -999999 -999999 -999999 
