EUROPEAN CLIMATE ASSESSMENT & DATASET (ECA&D), file created on: 13-11-2019
THESE DATA CAN BE USED FOR NON-COMMERCIAL RESEARCH AND EDUCATION PROVIDED THAT THE FOLLOWING SOURCE IS ACKNOWLEDGED: 

Klein Tank, A.M.G. and Coauthors, 2002. Daily dataset of 20th-century surface
air temperature and precipitation series for the European Climate Assessment.
Int. J. of Climatol., 22, 1441-1453.
Data and metadata available at http://www.ecad.eu

FILE FORMAT (MISSING VALUE CODE = -999999):

THIS FILE HOLDS DATA FOR STATION RUSSIAN FEDERATION                       MOGOCA                                   (STAID:   3243)
LATITUDE: dd:mm:ss +53:45:00
LONGITUDE: ddd:mm:ss +119:43:59
ELEVATION: m  624

DATA IS FOR INDEX Mean of daily mean temperature (TG) with unit 0.01 Temperature (&#176;C)

01-06 SOUID: Source identifier
08-11 YEAR : YYYY
13-20 ANNUAL DATA VALUES
21-28 WINTER HALF YEAR DATA VALUES
29-36 SUMMER HALF YEAR DATA VALUES
37-44 WINTER (DJF) DATA VALUES
45-52 SPRING (MAM) DATA VALUES
53-60 SUMMER (JJA) DATA VALUES
61-68 AUTUMN (SON) DATA VALUES
69-76 JANUARY DATA VALUES
etc. 
157-164 DECEMBER DATA VALUES

3243   1910 -999999 -999999 -999999 -999999 -999999 -999999 -539    -999999 -999999 -999999 -999999 -999999 -999999 -999999 1577    562     -351    -1833   -2910   
3243   1911 -999999 -999999 -999999 -999999 -999999 1528    -999999 -999999 -999999 -999999 -999999 655     1481    1589    1511    601     -999999 -1537   -3303   
3243   1912 -606    -999999 915     -2747   -508    1549    -867    -2656   -2249   -1883   -257    623     1503    1874    1269    446     -975    -2069   -2936   
3243   1913 -999999 -999999 -999999 -999999 -999999 -999999 -999999 -999999 -999999 -999999 -999999 -999999 -999999 -999999 -999999 -999999 -999999 -999999 -999999 
3243   1914 -999999 -999999 1139    -999999 -221    1709    -999999 -2676   -2278   -1662   51      836     1537    1935    1638    796     -999999 -999999 -999999 
3243   1915 -999999 -999999 -999999 -999999 -999999 1473    -999999 -999999 -2203   -1402   -616    728     1392    1765    1264    680     -999999 -1671   -2688   
3243   1916 -999999 -999999 -999999 -999999 -408    1529    -546    -999999 -2321   -1525   -999999 857     1262    1843    1491    464     -259    -1832   -3141   
3243   1917 -396    -999999 999     -999999 -280    1569    -609    -2709   -999999 -1424   -263    846     1531    1675    1501    670     -561    -1938   -2501   
3243   1918 -596    -1916   886     -2547   -310    1430    -680    -2682   -2450   -1416   -292    780     1357    1568    1362    509     -634    -1918   -3449   
3243   1919 -999999 -2298   -999999 -3148   -999999 1595    -999999 -3346   -2597   -1862   -364    -999999 1391    1906    1482    879     -285    -999999 -999999 
3243   1920 -999999 -999999 -999999 -999999 -999999 -999999 -999999 -999999 -999999 -999999 -999999 -999999 -999999 -999999 -999999 -999999 -999999 -999999 -999999 
3243   1921 -999999 -999999 -999999 -999999 -999999 -999999 -999999 -999999 -999999 -999999 -999999 -999999 -999999 -999999 -999999 -999999 -999999 -999999 -999999 
3243   1922 -999999 -999999 -999999 -999999 -999999 -999999 -999999 -999999 -999999 -999999 -999999 -999999 -999999 -999999 -999999 -999999 -999999 -999999 -999999 
3243   1923 -999999 -999999 -999999 -999999 -999999 -999999 -999999 -999999 -999999 -999999 -999999 -999999 -999999 -999999 -999999 -999999 -999999 -999999 -999999 
3243   1924 -999999 -999999 -999999 -999999 -999999 -999999 -999999 -999999 -999999 -999999 -999999 -999999 -999999 -999999 -999999 -999999 -999999 -999999 -999999 
3243   1925 -999999 -999999 -999999 -999999 -999999 1527    -341    -999999 -999999 -999999 -999999 -999999 1360    1831    1385    753     -139    -1645   -2617   
3243   1926 -444    -1796   977     -2618   -288    1565    -458    -2812   -2403   -1216   -347    697     1426    1703    1562    787     -416    -1746   -2688   
3243   1927 -527    -1963   918     -2720   -388    1446    -357    -3025   -2418   -1524   -329    690     1465    1774    1100    779     -180    -1675   -3091   
3243   1928 -541    -2005   932     -2905   -375    1525    -565    -3016   -2589   -1509   -153    544     1480    1591    1501    604     -316    -1992   -2701   
3243   1929 -525    -1936   916     -2732   -172    1408    -498    -3028   -2438   -1193   -234    908     1201    1566    1452    566     -430    -1632   -3155   
3243   1930 -497    -2038   938     -2977   -339    1548    -431    -3105   -2637   -1315   -435    728     1348    1785    1504    660     -205    -1755   -2685   
3243   1931 -485    -1983   944     -2900   -412    1569    -274    -3107   -2909   -1318   -428    510     1345    1942    1412    849     -139    -1536   -2600   
3243   1932 -369    -1663   995     -2374   -266    1529    -312    -2452   -2048   -1225   -289    715     1399    1903    1282    930     -58     -1815   -2826   
3243   1933 -466    -1985   968     -2851   -422    1595    -378    -2981   -2736   -1559   -346    643     1619    1717    1449    695     -154    -1683   -2408   
3243   1934 -441    -1775   984     -2450   -318    1522    -445    -3006   -1881   -1524   -343    912     1452    1694    1418    735     -326    -1749   -2753   
3243   1935 -558    -1876   925     -2603   -421    1559    -735    -3054   -1938   -1435   -432    605     1370    1862    1438    669     -342    -2544   -2988   
3243   1936 -999999 -999999 966     -999999 -303    1479    -605    -999999 -999999 -1456   -129    682     1297    1714    1420    782     -466    -2137   -2485   
3243   1937 -557    -2034   938     -2570   -517    1542    -592    -2902   -2297   -1947   -305    710     1556    1684    1388    563     -330    -2017   -2885   
3243   1938 -441    -1899   1011    -2719   -59     1520    -445    -2876   -2361   -975    51      752     1457    1657    1444    677     -428    -1586   -3214   
3243   1939 -442    -2039   1063    -2947   -212    1568    -522    -3328   -2228   -1454   79      748     1431    1811    1459    820     -493    -1895   -2355   
3243   1940 -554    -1831   898     -2499   -259    1471    -803    -2692   -2446   -1148   -244    615     1498    1641    1276    573     -696    -2288   -2800   
3243   1941 -629    -2268   962     -2955   -533    1591    -590    -3167   -2891   -1826   -339    574     1526    1782    1464    732     -423    -2084   -3043   
3243   1942 -604    -2091   837     -2826   -506    1410    -676    -2752   -2666   -1632   -396    513     1360    1601    1267    646     -543    -2137   -2649   
3243   1943 -476    -1991   1020    -2665   -174    1484    -535    -2990   -2323   -1341   -79     900     1355    1745    1348    818     -286    -2144   -2834   
3243   1944 -999999 -1937   -999999 -2686   -195    -999999 -583    -2894   -2304   -1191   -44     654     1492    -999999 1381    831     -435    -2151   -2925   
3243   1945 -528    -2115   979     -2880   -280    1461    -414    -3164   -2517   -1540   -30     737     1342    1720    1318    757     -187    -1820   -3073   
3243   1946 -605    -2148   925     -3033   -453    1569    -599    -3293   -2701   -1855   -94     602     1426    1808    1469    304     -215    -1900   -2950   
3243   1947 -513    -2087   1031    -2956   -251    1483    -444    -3524   -2334   -1619   50      825     1448    1753    1246    838     -177    -2000   -2757   
3243   1948 -380    -1885   1062    -2673   -133    1633    -366    -2810   -2436   -1171   180     603     1439    1968    1485    668     -378    -1388   -2769   
3243   1949 -484    -1876   1020    -2632   -329    1547    -463    -2721   -2380   -1649   -198    864     1263    1915    1453    784     -87     -2097   -3082   
3243   1950 -574    -2027   961     -2912   -305    1581    -724    -3062   -2558   -1332   -296    713     1464    1815    1459    573     -477    -2277   -3050   
3243   1951 -522    -2173   947     -2956   -291    1465    -500    -3038   -2763   -1492   -185    808     1360    1573    1457    637     -354    -1786   -2628   
3243   1952 -684    -2138   986     -2987   -452    1606    -747    -3371   -2961   -1770   -262    680     1529    1799    1489    647     -591    -2301   -3169   
3243   1953 -547    -2122   960     -2882   -217    1521    -619    -3021   -2412   -1272   -104    729     1586    1652    1328    544     -360    -2050   -3293   
3243   1954 -669    -2263   903     -3164   -548    1579    -710    -3560   -2583   -1755   -312    430     1464    1904    1365    533     -477    -2192   -2962   
3243   1955 -554    -2193   910     -2864   -609    1565    -504    -2750   -2881   -1961   -499    638     1460    1708    1523    593     -471    -1635   -2529   
3243   1956 -601    -2035   875     -2778   -589    1497    -474    -3195   -2601   -1801   -400    440     1443    1705    1340    691     -452    -1660   -2768   
3243   1957 -534    -1977   908     -2742   -289    1395    -533    -2942   -2491   -1589   -151    878     1388    1547    1248    507     -290    -1826   -2817   
3243   1958 -500    -1940   856     -2661   -462    1423    -446    -2898   -2225   -1607   -494    715     1390    1580    1299    610     -395    -1555   -2521   
3243   1959 -451    -1781   1035    -2624   -114    1561    -564    -3018   -2302   -935    -174    764     1525    1532    1624    911     -323    -2288   -2852   
3243   1960 -613    -2137   892     -2864   -511    1537    -654    -3337   -2372   -1672   -370    514     1502    1694    1414    568     -604    -1928   -2810   
3243   1961 -534    -2014   881     -2781   -292    1398    -522    -3219   -2265   -1277   -246    647     1153    1605    1427    666     -502    -1730   -2768   
3243   1962 -488    -1890   935     -2557   -332    1477    -638    -2640   -2231   -1494   -196    699     1380    1724    1325    648     -542    -2023   -2616   
3243   1963 -393    -1777   893     -2310   -360    1518    -485    -2312   -1970   -1223   -405    546     1250    1778    1516    635     -314    -1783   -2550   
3243   1964 -539    -1859   889     -2548   -361    1464    -583    -2664   -2422   -1454   -379    750     1353    1601    1435    539     -505    -1787   -2995   
3243   1965 -667    -2074   839     -2914   -405    1395    -684    -2988   -2742   -1480   -307    577     1386    1500    1298    552     -257    -2362   -3317   
3243   1966 -657    -2245   872     -3035   -567    1456    -592    -2939   -2830   -1827   -625    750     1307    1630    1425    702     -219    -2270   -3144   
3243   1967 -424    -1970   966     -2715   -177    1506    -596    -2780   -2168   -1270   -82     824     1448    1785    1282    508     -189    -2120   -2451   
3243   1968 -449    -1729   995     -2390   -2      1492    -640    -2608   -2092   -949    146     802     1307    1824    1338    519     -402    -2046   -3278   
3243   1969 -673    -2342   874     -3338   -480    1482    -565    -3426   -3309   -1678   -299    544     1289    1638    1512    521     -382    -1840   -2831   
3243   1970 -526    -1983   994     -2735   -333    1577    -676    -2907   -2438   -1539   -136    683     1531    1824    1374    655     -796    -1884   -2797   
3243   1971 -435    -2085   976     -2787   -346    1534    -264    -2888   -2664   -1528   -273    765     1644    1618    1343    735     -106    -1426   -2575   
3243   1972 -654    -1829   855     -2734   -285    1313    -723    -3026   -2593   -1283   -174    604     1170    1583    1181    736     -635    -2275   -3193   
3243   1973 -463    -2167   986     -2907   -363    1535    -406    -3038   -2447   -1443   -362    716     1586    1759    1263    927     -459    -1684   -2492   
3243   1974 -586    -1932   952     -2682   -402    1556    -656    -2921   -2629   -1469   -258    525     1326    1817    1517    751     -653    -2066   -3103   
3243   1975 -387    -2015   1025    -2791   -24     1514    -493    -2779   -2460   -1077   70      940     1526    1602    1413    572     -390    -1664   -2534   
3243   1976 -592    -1912   903     -2585   -403    1367    -610    -2615   -2608   -1697   -172    666     1165    1686    1243    797     -598    -2031   -2996   
3243   1977 -582    -2136   903     -2927   -333    1459    -585    -3095   -2665   -1454   -310    730     1397    1641    1337    592     -458    -1892   -2965   
3243   1978 -482    -1995   889     -2744   -297    1389    -445    -2970   -2249   -1457   -24     600     1329    1488    1347    566     -427    -1474   -2607   
3243   1979 -516    -1894   963     -2729   -204    1457    -642    -3112   -2442   -1339   -197    924     1515    1590    1267    652     -518    -2065   -2594   
3243   1980 -487    -1937   918     -2507   -487    1588    -550    -2813   -2087   -1559   -489    586     1472    1774    1515    613     -617    -1644   -2634   
3243   1981 -458    -1915   946     -2612   -191    1409    -588    -2691   -2499   -1450   141     746     1269    1739    1213    540     -395    -1915   -2328   
3243   1982 -419    -1812   975     -2386   -234    1505    -545    -2725   -2074   -1465   71      703     1444    1684    1386    537     -486    -1687   -2506   
3243   1983 -429    -1762   885     -2503   -208    1377    -371    -2635   -2352   -963    -347    680     1112    1557    1453    823     -451    -1482   -2675   
3243   1984 -555    -1891   984     -2659   -218    1457    -704    -2778   -2516   -1469   -141    958     1416    1630    1325    687     -640    -2160   -3035   
3243   1985 -524    -2196   975     -2980   -261    1487    -528    -3152   -2729   -1513   -9      747     1477    1655    1330    627     -462    -1750   -2641   
3243   1986 -468    -1797   984     -2500   -233    1579    -682    -2695   -2130   -1134   -285    719     1586    1734    1417    702     -647    -2103   -2881   
3243   1987 -655    -2155   865     -2823   -529    1448    -772    -3219   -2320   -1775   -356    549     1363    1518    1459    625     -495    -2456   -2858   
3243   1988 -409    -2091   1011    -2713   -326    1542    -294    -2747   -2523   -1509   -53     591     1397    1666    1560    879     -198    -1567   -2469   
3243   1989 -417    -1704   939     -2479   -84     1384    -498    -2815   -2116   -1095   44      803     1297    1555    1298    611     -350    -1761   -2584   
3243   1990 -353    -1804   1008    -2717   92      1504    -380    -3215   -2313   -647    -64     981     1347    1717    1444    585     -105    -1629   -2471   
3243   1991 -454    -1746   982     -2384   -327    1552    -531    -2407   -2263   -1648   -50     726     1540    1604    1510    533     -346    -1787   -2973   
3243   1992 -466    -1924   957     -2662   -233    1454    -558    -2696   -2293   -1468   -201    973     1393    1632    1336    576     -211    -2051   -2642   
3243   1993 -384    -1762   973     -2514   -85     1493    -451    -2845   -2008   -848    -166    755     1322    1693    1459    743     -344    -1756   -2718   
3243   1994 -453    -1953   1004    -2786   -285    1560    -362    -3359   -2225   -1338   -120    610     1556    1763    1361    833     -73     -1855   -2690   
3243   1995 -999999 -999999 -999999 -2399   -999999 -999999 -999999 -2479   -1988   -999999 -999999 -999999 -999999 1617    -999999 -999999 -999999 -999999 -999999 
3243   1996 -999999 -999999 -999999 -999999 -999999 1538    -581    -999999 -2127   -1384   -999999 861     1353    1832    1422    448     -446    -1750   -2993   
3243   1997 -434    -1950   1027    -2742   -107    1551    -515    -2844   -2351   -1351   227     814     1459    1705    1486    441     -317    -1677   -2915   
3243   1998 -356    -1767   1036    -2593   -61     1587    -518    -2911   -1885   -906    15      709     1311    1841    1599    705     -254    -2014   -2587   
3243   1999 -472    -1865   950     -2351   -423    1467    -610    -2497   -1929   -1917   -217    872     1334    1812    1250    614     -487    -1961   -2629   
3243   2000 -501    -1935   1103    -2655   -136    1658    -676    -2901   -2421   -1242   -18     857     1662    1740    1571    774     -500    -2308   -3286   
3243   2001 -412    -2217   1039    -3044   -244    1652    -352    -3067   -2752   -1443   -116    830     1571    1801    1582    530     -345    -1241   -2447   
3243   2002 -366    -1576   1121    -2335   33      1643    -647    -2617   -1900   -930    81      951     1512    1852    1562    738     -683    -1996   -3050   
3243   2003 -416    -1944   947     -2712   -86     1452    -593    -2855   -2180   -927    71      604     1400    1646    1307    626     -175    -2245   -2386   
3243   2004 -420    -1828   966     -2437   -263    1491    -291    -2743   -2164   -1289   -153    657     1515    1681    1277    797     -218    -1455   -2975   
3243   2005 -317    -1760   1065    -2593   -138    1595    -362    -2450   -2328   -1180   -22     793     1552    1812    1419    812     -268    -1633   -2435   
3243   2006 -535    -1848   948     -2593   -315    1494    -609    -2950   -2373   -1476   -314    844     1410    1689    1379    644     -540    -1935   -2918   
3243   2007 -351    -1967   1085    -2604   -238    1574    -320    -2553   -2311   -1577   26      845     1472    1626    1621    890     -287    -1565   -2521   
3243   2008 -356    -1654   1049    -2476   -12     1663    -478    -2874   -2004   -696    -120    776     1713    1854    1425    613     -164    -1893   -2955   
3243   2009 -491    -1990   1051    -2806   -163    1508    -620    -2868   -2574   -1541   234     829     1409    1665    1447    697     -322    -2245   -2756   
3243   2010 -443    -2013   1048    -2626   -351    1650    -464    -2676   -2428   -1697   -381    1024    1733    1775    1445    658     -431    -1621   -2834   
3243   2011 -283    -1708   1069    -2384   -81     1680    -434    -2270   -2013   -1106   93      775     1600    1864    1574    478     -70     -1721   -2718   
3243   2012 -470    -1887   1038    -2707   -224    1543    -476    -3035   -2345   -1459   -105    896     1554    1826    1250    779     -418    -1791   -2834   
3243   2013 -999999 -2003   1007    -2782   -287    1547    -999999 -2982   -2505   -1531   -259    931     1526    1671    1443    695     -999999 -999999 -999999 
