EUROPEAN CLIMATE ASSESSMENT & DATASET (ECA&D), file created on: 13-11-2019
THESE DATA CAN BE USED FOR NON-COMMERCIAL RESEARCH AND EDUCATION PROVIDED THAT THE FOLLOWING SOURCE IS ACKNOWLEDGED: 

Klein Tank, A.M.G. and Coauthors, 2002. Daily dataset of 20th-century surface
air temperature and precipitation series for the European Climate Assessment.
Int. J. of Climatol., 22, 1441-1453.
Data and metadata available at http://www.ecad.eu

FILE FORMAT (MISSING VALUE CODE = -999999):

THIS FILE HOLDS DATA FOR STATION SWEDEN                                   OLANDS NORRA UDDE A                      (STAID:   5274)
LATITUDE: dd:mm:ss +57:22:12
LONGITUDE: ddd:mm:ss +017:06:00
ELEVATION: m    2

DATA IS FOR INDEX Mean of daily mean temperature (TG) with unit 0.01 Temperature (&#176;C)

01-06 SOUID: Source identifier
08-11 YEAR : YYYY
13-20 ANNUAL DATA VALUES
21-28 WINTER HALF YEAR DATA VALUES
29-36 SUMMER HALF YEAR DATA VALUES
37-44 WINTER (DJF) DATA VALUES
45-52 SPRING (MAM) DATA VALUES
53-60 SUMMER (JJA) DATA VALUES
61-68 AUTUMN (SON) DATA VALUES
69-76 JANUARY DATA VALUES
etc. 
157-164 DECEMBER DATA VALUES

5274   1949 -999999 -999999 -999999 -999999 -999999 -999999 -999999 -999999 -999999 -999999 -999999 -999999 -999999 -999999 -999999 -999999 1045    625     381     
5274   1950 -999999 368     -999999 111     -999999 -999999 -999999 -132    88      240     -999999 -999999 -999999 -999999 -999999 -999999 891     464     164     
5274   1951 775     244     1214    59      370     1563    1009    -8      16      -77     494     698     1373    1659    1650    1398    993     636     424     
5274   1952 676     343     1161    179     403     1506    716     96      7       -107    563     759     1325    1618    1569    1116    736     296     112     
5274   1953 833     238     1280    23      588     1644    984     46      -101    308     552     903     1544    1760    1625    1281    1080    587     336     
5274   1954 691     294     1164    3       405     1515    834     -60     -298    68      313     830     1446    1553    1543    1284    813     406     325     
5274   1955 714     200     1239    39      268     1647    974     -54     -174    -143    211     734     1250    1779    1899    1536    906     481     78      
5274   1956 603     116     1125    -206    335     1469    758     -54     -672    -84     125     956     1333    1617    1454    1245    841     187     226     
5274   1957 738     267     1162    170     376     1605    817     155     123     52      325     748     1362    1778    1666    1072    899     478     149     
5274   1958 672     153     1133    -66     246     1448    1024    -97     -270    -273    156     851     1254    1579    1506    1402    1028    643     201     
5274   1959 847     361     1343    73      553     1748    1008    -41     57      259     472     924     1448    1893    1893    1402    1000    623     175     
5274   1960 747     270     1230    -8      410     1603    914     -43     -167    15      397     818     1592    1594    1623    1343    867     534     360     
5274   1961 846     429     1260    222     662     1544    1042    63      247     489     590     904     1510    1591    1531    1425    1169    528     65      
5274   1962 668     302     1096    86      325     1429    838     161     24      -154    397     735     1312    1527    1444    1146    921     443     22      
5274   1963 647     60      1223    -265    310     1585    925     -385    -452    -230    234     924     1436    1663    1652    1407    835     534     66      
5274   1964 746     209     1268    -23     522     1564    873     36      -180    -53     499     1119    1507    1653    1531    1284    858     478     186     
5274   1965 661     252     1122    57      335     1444    869     91      -124    -7      320     692     1370    1453    1507    1382    998     223     -23     
5274   1966 647     88      1152    -266    333     1580    861     -244    -558    75      103     815     1532    1708    1497    1236    892     452     160     
5274   1967 801     308     1261    28      566     1617    1027    -139    66      396     452     846     1344    1770    1727    1406    1095    577     23      
5274   1968 781     277     1317    -88     558     1663    953     -165    -123    238     614     824     1588    1620    1777    1469    905     485     117     
5274   1969 704     180     1269    -54     309     1715    910     -72     -224    -163    384     708     1483    1815    1839    1369    937     423     -113    
5274   1970 589     50      1105    -334    233     1528    813     -295    -621    -84     173     609     1407    1537    1635    1255    841     341     183     
5274   1971 727     231     1176    90      406     1519    830     49      34      -77     366     927     1262    1641    1644    1191    924     373     326     
5274   1972 770     270     1235    62      427     1663    887     -144    0       129     416     737     1413    1869    1700    1255    852     556     425     
5274   1973 804     429     1308    258     589     1733    744     163     180     379     419     965     1563    1927    1704    1247    711     274     63      
5274   1974 769     262     1181    121     484     1501    860     146     158     213     490     748     1305    1568    1625    1334    722     529     345     
5274   1975 874     383     1337    279     515     1727    973     330     149     204     434     903     1378    1806    1985    1495    933     493     321     
5274   1976 700     263     1214    61      380     1612    834     -98     -46     -38     351     827     1384    1695    1749    1254    754     496     41      
5274   1977 706     214     1121    -39     420     1472    895     -13     -157    136     329     791     1368    1439    1605    1177    933     574     226     
5274   1978 706     280     1162    31      372     1580    930     76      -234    65      278     770     1436    1618    1682    1169    906     715     -77     
5274   1979 659     149     1204    -243    419     1546    812     -305    -358    -16     308     960     1563    1505    1568    1302    728     409     172     
5274   1980 656     124     1186    -98     324     1553    839     -165    -315    -100    373     700     1342    1665    1645    1373    814     332     176     
5274   1981 696     225     1213    42      480     1531    847     -73     21      62      405     971     1305    1672    1608    1295    838     407     -206    
5274   1982 749     117     1259    -265    542     1616    934     -330    -257    222     454     947     1275    1780    1781    1292    905     608     235     
5274   1983 814     391     1294    193     519     1702    864     337     -15     245     430     879     1416    1857    1825    1336    883     372     135     
5274   1984 773     246     1215    60      458     1569    953     64      -24     32      464     878     1304    1628    1766    1230    1073    552     275     
5274   1985 562     148     1085    -243    288     1506    757     -335    -715    -32     249     645     1305    1646    1559    1086    920     260     56      
5274   1986 690     110     1191    -198    453     1576    865     -175    -503    47      232     1072    1467    1714    1544    1095    865     635     192     
5274   1987 572     95      1078    -197    254     1385    843     -565    -219    -353    376     742     1164    1557    1426    1188    894     446     166     
5274   1988 754     316     1263    174     454     1615    780     215     137     29      369     961     1438    1773    1628    1393    746     204     127     
5274   1989 913     375     1340    292     704     1640    979     379     380     412     506     1189    1486    1807    1622    1414    1003    520     193     
5274   1990 937     523     1340    345     793     1645    916     328     533     564     666     1145    1539    1622    1770    1282    937     527     294     
5274   1991 813     371     1260    147     540     1619    925     184     -58     303     520     798     1196    1855    1792    1376    892     509     314     
5274   1992 869     421     1363    268     658     1739    811     256     232     316     465     1187    1700    1845    1671    1287    690     461     294     
5274   1993 778     343     1232    203     644     1526    748     179     127     287     492     1149    1448    1610    1518    1156    813     273     226     
5274   1994 829     245     1345    54      534     1763    914     133     -224    203     573     828     1392    2036    1847    1373    803     569     330     
5274   1995 796     379     1265    208     506     1665    926     45      255     270     412     832     1417    1711    1860    1337    1116    318     -70     
5274   1996 672     158     1160    -142    315     1572    916     -63     -305    -76     441     585     1381    1493    1836    1210    986     549     -11     
5274   1997 834     323     1357    20      517     1812    893     -60     144     320     393     835     1481    1855    2090    1468    774     443     213     
5274   1998 755     357     1188    256     481     1487    820     235     328     148     355     935     1318    1633    1505    1367    865     225     117     
5274   1999 866     264     1388    78      593     1714    1045    113     -5      241     622     917     1508    1896    1731    1640    932     569     176     
5274   2000 899     386     1303    179     674     1570    1075    156     207     271     589     1159    1440    1584    1683    1344    1145    733     446     
5274   2001 831     436     1327    218     529     1711    972     172     16      73      509     1004    1436    1949    1739    1302    1123    487     104     
5274   2002 882     419     1447    182     643     1846    887     142     312     341     540     1045    1640    1812    2079    1549    717     402     -32     
5274   2003 816     171     1356    -107    550     1746    929     -58     -244    209     334     1100    1544    1878    1809    1449    749     594     345     
5274   2004 814     327     1319    116     583     1666    906     -92     93      264     541     942     1465    1640    1885    1423    896     400     283     
5274   2005 863     312     1386    188     546     1721    1020    264     -2      5       571     1061    1515    1915    1726    1508    1006    547     176     
5274   2006 919     240     1476    1       442     1892    1182    -99     -83     -131    504     954     1625    2117    1927    1707    1204    634     595     
5274   2007 896     539     1379    317     753     1691    902     330     -5      427     707     1124    1616    1681    1774    1354    886     466     321     
5274   2008 927     447     1381    344     686     1716    961     316     399     292     620     1145    1586    1840    1718    1356    998     529     305     
5274   2009 841     358     1379    138     661     1675    926     89      8       189     701     1095    1351    1843    1822    1439    724     623     147     
5274   2010 720     189     1331    -95     447     1779    856     -215    -231    60      473     811     1481    2058    1788    1351    789     431     -225    
5274   2011 870     156     1428    -152    654     1752    1010    -50     -184    150     716     1099    1672    1812    1769    1486    923     626     355     
5274   2012 814     406     1307    137     660     1649    929     144     -103    468     466     1039    1417    1752    1771    1376    829     586     -22     
5274   2013 852     212     1364    -19     474     1744    1037    -12     -23     -95     479     1037    1566    1810    1851    1424    1064    622     440     
5274   2014 950     483     1418    237     748     1744    1115    36      235     483     655     1104    1449    1985    1787    1507    1135    702     273     
5274   2015 964     500     1392    240     724     1699    1082    231     211     423     705     1043    1503    1742    1845    1501    1027    722     559     
5274   2016 907     464     1451    225     722     1752    991     -76     189     353     639     1172    1618    1926    1706    1630    902     443     363     
5274   2017 895     396     1352    206     667     1698    1003    95      156     397     570     1031    1571    1733    1785    1407    1038    563     341     
5274   2018 949     354     1565    162     669     1959    1008    207     -85     22      654     1331    1782    2104    1986    1506    949     569     289     
5274   2019 -999999 439     1404    228     658     1807    -999999 89      314     417     581     974     1777    1751    1893    1438    947     -999999 -999999 
