EUROPEAN CLIMATE ASSESSMENT & DATASET (ECA&D), file created on: 13-11-2019
THESE DATA CAN BE USED FOR NON-COMMERCIAL RESEARCH AND EDUCATION PROVIDED THAT THE FOLLOWING SOURCE IS ACKNOWLEDGED: 

Klein Tank, A.M.G. and Coauthors, 2002. Daily dataset of 20th-century surface
air temperature and precipitation series for the European Climate Assessment.
Int. J. of Climatol., 22, 1441-1453.
Data and metadata available at http://www.ecad.eu

FILE FORMAT (MISSING VALUE CODE = -999999):

THIS FILE HOLDS DATA FOR STATION SWEDEN                                   SIDSJO                                   (STAID:   5627)
LATITUDE: dd:mm:ss +62:22:48
LONGITUDE: ddd:mm:ss +017:17:24
ELEVATION: m   60

DATA IS FOR INDEX Mean of daily mean temperature (TG) with unit 0.01 Temperature (&#176;C)

01-06 SOUID: Source identifier
08-11 YEAR : YYYY
13-20 ANNUAL DATA VALUES
21-28 WINTER HALF YEAR DATA VALUES
29-36 SUMMER HALF YEAR DATA VALUES
37-44 WINTER (DJF) DATA VALUES
45-52 SPRING (MAM) DATA VALUES
53-60 SUMMER (JJA) DATA VALUES
61-68 AUTUMN (SON) DATA VALUES
69-76 JANUARY DATA VALUES
etc. 
157-164 DECEMBER DATA VALUES

5627   1961 481     -999999 1044    -999999 408     1396    651     -737    -168    151     284     785     1433    1455    1302    991     832     125     -709    
5627   1962 274     -289    919     -635    31      1244    415     -647    -542    -805    256     650     1179    1337    1214    860     592     -214    -644    
5627   1963 331     -463    1070    -880    222     1384    455     -873    -1151   -546    217     995     1274    1457    1417    1036    523     -196    -296    
5627   1964 389     -189    988     -375    276     1283    423     -203    -645    -348    287     889     1236    1397    1216    888     532     -155    -467    
5627   1965 295     -215    995     -487    234     1315    357     -595    -388    -232    300     636     1290    1385    1268    1082    546     -563    -1224   
5627   1966 -999999 -781    -999999 -1404   -999999 1486    364     -1397   -1610   -513    -171    -999999 1581    1591    1288    829     343     -78     -388    
5627   1967 379     -256    1034    -651    328     1415    598     -1244   -284    115     215     649     1271    1540    1430    1081    524     192     -967    
5627   1968 281     -368    1046    -959    306     1459    118     -1136   -759    -67     430     560     1522    1478    1378    901     172     -720    -423    
5627   1969 260     -559    1058    -756    85      1542    313     -692    -1195   -560    221     598     1508    1520    1598    882     484     -434    -911    
5627   1970 253     -621    997     -1161   142     1442    351     -1175   -1424   -339    9       753     1576    1363    1391    876     446     -272    -290    
5627   1971 352     -273    975     -406    79      1371    298     -432    -506    -608    80      766     1209    1503    1396    874     415     -399    -144    
5627   1972 421     -288    1040    -535    221     1507    443     -955    -502    -162    198     627     1369    1744    1403    876     470     -18     -33     
5627   1973 445     54      1070    -120    411     1547    184     72      -427    210     198     816     1466    1821    1352    737     256     -445    -791    
5627   1974 455     -291    1067    -462    299     1410    421     -310    -268    -192    406     687     1388    1430    1413    1069    327     -130    -400    
5627   1975 556     -82     1107    -236    375     1471    521     -265    -21     3       247     870     1266    1621    1520    1093    459     11      -181    
5627   1976 279     -284    986     -560    199     1383    276     -1030   -463    -502    200     898     1223    1453    1469    641     320     -135    -743    
5627   1977 334     -374    906     -793    218     1274    456     -678    -975    -85     21      712     1257    1296    1268    862     533     -30     -268    
5627   1978 214     -317    935     -681    161     1314    403     -623    -1201   -387    60      806     1286    1401    1255    781     433     -5      -1339   
5627   1979 244     -584    1023    -1258   237     1437    315     -1425   -982    -203    80      830     1520    1435    1359    895     260     -210    -704    
5627   1980 269     -570    1134    -939    167     1507    285     -1050   -1071   -665    413     762     1532    1598    1392    1093    284     -523    -582    
5627   1981 273     -469    1060    -634    163     1396    358     -707    -610    -693    288     898     1235    1602    1345    968     334     -228    -1202   
5627   1982 370     -485    1059    -999    340     1424    467     -1093   -671    -58     290     787     1124    1657    1483    991     368     47      -552    
5627   1983 415     -240    1073    -531    264     1448    432     -430    -620    -278    165     902     1325    1593    1421    1006    541     -253    -473    
5627   1984 404     -373    1103    -669    302     1436    440     -1099   -420    -534    428     1016    1304    1527    1471    851     577     -113    -188    
5627   1985 134     -517    999     -1079   146     1439    358     -1442   -1666   -367    42      760     1296    1517    1498    853     647     -436    -1228   
5627   1986 312     -540    999     -1154   319     1428    461     -1232   -986    -42     12      978     1590    1542    1156    691     508     183     -744    
5627   1987 222     -533    924     -1078   82      1237    507     -1737   -719    -684    288     648     1084    1482    1139    886     617     13      -399    
5627   1988 433     -158    1157    -396    242     1569    371     -270    -528    -398    163     959     1549    1788    1369    1090    315     -290    -585    
5627   1989 539     -85     1121    -209    436     1468    509     -19     -3      75      205     1019    1410    1630    1363    1075    434     20      -772    
5627   1990 538     -115    1101    -448    546     1422    428     -635    118     172     413     1047    1225    1522    1513    860     514     -91     -229    
5627   1991 470     -147    1065    -443    360     1462    459     -322    -814    -5      372     715     1062    1735    1577    900     404     76      -169    
5627   1992 486     25      1088    -145    453     1433    223     -78     -191    95      72      1181    1511    1455    1336    947     -67     -201    -257    
5627   1993 396     -178    962     -267    433     1251    256     -301    -242    -6      329     972     1055    1454    1236    700     312     -246    -572    
5627   1994 319     -515    1067    -957    245     1488    340     -855    -1498   -322    344     717     1174    1822    1457    861     313     -154    -183    
5627   1995 373     -164    990     -355    232     1415    424     -653    -214    -97     133     656     1373    1444    1427    891     657     -285    -895    
5627   1996 289     -403    988     -835    190     1401    325     -597    -1025   -310    271     612     1245    1390    1564    827     509     -366    -713    
5627   1997 480     -207    1119    -492    292     1600    397     -355    -399    61      172     638     1387    1727    1679    1086    285     -177    -414    
5627   1998 367     -203    953     -333    161     1293    330     -329    -247    -340    11      807     1143    1452    1277    1006    381     -399    -413    
5627   1999 407     -335    1092    -602    266     1449    611     -784    -611    -215    299     715     1406    1618    1322    1176    438     224     -752    
5627   2000 525     -136    1043    -462    382     1358    641     -352    -271    -102    297     949     1263    1454    1354    922     714     285     -243    
5627   2001 419     -166    1111    -481    172     1504    559     -337    -904    -569    253     835     1356    1691    1459    1047    589     41      -532    
5627   2002 491     -108    1276    -402    461     1704    260     -458    -195    -95     440     1038    1584    1731    1792    1045    115     -374    -777    
5627   2003 460     -365    1118    -712    399     1549    388     -845    -492    168     169     853     1274    1871    1494    1020    264     -115    -221    
5627   2004 474     -201    1128    -435    406     1452    461     -733    -348    -60     418     861     1261    1510    1577    1122    451     -190    -214    
5627   2005 512     -181    1130    -296    246     1485    634     -166    -531    -470    418     797     1271    1714    1463    1097    607     198     -320    
5627   2006 572     -192    1232    -421    128     1651    709     -514    -429    -703    256     836     1493    1726    1728    1332    594     206     273     
5627   2007 559     60      1167    -237    577     1527    467     -372    -653    246     591     894     1438    1583    1555    922     553     -78     -69     
5627   2008 563     27      1109    -62     391     1466    499     -85     -31     -134    367     938     1404    1638    1352    935     568     -8      -215    
5627   2009 479     -163    1183    -469    454     1457    578     -387    -841    -155    445     1073    1312    1543    1512    1191    279     275     -579    
5627   2010 -999999 -359    -999999 -846    351     -999999 -999999 -995    -976    -197    329     921     1238    1818    -999999 -999999 425     -438    -1066   
5627   2011 597     -386    1258    -774    520     1587    708     -457    -801    -21     686     899     1511    1729    1518    1194    582     351     -120    
5627   2012 466     35      1044    -340    466     1399    506     -419    -490    282     246     862     1189    1586    1415    944     399     178     -643    
5627   2013 547     -241    1198    -544    343     1542    607     -635    -335    -406    341     1093    1461    1632    1528    1109    592     120     0       
5627   2014 631     75      1221    -181    550     1590    633     -553    31      259     521     869     1220    1957    1580    1154    605     140     -253    
5627   2015 609     54      1117    -207    489     1415    634     -300    -54     179     503     787     1205    1492    1542    1161    571     171     6       
5627   2016 -999999 -999999 -999999 -999999 -999999 -999999 -999999 -999999 -999999 -999999 -999999 -999999 -999999 -999999 -999999 -999999 -999999 -999999 -999999 
