EUROPEAN CLIMATE ASSESSMENT & DATASET (ECA&D), file created on: 13-11-2019
THESE DATA CAN BE USED FOR NON-COMMERCIAL RESEARCH AND EDUCATION PROVIDED THAT THE FOLLOWING SOURCE IS ACKNOWLEDGED: 

Klein Tank, A.M.G. and Coauthors, 2002. Daily dataset of 20th-century surface
air temperature and precipitation series for the European Climate Assessment.
Int. J. of Climatol., 22, 1441-1453.
Data and metadata available at http://www.ecad.eu

FILE FORMAT (MISSING VALUE CODE = -999999):

THIS FILE HOLDS DATA FOR STATION SERBIA                                   NEGOTIN                                  (STAID:   2234)
LATITUDE: dd:mm:ss +44:13:59
LONGITUDE: ddd:mm:ss +022:33:00
ELEVATION: m   42

DATA IS FOR INDEX Mean of daily mean temperature (TG) with unit 0.01 Temperature (&#176;C)

01-06 SOUID: Source identifier
08-11 YEAR : YYYY
13-20 ANNUAL DATA VALUES
21-28 WINTER HALF YEAR DATA VALUES
29-36 SUMMER HALF YEAR DATA VALUES
37-44 WINTER (DJF) DATA VALUES
45-52 SPRING (MAM) DATA VALUES
53-60 SUMMER (JJA) DATA VALUES
61-68 AUTUMN (SON) DATA VALUES
69-76 JANUARY DATA VALUES
etc. 
157-164 DECEMBER DATA VALUES

2234   1949 1125    -999999 1797    -999999 1056    2015    1129    95      400     114     1284    1778    1858    2237    1944    1659    1048    684     359     
2234   1950 1200    389     2021    -43     1322    2310    1159    -510    27      700     1467    1804    2161    2486    2279    1913    1114    453     428     
2234   1951 1188    488     1916    204     1266    2204    1112    112     58      720     1269    1808    2101    2229    2279    1788    850     708     256     
2234   1952 1201    440     1947    224     1076    2317    1211    152     267     402     1298    1536    2068    2421    2453    1889    1177    567     150     
2234   1953 1138    468     1870    154     1128    2207    1094    136     179     572     1193    1620    2126    2333    2159    1773    1119    387     -3      
2234   1954 1017    61      1859    -458    950     2192    1248    -559    -850    196     976     1679    2254    2205    2119    1910    1218    618     317     
2234   1955 1141    456     1796    162     1015    2115    1226    15      153     391     905     1744    2031    2257    2053    1763    1305    609     399     
2234   1956 1002    277     1865    -103    983     2172    1034    -35     -711    45      1256    1659    1968    2205    2335    1747    1124    227     133     
2234   1957 1136    433     1820    166     1120    2183    1148    -82     476     719     1151    1490    2161    2263    2123    1715    1037    695     -141    
2234   1958 1230    423     1944    176     1125    2269    1163    37      681     264     1032    2076    2074    2340    2388    1724    1145    621     346     
2234   1959 1063    416     1803    25      1148    2139    961     -222    -57     620     1178    1648    1942    2338    2131    1555    875     457     213     
2234   1960 1172    337     1810    73      1074    2171    1253    -60     66      459     1103    1662    2105    2142    2263    1566    1305    887     532     
2234   1961 1213    658     1872    253     1311    2158    1270    -118    356     966     1402    1569    2133    2163    2179    1775    1223    815     49      
2234   1962 1109    384     1899    3       1075    2201    1227    -2      -42     230     1194    1804    1960    2269    2365    1777    1138    769     -226    
2234   1963 1075    196     1912    -386    1099    2256    1265    -774    -135    390     1182    1728    2148    2321    2295    1779    1205    812     -112    
2234   1964 1087    320     1821    -147    1029    2173    1210    -297    -24     332     1223    1539    2206    2246    2068    1631    1229    769     95      
2234   1965 1080    409     1790    -10     1001    2120    1131    34      -175    455     903     1643    2073    2305    1981    1814    1078    503     251     
2234   1966 1198    472     1856    191     1238    2095    1277    -270    636     651     1389    1680    1892    2172    2213    1774    1436    616     166     
2234   1967 1168    486     1869    16      1214    2167    1275    -240    133     777     1137    1724    1942    2247    2304    1838    1286    700     100     
2234   1968 1164    491     1899    115     1304    2102    1166    -35     291     600     1409    1906    2105    2204    1998    1761    1090    649     -24     
2234   1969 1012    185     1831    -227    1037    2046    1173    -547    -97     28      1084    2000    1942    2070    2124    1744    1040    738     -41     
2234   1970 1112    384     1806    -32     1121    2113    1125    -131    87      591     1254    1521    2085    2164    2089    1708    968     704     241     
2234   1971 1132    421     1816    142     1134    2115    1044    -95     295     413     1148    1841    1946    2186    2208    1539    1043    551     449     
2234   1972 1101    407     1864    85      1220    2193    1030    -181    -19     575     1408    1683    2175    2260    2144    1497    918     679     48      
2234   1973 1085    378     1827    57      1113    2098    1078    -197    347     478     1133    1729    2026    2184    2083    1790    1039    407     -38     
2234   1974 1107    358     1761    61      1002    2086    1091    -75     320     493     952     1558    1919    2114    2219    1785    1009    482     450     
2234   1975 1170    513     1861    264     1272    2083    1115    183     150     771     1257    1788    2038    2201    2009    1859    1171    313     231     
2234   1976 1022    355     1676    93      1036    1901    1101    282     -257    351     1176    1585    1807    2108    1786    1576    1024    706     78      
2234   1977 1111    488     1775    108     1215    2097    1107    -246    532     844     1082    1716    2019    2195    2075    1543    1019    764     -280    
2234   1978 1021    342     1696    -170    1105    1999    978     -103    -126    728     1059    1525    1939    2076    1981    1581    1079    269     158     
2234   1979 1089    342     1770    -20     1157    2034    1066    -108    -119    724     1056    1688    2116    2039    1951    1757    823     627     433     
2234   1980 1029    343     1704    42      1004    2028    1118    -437    135     474     1059    1481    1973    2102    2007    1585    1200    566     185     
2234   1981 1115    478     1756    93      1115    2076    1186    -117    224     786     1040    1517    2127    2087    2015    1739    1186    632     92      
2234   1982 1080    371     1819    -15     1038    2111    1085    -121    -17     427     975     1712    2058    2126    2147    1877    1130    247     316     
2234   1983 1179    528     1884    332     1311    2138    1012    490     176     769     1322    1841    1903    2337    2168    1709    1047    279     29      
2234   1984 1107    330     1790    83      1045    2046    1255    222     -8      390     1051    1694    1979    2134    2023    1839    1400    521     -2      
2234   1985 1044    208     1893    -331    1160    2132    1052    -657    -333    275     1319    1891    1929    2289    2170    1736    1027    392     388     
2234   1986 1104    344     1882    101     1182    2095    1102    195     -323    322     1390    1841    2035    2059    2188    1765    1053    489     131     
2234   1987 1129    279     1922    -9      933     2265    1241    -232    84      141     1129    1535    2172    2496    2122    2063    982     686     320     
2234   1988 1184    535     1920    286     1123    2339    976     263     273     677     1016    1672    2088    2570    2350    1799    965     163     321     
2234   1989 1214    523     1851    336     1328    2126    1113    209     493     973     1414    1600    1914    2256    2200    1704    1146    487     119     
2234   1990 1217    544     1860    179     1316    2211    1162    -93     546     1058    1185    1700    2067    2363    2197    1624    1150    712     56      
2234   1991 1087    423     1800    28      1046    2161    1129    161     -149    565     1118    1457    2139    2257    2086    1729    1128    531     -63     
2234   1992 1237    487     1938    170     1230    2317    1217    231     354     737     1267    1686    2049    2285    2609    1706    1195    752     -55     
2234   1993 1153    424     1954    11      1183    2319    1033    65      25      534     1145    1869    2205    2359    2388    1730    1315    43      67      
2234   1994 1294    480     2008    181     1334    2290    1298    301     174     936     1265    1799    2126    2393    2346    2105    1103    693     212     
2234   1995 1136    515     1869    199     1167    2241    1022    -158    579     672     1209    1621    2109    2432    2178    1644    1155    261     -98     
2234   1996 1091    155     1916    -208    1080    2294    1134    -256    -273    119     1172    1952    2252    2334    2295    1462    1203    735     49      
2234   1997 1124    501     1803    127     1108    2174    1032    -86     449     662     853     1801    2149    2217    2154    1619    947     531     149     
2234   1998 1186    491     1929    294     1206    2296    1065    169     592     569     1368    1685    2214    2350    2323    1617    1242    331     -264    
2234   1999 1243    418     1962    33      1268    2278    1220    125     258     795     1293    1716    2146    2368    2315    1919    1266    472     168     
2234   2000 1309    509     2044    169     1387    2385    1233    -101    458     785     1503    1875    2280    2404    2467    1711    1186    802     320     
2234   2001 1230    621     1933    271     1283    2304    1206    142     359     899     1152    1792    1966    2442    2494    1724    1392    495     -169    
2234   2002 1290    594     1998    222     1371    2372    1178    172     710     975     1143    1989    2379    2523    2215    1715    1137    683     -193    
2234   2003 1208    325     2046    -151    1231    2470    1137    -14     -256    547     1110    2030    2419    2385    2605    1695    1008    713     146     
2234   2004 1219    478     1891    113     1221    2237    1258    -158    365     792     1246    1626    2087    2340    2278    1747    1288    738     259     
2234   2005 1151    475     1889    93      1178    2176    1128    264     -280    520     1183    1829    2067    2307    2151    1778    1192    412     280     
2234   2006 1221    383     1947    22      1242    2231    1323    -233    18      594     1316    1817    2123    2375    2193    1839    1313    818     407     
2234   2007 1358    785     2095    556     1441    2491    1077    711     548     894     1476    1955    2425    2653    2393    1641    1159    428     -42     
2234   2008 1286    464     1992    76      1384    2348    1225    -157    451     942     1342    1866    2260    2367    2415    1678    1289    704     247     
2234   2009 1277    531     2022    139     1334    2323    1317    -29     207     740     1320    1941    2174    2441    2349    1882    1239    833     156     
2234   2010 1221    485     2014    32      1272    2378    1245    -182    132     712     1316    1790    2186    2449    2493    1826    925     994     -46     
2234   2011 1228    406     2047    3       1182    2341    1215    2       57      486     1293    1771    2250    2358    2412    2184    1175    286     380     
2234   2012 1319    418     2180    19      1404    2579    1413    69      -419    960     1441    1812    2439    2721    2571    2076    1373    792     -69     
2234   2013 1287    515     2052    127     1285    2398    1245    123     348     516     1401    1942    2224    2446    2519    1754    1185    799     126     
2234   2014 1274    601     1932    176     1348    2261    1238    139     272     1058    1290    1695    2118    2344    2316    1807    1235    674     271     
2234   2015 1373    563     2101    240     1331    2451    1340    249     195     725     1312    1957    2237    2677    2433    1963    1110    956     575     
2234   2016 1306    691     2044    403     1365    2356    1205    -83     739     864     1502    1735    2323    2460    2285    1950    1080    589     227     
2234   2017 1315    479     2056    14      1385    2469    1315    -412    249     1119    1230    1801    2445    2503    2460    1877    1325    742     377     
2234   2018 1353    576     2153    284     1414    2386    1361    252     216     518     1729    2004    2267    2417    2469    2015    1431    634     208     
