EUROPEAN CLIMATE ASSESSMENT & DATASET (ECA&D), file created on: 13-11-2019
THESE DATA CAN BE USED FOR NON-COMMERCIAL RESEARCH AND EDUCATION PROVIDED THAT THE FOLLOWING SOURCE IS ACKNOWLEDGED: 

Klein Tank, A.M.G. and Coauthors, 2002. Daily dataset of 20th-century surface
air temperature and precipitation series for the European Climate Assessment.
Int. J. of Climatol., 22, 1441-1453.
Data and metadata available at http://www.ecad.eu

FILE FORMAT (MISSING VALUE CODE = -999999):

THIS FILE HOLDS DATA FOR STATION SWEDEN                                   OLANDSBRON V                             (STAID:   5228)
LATITUDE: dd:mm:ss +56:39:36
LONGITUDE: ddd:mm:ss +016:26:24
ELEVATION: m    5

DATA IS FOR INDEX Mean of daily mean temperature (TG) with unit 0.01 Temperature (&#176;C)

01-06 SOUID: Source identifier
08-11 YEAR : YYYY
13-20 ANNUAL DATA VALUES
21-28 WINTER HALF YEAR DATA VALUES
29-36 SUMMER HALF YEAR DATA VALUES
37-44 WINTER (DJF) DATA VALUES
45-52 SPRING (MAM) DATA VALUES
53-60 SUMMER (JJA) DATA VALUES
61-68 AUTUMN (SON) DATA VALUES
69-76 JANUARY DATA VALUES
etc. 
157-164 DECEMBER DATA VALUES

5228   1949 -999999 -999999 -999999 -999999 -999999 -999999 -999999 91      242     42      -999999 -999999 -999999 -999999 -999999 -999999 913     552     283     
5228   1950 -999999 306     -999999 25      -999999 -999999 -999999 -269    66      267     -999999 -999999 -999999 -999999 -999999 -999999 780     380     -6      
5228   1951 732     154     1220    -43     406     1561    866     -124    6       -119    551     790     1410    1600    1668    1289    726     589     358     
5228   1952 589     215     1137    77      398     1468    555     -27     -112    -253    591     863     1336    1568    1494    951     615     98      -85     
5228   1953 783     112     1279    -131    635     1623    891     -117    -196    325     576     1000    1596    1684    1589    1215    975     481     201     
5228   1954 652     173     1193    -167    490     1506    748     -277    -454    60      344     1060    1470    1542    1506    1216    774     253     246     
5228   1955 621     51      1225    -155    265     1630    841     -249    -496    -269    273     793     1269    1806    1803    1384    802     338     -90     
5228   1956 558     7       1141    -335    399     1467    610     -158    -786    -105    207     1089    1433    1616    1350    1132    732     -37     156     
5228   1957 713     186     1169    123     431     1591    747     103     110     41      410     842     1446    1767    1554    976     887     375     -3      
5228   1958 621     48      1173    -217    326     1482    871     -253    -413    -336    280     1032    1312    1628    1499    1264    883     467     20      
5228   1959 798     248     1334    -44     608     1722    850     -182    39      245     556     1022    1468    1883    1807    1245    791     516     134     
5228   1960 664     125     1212    -168    448     1555    783     -266    -385    -59     424     977     1558    1552    1556    1193    743     415     228     
5228   1961 817     361     1258    144     720     1523    975     -21     233     556     640     961     1602    1511    1459    1369    1145    403     -90     
5228   1962 621     215     1106    -15     348     1401    786     66      -22     -229    481     796     1331    1454    1417    1145    854     356     -233    
5228   1963 603     -73     1238    -494    407     1572    885     -718    -534    -193    336     1074    1440    1658    1612    1287    828     543     -167    
5228   1964 674     118     1249    -178    506     1549    765     -85     -288    -137    529     1126    1520    1611    1516    1174    744     377     -27     
5228   1965 569     120     1109    -114    366     1398    676     -17     -319    -73     435     740     1420    1357    1417    1281    798     -53     -215    
5228   1966 605     -54     1158    -405    423     1540    769     -463    -552    115     147     998     1580    1623    1420    1159    806     339     2       
5228   1967 745     223     1243    -83     619     1568    929     -290    52      415     477     959     1352    1703    1643    1302    1050    432     -205    
5228   1968 689     147     1257    -281    577     1578    834     -385    -250    221     643     869     1581    1523    1630    1290    771     443     -85     
5228   1969 646     61      1271    -218    369     1669    839     -240    -342    -209    440     878     1529    1793    1680    1289    898     328     -360    
5228   1970 572     -51     1153    -505    377     1538    706     -481    -694    -48     300     877     1550    1525    1541    1106    738     274     78      
5228   1971 706     158     1195    11      454     1526    739     -83     41      -107    438     1029    1310    1661    1600    1109    853     250     311     
5228   1972 727     216     1229    14      502     1638    728     -238    -35     137     482     886     1469    1867    1572    1076    660     451     365     
5228   1973 733     342     1271    186     608     1645    612     55      133     370     434     1014    1547    1819    1567    1223    522     95      -33     
5228   1974 767     185     1208    90      560     1481    801     161     148     208     577     897     1377    1513    1550    1325    632     451     323     
5228   1975 837     325     1329    242     545     1680    889     332     53      136     482     1015    1376    1755    1898    1426    871     371     265     
5228   1976 638     157     1212    -55     426     1560    757     -325    -109    -142    412     1006    1460    1658    1559    1157    713     402     -159    
5228   1977 686     144     1138    -140    490     1491    780     -85     -180    151     372     942     1504    1492    1477    1027    846     466     152     
5228   1978 658     210     1147    -64     469     1503    842     -8      -364    122     334     946     1435    1531    1541    1073    791     663     -244    
5228   1979 609     62      1180    -369    476     1489    717     -418    -452    1       360     1062    1536    1448    1485    1173    603     378     56      
5228   1980 624     38      1220    -201    401     1568    704     -305    -366    -153    504     855     1509    1630    1562    1246    694     173     101     
5228   1981 639     130     1237    -63     563     1519    740     -250    -37     88      462     1137    1403    1633    1519    1250    662     311     -543    
5228   1982 716     -24     1266    -477    629     1577    887     -518    -358    282     544     1059    1273    1765    1682    1245    881     536     119     
5228   1983 790     330     1332    91      623     1698    770     324     -197    275     539     1052    1470    1858    1759    1292    811     205     7       
5228   1984 750     152     1238    -42     574     1534    866     -15     -122    9       617     1098    1365    1570    1661    1098    1001    496     185     
5228   1985 546     43      1176    -429    476     1516    690     -689    -820    16      389     1019    1380    1622    1541    1081    862     121     -75     
5228   1986 643     -2      1203    -351    530     1563    769     -333    -677    29      360     1195    1534    1672    1481    950     770     587     50      
5228   1987 532     -17     1113    -359    334     1387    755     -810    -311    -395    513     888     1267    1547    1344    1103    846     312     38      
5228   1988 731     249     1289    125     509     1620    657     211     126     -42     417     1151    1576    1710    1574    1288    655     29      50      
5228   1989 872     330     1327    285     743     1614    842     425     389     429     567     1227    1496    1755    1585    1311    894     319     25      
5228   1990 883     440     1327    277     838     1627    737     317     511     577     739     1196    1565    1615    1698    1129    766     315     135     
5228   1991 758     240     1245    -3      600     1586    812     26      -189    345     554     900     1207    1827    1711    1245    781     411     201     
5228   1992 813     329     1374    164     697     1741    684     123     168     283     501     1300    1745    1821    1656    1198    511     350     71      
5228   1993 732     222     1232    64      729     1483    615     75      44      269     592     1322    1438    1563    1446    1009    641     194     137     
5228   1994 786     161     1344    -40     611     1725    796     62      -348    233     688     914     1416    2012    1737    1273    676     442     238     
5228   1995 736     291     1293    116     580     1668    796     -112    232     268     497     971     1520    1709    1770    1269    1044    67      -434    
5228   1996 630     -18     1146    -374    332     1535    898     -206    -484    -126    450     675     1391    1453    1758    1136    994     562     -106    
5228   1997 805     270     1364    -81     537     1805    841     -223    104     285     407     914     1505    1821    2079    1437    700     390     191     
5228   1998 739     310     1207    219     525     1472    785     193     278     107     415     1049    1373    1559    1480    1349    859     146     31      
5228   1999 824     195     1358    -22     579     1666    1008    28      -136    210     624     917     1482    1847    1664    1585    931     510     169     
5228   2000 900     370     1301    165     724     1545    1080    130     197     279     697     1195    1441    1573    1619    1267    1191    777     411     
5228   2001 799     419     1313    169     525     1682    947     138     -65     28      491     1054    1391    1916    1729    1274    1135    425     3       
5228   2002 852     378     1430    121     666     1802    841     90      287     323     543     1128    1635    1761    2005    1487    680     360     -105    
5228   2003 788     108     1356    -201    561     1720    903     -207    -300    185     397     1132    1528    1835    1791    1414    701     599     321     
5228   2004 786     287     1298    71      618     1585    896     -155    45      207     609     1037    1395    1561    1794    1386    924     376     247     
5228   2005 816     266     1331    119     499     1651    1008    194     -113    -77     536     1039    1439    1836    1672    1447    1023    554     143     
5228   2006 883     199     1433    -56     431     1811    1168    -161    -160    -229    531     995     1575    2050    1800    1631    1228    643     623     
5228   2007 888     555     1374    334     786     1665    878     336     12      441     757     1161    1615    1640    1739    1318    891     423     260     
5228   2008 891     431     1351    323     698     1662    873     321     391     298     656     1140    1530    1767    1684    1312    859     449     263     
5228   2009 818     287     1374    69      678     1657    919     0       -70     190     724     1121    1394    1793    1775    1417    705     643     72      
5228   2010 651     139     1282    -190    489     1686    769     -351    -303    38      538     893     1436    1933    1681    1188    752     368     -420    
5228   2011 843     85      1390    -264    666     1683    993     -135    -235    157     759     1083    1607    1735    1704    1439    923     618     384     
5228   2012 789     383     1294    94      682     1602    933     85      -206    463     507     1071    1385    1703    1712    1369    837     595     -95     
5228   2013 830     173     1348    -90     486     1711    1015    -96     -77     -139    472     1123    1537    1787    1803    1343    1057    644     439     
5228   2014 959     491     1425    251     781     1740    1106    60      255     475     711     1155    1488    1976    1748    1454    1139    725     267     
5228   2015 930     501     1338    231     738     1605    1042    225     197     431     742     1041    1437    1654    1719    1420    990     719     536     
5228   2016 824     419     1373    149     732     1639    861     -213    122     353     649     1192    1572    1751    1592    1465    830     288     266     
5228   2017 827     309     1301    105     695     1600    894     -90     144     399     567     1115    1558    1613    1628    1309    948     422     259     
5228   2018 892     250     1551    55      716     1895    901     114     -236    -51     762     1439    1698    2084    1895    1402    817     485     212     
5228   2019 -999999 376     1382    158     718     1742    -999999 -44     322     461     635     1055    1783    1695    1749    1362    860     -999999 -999999 
