EUROPEAN CLIMATE ASSESSMENT & DATASET (ECA&D), file created on: 13-11-2019
THESE DATA CAN BE USED FOR NON-COMMERCIAL RESEARCH AND EDUCATION PROVIDED THAT THE FOLLOWING SOURCE IS ACKNOWLEDGED: 

Klein Tank, A.M.G. and Coauthors, 2002. Daily dataset of 20th-century surface
air temperature and precipitation series for the European Climate Assessment.
Int. J. of Climatol., 22, 1441-1453.
Data and metadata available at http://www.ecad.eu

FILE FORMAT (MISSING VALUE CODE = -999999):

THIS FILE HOLDS DATA FOR STATION NORWAY                                   GEILO II                                 (STAID:  19073)
LATITUDE: dd:mm:ss +60:32:04
LONGITUDE: ddd:mm:ss +008:12:23
ELEVATION: m  794

DATA IS FOR INDEX Mean of daily mean temperature (TG) with unit 0.01 Temperature (&#176;C)

01-06 SOUID: Source identifier
08-11 YEAR : YYYY
13-20 ANNUAL DATA VALUES
21-28 WINTER HALF YEAR DATA VALUES
29-36 SUMMER HALF YEAR DATA VALUES
37-44 WINTER (DJF) DATA VALUES
45-52 SPRING (MAM) DATA VALUES
53-60 SUMMER (JJA) DATA VALUES
61-68 AUTUMN (SON) DATA VALUES
69-76 JANUARY DATA VALUES
etc. 
157-164 DECEMBER DATA VALUES

19073  1942 -999999 -999999 678     -999999 -95     984     209     -999999 -999999 -784    49      453     786     1098    1063    601     108     -78     -461    
19073  1943 208     -316    723     -606    144     1045    224     -1096   -223    -130    74      485     987     1255    890     630     334     -294    -442    
19073  1944 205     -278    723     -450    -29     1140    141     -368    -547    -368    -62     343     812     1333    1266    621     256     -458    -418    
19073  1945 242     -353    829     -657    231     1197    269     -994    -548    25      193     475     955     1339    1290    700     378     -275    -692    
19073  1946 210     -409    795     -718    165     1027    272     -696    -772    -426    245     679     872     1215    989     752     240     -174    -470    
19073  1947 130     -632    963     -1004   -17     1362    208     -935    -1671   -869    -31     847     1206    1310    1566    850     274     -503    -630    
19073  1948 230     -433    783     -830    279     1095    197     -1086   -770    90      177     566     949     1288    1042    658     5       -66     -135    
19073  1949 293     -205    838     -227    73      1103    354     -327    -217    -487    130     577     987     1332    987     1004    305     -245    -552    
19073  1950 122     -354    706     -650    96      1022    128     -704    -700    -257    -7      548     910     1059    1092    612     189     -419    -925    
19073  1951 -999999 -637    658     -932    -168    952     -999999 -1028   -835    -815    -194    503     858     969     1028    769     369     -999999 -999999 
19073  1952 -999999 -999999 -999999 -999999 -999999 -999999 -999999 -999999 -999999 -999999 -999999 -999999 -999999 -999999 -999999 -999999 -999999 -999999 -999999 
19073  1953 -999999 -999999 -999999 -999999 -999999 -999999 -999999 -999999 -999999 -999999 -999999 -999999 -999999 -999999 -999999 -999999 -999999 -999999 -999999 
19073  1954 -999999 -999999 -999999 -999999 -999999 -999999 -999999 -999999 -999999 -999999 -999999 -999999 -999999 -999999 -999999 -999999 -999999 -999999 -999999 
19073  1955 -999999 -999999 -999999 -999999 -999999 -999999 -999999 -999999 -999999 -999999 -999999 -999999 -999999 -999999 -999999 -999999 -999999 -999999 -999999 
19073  1956 -999999 -999999 -999999 -999999 -999999 -999999 -999999 -999999 -999999 -999999 -999999 -999999 -999999 -999999 -999999 -999999 -999999 -999999 -999999 
19073  1957 -999999 -999999 -999999 -999999 -999999 -999999 -999999 -999999 -999999 -999999 -999999 -999999 -999999 -999999 -999999 -999999 -999999 -999999 -999999 
19073  1958 -999999 -999999 -999999 -999999 -999999 -999999 -999999 -999999 -999999 -999999 -999999 -999999 -999999 -999999 -999999 -999999 -999999 -999999 -999999 
19073  1959 -999999 -999999 -999999 -999999 -999999 -999999 -999999 -999999 -999999 -999999 -999999 -999999 -999999 -999999 -999999 -999999 -999999 -999999 -999999 
19073  1960 -999999 -999999 -999999 -999999 -999999 -999999 -999999 -999999 -999999 -999999 -999999 -999999 -999999 -999999 -999999 -999999 -999999 -999999 -999999 
19073  1961 -999999 -999999 -999999 -999999 -999999 -999999 -999999 -999999 -999999 -999999 -999999 -999999 -999999 -999999 -999999 -999999 -999999 -999999 -999999 
19073  1962 -999999 -999999 -999999 -999999 -999999 -999999 -999999 -999999 -999999 -999999 -999999 -999999 -999999 -999999 -999999 -999999 -999999 -999999 -999999 
19073  1963 -999999 -999999 -999999 -999999 -999999 -999999 -999999 -999999 -999999 -999999 -999999 -999999 -999999 -999999 -999999 -999999 -999999 -999999 -999999 
19073  1964 -999999 -999999 -999999 -999999 -999999 -999999 -999999 -999999 -999999 -999999 -999999 -999999 -999999 -999999 -999999 -999999 -999999 -999999 -999999 
19073  1965 -999999 -999999 -999999 -999999 -999999 -999999 -999999 -999999 -999999 -999999 -999999 -999999 -999999 -999999 -999999 -999999 -999999 -999999 -999999 
19073  1966 -999999 -999999 -999999 -999999 -999999 -999999 121     -999999 -999999 -999999 -999999 -999999 -999999 -999999 -999999 642     144     -425    -745    
19073  1967 132     -457    631     -759    -27     961     304     -969    -540    -215    -136    268     831     990     1059    760     187     -32     -654    
19073  1968 79      -416    714     -778    -11     1092    43      -894    -787    -325    -52     342     1018    1102    1155    706     82      -661    -773    
19073  1969 71      -692    788     -914    -133    1177    156     -733    -1271   -852    -39     496     1145    1097    1289    723     339     -599    -838    
19073  1970 45      -664    696     -1058   -109    1113    63      -1139   -1210   -585    -288    540     1309    928     1109    561     195     -572    -405    
19073  1971 208     -370    695     -404    -59     988     213     -487    -312    -637    -60     519     842     1098    1021    730     276     -368    -171    
19073  1972 155     -434    722     -737    71      1076    215     -1170   -879    -323    -15     549     909     1306    1009    549     313     -220    -214    
19073  1973 195     -155    672     -341    76      1087    62      -320    -505    -18     -201    437     975     1321    962     516     106     -439    -554    
19073  1974 203     -347    710     -441    108     955     101     -329    -440    -440    201     565     950     923     992     618     34      -347    -335    
19073  1975 252     -317    722     -351    -105    1150    254     -397    -317    -540    -254    475     841     1281    1316    644     249     -131    -198    
19073  1976 68      -396    731     -558    -104    1138    23      -841    -641    -822    -70     583     956     1209    1241    437     -40     -325    -897    
19073  1977 87      -618    646     -1030   -47     1057    192     -1027   -1180   -283    -337    470     954     1184    1029    554     322     -304    -441    
19073  1978 28      -455    636     -741    -109    1044    242     -668    -1155   -544    -273    485     1065    1029    1038    449     388     -117    -1438   
19073  1979 -17     -650    621     -1235   -117    1003    72      -1377   -855    -505    -51     207     1105    1020    887     548     68      -401    -897    
19073  1980 64      -674    793     -995    6       1083    -21     -1076   -1013   -737    60      695     1104    1184    962     735     -102    -694    -390    
19073  1981 13      -558    684     -625    -76     956     135     -672    -833    -689    -107    566     800     1084    979     762     45      -399    -1425   
19073  1982 184     -584    742     -984    91      1098    180     -955    -527    -229    70      431     927     1298    1064    640     161     -261    -457    
19073  1983 205     -310    701     -492    10      1084    211     -300    -743    -302    -100    428     859     1231    1154    612     254     -235    -474    
19073  1984 145     -478    755     -734    20      1078    188     -1045   -679    -697    131     631     903     1173    1154    516     267     -222    -421    
19073  1985 -1      -497    619     -809    -95     985     70      -1139   -874    -622    -223    555     915     1117    919     404     561     -771    -932    
19073  1986 51      -623    629     -1097   -28     1049    195     -1217   -1145   -286    -321    513     1225    1149    780     411     254     -82     -757    
19073  1987 42      -571    620     -924    -119    920     105     -1302   -691    -844    96      399     785     1114    857     453     242     -386    -270    
19073  1988 188     -375    778     -468    -108    1154    198     -516    -627    -713    -246    628     1363    1095    1011    800     85      -286    -367    
19073  1989 269     -152    680     -184    82      998     260     64      -256    -168    -54     462     917     1184    891     662     240     -122    -637    
19073  1990 291     -174    730     -363    213     1047    130     -339    -88     -88     35      686     984     1089    1066    498     210     -321    -276    
19073  1991 211     -321    712     -562    111     1052    185     -487    -961    -154    26      459     668     1351    1125    618     115     -176    -157    
19073  1992 221     -140    711     -187    117     1001    25      -144    -266    -223    -156    723     1101    1052    855     673     -233    -357    -391    
19073  1993 91      -348    612     -374    98      851     -68     -450    -272    -378    9       659     788     967     795     434     85      -728    -845    
19073  1994 96      -675    707     -989    17      1056    141     -795    -1364   -473    84      444     732     1428    998     532     44      -150    -447    
19073  1995 181     -325    701     -483    -52     1107    266     -504    -499    -407    -140    387     998     1119    1200    621     448     -277    -830    
19073  1996 29      -529    673     -933    -69     1028    61      -949    -1025   -568    68      299     953     969     1159    574     265     -663    -775    
19073  1997 219     -411    780     -595    -26     1236    158     -524    -474    -311    -159    388     1036    1275    1391    728     124     -375    -530    
19073  1998 143     -314    669     -400    3       906     28      -505    -140    -442    -101    550     821     982     913     837     24      -778    -466    
19073  1999 209     -458    762     -548    67      1018    389     -662    -511    -369    181     392     861     1202    986     943     151     80      -777    
19073  2000 267     -264    741     -502    157     995     333     -287    -437    -316    82      703     798     1184    997     660     412     -75     -550    
19073  2001 94      -478    714     -791    -142    1045    305     -743    -1111   -851    -106    533     893     1205    1032    706     397     -193    -715    
19073  2002 208     -263    913     -505    202     1224    5       -354    -440    -286    219     673     1021    1226    1417    900     -143    -736    -1039   
19073  2003 254     -532    822     -736    128     1216    163     -483    -681    -130    111     401     1057    1393    1193    760     -33     -230    -373    
19073  2004 247     -376    808     -576    198     1060    237     -958    -385    -270    210     653     922     1058    1195    793     122     -200    -194    
19073  2005 -999999 -233    753     -326    59      1075    373     -243    -564    -351    151     379     828     1308    1080    759     337     24      -999999 
19073  2006 -999999 -999999 -999999 -999999 -999999 -999999 435     -999999 -999999 -999999 -999999 -999999 -999999 1562    1287    991     317     2       47      
19073  2007 266     -138    783     -359    196     1137    273     -359    -809    -88     198     479     1187    1134    1090    600     403     -189    -537    
19073  2008 238     -244    775     -394    36      1119    228     -415    -217    -504    0       611     966     1331    1056    665     229     -212    -671    
19073  2009 172     -383    860     -692    234     1125    126     -627    -788    -261    345     622     1007    1276    1088    807     -87     -335    -1042   
19073  2010 -41     -710    741     -1224   75      1130    -53     -1473   -1150   -205    22      406     1012    1262    1111    614     141     -920    -1389   
19073  2011 297     -663    885     -958    215     1146    435     -581    -899    -360    459     553     1066    1286    1082    857     365     83      -419    
19073  2012 134     -172    683     -557    213     1016    148     -782    -464    173     -110    566     827     1099    1117    575     -5      -121    -1290   
19073  2013 143     -711    761     -1066   -183    1139    290     -1057   -828    -957    -219    625     984     1329    1101    722     306     -159    -204    
19073  2014 335     -194    890     -445    276     1215    354     -856    -256    -1      191     635     1065    1502    1073    856     376     -172    -429    
19073  2015 280     -171    696     -363    87      987     344     -383    -268    -158    87      333     793     1081    1082    787     279     -32     -279    
19073  2016 248     -296    835     -630    157     1116    234     -1018   -591    -145    -35     646     1141    1157    1050    1039    87      -419    37      
19073  2017 258     -212    755     -243    162     1023    245     -298    -491    -225    31      674     955     1110    1002    738     271     -274    -458    
19073  2018 225     -493    944     -697    46      1303    265     -732    -924    -879    -17     1033    1242    1620    1046    712     290     -208    -565    
19073  2019 -999999 -257    808     -462    125     1184    -999999 -602    -195    -254    148     480     1025    1306    1217    651     106     -999999 -999999 
