EUROPEAN CLIMATE ASSESSMENT & DATASET (ECA&D), file created on: 13-11-2019
THESE DATA CAN BE USED FOR NON-COMMERCIAL RESEARCH AND EDUCATION PROVIDED THAT THE FOLLOWING SOURCE IS ACKNOWLEDGED: 

Klein Tank, A.M.G. and Coauthors, 2002. Daily dataset of 20th-century surface
air temperature and precipitation series for the European Climate Assessment.
Int. J. of Climatol., 22, 1441-1453.
Data and metadata available at http://www.ecad.eu

FILE FORMAT (MISSING VALUE CODE = -999999):

THIS FILE HOLDS DATA FOR STATION GERMANY                                  HOF (STADT)                              (STAID:   4232)
LATITUDE: dd:mm:ss +50:19:27
LONGITUDE: ddd:mm:ss +011:54:33
ELEVATION: m  474

DATA IS FOR INDEX Mean of daily mean temperature (TG) with unit 0.01 Temperature (&#176;C)

01-06 SOUID: Source identifier
08-11 YEAR : YYYY
13-20 ANNUAL DATA VALUES
21-28 WINTER HALF YEAR DATA VALUES
29-36 SUMMER HALF YEAR DATA VALUES
37-44 WINTER (DJF) DATA VALUES
45-52 SPRING (MAM) DATA VALUES
53-60 SUMMER (JJA) DATA VALUES
61-68 AUTUMN (SON) DATA VALUES
69-76 JANUARY DATA VALUES
etc. 
157-164 DECEMBER DATA VALUES

4232   1949 747     -999999 1312    -999999 666     1490    820     -117    -92     -12     890     1127    1268    1616    1577    1383    862     215     193     
4232   1950 -999999 -999999 -999999 -999999 -999999 -999999 -999999 -999999 -999999 -999999 -999999 -999999 -999999 -999999 -999999 -999999 -999999 -999999 -999999 
4232   1951 753     -999999 1291    -999999 590     1594    760     43      58      92      619     1061    1498    1651    1630    1271    521     496     53      
4232   1952 664     138     1298    -104    686     1640    512     -133    -241    120     864     1079    1437    1754    1724    910     596     28      -209    
4232   1953 761     57      1326    -210    765     1590    784     -267    -149    320     769     1207    1548    1701    1519    1194    845     311     75      
4232   1954 624     76      1177    -351    602     1452    753     -590    -559    323     415     1061    1533    1352    1473    1218    845     193     138     
4232   1955 593     48      1182    -217    449     1486    670     -396    -412    -120    532     937     1380    1595    1479    1153    629     229     39      
4232   1956 520     -82     1152    -472    528     1391    641     -201    -1308   51      411     1117    1237    1596    1335    1197    674     53      -10     
4232   1957 717     208     1193    3       631     1568    688     -184    226     488     570     833     1630    1716    1361    1035    736     291     -123    
4232   1958 691     92      1243    -99     495     1506    778     -226    68      -189    383     1288    1350    1598    1564    1250    750     335     79      
4232   1959 735     212     1304    -104    807     1620    579     -166    -237    473     810     1137    1518    1771    1567    1001    517     221     130     
4232   1960 708     123     1237    -93     674     1515    782     -231    -185    267     590     1162    1566    1482    1499    1112    769     465     -24     
4232   1961 758     278     1284    -7      770     1455    868     -231    261     431     1002    885     1487    1416    1463    1454    869     281     -234    
4232   1962 572     115     1138    -115    483     1388    630     31      -144    -133    721     868     1289    1396    1476    1064    683     141     -571    
4232   1963 579     -206    1277    -731    641     1532    831     -892    -729    90      722     1113    1464    1646    1484    1222    648     630     -521    
4232   1964 666     -12     1328    -415    616     1616    701     -512    -197    -108    732     1227    1674    1746    1429    1145    584     378     -119    
4232   1965 611     80      1147    -161    514     1415    556     -10     -375    -11     540     1014    1462    1429    1355    1070    587     11      181     
4232   1966 739     140     1274    14      734     1495    741     -443    335     185     845     1175    1585    1474    1430    1124    1005    86      48      
4232   1967 760     257     1263    3       698     1551    836     -111    81      408     512     1168    1379    1777    1493    1230    1016    255     -138    
4232   1968 673     170     1237    -166    644     1512    758     -278    -76     230     707     998     1522    1529    1485    1175    914     180     -333    
4232   1969 654     61      1276    -257    617     1542    799     -124    -321    20      570     1260    1358    1758    1505    1182    809     407     -644    
4232   1970 652     -8      1221    -421    473     1556    804     -379    -222    -29     439     1008    1611    1520    1538    1195    758     460     -122    
4232   1971 698     108     1288    -167    643     1561    616     -330    -37     -85     729     1289    1276    1699    1699    1010    632     206     229     
4232   1972 652     192     1187    -28     667     1512    553     -355    47      380     597     1022    1413    1671    1450    952     440     272     -81     
4232   1973 679     106     1260    -99     593     1561    677     -133    -83     208     383     1182    1497    1584    1601    1290    569     176     -186    
4232   1974 761     239     1191    61      684     1450    655     201     178     487     608     956     1286    1462    1598    1222    418     334     336     
4232   1975 760     262     1317    192     650     1576    737     277     -62     237     575     1135    1351    1694    1676    1453    645     118     -39     
4232   1976 712     103     1297    -45     569     1626    769     -36     -61     -22     512     1215    1621    1836    1422    1158    795     352     -279    
4232   1977 753     239     1194    -82     682     1515    789     -119    178     508     465     1064    1479    1555    1509    1075    896     392     -2      
4232   1978 660     221     1155    -117    667     1392    697     -56     -313    365     570     1062    1357    1455    1362    1110    733     247     -44     
4232   1979 681     72      1243    -296    679     1525    679     -574    -266    308     524     1200    1656    1445    1477    1143    686     209     291     
4232   1980 639     184     1167    -14     548     1452    693     -434    110     238     446     956     1416    1393    1546    1233    670     175     -95     
4232   1981 698     122     1276    -250    808     1510    796     -430    -223    605     609     1202    1466    1544    1521    1300    759     329     -365    
4232   1982 777     71      1353    -330    662     1660    928     -433    -176    297     503     1179    1547    1784    1646    1442    864     481     127     
4232   1983 779     290     1375    6       748     1697    729     243     -389    355     795     1094    1545    1912    1630    1260    772     154     -116    
4232   1984 661     96      1149    -137    500     1441    796     -74     -226    47      484     968     1288    1494    1536    1109    908     366     -1      
4232   1985 635     52      1268    -390    695     1484    639     -636    -547    176     626     1281    1245    1651    1548    1236    727     -50     260     
4232   1986 685     50      1263    -198    715     1544    727     -96     -819    188     565     1388    1427    1606    1595    969     773     437     65      
4232   1987 598     -39     1247    -344    419     1469    831     -852    -233    -425    808     886     1344    1627    1432    1377    795     321     60      
4232   1988 792     247     1342    91      716     1585    736     176     35      85      703     1359    1409    1682    1656    1217    874     114     148     
4232   1989 812     320     1320    122     817     1556    765     55      167     538     649     1258    1418    1670    1575    1331    892     68      65      
4232   1990 821     339     1296    169     822     1592    741     67      398     539     616     1305    1482    1538    1752    1062    827     331     -103    
4232   1991 709     198     1258    -151    604     1611    757     35      -412    453     534     822     1317    1848    1660    1351    648     275     -108    
4232   1992 817     204     1414    -8      785     1750    712     -34     126     313     661     1377    1602    1757    1887    1171    556     413     -57     
4232   1993 737     139     1352    -111    847     1534    573     73      -375    185     962     1398    1491    1565    1545    1136    681     -101    198     
4232   1994 883     242     1405    98      806     1769    829     188     -114    554     665     1195    1564    2025    1712    1249    667     576     242     
4232   1995 757     299     1321    124     693     1618    758     -170    321     166     793     1124    1288    1921    1636    1142    1045    78      -298    
4232   1996 591     -7      1204    -377    546     1520    715     -468    -365    -57     670     1029    1502    1460    1598    951     832     358     -440    
4232   1997 762     173     1311    -216    726     1631    709     -400    237     462     480     1228    1512    1555    1824    1249    596     286     78      
4232   1998 807     271     1371    124     849     1600    686     67      239     359     875     1313    1634    1588    1579    1227    766     63      -62     
4232   1999 833     200     1421    -26     841     1613    838     106     -134    421     747     1353    1437    1808    1589    1575    740     201     84      
4232   2000 902     263     1435    79      919     1641    938     -92     256     386     950     1422    1718    1485    1724    1303    1005    505     151     
4232   2001 813     341     1370    55      799     1678    827     -111    133     348     632     1413    1359    1785    1880    1117    1119    234     -219    
4232   2002 856     304     1413    4       832     1749    780     -114    380     430     701     1362    1702    1747    1797    1147    737     458     -106    
4232   2003 829     157     1522    -213    805     1942    712     -144    -408    360     659     1392    1954    1836    2035    1233    457     455     37      
4232   2004 765     182     1325    -25     703     1616    802     -207    102     253     828     1033    1454    1654    1735    1230    848     327     -94     
4232   2005 800     186     1409    -106    786     1656    846     76      -321    235     832     1292    1640    1816    1512    1351    948     234     -91     
4232   2006 845     75      1477    -274    688     1741    1076    -455    -275    57      757     1253    1630    2145    1445    1620    1053    556     289     
