EUROPEAN CLIMATE ASSESSMENT & DATASET (ECA&D), file created on: 13-11-2019
THESE DATA CAN BE USED FOR NON-COMMERCIAL RESEARCH AND EDUCATION PROVIDED THAT THE FOLLOWING SOURCE IS ACKNOWLEDGED: 

Klein Tank, A.M.G. and Coauthors, 2002. Daily dataset of 20th-century surface
air temperature and precipitation series for the European Climate Assessment.
Int. J. of Climatol., 22, 1441-1453.
Data and metadata available at http://www.ecad.eu

FILE FORMAT (MISSING VALUE CODE = -999999):

THIS FILE HOLDS DATA FOR STATION RUSSIAN FEDERATION                       HAMAR-DABAN                              (STAID:   8370)
LATITUDE: dd:mm:ss +51:31:48
LONGITUDE: ddd:mm:ss +103:36:00
ELEVATION: m 1442

DATA IS FOR INDEX Mean of daily mean temperature (TG) with unit 0.01 Temperature (&#176;C)

01-06 SOUID: Source identifier
08-11 YEAR : YYYY
13-20 ANNUAL DATA VALUES
21-28 WINTER HALF YEAR DATA VALUES
29-36 SUMMER HALF YEAR DATA VALUES
37-44 WINTER (DJF) DATA VALUES
45-52 SPRING (MAM) DATA VALUES
53-60 SUMMER (JJA) DATA VALUES
61-68 AUTUMN (SON) DATA VALUES
69-76 JANUARY DATA VALUES
etc. 
157-164 DECEMBER DATA VALUES

8370   1936 -381    -999999 496     -999999 -576    1050    -261    -2102   -1682   -1181   -725    173     807     1332    1004    352     -7      -1135   -1460   
8370   1937 -407    -1274   613     -1622   -520    1061    -365    -1955   -1431   -1664   -467    573     1033    1170    979     362     -179    -1285   -2078   
8370   1938 -255    -1256   647     -1790   -163    1095    -224    -1937   -1308   -757    71      204     889     1410    980     305     -195    -784    -1997   
8370   1939 -157    -1153   805     -1619   -312    1315    -378    -1714   -1096   -1116   -48     236     1113    1520    1305    683     -505    -1308   -1010   
8370   1940 -289    -1223   607     -1609   -199    1075    -338    -2299   -1511   -726    -205    335     981     1180    1061    267     -213    -1071   -1305   
8370   1941 -266    -1141   637     -1523   -415    1183    -317    -1499   -1792   -1025   -482    260     1117    1359    1069    474     -287    -1139   -1363   
8370   1942 -305    -1215   601     -1702   -364    1127    -283    -1663   -2122   -798    -380    86      1011    1246    1119    500     -347    -1000   -1442   
8370   1943 -203    -1146   738     -1548   -203    1228    -342    -1699   -1499   -920    -230    540     1104    1403    1172    409     -240    -1198   -1372   
8370   1944 -280    -1078   702     -1380   -265    1207    -486    -1498   -1263   -914    -166    288     1240    1267    1114    452     -290    -1628   -1993   
8370   1945 -260    -1495   733     -1980   -169    1053    -117    -1958   -1991   -1162   37      623     1012    1216    929     563     -7      -912    -1580   
8370   1946 -255    -1127   673     -1459   -445    1245    -233    -1582   -1188   -1489   -177    341     1101    1518    1110    115     49      -871    -2035   
8370   1947 -406    -1366   707     -2040   -304    1127    -471    -2256   -1808   -1304   -125    524     1043    1334    1000    442     -243    -1619   -1958   
8370   1948 -178    -1209   668     -1609   -184    1185    -350    -1352   -1510   -605    -102    158     1048    1433    1070    379     -300    -1129   -1282   
8370   1949 -272    -1079   633     -1275   -338    1058    -235    -1360   -1174   -1237   -111    341     846     1354    967     372     81      -1168   -2229   
8370   1950 -247    -1197   690     -1717   -359    1232    -418    -1478   -1415   -990    -579    485     1157    1419    1118    510     -249    -1519   -1519   
8370   1951 -313    -1353   565     -1744   -437    1060    -304    -1818   -1910   -1164   -619    466     1164    1217    802     335     -257    -992    -1101   
8370   1952 -415    -1188   623     -1576   -468    1185    -551    -1608   -2051   -1166   -565    323     1078    1367    1107    395     -317    -1739   -1878   
8370   1953 -204    -1334   736     -1750   -227    1198    -236    -1715   -1645   -751    -287    355     1125    1389    1078    737     -224    -1223   -1385   
8370   1954 -372    -1235   619     -1603   -572    1248    -326    -1781   -1648   -1187   -596    67      1166    1220    1353    475     -243    -1213   -2155   
8370   1955 -248    -1358   632     -1785   -544    1255    -213    -1467   -1728   -1371   -553    291     982     1389    1384    260     -222    -676    -1374   
8370   1956 -368    -1260   668     -1794   -453    1193    -293    -2013   -2010   -1297   -439    377     998     1369    1206    469     -157    -1195   -1785   
8370   1957 -315    -1322   537     -1823   -428    1017    -248    -1640   -2068   -1158   -318    195     1090    1099    865     270     -165    -850    -1219   
8370   1958 -211    -1116   659     -1470   -478    1222    -197    -1707   -1486   -1296   -536    396     1050    1372    1239    397     -123    -866    -1067   
8370   1959 -242    -945    692     -1340   -189    1119    -357    -1614   -1340   -698    -222    351     1003    1245    1104    652     -197    -1530   -1736   
8370   1960 -285    -1272   637     -1592   -391    1115    -312    -1799   -1217   -1159   -246    238     1011    1309    1021    471     -234    -1176   -1663   
8370   1961 -222    -1111   654     -1515   -163    1028    -295    -1613   -1243   -753    -62     330     767     1232    1077    559     -586    -848    -1577   
8370   1962 -192    -1083   652     -1384   -286    1123    -398    -1258   -1308   -935    -313    390     949     1305    1109    441     -202    -1440   -1138   
8370   1963 -156    -983    576     -1241   -273    1120    -241    -1545   -1018   -573    -650    393     774     1320    1256    322     -251    -794    -1184   
8370   1964 -232    -1067   700     -1428   -374    1251    -283    -1158   -1977   -1087   -492    453     1130    1387    1232    459     -593    -706    -1507   
8370   1965 -221    -1112   683     -1512   -256    1178    -273    -1575   -1448   -861    -455    542     1241    1224    1071    448     -58     -1216   -1658   
8370   1966 -340    -1251   665     -1709   -477    1126    -181    -1870   -1589   -1144   -635    344     1122    1026    1231    885     -143    -1287   -2097   
8370   1967 -213    -1226   657     -1709   -137    1065    -351    -1581   -1420   -833    -225    622     1004    1355    834     323     -2      -1386   -1368   
8370   1968 -249    -1097   658     -1571   -74     1167    -422    -1629   -1726   -524    -187    486     980     1424    1092    121     -283    -1109   -1705   
8370   1969 -409    -1499   642     -2184   -396    1193    -314    -2473   -2395   -1103   -324    240     1171    1429    977     336     -280    -998    -1617   
8370   1970 -302    -1244   635     -1567   -497    1178    -383    -1433   -1659   -1511   -294    321     1048    1436    1044    227     -315    -1062   -1519   
8370   1971 -229    -1260   656     -1626   -344    1094    -58     -1427   -1967   -1332   -175    481     1012    1103    1165    323     85      -587    -1545   
8370   1972 -254    -1030   657     -1616   -206    1091    -377    -1685   -1619   -849    -101    337     1157    1179    937     414     -484    -1057   -1323   
8370   1973 -168    -1089   623     -1397   -353    1079    -83     -1337   -1545   -833    -419    192     1124    1175    939     713     -315    -659    -1150   
8370   1974 -343    -1185   716     -1587   -419    1229    -433    -1856   -1774   -1378   -136    265     984     1296    1400    462     -578    -1179   -1713   
8370   1975 -163    -1161   676     -1482   -212    1099    -158    -1298   -1431   -791    -382    531     955     1227    1110    588     -148    -916    -1500   
8370   1976 -321    -1122   617     -1433   -552    1112    -327    -1375   -1424   -1380   -451    179     1037    1313    984     618     -379    -1219   -1780   
8370   1977 -252    -1368   637     -1902   -414    1144    -38     -2186   -1723   -949    -421    127     1078    1181    1172    664     -55     -723    -1284   
8370   1978 -179    -999    674     -1408   -307    1112    -120    -1461   -1486   -1023   -182    286     1122    1232    984     585     -280    -661    -1344   
8370   1979 -253    -1109   637     -1563   -410    1191    -277    -2017   -1302   -1052   -621    437     1398    1268    915     401     -2      -1240   -1292   
8370   1980 -309    -1223   626     -1556   -656    1253    -230    -1835   -1541   -1452   -725    209     1150    1329    1278    484     -468    -699    -1475   
8370   1981 -235    -1090   692     -1544   -47     1013    -459    -1563   -1601   -774    38      599     957     1250    830     460     -647    -1184   -1279   
8370   1982 -195    -1199   637     -1389   -317    1037    -161    -1652   -1220   -1215   -26     298     996     1131    984     423     -174    -732    -1205   
8370   1983 -163    -901    498     -1282   -323    973     -67     -1227   -1426   -684    -669    372     711     1006    1193    336     -11     -529    -1135   
8370   1984 -378    -1096   592     -1611   -404    1015    -255    -1815   -1902   -1220   -531    534     1052    1057    938     474     -171    -1070   -1936   
8370   1985 -344    -1354   607     -1865   -442    1084    -259    -1648   -2026   -1325   -382    383     901     1313    1031    369     -89     -1063   -1714   
8370   1986 -180    -1126   748     -1580   -286    1211    -207    -1534   -1481   -907    -417    462     1097    1403    1128    789     -270    -1138   -1381   
8370   1987 -311    -1190   615     -1444   -452    1040    -480    -1539   -1408   -1421   -320    391     734     1206    1171    477     -503    -1414   -1185   
8370   1988 -241    -1306   638     -1585   -379    1019    -15     -1734   -1853   -1187   -268    321     853     1062    1136    706     -157    -588    -1229   
8370   1989 -162    -895    612     -1297   -148    978     -224    -1332   -1334   -762    -173    491     825     1124    980     397     -52     -1023   -1175   
8370   1990 -119    -965    648     -1433   -89     1094    -73     -1829   -1280   -465    -452    636     905     1345    1026    392     284     -905    -1181   
8370   1991 -228    -997    692     -1386   -438    1226    -205    -1571   -1407   -1240   -404    330     1079    1335    1259    526     -131    -1013   -1579   
8370   1992 -125    -993    671     -1295   -172    1105    -247    -1089   -1210   -950    -338    768     881     1327    1100    246     -97     -895    -1298   
8370   1993 -148    -906    675     -1303   -170    1184    -301    -1458   -1137   -572    -303    360     1044    1388    1116    419     -99     -1230   -1389   
8370   1994 -152    -1094   719     -1462   -221    1224    -157    -1640   -1345   -891    -243    471     1217    1345    1109    388     -126    -736    -1454   
8370   1995 -999999 -956    -999999 -1315   -361    -999999 -75     -1406   -1061   -955    -329    204     961     -999999 1281    385     -36     -575    -1256   
8370   1996 -324    -1100   649     -1595   -369    1129    -437    -1956   -1571   -1223   -352    470     770     1432    1173    363     -340    -1336   -1379   
8370   1997 -999999 -1010   -999999 -1306   78      -999999 -233    -1324   -1205   -508    194     551     -999999 1292    1158    443     -47     -1102   -1323   
8370   1998 -157    -1035   727     -1404   -179    1147    -270    -1913   -931    -885    -76     429     800     1337    1293    554     -161    -1205   -1174   
8370   1999 -188    -1173   783     -1327   -373    1219    -261    -1695   -1088   -1710   -219    815     1050    1439    1164    416     -273    -925    -1275   
8370   2000 -210    -1092   878     -1535   -49     1303    -458    -1982   -1334   -771    -79     702     1440    1238    1234    718     -593    -1494   -1630   
8370   2001 -178    -1419   843     -1839   -201    1360    -66     -2210   -1659   -955    -211    564     1456    1336    1292    600     -145    -652    -1628   
8370   2002 -56     -839    858     -1220   -101    1383    -324    -1083   -918    -606    -408    702     1196    1559    1389    675     -554    -1085   -1597   
8370   2003 -150    -1096   710     -1369   -202    1172    -346    -1356   -1130   -857    -240    489     1242    1334    942     470     -253    -1259   -1250   
8370   2004 -122    -1092   758     -1310   -280    1223    -68     -1462   -1214   -1129   -171    464     1248    1370    1053    561     2       -770    -1448   
8370   2005 -218    -1123   737     -1739   -254    1263    -100    -1739   -2061   -800    -261    298     1068    1489    1225    574     45      -923    -1666   
8370   2006 -238    -1157   612     -1732   -452    1159    -144    -1873   -1650   -915    -655    207     1050    1347    1076    622     -148    -906    -1108   
8370   2007 -17     -900    884     -1111   -115    1282    -98     -1196   -1020   -1031   49      641     1040    1531    1267    753     -244    -799    -1260   
8370   2008 -162    -1034   742     -1557   -115    1233    -107    -1935   -1472   -518    -130    303     1205    1402    1093    560     -125    -757    -1603   
8370   2009 -270    -1146   737     -1663   -112    1119    -401    -1574   -1827   -1043   119     597     968     1313    1070    327     -303    -1231   -1760   
8370   2010 -355    -1445   656     -1950   -538    1210    -132    -2056   -2043   -1325   -647    353     1113    1480    1033    572     -159    -808    -1877   
8370   2011 -146    -1159   758     -1722   -170    1256    -143    -1954   -1294   -866    56      308     1287    1240    1242    394     139     -972    -1407   
8370   2012 -340    -1156   712     -1717   -289    1141    -271    -2021   -1723   -985    -316    434     1116    1246    1061    712     -333    -1189   -2115   
8370   2013 -187    -1331   663     -1828   -287    1151    -158    -1572   -1795   -1020   -260    421     977     1225    1245    339     -195    -615    -1115   
