EUROPEAN CLIMATE ASSESSMENT & DATASET (ECA&D), file created on: 13-11-2019
THESE DATA CAN BE USED FOR NON-COMMERCIAL RESEARCH AND EDUCATION PROVIDED THAT THE FOLLOWING SOURCE IS ACKNOWLEDGED: 

Klein Tank, A.M.G. and Coauthors, 2002. Daily dataset of 20th-century surface
air temperature and precipitation series for the European Climate Assessment.
Int. J. of Climatol., 22, 1441-1453.
Data and metadata available at http://www.ecad.eu

FILE FORMAT (MISSING VALUE CODE = -999999):

THIS FILE HOLDS DATA FOR STATION UNITED KINGDOM                           CAMBORNE                                 (STAID:    352)
LATITUDE: dd:mm:ss +50:13:00
LONGITUDE: ddd:mm:ss -005:19:00
ELEVATION: m   88

DATA IS FOR INDEX Mean of daily mean temperature (TG) with unit 0.01 Temperature (&#176;C)

01-06 SOUID: Source identifier
08-11 YEAR : YYYY
13-20 ANNUAL DATA VALUES
21-28 WINTER HALF YEAR DATA VALUES
29-36 SUMMER HALF YEAR DATA VALUES
37-44 WINTER (DJF) DATA VALUES
45-52 SPRING (MAM) DATA VALUES
53-60 SUMMER (JJA) DATA VALUES
61-68 AUTUMN (SON) DATA VALUES
69-76 JANUARY DATA VALUES
etc. 
157-164 DECEMBER DATA VALUES

352    1978 -999999 -999999 -999999 -999999 -999999 -999999 1254    -999999 -999999 -999999 -999999 -999999 -999999 -999999 -999999 1440    1315    1011    708     
352    1979 978     746     1229    505     778     1431    1165    371     429     618     808     910     1319    1513    1459    1359    1217    917     774     
352    1980 1015    801     1281    674     870     1427    1083    467     789     647     892     1073    1325    1412    1542    1440    1055    757     776     
352    1981 1034    790     1291    678     925     1454    1140    714     530     882     839     1050    1267    1485    1606    1492    988     945     574     
352    1982 1071    773     1332    656     909     1514    1167    688     714     728     894     1106    1408    1579    1551    1444    1110    948     660     
352    1983 1083    784     1347    626     832     1637    1170    786     410     758     732     1004    1353    1816    1733    1427    1141    941     829     
352    1984 1057    783     1338    684     826     1554    1185    624     592     563     938     982     1338    1617    1698    1445    1199    911     765     
352    1985 1000    746     1282    571     875     1416    1106    343     608     642     896     1088    1284    1525    1434    1460    1189    667     840     
352    1986 951     704     1158    559     767     1385    1091    679     115     675     601     1021    1323    1491    1338    1164    1197    907     819     
352    1987 1019    748     1317    578     892     1468    1142    346     569     637     1017    1026    1255    1559    1584    1452    1084    882     786     
352    1988 1077    827     1281    735     928     1435    1154    774     638     788     872     1122    1411    1405    1489    1384    1192    885     941     
352    1989 1160    908     1414    840     979     1626    1242    808     764     841     740     1348    1418    1764    1688    1505    1295    925     783     
352    1990 1144    934     1388    828     1018    1567    1213    836     869     892     830     1326    1338    1651    1709    1466    1292    880     626     
352    1991 1040    771     1316    532     918     1475    1178    547     413     838     841     1074    1244    1546    1626    1555    1114    868     767     
352    1992 1059    803     1343    668     986     1529    1087    548     690     826     873     1255    1446    1624    1516    1335    955     974     655     
352    1993 1058    816     1309    729     959     1466    1020    823     705     776     998     1103    1402    1504    1490    1353    935     776     806     
352    1994 1106    802     1291    738     937     1502    1206    746     657     882     828     1093    1343    1603    1556    1312    1185    1122    889     
352    1995 1143    904     1416    812     897     1682    1258    745     800     682     851     1157    1406    1742    1890    1430    1384    957     644     
352    1996 1015    815     1277    628     819     1491    1171    717     517     655     884     919     1374    1544    1552    1385    1265    859     496     
352    1997 1132    786     1389    565     1011    1558    1285    425     797     878     960     1193    1336    1560    1770    1503    1309    1041    794     
352    1998 1116    929     1340    777     993     1471    1220    704     840     882     818     1274    1366    1485    1559    1527    1229    904     777     
352    1999 1142    874     1405    766     1022    1543    1228    770     750     804     974     1285    1328    1654    1640    1536    1216    932     787     
352    2000 1103    866     1365    749     948     1537    1170    651     813     796     842     1202    1408    1541    1658    1528    1121    861     809     
352    2001 -999999 -999999 1363    -999999 -999999 1536    -999999 629     -999999 752     866     1183    1408    1556    1639    1467    1384    -999999 634     
352    2002 -999999 -999999 1283    -999999 953     1411    1243    821     -999999 851     912     1097    1253    1438    1541    1466    1204    1053    810     
352    2003 -999999 -999999 1404    -999999 1004    1587    -999999 611     621     879     993     1126    1427    1619    1725    1530    1098    1011    756     
352    2004 -999999 -999999 1392    -999999 955     1554    1218    750     620     724     946     1187    1492    1489    1679    1538    1115    989     802     
352    2005 -999999 -999999 1373    -999999 925     1554    -999999 786     513     786     926     1072    1464    1615    1582    1534    1313    878     700     
352    2006 -999999 -999999 -999999 605     900     1636    1345    589     513     669     896     1144    1511    1764    1641    1645    1376    1001    840     
352    2007 1165    -999999 1388    -999999 1061    1504    1234    867     823     828     1143    1216    1486    1468    1558    1444    1268    972     829     
352    2008 1091    914     1329    824     -999999 1471    1139    838     805     759     829     1332    1340    1532    1540    1384    1114    919     674     
352    2009 -999999 785     1360    621     967     1548    1247    570     620     810     925     1164    1524    1535    1582    1430    1285    1020    627     
352    2010 -999999 -999999 1349    -999999 896     1539    -999999 401     536     660     896     1124    1453    1603    1556    1463    1170    -999999 336     
352    2011 -999999 -999999 -999999 -999999 1048    1434    -999999 -999999 806     778     1157    1214    1295    1494    1497    1508    1328    1134    825     
352    2012 -999999 -999999 1302    -999999 969     1489    -999999 824     615     938     805     1157    1327    1471    1651    1374    1167    895     789     
352    2013 -999999 -999999 -999999 -999999 -999999 1575    -999999 687     -999999 481     781     974     1319    1746    1651    1453    1366    873     816     
352    2014 -999999 -999999 1421    -999999 988     1587    1328    741     710     781     988     1175    1473    1733    1551    1605    1361    986     -999999 
352    2015 -999999 -999999 1331    -999999 960     1496    1232    723     565     745     996     1123    1381    1572    1534    1347    1215    1139    1107    
352    2016 -999999 -999999 -999999 -999999 914     1561    -999999 788     671     709     841     1197    1456    1590    1642    1551    1203    847     904     
352    2017 -999999 -999999 -999999 -999999 1036    1548    -999999 707     -999999 912     954     1242    1495    1605    1536    1392    1305    -999999 796     
