EUROPEAN CLIMATE ASSESSMENT & DATASET (ECA&D), file created on: 13-11-2019
THESE DATA CAN BE USED FOR NON-COMMERCIAL RESEARCH AND EDUCATION PROVIDED THAT THE FOLLOWING SOURCE IS ACKNOWLEDGED: 

Klein Tank, A.M.G. and Coauthors, 2002. Daily dataset of 20th-century surface
air temperature and precipitation series for the European Climate Assessment.
Int. J. of Climatol., 22, 1441-1453.
Data and metadata available at http://www.ecad.eu

FILE FORMAT (MISSING VALUE CODE = -999999):

THIS FILE HOLDS DATA FOR STATION FRANCE                                   GRENOBLE - EYBENS                        (STAID:  11292)
LATITUDE: dd:mm:ss +45:10:00
LONGITUDE: ddd:mm:ss +005:43:59
ELEVATION: m  223

DATA IS FOR INDEX Mean of daily mean temperature (TG) with unit 0.01 Temperature (&#176;C)

01-06 SOUID: Source identifier
08-11 YEAR : YYYY
13-20 ANNUAL DATA VALUES
21-28 WINTER HALF YEAR DATA VALUES
29-36 SUMMER HALF YEAR DATA VALUES
37-44 WINTER (DJF) DATA VALUES
45-52 SPRING (MAM) DATA VALUES
53-60 SUMMER (JJA) DATA VALUES
61-68 AUTUMN (SON) DATA VALUES
69-76 JANUARY DATA VALUES
etc. 
157-164 DECEMBER DATA VALUES

11292  1946 -999999 -999999 -999999 -999999 -999999 1839    1150    -999999 -999999 -999999 -999999 1507    1509    2107    1892    1669    1112    671     77      
11292  1947 1206    506     1840    95      1274    2126    1264    -33     257     935     1279    1608    1966    2211    2197    1760    1240    792     198     
11292  1948 1139    690     1620    367     1235    1803    1130    503     403     990     1143    1570    1695    1772    1937    1586    1190    611     231     
11292  1949 1180    537     1770    284     1059    1999    1327    259     370     548     1328    1309    1769    2127    2094    1984    1384    610     335     
11292  1950 1162    631     1753    331     1095    2140    1177    146     532     770     894     1614    2040    2283    2094    1572    1186    772     1       
11292  1951 1132    563     1639    251     1009    1888    1286    274     501     642     1057    1330    1779    1965    1917    1775    1157    930     225     
11292  1952 1116    543     1752    76      1213    2116    1025    -33     32      928     1203    1507    2008    2276    2061    1436    1124    512     292     
11292  1953 1094    454     1690    90      1173    1900    1153    -184    169     784     1167    1569    1662    2020    2008    1693    1302    458     413     
11292  1954 1081    546     1566    218     1037    1810    1229    74      163     830     905     1373    1811    1791    1829    1674    1176    838     447     
11292  1955 1119    653     1644    432     1036    1903    1074    493     346     595     1116    1399    1760    2001    1945    1628    1016    578     500     
11292  1956 980     455     1574    127     1047    1765    1052    410     -576    736     896     1505    1551    1896    1841    1737    995     425     264     
11292  1957 1118    585     1577    358     1093    1872    1126    99      749     987     1041    1249    1752    1992    1870    1547    1114    717     288     
11292  1958 1125    567     1677    346     1003    1903    1174    218     551     519     845     1640    1711    1981    2010    1856    1110    557     466     
11292  1959 1187    629     1732    361     1177    2003    1179    192     430     997     1090    1441    1859    2173    1971    1847    1136    557     496     
11292  1960 1141    634     1637    406     1188    1869    1183    157     576     875     1064    1620    1918    1845    1846    1512    1244    793     232     
11292  1961 1219    688     1741    409     1200    1892    1299    304     723     840     1380    1387    1856    1911    1907    2003    1280    614     412     
11292  1962 1082    608     1656    407     951     1969    1143    504     293     517     1044    1295    1725    2031    2143    1679    1237    509     -49     
11292  1963 1037    365     1633    -102    1075    1883    1258    -233    -16     706     1151    1368    1779    2085    1784    1623    1190    964     -12     
11292  1964 1136    556     1758    172     1153    2002    1144    -21     576     655     1199    1607    1912    2145    1946    1727    1045    663     168     
11292  1965 1093    495     1599    171     1047    1887    1154    244     94      720     986     1432    1822    1942    1894    1501    1300    656     453     
11292  1966 1185    667     1722    456     1136    1903    1279    126     825     657     1244    1512    1939    1884    1886    1861    1479    491     304     
11292  1967 1198    664     1726    347     1165    2047    1282    213     544     937     1050    1504    1743    2284    2105    1649    1459    734     104     
11292  1968 -999999 629     -999999 246     -999999 -999999 -999999 72      584     822     -999999 -999999 -999999 -999999 -999999 -999999 -999999 -999999 -999999 
