EUROPEAN CLIMATE ASSESSMENT & DATASET (ECA&D), file created on: 13-11-2019
THESE DATA CAN BE USED FOR NON-COMMERCIAL RESEARCH AND EDUCATION PROVIDED THAT THE FOLLOWING SOURCE IS ACKNOWLEDGED: 

Klein Tank, A.M.G. and Coauthors, 2002. Daily dataset of 20th-century surface
air temperature and precipitation series for the European Climate Assessment.
Int. J. of Climatol., 22, 1441-1453.
Data and metadata available at http://www.ecad.eu

FILE FORMAT (MISSING VALUE CODE = -999999):

THIS FILE HOLDS DATA FOR STATION ITALY                                    MONTE TERMINILLO                         (STAID:  16937)
LATITUDE: dd:mm:ss +42:27:20
LONGITUDE: ddd:mm:ss +012:59:34
ELEVATION: m 1594

DATA IS FOR INDEX Mean of daily mean temperature (TG) with unit 0.01 Temperature (&#176;C)

01-06 SOUID: Source identifier
08-11 YEAR : YYYY
13-20 ANNUAL DATA VALUES
21-28 WINTER HALF YEAR DATA VALUES
29-36 SUMMER HALF YEAR DATA VALUES
37-44 WINTER (DJF) DATA VALUES
45-52 SPRING (MAM) DATA VALUES
53-60 SUMMER (JJA) DATA VALUES
61-68 AUTUMN (SON) DATA VALUES
69-76 JANUARY DATA VALUES
etc. 
157-164 DECEMBER DATA VALUES

16937  1961 613     -999999 1066    -999999 461     1252    817     -228    -9      138     558     690     1098    1263    1390    1392    776     284     -32     
16937  1962 543     95      1063    -105    267     1406    685     -16     -284    -189    329     662     1031    1444    1732    1156    781     114     -303    
16937  1963 538     -75     1014    -406    254     1331    803     -528    -383    -155    264     654     1106    1511    1368    1162    727     521     148     
16937  1964 626     226     1078    -13     462     1370    714     -114    -78     138     363     881     1327    1405    1377    1100    560     488     42      
16937  1965 523     63      969     -220    250     1364    698     -127    -611    -24     131     639     1199    1517    1371    935     868     284     -4      
16937  1966 521     118     1016    -86     275     1268    686     -347    110     -201    330     698     1256    1201    1347    1255    767     33      -215    
16937  1967 597     43      1029    -209    336     1367    875     -218    -193    63      173     757     987     1552    1549    1132    1017    470     -206    
16937  1968 490     107     923     -269    305     1191    706     -460    -127    -64     420     562     1071    1356    1142    975     803     338     -185    
16937  1969 484     55      936     -243    331     1140    743     -218    -333    -112    149     943     889     1296    1227    1061    866     297     -354    
16937  1970 525     49      965     -223    119     1317    777     -37     -289    -229    120     465     1203    1337    1408    1246    607     485     -67     
16937  1971 520     26      1029    -187    234     1365    592     -196    -309    -382    293     792     976     1345    1761    978     720     78      113     
16937  1972 516     135     906     -41     336     1258    529     -150    -92     133     235     636     1176    1331    1265    772     436     383     17      
16937  1973 555     29      1064    -149    239     1407    756     -183    -295    -205    -28     940     1228    1429    1559    1230    777     260     -125    
16937  1974 544     174     999     -53     312     1363    456     84      -127    145     138     646     1057    1399    1625    1107    138     123     121     
16937  1975 664     85      1101    57      435     1330    788     122     -87     79      340     884     1036    1504    1442    1382    730     253     222     
16937  1976 562     221     942     95      378     1214    629     32      26      51      247     832     1145    1353    1143    915     789     179     -14     
16937  1977 640     252     985     41      548     1223    720     12      132     394     395     852     1022    1392    1249    982     875     300     34      
16937  1978 536     155     890     -103    211     1226    727     -199    -148    45      92      491     1065    1279    1328    1072    711     399     -999999 
16937  1979 539     -999999 947     -999999 355     1289    564     -192    -48     119     128     810     1213    1396    1256    861     707     119     49      
16937  1980 325     4       680     -203    -44     1016    602     -441    -219    -201    -154    218     740     1020    1278    959     432     414     -159    
16937  1981 -999999 -999999 -999999 -999999 -999999 -999999 -999999 -999999 -999999 -999999 -999999 -999999 -999999 -999999 -999999 -999999 -999999 -999999 -999999 
16937  1982 511     -999999 972     -999999 210     1282    730     -169    -449    -159    107     680     1140    1409    1292    1190    562     443     16      
16937  1983 612     142     1073    -86     415     -999999 798     119     -428    93      386     765     1031    1694    -999999 1206    820     368     -3      
16937  1984 466     -999999 820     -183    -999999 1181    636     -186    -387    -999999 100     447     966     1400    1170    821     660     427     -31     
16937  1985 636     18      1145    -260    261     1437    998     -544    -200    -195    198     777     1076    1675    1570    1627    947     423     376     
16937  1986 632     228     1107    -50     520     1325    839     -176    -387    120     378     1057    1017    1379    1568    1220    934     361     -2      
16937  1987 659     139     1138    -57     250     1407    909     -166    1       -300    434     624     1070    1591    1549    1548    940     238     335     
16937  1988 657     231     1117    101     371     1452    785     83      -130    -103    370     846     1002    1655    1684    1117    1068    159     87      
16937  1989 732     400     1054    200     565     1340    783     307     204     548     387     754     1004    1486    1518    1155    864     326     176     
16937  1990 718     385     1101    230     531     1430    805     146     381     417     300     869     1209    1555    1519    1132    1012    265     -215    
16937  1991 -999999 -999999 -999999 -999999 -999999 -999999 -999999 -999999 -999999 -999999 -999999 -999999 -999999 -999999 -999999 -999999 -999999 -999999 -999999 
16937  1992 703     -999999 1138    -999999 498     1407    846     98      32      163     384     943     1019    1440    1750    1268    678     593     38      
16937  1993 709     255     1194    56      528     1529    681     209     -92     94      498     990     1315    1526    1740    1074    805     162     115     
16937  1994 953     369     1387    163     767     1771    1030    222     153     730     428     1131    1421    1867    2013    1432    930     729     306     
16937  1995 611     306     1028    81      360     1358    712     -288    240     -74     384     770     1031    1662    1369    926     1010    191     81      
16937  1996 616     213     1049    -3      467     1374    618     45      -143    72      487     842     1290    1416    1415    829     654     370     87      
16937  1997 720     308     1124    168     467     1433    810     249     169     310     146     935     1298    1470    1527    1350    757     325     58      
16937  1998 717     278     1206    177     441     1624    634     107     385     46      390     885     1350    1708    1807    1071    704     124     -6      
16937  1999 687     122     1190    -65     509     1484    809     125     -340    83      375     1066    1365    1429    1654    1233    900     291     -22     
16937  2000 773     234     1264    -4      613     1580    810     -82     99      209     554     1073    1444    1471    1822    1202    815     412     235     
16937  2001 706     298     1155    65      582     1524    800     -23     -25     346     319     1072    1231    1555    1776    943     1156    289     -240    
16937  2002 673     281     1053    -18     491     1391    710     85      116     267     317     884     1429    1416    1330    926     780     423     63      
16937  2003 -999999 -999999 -999999 -999999 -999999 -999999 -999999 -999999 -999999 -999999 -999999 -999999 -999999 -999999 -999999 -999999 -999999 -999999 -999999 
16937  2004 -999999 -999999 -999999 -999999 -999999 -999999 -999999 -999999 -999999 -999999 -999999 -999999 -999999 -999999 -999999 -999999 -999999 -999999 -999999 
16937  2005 -999999 -999999 -999999 -999999 -999999 -999999 -999999 -999999 -999999 -999999 -999999 -999999 -999999 -999999 -999999 -999999 -999999 -999999 -999999 
16937  2006 -999999 -999999 -999999 -999999 -999999 -999999 -999999 -999999 -999999 -999999 -999999 -999999 -999999 -999999 -999999 -999999 -999999 -999999 -999999 
16937  2007 -999999 -999999 -999999 -999999 -999999 -999999 -999999 -999999 -999999 -999999 -999999 -999999 -999999 -999999 -999999 -999999 -999999 -999999 -131    
16937  2008 636     -999999 1096    -49     414     1471    681     51      -69     38      266     871     1276    1492    1640    1008    794     237     -110    
16937  2009 636     63      1204    -214    471     1490    743     -144    -398    -68     382     1082    1170    1575    1714    1141    658     431     -130    
16937  2010 549     -999999 1073    -999999 325     1456    646     -372    -999999 -48     382     643     1208    1637    1516    1030    631     276     -291    
16937  2011 693     86      1202    -138    490     1442    -999999 -78     -36     9       571     893     1289    1347    1686    1418    693     -999999 -60     
16937  2012 683     123     1225    -247    510     1673    824     -201    -498    373     384     769     1468    1721    1822    1163    866     442     -166    
16937  2013 617     96      1108    -226    384     1421    770     -124    -406    -75     600     649     1124    1517    1623    1120    975     208     170     
16937  2014 670     265     1022    85      397     1314    857     41      40      130     400     663     1221    1287    1432    1122    866     582     -999999 
16937  2015 727     -999999 1207    -999999 471     1585    818     -130    -256    52      370     987     1292    1840    1613    1110    729     619     395     
16937  2016 669     293     1134    134     457     1429    718     -91     95      11      654     712     1181    1624    1474    1143    718     292     198     
