EUROPEAN CLIMATE ASSESSMENT & DATASET (ECA&D), file created on: 13-11-2019
THESE DATA CAN BE USED FOR NON-COMMERCIAL RESEARCH AND EDUCATION PROVIDED THAT THE FOLLOWING SOURCE IS ACKNOWLEDGED: 

Klein Tank, A.M.G. and Coauthors, 2002. Daily dataset of 20th-century surface
air temperature and precipitation series for the European Climate Assessment.
Int. J. of Climatol., 22, 1441-1453.
Data and metadata available at http://www.ecad.eu

FILE FORMAT (MISSING VALUE CODE = -999999):

THIS FILE HOLDS DATA FOR STATION RUSSIAN FEDERATION                       KRASNOSLOBODSK                           (STAID:   8173)
LATITUDE: dd:mm:ss +54:24:00
LONGITUDE: ddd:mm:ss +043:48:00
ELEVATION: m  185

DATA IS FOR INDEX Mean of daily mean temperature (TG) with unit 0.01 Temperature (&#176;C)

01-06 SOUID: Source identifier
08-11 YEAR : YYYY
13-20 ANNUAL DATA VALUES
21-28 WINTER HALF YEAR DATA VALUES
29-36 SUMMER HALF YEAR DATA VALUES
37-44 WINTER (DJF) DATA VALUES
45-52 SPRING (MAM) DATA VALUES
53-60 SUMMER (JJA) DATA VALUES
61-68 AUTUMN (SON) DATA VALUES
69-76 JANUARY DATA VALUES
etc. 
157-164 DECEMBER DATA VALUES

8173   1959 -999999 -999999 -999999 -999999 -999999 -999999 94      -999999 -999999 -999999 -999999 -999999 -999999 2053    1630    825     101     -644    -1177   
8173   1960 413     -722    1386    -1044   248     1920    182     -969    -978    -688    386     1109    1874    2189    1694    1004    168     -600    -187    
8173   1961 -999999 -999999 1387    -999999 411     1920    355     -999999 -999999 -266    336     1157    1998    1979    1781    950     566     -473    -865    
8173   1962 486     -446    1357    -801    616     1576    536     -719    -820    -404    779     1478    1392    1855    1475    1128    445     53      -936    
8173   1963 320     -768    1425    -1319   256     1673    638     -1865   -1137   -1192   374     1645    1415    1831    1766    1399    572     -106    -1074   
8173   1964 364     -637    1327    -1150   215     1783    450     -1126   -1251   -815    299     1165    1768    1932    1639    1182    468     -273    -510    
8173   1965 345     -999999 1268    -979    246     1691    336     -1179   -1250   -471    143     1062    1671    1791    1608    1349    214     -618    -291    
8173   1966 -999999 -999999 1509    -999999 762     1856    411     -999999 -999999 -143    885     1548    1652    2017    1893    1014    447     -208    -1332   
8173   1967 431     -737    1494    -1466   713     1818    545     -1636   -1427   -300    683     1724    1651    1848    1950    1099    655     -124    -1012   
8173   1968 318     -603    1358    -1260   455     1718    282     -1643   -1128   -418    437     1347    1747    1603    1804    1187    103     -449    -895    
8173   1969 193     -939    1265    -1443   240     1639    434     -1845   -1603   -925    576     992     1490    1777    1648    1141    286     -120    -1044   
8173   1970 418     -566    1376    -1052   478     1745    457     -1276   -803    -448    607     1250    1593    1995    1642    1139    443     -316    -1091   
8173   1971 451     -999999 1394    -967    285     1834    548     -556    -1286   -655    292     1217    1760    1999    1738    1350    259     54      -814    
8173   1972 526     -666    1645    -1274   507     2224    454     -1848   -1136   -500    655     1371    1963    2287    2413    1106    507     -234    -326    
8173   1973 463     -398    1401    -765    692     1744    247     -1416   -523    -404    938     1444    1884    1718    1634    767     285     -312    -629    
8173   1974 532     -446    1373    -837    439     1756    747     -1316   -535    -173    344     1166    1681    1958    1627    1434    836     12      -635    
8173   1975 587     -276    1606    -800    853     1822    409     -710    -1083   -143    1048    1659    1920    1957    1593    1445    244     -457    -658    
8173   1976 -999999 -999999 -999999 -999999 -999999 -999999 -999999 -999999 -999999 -999999 -999999 -999999 -999999 -999999 -999999 -999999 -999999 -999999 -999999 
8173   1977 392     -999999 1411    -999999 639     1756    385     -1485   -1038   -255    645     1528    1735    1898    1633    1000    98      66      -1197   
8173   1978 302     -542    1202    -1093   459     1547    409     -899    -1194   -169    431     1115    1363    1627    1644    1005    296     -71     -1618   
8173   1979 395     -693    1338    -1359   495     1671    388     -1314   -1123   -351    99      1723    1500    1759    1750    1154    280     -265    -585    
8173   1980 312     -635    1234    -979    219     1576    385     -1301   -1054   -900    514     1053    1663    1716    1351    1092    374     -311    -481    
8173   1981 565     -396    1451    -617    269     2053    520     -704    -670    -610    177     1237    1976    2237    1943    1101    666     -211    -460    
8173   1982 420     -458    1308    -920    408     1636    476     -1117   -1211   -482    517     1193    1370    1863    1666    1213    248     -27     -305    
8173   1983 519     -319    1400    -521    598     1601    435     -552    -725    -584    1027    1364    1423    1799    1575    1191    455     -341    -485    
8173   1984 411     -484    1455    -858    605     1721    432     -713    -1412   -460    574     1700    1715    1926    1521    1266    499     -471    -1290   
8173   1985 338     -749    1336    -1270   334     1730    375     -1057   -1485   -753    392     1366    1529    1684    1971    1039    381     -297    -847    
8173   1986 397     -588    1416    -1115   603     1808    312     -851    -1704   -307    882     1243    1890    1775    1761    928     373     -366    -1001   
8173   1987 241     -764    1310    -1302   289     1768    173     -1941   -926    -726    163     1426    1966    1743    1601    932     202     -615    -992    
8173   1988 475     -597    1516    -973    565     2004    275     -988    -938    -273    542     1424    2025    2242    1746    1089    474     -744    -963    
8173   1989 610     -403    1488    -675    602     1918    449     -624    -411    -161    661     1308    2125    1935    1701    1183    518     -355    -618    
8173   1990 528     -247    1283    -588    644     1623    406     -874    -238    82      793     1063    1479    1818    1567    956     432     -171    -609    
8173   1991 546     -417    1500    -771    585     1873    554     -824    -892    -475    736     1498    2034    1898    1693    1124    779     -250    -860    
8173   1992 496     -364    1410    -856    520     1790    445     -767    -946    -175    566     1171    1730    1837    1801    1335    236     -230    -651    
8173   1993 357     -437    1269    -735    520     1622    5       -700    -865    -443    552     1453    1482    1792    1586    717     365     -1078   -681    
8173   1994 351     -675    1300    -921    361     1537    548     -569    -1575   -615    607     1100    1481    1605    1523    1471    499     -324    -1116   
8173   1995 630     -368    1589    -761    825     1842    575     -786    -341    -139    1052    1568    1991    1858    1680    1376    595     -247    -1091   
8173   1996 430     -659    1455    -1231   486     1844    562     -1415   -1185   -633    422     1666    1755    1979    1794    1077    422     193     -963    
8173   1997 422     -473    1405    -1043   458     1902    356     -1249   -901    -358    498     1237    2023    1908    1779    962     399     -296    -1021   
8173   1998 441     -527    1442    -1020   492     1910    268     -905    -1145   -246    287     1428    2054    2023    1658    1175    493     -870    -785    
8173   1999 540     -478    1460    -699    429     1964    327     -605    -710    -427    836     891     2036    2225    1635    1125    638     -793    -466    
8173   2000 545     -381    1404    -620    539     1819    447     -855    -534    -298    977     952     1656    2053    1744    1023    601     -287    -525    
8173   2001 554     -300    1533    -620    642     1894    519     -551    -803    -283    962     1257    1650    2297    1727    1281    337     -56     -1253   
8173   2002 523     -310    1429    -753    616     1855    474     -748    -205    81      625     1141    1677    2279    1602    1225    368     -168    -1627   
8173   2003 476     -681    1371    -1228   433     1694    558     -899    -1150   -642    445     1497    1269    2027    1773    1174    520     -19     -414    
8173   2004 534     -271    1391    -700    542     1785    557     -751    -950    -48     374     1295    1576    1918    1854    1299    507     -132    -598    
8173   2005 576     -426    1499    -710    471     1795    687     -537    -1026   -819    592     1646    1681    1875    1826    1349    648     66      -501    
8173   2006 452     -537    1434    -1143   426     1814    574     -1439   -1528   -545    537     1289    1911    1717    1818    1311    575     -165    -188    
8173   2007 605     -187    1529    -564    748     1925    513     -302    -1270   126     531     1581    1632    1898    2235    1261    637     -364    -861    
8173   2008 651     -343    1466    -831    783     1830    657     -1078   -534    130     993     1233    1553    1994    1936    1059    780     128     -425    
8173   2009 561     -228    1472    -682    534     1817    713     -923    -701    -263    465     1397    1862    1970    1622    1497    637     7       -903    
8173   2010 647     -567    1829    -1228   690     2380    639     -1718   -1047   -408    740     1738    2107    2684    2342    1318    355     254     -709    
8173   2011 496     -535    1524    -1087   448     1988    480     -1113   -1476   -588    454     1479    1758    2295    1904    1214    588     -365    -352    
8173   2012 579     -481    1626    -869    688     1955    698     -891    -1400   -522    973     1624    1847    2099    1916    1272    790     31      -861    
8173   2013 635     -377    1557    -813    561     1943    654     -945    -616    -670    638     1717    1992    1933    1906    1127    543     297     -378    
