EUROPEAN CLIMATE ASSESSMENT & DATASET (ECA&D), file created on: 13-11-2019
THESE DATA CAN BE USED FOR NON-COMMERCIAL RESEARCH AND EDUCATION PROVIDED THAT THE FOLLOWING SOURCE IS ACKNOWLEDGED: 

Klein Tank, A.M.G. and Coauthors, 2002. Daily dataset of 20th-century surface
air temperature and precipitation series for the European Climate Assessment.
Int. J. of Climatol., 22, 1441-1453.
Data and metadata available at http://www.ecad.eu

FILE FORMAT (MISSING VALUE CODE = -999999):

THIS FILE HOLDS DATA FOR STATION UNITED KINGDOM                           MALVERN                                  (STAID:   1855)
LATITUDE: dd:mm:ss +52:06:45
LONGITUDE: ddd:mm:ss -002:18:24
ELEVATION: m   62

DATA IS FOR INDEX Mean of daily mean temperature (TG) with unit 0.01 Temperature (&#176;C)

01-06 SOUID: Source identifier
08-11 YEAR : YYYY
13-20 ANNUAL DATA VALUES
21-28 WINTER HALF YEAR DATA VALUES
29-36 SUMMER HALF YEAR DATA VALUES
37-44 WINTER (DJF) DATA VALUES
45-52 SPRING (MAM) DATA VALUES
53-60 SUMMER (JJA) DATA VALUES
61-68 AUTUMN (SON) DATA VALUES
69-76 JANUARY DATA VALUES
etc. 
157-164 DECEMBER DATA VALUES

1855   1900 -999999 -999999 -999999 -999999 -999999 1523    -999999 -999999 -999999 238     703     930     1439    1690    1433    1263    814     602     579     
1855   1901 -999999 -999999 -999999 -999999 -999999 -999999 -999999 228     -999999 250     773     1117    -999999 1700    1476    1341    887     388     150     
1855   1902 -999999 -999999 -999999 -999999 688     1318    -999999 -999999 14      607     672     780     1317    1304    1331    1181    869     611     301     
1855   1903 -999999 -999999 -999999 -999999 -999999 1318    -999999 236     -999999 573     507     1008    1222    1413    1327    1216    917     -999999 193     
1855   1904 -999999 -999999 -999999 -999999 693     1434    -999999 271     -999999 334     768     983     1294    1654    1350    1232    874     400     -999999 
1855   1905 -999999 -999999 -999999 -999999 -999999 1487    -999999 -999999 -999999 597     616     994     1440    1619    1402    1116    518     399     -999999 
1855   1906 -999999 -999999 -999999 -999999 -999999 -999999 -999999 417     174     313     623     -999999 1349    1485    1650    1232    -999999 -999999 -999999 
1855   1907 -999999 -999999 -999999 -999999 -999999 -999999 -999999 228     202     623     638     895     1140    1328    1329    1373    895     -999999 -999999 
1855   1908 -999999 -999999 -999999 -999999 -999999 1374    -999999 -999999 383     286     503     1209    1296    1497    1320    1263    1170    -999999 353     
1855   1909 -999999 -999999 -999999 -999999 -999999 -999999 -999999 -999999 -999999 244     816     1010    1060    1390    1468    1088    938     296     -999999 
1855   1910 -999999 -999999 -999999 -999999 736     -999999 -999999 -999999 365     528     631     1035    1435    1345    1436    1153    967     173     515     
1855   1911 -999999 -999999 -999999 -999999 -999999 1621    -999999 -999999 299     396     687     1274    1371    1690    1784    1282    821     448     499     
1855   1912 -999999 -999999 -999999 -999999 -999999 1417    -999999 -999999 472     713     948     1260    1398    1577    1283    1106    823     -999999 585     
1855   1913 -999999 -999999 -999999 -999999 -999999 1516    -999999 -999999 -999999 597     778     1180    1458    1527    1563    1372    1088    785     -999999 
1855   1914 -999999 -999999 -999999 -999999 -999999 1590    -999999 267     664     668     1006    1113    1490    1619    1651    1364    1087    -999999 -999999 
1855   1915 -999999 -999999 -999999 -999999 -999999 1521    -999999 368     425     478     813     1087    1471    1497    1593    1396    884     308     547     
1855   1916 -999999 -999999 -999999 -999999 -999999 1498    -999999 758     350     249     861     1171    1181    1588    1718    -999999 1090    -999999 151     
1855   1917 -999999 -999999 -999999 -999999 -999999 1570    -999999 -999999 115     302     614     1293    1524    1642    1540    1434    807     785     -999999 
1855   1918 -999999 -999999 -999999 -999999 -999999 -999999 952     -999999 -999999 530     670     1318    1357    1596    1648    1259    962     571     -999999 
1855   1919 -999999 -999999 -999999 -999999 -999999 -999999 -999999 -999999 74      312     691     1352    1446    1425    1689    -999999 849     -999999 619     
1855   1920 -999999 -999999 -999999 -999999 -999999 1440    -999999 -999999 -999999 696     821     1137    1464    1419    1439    1343    1035    626     403     
1855   1921 -999999 -999999 -999999 -999999 -999999 -999999 -999999 -999999 -999999 727     843     1187    1505    1936    1572    1502    1372    -999999 -999999 
1855   1922 -999999 -999999 -999999 -999999 -999999 -999999 -999999 -999999 428     452     583     1344    1409    1397    1356    1268    859     -999999 -999999 
1855   1923 -999999 -999999 -999999 -999999 -999999 -999999 -999999 567     -999999 598     750     959     1273    -999999 1551    1252    945     340     -999999 
1855   1924 -999999 -999999 -999999 -999999 -999999 1457    -999999 463     -999999 435     728     1150    1417    1518    1438    1332    983     -999999 679     
1855   1925 -999999 -999999 -999999 -999999 -999999 -999999 -999999 -999999 530     509     786     1192    1565    1745    1595    1248    1095    -999999 -999999 
1855   1926 -999999 -999999 -999999 -999999 -999999 1607    -999999 -999999 -999999 660     -999999 1075    1415    1725    1688    1472    854     575     434     
1855   1927 -999999 -999999 -999999 -999999 -999999 1497    -999999 -999999 -999999 720     827     1124    1292    1590    1608    1296    1088    -999999 -999999 
1855   1928 -999999 -999999 -999999 -999999 -999999 1555    -999999 500     -999999 -999999 816     1100    1345    1700    1608    1357    1038    750     -999999 
1855   1929 -999999 -999999 -999999 -999999 -999999 1543    -999999 -999999 -999999 616     674     1161    1375    1657    1588    1653    1019    623     589     
1855   1930 -999999 -999999 -999999 -999999 -999999 1584    -999999 -999999 206     534     814     1108    1572    1573    1609    1417    1046    -999999 -999999 
1855   1931 -999999 -999999 -999999 -999999 -999999 -999999 -999999 363     -999999 399     776     1147    1485    1573    1428    1199    930     -999999 -999999 
1855   1932 -999999 -999999 -999999 -999999 -999999 -999999 -999999 587     -999999 491     686     1024    1460    1613    1740    1326    906     -999999 505     
1855   1933 -999999 -999999 -999999 -999999 -999999 -999999 -999999 -999999 -999999 773     915     1261    1577    1844    1809    1592    979     578     136     
1855   1934 -999999 -999999 -999999 -999999 824     -999999 -999999 401     -999999 514     810     1157    1564    1910    1547    1483    -999999 615     781     
1855   1935 -999999 -999999 -999999 -999999 -999999 -999999 -999999 -999999 -999999 710     844     995     1513    1855    1750    1423    996     658     -999999 
1855   1936 -999999 -999999 -999999 -999999 -999999 -999999 -999999 -999999 -999999 696     680     1202    1521    1537    1730    1489    1032    -999999 -999999 
1855   1937 -999999 -999999 -999999 -999999 -999999 -999999 -999999 -999999 -999999 323     976     1196    1433    1590    1786    1416    1072    -999999 -999999 
1855   1938 -999999 -999999 -999999 -999999 987     1553    -999999 567     -999999 974     853     1131    1488    1558    1616    1403    1087    933     455     
1855   1939 -999999 -999999 -999999 -999999 -999999 -999999 -999999 -999999 -999999 579     -999999 1136    -999999 1544    1705    1453    844     859     -999999 
1855   1940 -999999 -999999 -999999 -999999 981     -999999 -999999 -999999 -999999 684     941     1305    1735    1544    1636    1410    964     -999999 -999999 
1855   1941 -999999 -999999 -999999 -999999 -999999 -999999 -999999 4       -999999 -999999 608     891     1530    1793    1501    1352    957     619     492     
1855   1942 -999999 -999999 -999999 -999999 -999999 -999999 -999999 -999999 -1      520     935     1142    1469    1579    1629    1414    1063    545     678     
1855   1943 -999999 -999999 -999999 -999999 1014    1574    -999999 503     -999999 690     1106    1241    1450    1640    1626    1363    1051    -999999 340     
1855   1944 -999999 -999999 -999999 -999999 -999999 -999999 -999999 575     -999999 508     1046    1157    1339    1674    1733    1290    933     -999999 -999999 
1855   1945 -999999 -999999 -999999 -999999 -999999 -999999 -999999 -999999 -999999 824     1030    1196    1476    1652    -999999 1405    1149    -999999 -999999 
1855   1946 -999999 -999999 -999999 -999999 -999999 1487    -999999 -999999 -999999 526     1027    1047    1301    1668    1499    1395    -999999 -999999 -999999 
1855   1947 -999999 -999999 -999999 -999999 -999999 -999999 -999999 -999999 -999999 -999999 -999999 -999999 -999999 -999999 1919    1473    1061    -999999 -999999 
1855   1948 -999999 -999999 -999999 -999999 978     -999999 -999999 -999999 -999999 797     911     1202    1379    1553    1491    1386    992     -999999 -999999 
1855   1949 -999999 -999999 -999999 -999999 -999999 -999999 -999999 -999999 580     518     984     1136    1537    1822    1686    1600    1192    -999999 -999999 
1855   1950 -999999 -999999 -999999 -999999 868     1592    -999999 -999999 -999999 744     788     1080    1630    1585    1565    1303    935     554     -999999 
1855   1951 -999999 -999999 -999999 -999999 -999999 1526    -999999 372     340     355     647     954     1400    1672    1505    1367    906     -999999 -999999 
1855   1952 -999999 -999999 -999999 -999999 -999999 1587    -999999 246     359     671     893     1325    1440    1690    1628    1095    897     384     300     
1855   1953 -999999 -999999 -999999 -999999 -999999 1531    1064    -999999 -999999 462     729     1245    1417    1564    1609    1379    958     843     -999999 
1855   1954 -999999 -999999 -999999 -999999 -999999 1405    -999999 -999999 262     589     790     1041    1344    1420    1443    1304    1182    661     -999999 
1855   1955 -999999 -999999 -999999 -999999 755     1678    -999999 -999999 -999999 279     977     978     1385    1763    1863    1495    942     694     -999999 
1855   1956 -999999 -999999 -999999 -999999 866     1484    -999999 -999999 -82     638     747     1210    1382    1642    1433    1402    954     -999999 -999999 
1855   1957 -999999 -999999 -999999 -999999 982     -999999 -999999 540     518     948     906     1080    1593    1664    1606    1335    1095    -999999 -999999 
1855   1958 -999999 -999999 1372    -999999 810     1579    -999999 -999999 -999999 357     786     1212    1459    1653    1625    1490    1143    -999999 -999999 
1855   1959 -999999 -999999 -999999 -999999 -999999 1718    -999999 -999999 374     747     957     1320    1561    1791    1798    1580    1318    -999999 578     
1855   1960 -999999 -999999 -999999 -999999 -999999 1599    -999999 -999999 -999999 -999999 950     1319    1671    1595    1546    1349    990     710     407     
1855   1961 -999999 -999999 -999999 -999999 -999999 1575    -999999 -999999 728     875     1047    1135    1483    1580    1654    1521    1089    562     -999999 
1855   1962 -999999 -999999 -999999 -999999 -999999 1479    -999999 409     -999999 280     795     1076    1409    1527    1497    1335    1039    -999999 -999999 
1855   1963 -999999 -999999 -999999 -999999 -999999 1525    -999999 -283    -999999 566     885     1082    1537    1556    1483    1361    1116    -999999 -999999 
1855   1964 -999999 -999999 -999999 -999999 -999999 1564    -999999 291     -999999 415     879     1298    1409    1666    1605    1467    878     794     233     
1855   1965 -999999 -999999 -999999 -999999 -999999 1504    -999999 -999999 -999999 519     861     1160    1463    1470    1575    1242    1022    -999999 469     
1855   1966 -999999 -999999 -999999 -999999 -999999 1546    1022    -999999 611     699     723     1135    1575    1568    1490    1435    1041    542     639     
1855   1967 -999999 -999999 -999999 -999999 -999999 1651    -999999 470     552     741     803     1050    1517    1769    1649    1433    1135    570     -999999 
1855   1968 -999999 -999999 -999999 -999999 860     -999999 -999999 -999999 208     728     792     1046    1548    1530    1588    1424    1310    628     -999999 
1855   1969 -999999 -999999 -999999 -999999 -999999 -999999 -999999 600     -999999 339     830     1184    1453    1769    1666    1384    1307    -999999 -999999 
1855   1970 -999999 -999999 -999999 -999999 -999999 1621    -999999 375     -999999 -999999 712     1338    1668    1540    1654    1470    1081    -999999 -999999 
1855   1971 -999999 -999999 -999999 -999999 -999999 1586    -999999 -999999 -999999 572     796     1222    1298    1800    1625    1495    1127    -999999 625     
1855   1972 -999999 -999999 1276    -999999 899     1481    -999999 -999999 404     707     900     1079    1217    1641    1573    1219    1071    680     -999999 
1855   1973 -999999 -999999 -999999 -999999 885     1619    -999999 -999999 -999999 665     777     1194    1525    1619    1717    1503    959     -999999 -999999 
1855   1974 -999999 -999999 -999999 -999999 -999999 1537    -999999 581     -999999 537     824     1154    1428    1594    1574    1267    855     694     -999999 
1855   1975 -999999 -999999 -999999 -999999 824     1781    -999999 722     -999999 517     898     1045    1549    1845    1931    1406    976     -999999 497     
1855   1976 -999999 -999999 -999999 -999999 -999999 -999999 -999999 -999999 409     510     877     1252    1785    1957    1850    1346    1046    650     163     
1855   1977 -999999 -999999 -999999 -999999 -999999 -999999 -999999 -999999 -999999 693     781     1096    1251    1636    1560    1345    1165    686     -999999 
1855   1978 -999999 -999999 -999999 -999999 -999999 1529    -999999 -999999 -999999 684     648     1211    1417    1577    1582    1455    1168    838     -999999 
1855   1979 -999999 -999999 -999999 -999999 -999999 1569    -999999 -94     128     483     849     986     1444    1731    1524    1410    1140    -999999 666     
1855   1980 -999999 -999999 -999999 -999999 901     -999999 -999999 -999999 652     524     969     1203    1393    1531    1647    1507    942     -999999 -999999 
1855   1981 -999999 -999999 -999999 -999999 -999999 -999999 -999999 549     -999999 865     818     1175    1393    1681    1712    1508    878     -999999 -999999 
1855   1982 -999999 -999999 -999999 -999999 965     1686    -999999 -999999 -999999 645     949     1259    1666    1715    1678    1445    1040    -999999 -999999 
1855   1983 -999999 -999999 -999999 -999999 858     -999999 -999999 720     197     714     747     1108    1508    2077    1850    1429    1127    -999999 581     
1855   1984 -999999 -999999 -999999 -999999 -999999 1764    -999999 -999999 -999999 502     900     1101    1552    1838    1874    1457    1128    781     520     
1855   1985 -999999 -999999 -999999 -999999 -999999 -999999 -999999 -999999 -999999 555     901     1130    1336    1663    1551    1547    1121    433     -999999 
1855   1986 -999999 -999999 -999999 -999999 778     -999999 -999999 341     -90     522     654     1163    1540    1691    1445    1209    1136    794     670     
1855   1987 -999999 -999999 -999999 -999999 -999999 1586    -999999 -999999 388     431     1093    1118    1378    1704    1664    1469    1005    -999999 -999999 
1855   1988 -999999 -999999 -999999 -999999 964     1550    -999999 -999999 567     745     852     1283    1513    1555    1578    1409    1065    500     835     
1855   1989 -999999 -999999 -999999 -999999 -999999 1762    -999999 -999999 -999999 749     711     1411    1594    1936    1763    1469    1208    666     -999999 
1855   1990 -999999 -999999 -999999 -999999 1054    1738    -999999 671     -999999 882     857     1397    1426    1829    1923    1440    1233    706     419     
1855   1991 -999999 -999999 -999999 -999999 -999999 1629    -999999 391     223     848     880     1228    1265    1793    1809    1612    1037    -999999 -999999 
1855   1992 -999999 -999999 -999999 -999999 1069    1670    -999999 343     564     824     945     1460    1692    1698    1621    1383    822     767     372     
1855   1993 -999999 -999999 -999999 -999999 967     1602    -999999 -999999 -999999 711     984     1215    1581    1653    1570    1294    866     -999999 -999999 
1855   1994 -999999 -999999 -999999 -999999 950     -999999 -999999 574     -999999 852     883     1131    1527    1913    1694    1324    1056    -999999 -999999 
1855   1995 -999999 -999999 -999999 -999999 -999999 1844    -999999 536     -999999 620     999     1249    1538    1921    2063    1470    1337    -999999 -999999 
1855   1996 -999999 -999999 -999999 -999999 -999999 1693    -999999 439     -999999 509     934     995     1565    1781    1730    1427    1197    -999999 -999999 
1855   1997 -999999 -999999 -999999 -999999 -999999 1755    -999999 194     696     907     1028    1183    1509    1793    1954    1466    1040    818     -999999 
1855   1998 -999999 -999999 -999999 -999999 1053    1614    -999999 514     784     857     843     1433    1489    1661    1683    1573    1107    646     504     
1855   1999 -999999 -999999 -999999 -999999 -999999 1658    1176    -999999 -999999 744     1001    1377    1461    1861    1652    1608    1105    809     -999999 
1855   2000 -999999 -999999 -999999 -999999 -999999 -999999 1091    485     689     873     823     1222    1571    1624    1750    1506    1085    698     -999999 
1855   2001 -999999 -999999 1448    -999999 -999999 1684    -999999 351     -999999 501     844     1308    1542    1751    1759    1438    1353    -999999 -999999 
1855   2002 -999999 -999999 1443    -999999 1018    1633    1143    556     -999999 800     1022    1217    1521    1638    1744    1528    1028    857     578     
1855   2003 -999999 -999999 1523    -999999 1034    1792    -999999 453     383     812     1003    1270    1694    1787    1901    1485    976     791     -999999 
1855   2004 -999999 -999999 -999999 -999999 -999999 1710    -999999 505     566     709     981     1292    1641    1665    1818    1568    1082    -999999 485     
1855   2005 -999999 -999999 -999999 -999999 979     1701    -999999 593     471     752     946     1236    1611    1771    1717    1600    1304    577     420     
1855   2006 -999999 -999999 1608    -999999 994     1850    1292    383     450     616     1037    1331    1709    2075    1762    1726    1318    783     657     
1855   2007 -999999 -999999 -999999 -999999 1057    1603    -999999 762     617     750     1215    1235    1614    1551    1646    1504    1121    698     483     
1855   2008 -999999 -999999 -999999 -999999 966     1631    -999999 676     521     688     838     1364    1523    1677    1695    1400    1016    -999999 -999999 
