EUROPEAN CLIMATE ASSESSMENT & DATASET (ECA&D), file created on: 13-11-2019
THESE DATA CAN BE USED FOR NON-COMMERCIAL RESEARCH AND EDUCATION PROVIDED THAT THE FOLLOWING SOURCE IS ACKNOWLEDGED: 

Klein Tank, A.M.G. and Coauthors, 2002. Daily dataset of 20th-century surface
air temperature and precipitation series for the European Climate Assessment.
Int. J. of Climatol., 22, 1441-1453.
Data and metadata available at http://www.ecad.eu

FILE FORMAT (MISSING VALUE CODE = -999999):

THIS FILE HOLDS DATA FOR STATION IRELAND                                  ROCHES POINT                             (STAID:   2135)
LATITUDE: dd:mm:ss +51:47:35
LONGITUDE: ddd:mm:ss -008:14:38
ELEVATION: m   43

DATA IS FOR INDEX Mean of daily mean temperature (TG) with unit 0.01 Temperature (&#176;C)

01-06 SOUID: Source identifier
08-11 YEAR : YYYY
13-20 ANNUAL DATA VALUES
21-28 WINTER HALF YEAR DATA VALUES
29-36 SUMMER HALF YEAR DATA VALUES
37-44 WINTER (DJF) DATA VALUES
45-52 SPRING (MAM) DATA VALUES
53-60 SUMMER (JJA) DATA VALUES
61-68 AUTUMN (SON) DATA VALUES
69-76 JANUARY DATA VALUES
etc. 
157-164 DECEMBER DATA VALUES

2135   1955 -999999 -999999 -999999 -999999 -999999 -999999 -999999 -999999 -999999 -999999 -999999 -999999 -999999 -999999 -999999 -999999 -999999 -999999 877     
2135   1956 1026    -999999 1283    619     963     1416    1115    604     359     837     867     1181    1379    1495    1373    1394    1100    851     842     
2135   1957 1084    851     1334    728     1022    1522    1101    675     661     960     949     1154    1455    1578    1530    1329    1185    787     709     
2135   1958 1056    785     1288    701     855     1436    1222    643     758     626     878     1063    1315    1486    1503    1477    1199    989     725     
2135   1959 1129    850     1403    691     1009    1550    1253    558     803     829     963     1235    1434    1582    1631    1564    1347    844     742     
2135   1960 1044    820     1342    631     1022    1486    1093    634     510     823     984     1257    1481    1475    1502    1344    1102    832     565     
2135   1961 1063    812     1310    680     1005    1442    1095    650     839     887     992     1137    1341    1491    1489    1406    1095    785     631     
2135   1962 979     729     1217    650     809     1375    1061    664     655     539     830     1058    1238    1461    1422    1281    1142    758     677     
2135   1963 955     652     1235    421     869     1420    1120    209     372     732     831     1044    1403    1414    1442    1267    1190    901     613     
2135   1964 1048    801     1299    665     928     1428    1159    712     670     714     876     1193    1307    1487    1486    1434    1086    961     643     
2135   1965 981     730     1248    543     905     1406    1047    507     474     691     924     1100    1316    1441    1458    1242    1200    694     681     
2135   1966 1042    801     1292    696     917     1455    1058    609     807     814     862     1073    1375    1520    1468    1446    1036    692     782     
2135   1967 1005    759     1255    699     877     1435    1027    639     673     722     948     965     1368    1471    1464    1310    1037    732     710     
2135   1968 1044    732     1278    634     834     1499    1220    733     448     711     790     1000    1385    1474    1634    1379    1310    968     668     
2135   1969 1009    763     1294    564     841     1465    1157    664     340     593     853     1079    1318    1526    1546    1431    1364    669     662     
2135   1970 1020    759     1290    624     868     1476    1121    658     545     630     772     1200    1513    1462    1454    1332    1151    879     615     
2135   1971 1070    783     1300    658     868     1462    1220    678     683     685     824     1092    1280    1575    1524    1492    1294    871     809     
2135   1972 1002    820     1226    679     883     1366    1075    595     628     709     911     1030    1151    1509    1431    1313    1156    752     810     
2135   1973 1066    820     1295    749     883     1484    1165    769     659     755     823     1070    1377    1496    1576    1421    1127    948     741     
2135   1974 1018    830     1241    738     887     1421    966     788     680     682     909     1071    1324    1488    1448    1196    923     782     894     
2135   1975 1072    797     1326    809     880     1550    1118    748     782     650     875     1115    1442    1592    1613    1307    1163    884     670     
2135   1976 1056    823     1345    700     918     1575    1079    761     666     784     892     1076    1442    1591    1687    1370    1070    799     512     
2135   1977 1044    722     1289    551     904     1484    1110    505     646     795     828     1086    1288    1587    1570    1361    1222    744     860     
2135   1978 1037    777     1269    649     898     1408    1243    544     532     734     800     1156    1333    1437    1452    1429    1268    1032    699     
2135   1979 959     746     1208    530     758     1406    1139    420     464     575     794     907     1275    1515    1423    1328    1174    914     685     
2135   1980 1007    778     1271    645     887     1399    1069    539     716     640     927     1094    1298    1402    1495    1403    999     808     754     
2135   1981 1037    805     1307    725     934     1477    1091    764     651     843     872     1086    1314    1485    1625    1453    898     928     507     
2135   1982 1059    746     1325    641     918     1508    1108    667     759     727     942     1087    1418    1562    1543    1391    1100    834     666     
2135   1983 1074    770     1330    633     826     1643    1126    759     458     778     697     997     1372    1797    1751    1347    1090    944     840     
2135   1984 1057    791     1356    699     872     1581    1104    565     690     616     924     1078    1448    1594    1697    1386    1126    800     744     
2135   1985 986     734     1242    603     883     1351    1083    405     665     661     929     1059    1262    1444    1344    1412    1205    627     803     
2135   1986 930     692     1154    563     746     1365    1068    591     266     617     639     978     1313    1485    1295    1203    1148    849     724     
2135   1987 1019    750     1296    612     898     1467    1051    504     609     657     962     1077    1278    1565    1554    1342    974     849     850     
2135   1988 1048    789     1262    703     941     1425    1093    661     597     803     875     1143    1486    1381    1409    1270    1109    898     925     
2135   1989 1127    884     1370    831     935     1602    1193    822     736     803     744     1251    1405    1792    1604    1407    1243    927     750     
2135   1990 1103    896     1350    768     1013    1527    1139    775     781     890     879     1265    1345    1589    1641    1367    1193    854     623     
2135   1991 -999999 -999999 -999999 590     -999999 -999999 -999999 607     532     -999999 -999999 -999999 -999999 -999999 -999999 -999999 -999999 -999999 -999999 
2135   1992 -999999 -999999 -999999 -999999 -999999 -999999 -999999 -999999 -999999 -999999 -999999 -999999 -999999 -999999 -999999 -999999 -999999 -999999 -999999 
2135   1993 -999999 -999999 1310    -999999 947     1478    1043    -999999 769     757     1015    1081    1417    1525    1486    1321    936     870     -999999 
2135   1994 -999999 -999999 -999999 -999999 -999999 -999999 -999999 696     634     851     -999999 1073    1333    1479    1500    1324    1156    1111    873     
2135   1995 -999999 -999999 -999999 -999999 -999999 -999999 1266    677     780     689     963     1114    -999999 1748    -999999 1451    1344    1004    656     
2135   1996 -999999 -999999 -999999 -999999 867     -999999 1148    719     534     683     930     992     1363    1558    -999999 1479    1216    805     614     
2135   1997 1147    810     1394    636     1054    1553    1263    544     761     913     1053    1196    1414    1604    1647    1473    1318    1001    821     
2135   1998 -999999 -999999 -999999 -999999 1013    1478    -999999 670     832     898     844     1288    1332    1512    1584    -999999 1216    869     790     
2135   1999 1116    -999999 -999999 -999999 1030    1539    1181    710     789     826     1005    1257    1351    1632    1633    1472    1207    901     656     
2135   2000 -999999 -999999 -999999 690     -999999 -999999 -999999 617     815     -999999 830     1175    1368    1612    1626    1483    -999999 -999999 697     
2135   2001 -999999 -999999 -999999 -999999 -999999 -999999 -999999 585     -999999 696     929     1228    1410    1566    1567    1473    -999999 984     698     
2135   2002 -999999 -999999 -999999 -999999 -999999 1433    1219    910     833     855     947     1104    1254    1474    1579    1477    1168    1023    760     
2135   2003 -999999 -999999 -999999 -999999 1003    1563    -999999 696     723     865     1020    1121    1413    1589    1687    1520    1160    984     783     
2135   2004 -999999 -999999 -999999 -999999 -999999 -999999 -999999 781     -999999 835     -999999 1191    1511    1503    1631    -999999 1074    1005    852     
2135   2005 -999999 -999999 -999999 -999999 956     1585    -999999 -999999 -999999 833     923     1112    1482    1657    1614    1497    1280    936     794     
2135   2006 1116    -999999 1390    709     896     1590    1260    695     641     646     921     1122    1463    1697    1605    1520    1302    910     796     
2135   2007 1139    884     1365    766     1038    1469    1252    768     731     788     1103    1225    1428    1463    1514    1455    1303    996     875     
2135   2008 1062    910     1314    806     948     1476    1084    799     741     739     866     1256    1391    1521    1514    1320    1058    876     660     
2135   2009 1052    767     1314    623     945     1485    1184    601     606     787     928     1125    1444    1503    1506    1366    1283    900     545     
2135   2010 978     708     -999999 468     887     -999999 1124    394     465     638     891     1115    -999999 1557    1531    1450    1192    738     347     
2135   2011 1091    736     1307    565     1010    1390    1246    543     831     765     1103    1175    1254    1471    1440    1386    1243    1109    753     
2135   2012 1077    964     1272    823     961     1454    1079    867     854     951     833     1098    1328    1431    1583    1355    1088    793     762     
2135   2013 1065    743     1345    688     797     1581    1180    688     608     510     815     1067    1377    1738    1621    1437    1313    785     786     
2135   2014 1131    835     1411    708     984     1571    1264    696     633     776     1010    1167    1490    1698    1524    1571    1255    966     751     
2135   2015 1076    823     1280    658     931     1415    1212    636     579     732     947     1115    1363    1426    1455    1345    1209    1081    979     
2135   2016 1091    901     1355    797     925     1537    1142    755     647     724     831     1217    1506    1531    1573    1462    1215    747     866     
2135   2017 1109    878     1343    799     1038    1492    1156    752     776     896     993     1223    1415    1578    1480    1359    1236    870     701     
2135   2018 1100    770     1396    657     882     1638    1130    734     524     535     899     1213    1586    1759    1566    1338    1105    947     947     
2135   2019 -999999 906     1356    853     979     1519    -999999 768     842     819     954     1163    1322    1646    1582    1455    1119    -999999 -999999 
