EUROPEAN CLIMATE ASSESSMENT & DATASET (ECA&D), file created on: 13-11-2019
THESE DATA CAN BE USED FOR NON-COMMERCIAL RESEARCH AND EDUCATION PROVIDED THAT THE FOLLOWING SOURCE IS ACKNOWLEDGED: 

Klein Tank, A.M.G. and Coauthors, 2002. Daily dataset of 20th-century surface
air temperature and precipitation series for the European Climate Assessment.
Int. J. of Climatol., 22, 1441-1453.
Data and metadata available at http://www.ecad.eu

FILE FORMAT (MISSING VALUE CODE = -999999):

THIS FILE HOLDS DATA FOR STATION GERMANY                                  BORKUM-FLUGPLATZ                         (STAID:   4918)
LATITUDE: dd:mm:ss +53:36:00
LONGITUDE: ddd:mm:ss +006:42:11
ELEVATION: m    3

DATA IS FOR INDEX Mean of daily mean temperature (TG) with unit 0.01 Temperature (&#176;C)

01-06 SOUID: Source identifier
08-11 YEAR : YYYY
13-20 ANNUAL DATA VALUES
21-28 WINTER HALF YEAR DATA VALUES
29-36 SUMMER HALF YEAR DATA VALUES
37-44 WINTER (DJF) DATA VALUES
45-52 SPRING (MAM) DATA VALUES
53-60 SUMMER (JJA) DATA VALUES
61-68 AUTUMN (SON) DATA VALUES
69-76 JANUARY DATA VALUES
etc. 
157-164 DECEMBER DATA VALUES

4918   1947 892     -999999 1535    -999999 707     1796    1169    -289    -597    38      724     1359    1680    1816    1890    1729    1049    734     473     
4918   1948 981     571     1415    372     878     1616    1083    373     264     517     922     1196    1492    1679    1674    1520    1082    647     385     
4918   1949 994     546     1391    407     763     1537    1215    408     430     314     912     1067    1338    1590    1677    1757    1260    628     514     
4918   1950 937     594     1408    357     816     1724    994     169     391     584     727     1134    1636    1720    1814    1401    993     587     52      
4918   1951 951     407     1370    188     699     1610    1120    245     276     284     671     1142    1454    1646    1724    1573    975     816     563     
4918   1952 880     541     1370    376     806     1615    855     278     282     323     866     1230    1431    1677    1730    1268    890     407     148     
4918   1953 983     367     1405    156     791     1669    1176    175     143     420     778     1175    1606    1726    1673    1459    1231    836     517     
4918   1954 874     471     1306    128     728     1525    1095    87      -259    355     610     1213    1510    1475    1589    1429    1176    676     537     
4918   1955 885     428     1361    188     573     1661    1134    3       6       138     659     925     1336    1750    1888    1590    1070    743     455     
4918   1956 809     390     1255    69      652     1468    1042    195     -477    311     508     1131    1311    1644    1444    1477    1064    585     457     
4918   1957 969     592     1348    415     823     1638    1036    333     458     644     797     1028    1537    1731    1644    1339    1133    634     321     
4918   1958 927     452     1350    267     608     1593    1165    205     276     133     545     1144    1410    1647    1715    1624    1198    671     508     
4918   1959 1000    551     1502    287     884     1755    1124    250     82      555     902     1195    1554    1824    1881    1643    1155    572     322     
4918   1960 937     490     1362    258     789     1584    1103    251     197     424     763     1180    1545    1569    1637    1470    1082    757     351     
4918   1961 976     583     1402    321     908     1571    1161    166     459     674     943     1108    1544    1564    1604    1647    1218    616     145     
4918   1962 815     469     1218    257     615     1431    995     338     291     196     692     959     1341    1426    1523    1360    1160    458     0       
4918   1963 777     184     1338    -257    674     1590    1087    -417    -363    219     741     1065    1518    1639    1610    1445    998     820     -10     
4918   1964 885     361     1401    77      737     1601    1008    37      213     114     746     1352    1531    1627    1642    1493    892     642     316     
4918   1965 864     449     1281    279     692     1503    942     277     239     311     689     1076    1429    1499    1579    1402    1106    312     396     
4918   1966 899     392     1363    154     774     1611    1037    -41     100     450     601     1264    1656    1596    1583    1465    1159    483     415     
4918   1967 1002    579     1390    388     857     1635    1113    329     425     643     705     1218    1414    1768    1715    1501    1178    657     420     
4918   1968 914     521     1392    254     815     1636    1090    160     177     515     869     1062    1561    1614    1731    1507    1195    562     -6      
4918   1969 882     345     1408    82      600     1697    1178    252     -7      45      642     1115    1487    1765    1833    1590    1240    703     -134    
4918   1970 869     310     1349    -118    644     1654    1100    -178    -34     242     534     1152    1661    1577    1724    1435    1117    748     391     
4918   1971 948     505     1368    290     721     1618    1092    100     388     281     675     1206    1341    1741    1764    1461    1134    678     567     
4918   1972 876     484     1324    193     800     1579    988     -136    144     502     736     1161    1397    1698    1637    1299    999     666     383     
4918   1973 942     541     1370    334     778     1648    1021    293     324     563     637     1130    1495    1736    1707    1500    956     609     309     
4918   1974 961     546     1321    408     800     1545    960     447     472     478     814     1108    1420    1517    1695    1358    846     679     669     
4918   1975 984     597     1402    541     697     1723    1030    635     295     431     641     1018    1434    1717    2008    1574    936     582     483     
4918   1976 936     445     1431    316     698     1752    1067    358     91      201     673     1219    1629    1855    1769    1420    1092    688     208     
4918   1977 -999999 514     1300    229     785     1555    1085    142     349     596     631     1122    1407    1614    1639    1373    1145    733     -999999 
4918   1978 863     -999999 1261    -999999 727     1511    1085    286     10      510     591     1076    1444    1494    1593    1357    1139    758     39      
4918   1979 807     296     1292    -148    680     1519    994     -284    -204    295     642     1102    1443    1514    1598    1440    979     564     519     
4918   1980 868     431     1329    231     699     1556    1025    -48     222     344     695     1058    1449    1548    1668    1545    996     535     382     
4918   1981 903     491     1378    263     879     1557    1050    226     172     608     727     1296    1393    1616    1655    1565    915     675     -59     
4918   1982 949     348     1419    12      749     1710    1167    -43     153     440     665     1139    1570    1799    1755    1571    1177    752     355     
4918   1983 975     582     1394    351     780     1697    1074    550     126     492     767     1079    1484    1843    1757    1419    1111    692     310     
4918   1984 893     477     1288    257     680     1529    1077    313     142     281     728     1032    1284    1514    1783    1370    1175    683     376     
4918   1985 816     357     1321    1       724     1533    955     -249    -136    259     720     1194    1344    1644    1606    1403    1133    323     481     
4918   1986 883     355     1325    128     721     1590    1080    165     -303    267     599     1292    1501    1661    1605    1270    1154    813     481     
4918   1987 837     398     1310    109     629     1522    1103    -256    102     78      874     943     1310    1659    1591    1476    1065    770     396     
4918   1988 1001    605     1389    457     841     1593    1046    552     422     420     758     1343    1453    1652    1668    1444    1059    636     577     
4918   1989 1060    667     1444    527     903     1681    1164    495     508     709     690     1303    1597    1734    1708    1617    1239    633     439     
4918   1990 1085    718     1452    538     1020    1691    1078    500     690     802     897     1356    1551    1659    1858    1371    1178    683     439     
4918   1991 951     546     1398    237     823     1669    1067    315     -74     677     839     953     1275    1873    1847    1582    1034    585     419     
4918   1992 1064    588     1543    428     985     1808    1037    391     477     617     833     1499    1787    1843    1794    1484    888     745     386     
4918   1993 934     530     1393    345     938     1565    863     359     283     501     981     1333    1511    1609    1572    1341    977     268     422     
4918   1994 1036    470     1481    325     859     1816    1090    463     65      581     827     1168    1477    2129    1830    1435    964     876     537     
4918   1995 1005    626     1461    470     833     1751    1166    311     571     501     788     1208    1411    1912    1919    1508    1327    656     -85     
4918   1996 816     283     1351    -146    625     1653    1063    -199    -156    138     781     962     1478    1621    1856    1396    1154    637     96      
4918   1997 988     475     1492    143     837     1839    1018    -110    475     606     730     1172    1573    1789    2148    1516    1027    509     382     
4918   1998 999     607     1413    473     961     1600    960     472     576     668     902     1312    1563    1599    1637    1452    1003    423     351     
4918   1999 1082    534     1537    370     983     1707    1213    451     300     647     968     1332    1477    1850    1785    1797    1098    746     481     
4918   2000 1051    659     1424    493     964     1580    1156    453     549     622     922     1346    1498    1499    1740    1531    1175    761     501     
4918   2001 1002    555     1417    341     772     1715    1201    221     298     354     743     1218    1420    1842    1873    1383    1406    806     409     
4918   2002 1063    723     1538    484     954     1792    1106    409     650     655     891     1312    1641    1728    2003    1636    978     709     122     
4918   2003 1021    461     1547    154     924     1849    1040    226     109     597     902     1272    1711    1887    1946    1546    872     707     412     
4918   2004 1027    553     1463    394     909     1683    1123    325     450     552     998     1179    1501    1629    1912    1549    1116    704     394     
4918   2005 1041    577     1437    390     860     1626    1251    522     239     456     952     1175    1511    1753    1609    1616    1336    798     464     
4918   2006 1068    538     1514    275     773     1745    1368    134     223     254     775     1290    1495    2031    1700    1779    1373    952     757     
4918   2007 1097    850     1485    661     1053    1687    1079    702     508     776     1113    1273    1652    1683    1725    1455    1038    747     449     
4918   2008 1044    642     1465    501     913     1724    1086    552     501     559     819     1358    1627    1797    1744    1428    1072    758     295     
4918   2009 1006    516     1487    233     945     1688    1161    146     260     548     1043    1248    1449    1768    1840    1559    1042    886     239     
4918   2010 858     425     1392    28      779     1706    1019    -142    -18     517     846     975     1468    1943    1699    1405    1088    560     -105    
4918   2011 1005    422     1447    136     939     1589    1097    255     272     449     1084    1290    1528    1569    1670    1534    1126    629     611     
4918   2012 979     599     1399    385     891     1640    1071    447     78      672     741     1257    1408    1681    1823    1464    1054    695     380     
4918   2013 931     424     1354    236     602     1644    1151    172     149     77      678     1053    1359    1750    1815    1451    1212    788     605     
4918   2014 1123    712     1531    514     1005    1739    1260    375     566     713     1045    1259    1555    1975    1681    1658    1328    791     499     
4918   2015 1057    674     1387    438     837     1655    1151    442     366     592     787     1130    1422    1734    1802    1430    1046    980     897     
4918   2016 1037    700     1505    554     885     1700    1130    292     468     511     799     1343    1560    1758    1778    1783    1036    574     530     
4918   2017 1052    575     1446    363     957     1696    1189    223     335     729     818     1319    1641    1720    1725    1441    1329    792     503     
4918   2018 1066    571     1573    344     915     1793    1160    452     49      257     991     1499    1604    1917    1850    1555    1254    669     610     
4918   2019 -999999 704     1491    515     930     1796    -999999 375     565     735     945     1110    1715    1804    1867    1498    1145    -999999 -999999 
