EUROPEAN CLIMATE ASSESSMENT & DATASET (ECA&D), file created on: 13-11-2019
THESE DATA CAN BE USED FOR NON-COMMERCIAL RESEARCH AND EDUCATION PROVIDED THAT THE FOLLOWING SOURCE IS ACKNOWLEDGED: 

Klein Tank, A.M.G. and Coauthors, 2002. Daily dataset of 20th-century surface
air temperature and precipitation series for the European Climate Assessment.
Int. J. of Climatol., 22, 1441-1453.
Data and metadata available at http://www.ecad.eu

FILE FORMAT (MISSING VALUE CODE = -999999):

THIS FILE HOLDS DATA FOR STATION RUSSIAN FEDERATION                       OSTROV AION                              (STAID:   8129)
LATITUDE: dd:mm:ss +69:55:48
LONGITUDE: ddd:mm:ss +167:58:48
ELEVATION: m   13

DATA IS FOR INDEX Mean of daily mean temperature (TG) with unit 0.01 Temperature (&#176;C)

01-06 SOUID: Source identifier
08-11 YEAR : YYYY
13-20 ANNUAL DATA VALUES
21-28 WINTER HALF YEAR DATA VALUES
29-36 SUMMER HALF YEAR DATA VALUES
37-44 WINTER (DJF) DATA VALUES
45-52 SPRING (MAM) DATA VALUES
53-60 SUMMER (JJA) DATA VALUES
61-68 AUTUMN (SON) DATA VALUES
69-76 JANUARY DATA VALUES
etc. 
157-164 DECEMBER DATA VALUES

8129   1943 -1125   -999999 -158    -999999 -1449   341     -774    -2481   -2876   -2375   -1593   -384    418     425     181     -19     -677    -1629   -2643   
8129   1944 -1187   -2263   -142    -2855   -1753   532     -770    -2755   -3188   -2725   -2138   -408    535     478     583     64      -714    -1663   -2395   
8129   1945 -1229   -2271   -132    -2806   -1522   310     -953    -3028   -3015   -2864   -1244   -450    149     508     267     -47     -1049   -1788   -2346   
8129   1946 -1353   -2406   -227    -2931   -1796   364     -952    -3107   -3364   -2835   -2105   -477    268     472     348     -30     -1051   -1771   -2768   
8129   1947 -999999 -2258   -217    -2735   -1612   302     -999999 -2893   -2523   -2564   -1679   -627    265     280     359     28      -856    -999999 -999999 
8129   1948 -1309   -999999 -192    -999999 -1508   292     -1219   -3174   -2425   -2580   -1744   -206    192     249     433     -106    -1235   -2279   -2825   
8129   1949 -1451   -2455   -450    -2948   -1715   108     -1385   -2982   -3048   -2409   -1824   -937    -8      283     46      -287    -1272   -2599   -2530   
8129   1950 -1394   -2340   -471    -2371   -2210   338     -1137   -1917   -2699   -3067   -2432   -1138   66      601     337     -299    -1130   -1982   -3161   
8129   1951 -1264   -2430   -210    -3114   -1538   371     -1042   -2980   -3209   -2180   -1943   -504    421     478     215     44      -863    -2314   -2479   
8129   1952 -1290   -2405   -206    -2876   -1798   450     -828    -2905   -3271   -2651   -1924   -825    305     485     555     137     -675    -1989   -2820   
8129   1953 -1242   -2360   -146    -2875   -1893   589     -757    -2645   -3191   -2893   -1986   -802    620     609     540     115     -688    -1700   -3003   
8129   1954 -1202   -2247   -89     -2814   -1275   253     -1094   -2507   -2945   -2691   -843    -278    115     446     194     -191    -1087   -2003   -2740   
8129   1955 -1277   -2393   -236    -2835   -1855   448     -1201   -2866   -2907   -2794   -1968   -808    147     523     664     -12     -1488   -2092   -1846   
8129   1956 -1276   -2167   -276    -2282   -1693   303     -1198   -2210   -2824   -2585   -1925   -577    200     575     131     -89     -1001   -2510   -2574   
8129   1957 -999999 -2454   -146    -2760   -1733   397     -999999 -2515   -3236   -2983   -1780   -482    346     470     381     136     -775    -1680   -3127   
8129   1958 -999999 -999999 -999999 -999999 -999999 432     -1162   -999999 -2926   -2511   -999999 -878    573     299     430     22      -1135   -2560   -2318   
8129   1959 -1122   -2282   -106    -2464   -1636   396     -695    -2162   -2943   -2677   -999999 -330    378     273     533     116     -709    -1493   -2762   
8129   1960 -1153   -2070   -226    -2790   -1574   478     -893    -2692   -2930   -1914   -2075   -761    284     759     388     72      -790    -1967   -2258   
8129   1961 -1289   -2334   -213    -2717   -1763   339     -934    -2895   -3029   -3108   -2117   -74     358     485     175     -145    -882    -1776   -2575   
8129   1962 -999999 -2139   -999999 -2632   -999999 257     -1161   -2479   -2865   -2316   -1450   -999999 249     301     222     -310    -1170   -2003   -2591   
8129   1963 -1317   -2300   -329    -2621   -1779   237     -1185   -2619   -2658   -2748   -1860   -733    72      536     98      -115    -1399   -2032   -2435   
8129   1964 -1377   -2577   -298    -3045   -1978   445     -1017   -3605   -3099   -2906   -2227   -808    423     311     599     -118    -985    -1949   -2219   
8129   1965 -1600   -2313   -999999 -2762   -1939   -999999 -1321   -2783   -3360   -2706   -2020   -1001   43      139     -999999 -539    -1429   -1992   -3357   
8129   1966 -1346   -2683   -325    -3339   -1925   364     -897    -3305   -3357   -2721   -2341   -727    368     465     259     -10     -1159   -1512   -2251   
8129   1967 -1272   -2204   -207    -2777   -1420   239     -1065   -3036   -3074   -2254   -1881   -140    279     258     182     29      -778    -2455   -2534   
8129   1968 -1186   -2223   -121    -2599   -1636   562     -898    -2519   -2754   -2339   -2043   -537    168     732     772     137     -884    -1984   -3072   
8129   1969 -1276   -2357   -113    -2731   -1702   354     -1200   -1973   -3193   -3094   -1693   -319    405     457     203     245     -1135   -2712   -2644   
8129   1970 -1242   -2420   -187    -2667   -1639   321     -1077   -2504   -2873   -2708   -1959   -260    453     218     296     105     -1245   -2084   -2453   
8129   1971 -1304   -2354   -238    -2709   -1799   401     -1046   -2796   -2898   -2691   -1815   -891    413     508     284     54      -1059   -2133   -2719   
8129   1972 -1293   -2322   -244    -2728   -1626   290     -1232   -3118   -2320   -2582   -1889   -407    52      565     233     -1      -1081   -2620   -2276   
8129   1973 -1350   -2533   -292    -2852   -1985   444     -960    -3305   -2947   -2993   -1967   -993    562     565     209     -149    -1010   -1719   -2538   
8129   1974 -1213   -2318   -75     -2922   -1741   711     -732    -3022   -3248   -2471   -2017   -743    389     937     787     173     -393    -1987   -3130   
8129   1975 -1373   -2297   -347    -2913   -1859   292     -1070   -3057   -2512   -2712   -1985   -883    27      422     421     -91     -1152   -1967   -2987   
8129   1976 -999999 -999999 -999999 -999999 -999999 -999999 -999999 -999999 -999999 -999999 -999999 -999999 -999999 -999999 -999999 -999999 -999999 -999999 -999999 
8129   1977 -1204   -999999 17      -999999 -1964   820     -998    -2560   -3306   -3273   -1871   -745    444     1170    833     233     -890    -2339   -2506   
8129   1978 -1276   -2360   -247    -2850   -1627   337     -877    -2585   -3525   -2426   -2041   -426    176     445     386     -59     -771    -1804   -2851   
8129   1979 -1397   -2187   -453    -2614   -1904   177     -1318   -2466   -2517   -2732   -2340   -654    141     325     62      -288    -1234   -2434   -2720   
8129   1980 -1342   -2424   -332    -2730   -1889   251     -1183   -2602   -2878   -2705   -2128   -842    116     297     336     203     -1086   -2668   -2214   
8129   1981 -1237   -2357   -254    -2577   -1641   257     -920    -2890   -2633   -2686   -1798   -445    263     235     274     -83     -814    -1868   -2488   
8129   1982 -1302   -2166   -294    -2586   -1862   409     -1148   -2822   -2432   -2588   -1979   -1023   133     515     570     -11     -1007   -2431   -2634   
8129   1983 -1419   -2433   -369    -2790   -1807   164     -1385   -2724   -3038   -2823   -1992   -613    -148    443     188     -129    -1369   -2657   -2301   
8129   1984 -1317   -2534   -280    -2804   -1913   385     -714    -2606   -3551   -2791   -2171   -786    269     426     457     91      -608    -1629   -2985   
8129   1985 -1288   -2202   -387    -2678   -2014   302     -979    -2623   -2399   -2966   -2177   -905    80      646     173     -174    -1198   -1558   -2422   
8129   1986 -1308   -2312   -272    -2769   -1651   247     -1073   -3227   -2645   -2830   -1681   -445    473     238     38      -280    -1286   -1644   -2471   
8129   1987 -1375   -2322   -246    -2846   -1707   449     -1192   -2623   -3509   -2493   -2127   -516    249     613     479     -220    -1002   -2362   -3164   
8129   1988 -1279   -2443   -288    -2847   -1783   252     -956    -2656   -2711   -2779   -1733   -837    22      617     110     69      -735    -2209   -2551   
8129   1989 -1148   -2189   -175    -2581   -1712   435     -843    -3072   -2070   -2487   -1928   -727    299     518     483     281     -713    -2101   -2308   
8129   1990 -1188   -2298   6       -2968   -1175   463     -906    -3111   -3539   -2130   -1179   -215    236     649     496     15      -890    -1844   -2910   
8129   1991 -1066   -2339   4       -2907   -1594   680     -659    -2810   -3010   -2617   -1720   -449    453     701     880     119     -642    -1454   -2379   
8129   1992 -1280   -2147   -139    -2685   -1729   504     -1088   -2975   -2701   -2745   -1661   -676    397     799     313     -85     -1145   -2033   -2823   
8129   1993 -1299   -2352   -133    -2760   -1654   529     -1176   -3003   -2423   -2682   -1718   -565    477     789     319     -129    -1125   -2274   -3312   
8129   1994 -1325   -2363   -328    -2639   -1876   265     -1187   -2380   -2180   -2886   -1977   -767    221     246     327     -47     -1087   -2430   -2990   
8129   1995 -1063   -2347   -152    -2761   -1548   394     -585    -2898   -2355   -2324   -1906   -426    242     367     568     212     -736    -1224   -2350   
8129   1996 -1137   -1871   -253    -2370   -1458   275     -983    -2172   -2604   -2169   -1758   -456    135     287     399     -158    -1074   -1715   -2422   
8129   1997 -1204   -2144   -112    -2644   -1372   407     -971    -2835   -2677   -2177   -1501   -442    430     355     435     26      -813    -2133   -3205   
8129   1998 -1359   -2548   -325    -3164   -1941   292     -840    -2941   -3366   -2895   -1987   -944    223     511     139     83      -832    -1773   -2657   
8129   1999 -1417   -2449   -283    -3061   -1959   382     -1020   -3079   -3488   -2943   -2148   -793    301     478     364     67      -994    -2134   -2783   
8129   2000 -1243   -2450   -119    -2994   -1550   408     -999    -3220   -2979   -2613   -1526   -511    460     519     247     74      -902    -2173   -2350   
8129   2001 -1187   -2248   -153    -2655   -1521   404     -906    -3009   -2603   -2486   -1757   -329    324     561     323     -73     -1004   -1638   -2641   
8129   2002 -1046   -2206   33      -3029   -1126   578     -667    -3030   -3459   -1568   -1475   -347    513     540     677     263     -511    -1760   -2579   
8129   2003 -1017   -2026   -14     -2598   -1378   530     -674    -2247   -3006   -2139   -1723   -283    424     652     512     305     -582    -1749   -2519   
8129   2004 -1072   -2096   26      -2643   -1411   644     -839    -2358   -3079   -2338   -1607   -293    616     574     743     94      -694    -1920   -2685   
8129   2005 -1067   -2287   43      -2950   -1595   822     -606    -3159   -3011   -2309   -1892   -593    724     815     922     249     -447    -1625   -2604   
8129   2006 -1099   -2096   -217    -2731   -1677   362     -435    -2927   -2654   -2356   -2210   -481    278     311     493     277     -504    -1076   -2429   
8129   2007 -761    -1943   326     -2609   -1317   989     -391    -2941   -2442   -2288   -1380   -284    616     1199    1140    629     -456    -1345   -1689   
8129   2008 -1115   -1902   -139    -2418   -1535   392     -788    -2838   -2747   -2371   -1793   -448    169     358     641     207     -636    -1941   -2051   
8129   2009 -1063   -2123   -80     -2600   -1429   400     -650    -2732   -3061   -2402   -1720   -175    107     549     535     186     -495    -1648   -2057   
8129   2010 -1016   -2039   -54     -2527   -1596   512     -506    -2815   -2729   -2543   -1965   -294    450     660     425     365     -411    -1477   -1981   
8129   2011 -1070   -1828   -66     -2425   -1282   499     -845    -2417   -2925   -1850   -1368   -631    499     649     349     90      -578    -2055   -2741   
8129   2012 -1113   -2332   -173    -2874   -1677   414     -561    -2557   -3356   -2762   -1657   -612    369     509     362     -33     -478    -1175   -2044   
8129   2013 -999999 -1966   -84     -2631   -1337   399     -999999 -2555   -3365   -2290   -1212   -505    382     496     317     -2      -999999 -999999 -999999 
