EUROPEAN CLIMATE ASSESSMENT & DATASET (ECA&D), file created on: 13-11-2019
THESE DATA CAN BE USED FOR NON-COMMERCIAL RESEARCH AND EDUCATION PROVIDED THAT THE FOLLOWING SOURCE IS ACKNOWLEDGED: 

Klein Tank, A.M.G. and Coauthors, 2002. Daily dataset of 20th-century surface
air temperature and precipitation series for the European Climate Assessment.
Int. J. of Climatol., 22, 1441-1453.
Data and metadata available at http://www.ecad.eu

FILE FORMAT (MISSING VALUE CODE = -999999):

THIS FILE HOLDS DATA FOR STATION SWEDEN                                   BORLANGE FLYGPLATS                       (STAID:   3520)
LATITUDE: dd:mm:ss +60:25:45
LONGITUDE: ddd:mm:ss +015:30:28
ELEVATION: m  152

DATA IS FOR INDEX Mean of daily mean temperature (TG) with unit 0.01 Temperature (&#176;C)

01-06 SOUID: Source identifier
08-11 YEAR : YYYY
13-20 ANNUAL DATA VALUES
21-28 WINTER HALF YEAR DATA VALUES
29-36 SUMMER HALF YEAR DATA VALUES
37-44 WINTER (DJF) DATA VALUES
45-52 SPRING (MAM) DATA VALUES
53-60 SUMMER (JJA) DATA VALUES
61-68 AUTUMN (SON) DATA VALUES
69-76 JANUARY DATA VALUES
etc. 
157-164 DECEMBER DATA VALUES

3520   1949 -999999 -999999 -999999 -999999 -999999 -999999 -999999 -142    -27     -140    -999999 -999999 -999999 -999999 -999999 -999999 534     169     -256    
3520   1950 -999999 -131    -999999 -501    -999999 -999999 -999999 -832    -404    -13     -999999 -999999 -999999 -999999 -999999 -999999 -999999 -999999 -999999 
3520   1951 -999999 -999999 -999999 -999999 -999999 -999999 -999999 -777    -394    -631    -999999 -999999 -999999 -999999 -999999 -999999 -999999 -999999 -999999 
3520   1952 -999999 -999999 -999999 -999999 -999999 -999999 -999999 -537    -367    -427    -999999 -999999 -999999 -999999 -999999 -999999 256     -382    -557    
3520   1953 -999999 -292    -999999 -633    -999999 -999999 -999999 -643    -707    255     -999999 -999999 -999999 -999999 -999999 -999999 752     223     6       
3520   1954 -999999 -125    -999999 -546    -999999 -999999 -999999 -700    -988    -83     -999999 -999999 -999999 -999999 -999999 -999999 444     -135    -108    
3520   1955 -999999 -255    -999999 -482    -999999 -999999 -999999 -562    -807    -409    -999999 -999999 -999999 -999999 -999999 -999999 409     86      -750    
3520   1956 -999999 -391    -999999 -856    -999999 -999999 -999999 -817    -1011   -288    -999999 -999999 -999999 -999999 -999999 -999999 445     -420    -207    
3520   1957 -999999 -178    -999999 -249    -999999 -999999 -999999 -171    -380    -362    -999999 -999999 -999999 -999999 -999999 -999999 551     30      -245    
3520   1958 -999999 -334    -999999 -634    -999999 -999999 -999999 -697    -993    -700    -999999 -999999 -999999 -999999 -999999 -999999 712     188     -494    
3520   1959 -999999 -141    -999999 -596    -999999 -999999 -999999 -946    -321    9       -999999 -999999 -999999 -999999 -999999 -999999 515     160     -200    
3520   1960 -999999 -221    -999999 -599    -999999 -999999 -999999 -691    -928    -216    -999999 -999999 -999999 -999999 -999999 -999999 293     29      -199    
3520   1961 -999999 -72     -999999 -343    -999999 -999999 710     -634    -179    250     -999999 925     -999999 -999999 1325    1087    916     119     -703    
3520   1962 359     -169    977     -471    153     1274    467     -387    -308    -658    393     733     1273    1339    1210    901     609     -113    -716    
3520   1963 -999999 -429    -999999 -899    354     -999999 548     -911    -1086   -408    336     1134    1414    -999999 1465    1050    597     -6      -291    
3520   1964 467     -106    1085    -336    443     1333    467     -235    -492    -232    492     1070    1304    1425    1269    936     480     -14     -438    
3520   1965 356     -168    1048    -405    284     1339    382     -353    -425    -278    378     756     1356    1346    1315    1126    579     -564    -1011   
3520   1966 309     -627    1057    -1197   225     1513    433     -1206   -1393   -236    -30     932     1638    1573    1332    874     387     38      -325    
3520   1967 469     -179    1107    -572    445     1474    669     -1023   -346    184     338     809     1341    1611    1465    1061    648     300     -807    
3520   1968 364     -291    1147    -894    415     1532    301     -1139   -725    -29     569     710     1624    1517    1459    996     337     -433    -548    
3520   1969 381     -477    1199    -713    153     1675    465     -555    -1070   -652    260     855     1668    1680    1676    1035    648     -294    -786    
3520   1970 -999999 -518    -999999 -1085   266     -999999 407     -1051   -1454   -254    110     937     1709    -999999 1475    925     532     -240    -237    
3520   1971 500     -141    1089    -272    310     1440    442     -323    -254    -341    210     1057    1360    1561    1395    926     563     -168    -49     
3520   1972 543     -144    1145    -400    364     1586    526     -787    -360    -78     269     898     1525    1825    1405    925     532     122     203     
3520   1973 -999999 -999999 -999999 -999999 -999999 -999999 -999999 -999999 -999999 -999999 -999999 -999999 -999999 -999999 -999999 -999999 -999999 -999999 -999999 
3520   1974 -999999 -999999 1163    -999999 -999999 1453    531     -999999 -999999 -999999 570     943     1444    1461    1454    1093    410     95      -95     
3520   1975 677     48      1265    -97     492     1651    646     -17     -186    62      347     1064    1398    1799    1747    1205    544     194     -100    
3520   1976 440     -127    1151    -387    364     1572    376     -753    -303    -346    366     1073    1481    1642    1591    725     390     14      -619    
3520   1977 457     -244    1047    -627    359     1429    532     -528    -744    -17     128     958     1449    1439    1401    886     659     48      -293    
3520   1978 -999999 -157    -999999 -501    -999999 -999999 -999999 -374    -873    -173    229     -999999 -999999 -999999 -999999 -999999 -999999 -999999 -999999 
3520   1979 -999999 -999999 -999999 -999999 -999999 -999999 -999999 -999999 -999999 -999999 -999999 -999999 -999999 -999999 -999999 -999999 -999999 -999999 -999999 
3520   1980 -999999 -999999 -999999 -999999 -999999 -999999 -999999 -999999 -999999 -999999 -999999 -999999 -999999 -999999 -999999 -999999 -999999 -999999 -999999 
3520   1981 -999999 -999999 -999999 -999999 -999999 -999999 -999999 -999999 -999999 -999999 -999999 -999999 -999999 -999999 -999999 -999999 -999999 -999999 -999999 
3520   1982 -999999 -999999 -999999 -999999 -999999 -999999 -999999 -999999 -999999 -999999 -999999 -999999 -999999 -999999 -999999 -999999 -999999 -999999 -999999 
3520   1983 -999999 -999999 -999999 -999999 -999999 -999999 -999999 -999999 -999999 -999999 -999999 -999999 -999999 -999999 -999999 -999999 -999999 -999999 -999999 
3520   1984 -999999 -999999 -999999 -999999 -999999 -999999 -999999 -999999 -999999 -999999 -999999 -999999 -999999 -999999 -999999 -999999 -999999 -999999 -999999 
3520   1985 -999999 -999999 -999999 -999999 -999999 -999999 437     -999999 -999999 -999999 128     924     -999999 -999999 -999999 907     673     -275    -897    
3520   1986 -999999 -365    -999999 -905    506     1545    -999999 -842    -984    76      155     1275    1730    1655    1257    -999999 603     368     -999999 
3520   1987 -999999 -999999 -999999 -999999 -999999 -999999 -999999 -999999 -593    -604    -999999 -999999 -999999 -999999 -999999 -999999 717     115     -265    
3520   1988 -999999 -999999 -999999 -999999 -999999 -999999 -999999 -39     -999999 -316    -999999 -999999 -999999 -999999 -999999 -999999 396     -206    -999999 
3520   1989 -999999 -999999 -999999 -999999 -999999 -999999 -999999 251     -999999 -999999 -999999 -999999 -999999 -999999 -999999 -999999 579     -999999 -999999 
3520   1990 665     -999999 1189    -999999 672     1512    458     -75     266     339     554     1133    1420    1583    1528    902     565     -97     -158    
3520   1991 582     -57     1153    -314    489     1509    585     -252    -555    103     488     876     1113    1805    1596    1012    569     175     -42     
3520   1992 606     137     1194    -47     591     1557    299     14      -119    211     232     1317    1658    1655    1362    912     68      -76     -4      
3520   1993 508     -38     1090    -87     600     1345    339     -101    -162    35      526     1237    -999999 1521    1264    781     403     -168    -351    
3520   1994 544     -286    1250    -633    483     1666    532     -596    -987    -79     571     961     1340    2081    1570    977     474     134     -8      
3520   1995 566     34      1202    -184    432     1643    591     -486    -48     96      303     891     1553    1688    1684    1069    867     -172    -782    
3520   1996 433     -294    1113    -774    326     1537    513     -595    -945    -193    458     718     1445    1458    1706    873     680     -20     -512    
3520   1997 625     -3      1278    -290    453     1765    487     -200    -145    163     349     844     1528    1830    1931    1177    318     -29     -288    
3520   1998 524     -49     1094    -175    431     1351    439     -210    -11     -73     307     1054    1255    1503    1292    1135    426     -245    -185    
3520   1999 584     -144    1240    -352    474     1559    753     -479    -397    -11     554     881     1524    1749    1404    1314    602     348     -525    
3520   2000 682     -999999 1131    -999999 588     1395    751     -999999 -174    102     517     1142    1297    1475    1409    925     848     478     37      
3520   2001 470     1       -999999 -327    338     -999999 644     -363    -691    -353    369     997     -999999 1759    1510    1064    755     108     -489    
3520   2002 -999999 -999999 -999999 -999999 -999999 -999999 346     -438    -999999 -999999 -999999 -999999 -999999 1725    1841    1118    181     -256    -661    
3520   2003 578     -248    1223    -550    530     1603    506     -532    -447    206     380     998     1443    1845    1516    1134    272     122     -71     
3520   2004 573     -72     1202    -282    548     1466    547     -541    -230    11      587     1048    1312    1488    1593    1167    526     -52     -67     
3520   2005 616     -33     1209    -133    399     1524    698     -5      -347    -285    575     912     1338    1738    1489    1186    595     315     -187    
3520   2006 646     -115    1309    -345    251     1717    768     -391    -470    -575    355     976     1592    1858    1695    1358    705     243     324     
3520   2007 605     137     1223    -149    656     1547    520     -251    -559    294     678     998     1529    1558    1552    1011    558     -10     -181    
3520   2008 632     70      1187    -35     525     1519    531     15      66      -29     550     1055    1500    1700    1356    939     626     26      -240    
3520   2009 536     -108    1243    -415    578     1477    603     -366    -662    -79     750     1068    1282    1593    1549    1197    259     365     -595    
3520   2010 335     -366    1197    -880    404     1586    367     -1170   -874    -209    460     962     1396    1834    1520    985     433     -319    -1076   
3520   2011 646     -373    1325    -766    599     1611    753     -436    -788    -87     860     1034    1592    1718    1523    1215    687     359     -13     
3520   2012 517     100     1109    -273    578     1410    576     -408    -408    358     353     1016    1233    1545    1446    1040    425     269     -694    
3520   2013 599     -230    1255    -548    408     1589    641     -577    -354    -444    397     1270    1476    1722    1566    1076    636     212     146     
3520   2014 679     157     1253    -87     671     1575    692     -479    90      334     642     1037    1297    1913    1505    1103    715     258     -305    
3520   2015 644     102     1156    -192    538     1458    630     -193    -67     191     597     828     1276    1537    1557    1124    539     230     67      
3520   2016 608     12      1246    -304    597     1522    609     -800    -171    206     452     1129    1474    1656    1435    1314    494     23      60      
3520   2017 576     35      1126    -161    511     1427    588     -337    -210    157     342     1026    1366    1487    1425    1087    573     105     -162    
3520   2018 629     -143    1384    -382    524     1714    670     -361    -650    -404    467     1509    1531    2035    1569    1161    638     212     -255    
3520   2019 -999999 16      1246    -269    531     1611    -999999 -488    -42     34      641     921     1632    1603    1598    1069    466     -999999 -999999 
