EUROPEAN CLIMATE ASSESSMENT & DATASET (ECA&D), file created on: 13-11-2019
THESE DATA CAN BE USED FOR NON-COMMERCIAL RESEARCH AND EDUCATION PROVIDED THAT THE FOLLOWING SOURCE IS ACKNOWLEDGED: 

Klein Tank, A.M.G. and Coauthors, 2002. Daily dataset of 20th-century surface
air temperature and precipitation series for the European Climate Assessment.
Int. J. of Climatol., 22, 1441-1453.
Data and metadata available at http://www.ecad.eu

FILE FORMAT (MISSING VALUE CODE = -999999):

THIS FILE HOLDS DATA FOR STATION RUSSIAN FEDERATION                       TUTONCHANY                               (STAID:   8080)
LATITUDE: dd:mm:ss +64:12:00
LONGITUDE: ddd:mm:ss +093:46:48
ELEVATION: m  105

DATA IS FOR INDEX Mean of daily mean temperature (TG) with unit 0.01 Temperature (&#176;C)

01-06 SOUID: Source identifier
08-11 YEAR : YYYY
13-20 ANNUAL DATA VALUES
21-28 WINTER HALF YEAR DATA VALUES
29-36 SUMMER HALF YEAR DATA VALUES
37-44 WINTER (DJF) DATA VALUES
45-52 SPRING (MAM) DATA VALUES
53-60 SUMMER (JJA) DATA VALUES
61-68 AUTUMN (SON) DATA VALUES
69-76 JANUARY DATA VALUES
etc. 
157-164 DECEMBER DATA VALUES

8080   1959 -772    -999999 693     -999999 -669    1414    -682    -3516   -2712   -1182   -851    21      1374    1564    1303    724     -627    -2144   -3335   
8080   1960 -953    -2571   678     -3428   -940    1305    -1047   -3906   -3017   -2414   -759    359     1160    1598    1152    520     -705    -2969   -2536   
8080   1961 -855    -2289   675     -2970   -429    1132    -883    -3619   -2732   -1239   -299    256     923     1408    1059    682     -955    -2372   -3473   
8080   1962 -604    -2111   762     -2594   -672    1441    -876    -2005   -2273   -1611   -571    171     1213    1742    1361    625     -720    -2539   -2765   
8080   1963 -613    -2039   639     -2497   -767    1342    -477    -2649   -2031   -1545   -960    198     1001    1622    1391    538     -96     -1885   -3036   
8080   1964 -877    -2173   662     -2870   -1135   1387    -786    -2510   -3078   -2483   -1029   110     991     1789    1369    698     -822    -2232   -3409   
8080   1965 -999999 -999999 -999999 -999999 -999999 -999999 -933    -999999 -999999 -1526   -671    155     818     -999999 1383    414     -224    -3012   -3217   
8080   1966 -1112   -2720   641     -3634   -1048   1294    -1018   -3649   -4034   -2367   -1154   375     1116    1536    1218    731     -792    -3000   -3471   
8080   1967 -589    -2386   723     -3041   -610    1378    -554    -2683   -2960   -1484   -561    217     1271    1835    1023    520     22      -2224   -2235   
8080   1968 -949    -1907   622     -2864   -340    1271    -1227   -3638   -2710   -718    -405    100     1021    1700    1085    199     -549    -3403   -4209   
8080   1969 -1058   -3217   649     -4450   -913    1410    -689    -4472   -4693   -2043   -932    234     1100    1941    1180    325     -904    -1524   -3167   
8080   1970 -906    -2405   589     -3227   -1002   1224    -779    -3332   -3175   -2275   -653    -67     960     1664    1040    561     -788    -2110   -2911   
8080   1971 -805    -2474   671     -3260   -938    1346    -399    -3074   -3853   -2228   -900    315     1268    1451    1317    536     -312    -1420   -2950   
8080   1972 -984    -2286   658     -3330   -870    1431    -1111   -3883   -3144   -1973   -683    59      1487    1519    1288    204     -711    -2840   -3195   
8080   1973 -607    -2291   744     -2943   -544    1416    -641    -2898   -2715   -1447   -755    563     1410    1448    1389    368     -554    -1741   -2505   
8080   1974 -1108   -2488   646     -3599   -819    1290    -1299   -4607   -3693   -1918   -709    174     1245    1460    1164    512     -1348   -3061   -2690   
8080   1975 -641    -2274   703     -2635   -512    1312    -794    -2550   -2670   -1390   -598    450     1405    1376    1158    400     -549    -2241   -2627   
8080   1976 -864    -2221   724     -2845   -875    1448    -879    -2935   -2982   -2044   -708    134     1368    1650    1325    546     -1106   -2070   -3594   
8080   1977 -999999 -2709   704     -3704   -721    1274    -999999 -3941   -3564   -2040   -463    350     1241    1467    1114    489     -1133   -999999 -3042   
8080   1978 -579    -999999 658     -2912   -803    1327    -267    -3296   -2342   -1868   -706    169     1063    1721    1187    477     -197    -1082   -999999 
8080   1979 -969    -999999 692     -999999 -928    1465    -877    -4165   -3885   -1959   -885    63      1526    1785    1086    551     -871    -2310   -2753   
8080   1980 -889    -2472   689     -3132   -1025   1432    -729    -3613   -3023   -2293   -761    -13     1178    1692    1418    586     -352    -2434   -3122   
8080   1981 -643    -2090   748     -2744   -599    1395    -954    -2187   -2941   -1597   -378    184     1298    1586    1297    472     -1204   -2122   -2287   
8080   1982 -721    -2262   852     -2671   -648    1462    -1125   -3393   -2298   -2265   -140    477     1388    1612    1382    363     -1253   -2481   -2132   
8080   1983 -556    -2088   632     -2517   -719    1331    -294    -2537   -2922   -1294   -956    86      1370    1527    1098    642     -256    -1268   -2325   
8080   1984 -874    -1876   705     -2612   -984    1542    -1149   -2726   -2798   -1925   -1488   444     1527    1744    1353    601     -985    -3069   -3261   
8080   1985 -831    -2778   790     -3589   -727    1474    -551    -3415   -4147   -1936   -535    296     1680    1554    1195    531     -211    -1983   -3229   
8080   1986 -617    -2086   715     -2881   -791    1449    -393    -3172   -2175   -1751   -811    189     1148    1846    1343    536     -336    -1382   -2927   
8080   1987 -922    -2146   627     -3023   -918    1263    -1061   -3451   -2657   -2148   -822    219     716     1724    1333    546     -657    -3087   -2911   
8080   1988 -691    -2484   605     -3126   -852    1193    -424    -2998   -3494   -1845   -990    274     957     1470    1143    742     -453    -1559   -1653   
8080   1989 -657    -1631   540     -2165   -644    1194    -765    -3063   -1737   -1328   -1036   420     858     1514    1198    237     -518    -2021   -2495   
8080   1990 -712    -2141   804     -3241   -230    1448    -789    -4329   -2860   -689    -480    471     1230    1867    1241    460     -514    -2321   -2765   
8080   1991 -744    -2268   781     -2916   -797    1391    -490    -2829   -3178   -2092   -539    249     1135    1816    1212    778     -542    -1705   -3389   
8080   1992 -666    -1953   623     -2625   -778    1343    -888    -2348   -2105   -1629   -1083   368     863     1637    1514    382     -446    -2615   -2613   
8080   1993 -560    -1806   691     -2300   -527    1430    -776    -2175   -2092   -948    -697    58      1308    1740    1240    466     -466    -2339   -2935   
8080   1994 -816    -2321   760     -3316   -539    1478    -737    -3718   -3295   -1270   -638    287     1350    1862    1217    442     -319    -2348   -3533   
8080   1995 -475    -1982   739     -2609   -485    1302    -529    -2263   -1970   -1472   -191    216     931     1624    1339    481     -393    -1679   -2423   
8080   1996 -796    -1958   600     -2771   -673    1330    -868    -3370   -2504   -1405   -707    92      1167    1879    939     194     -618    -2190   -3092   
8080   1997 -673    -2179   870     -2956   -219    1243    -709    -3290   -2435   -1477   281     555     1065    1418    1242    637     -271    -2508   -3398   
8080   1998 -888    -2232   644     -3147   -596    1409    -1462   -3536   -2438   -1272   -699    180     982     1698    1533    122     -945    -3579   -2842   
8080   1999 -805    -2692   697     -3038   -873    1260    -755    -3775   -2440   -2579   -714    678     945     1770    1054    402     -673    -1998   -2432   
8080   2000 -982    -2210   772     -3067   -548    1440    -1128   -3797   -2966   -1438   -576    369     1412    1469    1437    488     -701    -3184   -4358   
8080   2001 -741    -2844   832     -3816   -733    1608    -526    -3903   -3118   -1836   -819    454     1649    1578    1600    492     -508    -1564   -3059   
8080   2002 -745    -1976   727     -2874   -509    1464    -882    -3025   -2501   -1237   -857    555     1488    1659    1260    278     -456    -2482   -3586   
8080   2003 -673    -2265   788     -3064   -644    1475    -914    -2979   -2579   -1545   -678    290     1593    1515    1320    664     -534    -2884   -2402   
8080   2004 -999999 -2160   656     -2617   -730    1303    -999999 -2766   -2688   -1746   -739    295     1400    1526    985     441     -457    -999999 -3764   
8080   2005 -602    -999999 877     -3272   -489    1488    -367    -2831   -3216   -1475   -564    568     1426    1800    1235    762     -243    -1625   -3237   
8080   2006 -867    -2391   766     -3605   -801    1487    -857    -4394   -3138   -1756   -935    283     1506    1795    1161    756     -945    -2379   -2504   
8080   2007 -556    -2141   828     -2585   -487    1349    -555    -1795   -3549   -1821   92      286     1166    1662    1213    523     -356    -1840   -2478   
8080   2008 -673    -1934   693     -2728   -555    1312    -551    -3536   -2132   -1269   -915    506     1276    1459    1198    594     -333    -1920   -3046   
8080   2009 -886    -2229   776     -3083   -685    1365    -899    -2655   -3598   -1942   -260    160     1192    1667    1229    645     -504    -2851   -3908   
8080   2010 -970    -2715   622     -3745   -681    1207    -676    -3571   -3759   -1801   -547    310     1127    1416    1075    321     -393    -1967   -4030   
8080   2011 -538    -2251   891     -3414   -123    1364    -593    -3224   -2943   -1007   -58     698     1540    1333    1225    587     -203    -2176   -2393   
8080   2012 -804    -2053   878     -2764   -534    1445    -916    -3555   -2314   -1697   -366    468     1490    1789    1056    806     -692    -2869   -3785   
8080   2013 -604    -2614   837     -3386   -635    1508    -586    -3433   -2891   -2049   -319    474     1454    1715    1353    310     -407    -1667   -1938   
