EUROPEAN CLIMATE ASSESSMENT & DATASET (ECA&D), file created on: 13-11-2019
THESE DATA CAN BE USED FOR NON-COMMERCIAL RESEARCH AND EDUCATION PROVIDED THAT THE FOLLOWING SOURCE IS ACKNOWLEDGED: 

Klein Tank, A.M.G. and Coauthors, 2002. Daily dataset of 20th-century surface
air temperature and precipitation series for the European Climate Assessment.
Int. J. of Climatol., 22, 1441-1453.
Data and metadata available at http://www.ecad.eu

FILE FORMAT (MISSING VALUE CODE = -999999):

THIS FILE HOLDS DATA FOR STATION KYRGYZSTAN                               BISHKEK                                  (STAID:   3009)
LATITUDE: dd:mm:ss +42:49:48
LONGITUDE: ddd:mm:ss +074:34:48
ELEVATION: m  756

DATA IS FOR INDEX Mean of daily mean temperature (TG) with unit 0.01 Temperature (&#176;C)

01-06 SOUID: Source identifier
08-11 YEAR : YYYY
13-20 ANNUAL DATA VALUES
21-28 WINTER HALF YEAR DATA VALUES
29-36 SUMMER HALF YEAR DATA VALUES
37-44 WINTER (DJF) DATA VALUES
45-52 SPRING (MAM) DATA VALUES
53-60 SUMMER (JJA) DATA VALUES
61-68 AUTUMN (SON) DATA VALUES
69-76 JANUARY DATA VALUES
etc. 
157-164 DECEMBER DATA VALUES

3009   1936 1022    -999999 1896    -999999 931     2249    1290    -634    -268    51      1056    1691    2290    2362    2097    1867    1554    440     -274    
3009   1937 966     210     1934    -353    976     2338    943     -557    -214    280     922     1679    2056    2584    2366    1972    1132    -280    -484    
3009   1938 1104    46      2096    -300    1289    2374    1022    -284    -114    280     1532    2062    2220    2471    2420    1851    928     292     -443    
3009   1939 1114    109     1973    -303    994     2432    1067    -348    -99     311     901     1767    2349    2603    2341    1850    923     433     255     
3009   1940 1144    275     1990    -72     1151    2421    1093    -380    -93     493     1399    1570    2364    2590    2313    1709    1209    356     206     
3009   1941 1200    403     2009    32      1287    2383    1133    -242    143     718     1309    1835    2441    2337    2372    1744    1285    364     27      
3009   1942 998     183     1869    -379    1079    2274    1030    -127    -1106   537     1039    1659    2207    2465    2148    1673    1036    379     -100    
3009   1943 970     99      1978    -334    1022    2407    815     -420    -499    146     1078    1844    2147    2664    2402    1703    895     -155    -273    
3009   1944 1058    219     2025    -132    1369    2445    851     -317    217     937     1234    1931    2281    2740    2307    1624    852     78      -1208   
3009   1945 973     -300    1981    -915    1017    2339    1050    -562    -982    -34     1320    1776    2165    2371    2474    1759    1295    87      -131    
3009   1946 1033    251     1933    -84     1158    2206    1024    -350    264     335     1281    1863    2028    2406    2178    1822    1266    -24     -719    
3009   1947 1050    131     1866    -477    1282    2194    1111    -362    -338    912     1309    1627    1971    2286    2319    1666    1001    670     -543    
3009   1948 1027    214     1884    -276    1046    2328    976     -49     -234    427     992     1715    2080    2609    2286    1591    1035    301     -480    
3009   1949 904     79      1816    -367    1008    2209    736     -525    -66     205     1188    1638    2029    2372    2220    1424    776     6       -477    
3009   1950 943     14      1966    -412    1166    2356    815     -334    -426    497     1064    1933    2266    2498    2300    1706    982     -248    -1017   
3009   1951 933     -356    1957    -962    1059    2222    963     -659    -1237   -41     1296    1929    1934    2431    2292    1831    1007    48      205     
3009   1952 970     264     1884    40      1050    2284    738     -124    39      386     1137    1629    2069    2435    2342    1669    968     -431    -523    
3009   1953 1041    78      1948    -177    1130    2272    850     -230    265     423     1088    1878    2111    2531    2168    1889    700     -33     -349    
3009   1954 866     -116    1841    -452    931     2153    976     -529    -480    -38     1243    1598    1876    2293    2281    1732    1166    23      -859    
3009   1955 1078    22      1930    -469    962     2395    1114    -492    -13     304     864     1714    2321    2444    2416    1792    978     578     -34     
3009   1956 1037    133     1954    -359    1113    2312    1172    -831    -203    306     1335    1706    1947    2683    2295    1732    1056    732     -339    
3009   1957 941     82      1871    -618    1026    2269    979     -824    -700    514     902     1659    2274    2322    2209    1836    970     130     -117    
3009   1958 1018    282     1770    -30     1019    2182    870     -141    190     647     1011    1398    2034    2430    2076    1652    964     -8      -92     
3009   1959 994     75      1963    -236    1006    2265    1083    -371    -246    171     1315    1542    2220    2237    2337    2117    1048    86      -592    
3009   1960 960     88      1819    -189    772     2274    894     -81     126     -56     1026    1353    2194    2314    2310    1697    1031    -50     -364    
3009   1961 1087    55      2036    -383    1297    2334    960     -444    -338    455     1354    2084    2220    2488    2290    1757    713     419     -47     
3009   1962 1060    293     1914    -115    1235    2344    815     -355    77      933     1090    1677    2180    2528    2320    1664    1000    -224    -244    
3009   1963 1168    275     1871    52      1151    2274    1092    89      340     677     1045    1728    2228    2409    2184    1610    1205    455     -8      
3009   1964 947     202     1848    -329    1087    2237    969     -577    -408    515     1123    1624    2121    2308    2277    1615    766     532     -570    
3009   1965 1132    85      1999    -425    1204    2384    1115    -397    -295    452     1254    1908    2254    2648    2246    1660    1057    628     69      
3009   1966 1072    406     1940    81      1007    2397    925     -31     220     482     1046    1493    2367    2398    2423    1897    928     -51     -359    
3009   1967 1044    84      1858    -324    1152    2188    959     -311    -300    559     1265    1635    2049    2333    2177    1670    983     222     152     
3009   1968 1017    278     1846    -87     1096    2273    1018    -101    -327    699     958     1627    2121    2425    2268    1649    1040    366     -578    
3009   1969 906     -208    1880    -1004   1060    2235    1007    -1197   -1263   301     1239    1646    2106    2395    2201    1672    985     365     266     
3009   1970 1056    263     1929    -37     1108    2252    1043    -455    91      313     1309    1708    2118    2306    2326    1786    1085    256     -220    
3009   1971 1158    143     1940    -355    1114    2331    1267    -623    -207    535     1168    1641    2334    2379    2281    1821    1257    722     503     
3009   1972 902     149     1838    -405    1001    2128    1160    -739    -1019   111     1193    1705    2062    2203    2116    1733    1112    639     -349    
3009   1973 1111    195     1961    -323    1082    2410    1140    -471    -131    354     1296    1604    2270    2624    2332    1616    1146    656     -40     
3009   1974 970     114     1988    -508    1148    2356    1143    -692    -822    365     1260    1822    2284    2635    2148    1757    1140    532     -900    
3009   1975 1114    141     2041    -489    1215    2426    1010    -283    -262    595     1331    1723    2184    2658    2427    1899    1069    59      -137    
3009   1976 1025    178     1983    -93     1048    2401    863     162     -319    200     1160    1787    2175    2568    2452    1724    906     -42     -536    
3009   1977 1116    -23     2070    -578    1288    2422    1191    -910    -256    676     1381    1809    2427    2473    2365    1951    1003    625     -220    
3009   1978 1110    168     2010    -355    1177    2305    1096    -413    -440    410     1404    1723    2156    2537    2218    2006    1093    189     325     
3009   1979 1093    261     1860    -20     959     2281    1134    -562    197     316     1147    1419    2072    2479    2285    1742    1381    270     318     
3009   1980 1153    231     2020    -168    1121    2363    1309    -376    -466    216     1344    1809    2159    2561    2362    1860    1207    865     238     
3009   1981 1099    467     1916    -29     1263    2234    1001    -119    -225    780     1270    1737    2117    2368    2214    1769    909     330     -55     
3009   1982 1097    222     2011    -98     1250    2310    954     -121    -118    361     1447    1948    2230    2380    2317    1723    1071    64      -219    
3009   1983 1201    277     2008    -10     1154    2421    1175    -65     281     523     1315    1629    2174    2568    2514    1824    1054    650     -111    
3009   1984 912     67      2009    -607    1078    2516    1072    -690    -1047   494     1039    1699    2368    2587    2587    1748    1052    416     -1370   
3009   1985 1072    -19     1989    -562    1032    2362    934     -367    117     68      1355    1685    2248    2567    2266    1793    904     106     63      
3009   1986 1118    223     1980    44      1020    2336    1087    55      10      173     1131    1761    2142    2542    2318    1966    1035    262     -58     
3009   1987 1110    368     1868    99      1091    2232    861     105     266     582     1017    1672    1899    2347    2438    1808    595     188     331     
3009   1988 1139    141     1973    -103    1082    2346    1243    -183    -480    355     1401    1500    2292    2531    2215    1888    1009    838     263     
3009   1989 1047    249     1884    -224    938     2329    1096    -443    -521    290     917     1606    2122    2487    2371    1776    1234    274     325     
3009   1990 1154    286     2041    -120    1149    2438    1233    -501    -190    531     1105    1810    2473    2457    2386    1998    1127    578     -9      
3009   1991 1115    223     2000    -235    1097    2360    1215    -420    -280    307     1306    1684    2178    2576    2319    1916    1254    474     -28     
