EUROPEAN CLIMATE ASSESSMENT & DATASET (ECA&D), file created on: 13-11-2019
THESE DATA CAN BE USED FOR NON-COMMERCIAL RESEARCH AND EDUCATION PROVIDED THAT THE FOLLOWING SOURCE IS ACKNOWLEDGED: 

Klein Tank, A.M.G. and Coauthors, 2002. Daily dataset of 20th-century surface
air temperature and precipitation series for the European Climate Assessment.
Int. J. of Climatol., 22, 1441-1453.
Data and metadata available at http://www.ecad.eu

FILE FORMAT (MISSING VALUE CODE = -999999):

THIS FILE HOLDS DATA FOR STATION ITALY                                    PONZA                                    (STAID:   2092)
LATITUDE: dd:mm:ss +40:55:12
LONGITUDE: ddd:mm:ss +012:57:00
ELEVATION: m  184

DATA IS FOR INDEX Mean of daily mean temperature (TG) with unit 0.01 Temperature (&#176;C)

01-06 SOUID: Source identifier
08-11 YEAR : YYYY
13-20 ANNUAL DATA VALUES
21-28 WINTER HALF YEAR DATA VALUES
29-36 SUMMER HALF YEAR DATA VALUES
37-44 WINTER (DJF) DATA VALUES
45-52 SPRING (MAM) DATA VALUES
53-60 SUMMER (JJA) DATA VALUES
61-68 AUTUMN (SON) DATA VALUES
69-76 JANUARY DATA VALUES
etc. 
157-164 DECEMBER DATA VALUES

2092   1951 1571    -999999 1971    -999999 1273    2266    1721    991     1001    985     1263    1572    2085    2338    2368    2189    1581    1398    1053    
2092   1952 1577    1116    2059    899     1375    2393    1645    835     805     1014    1430    1683    2208    2497    2468    2055    1682    1195    1023    
2092   1953 1549    1062    1970    846     1316    2204    1767    712     799     941     1297    1708    1910    2359    2333    2196    1782    1322    1174    
2092   1954 1491    1151    1875    895     1272    2139    1675    756     739     1097    1197    1521    2072    2171    2172    2110    1648    1267    1093    
2092   1955 1616    1188    1980    1069    1317    2274    1724    1077    1032    1000    1255    1693    2074    2378    2363    2103    1715    1355    1299    
2092   1956 1542    1171    1976    991     1308    2229    1709    1093    553     978     1247    1698    1906    2312    2458    2216    1671    1242    1086    
2092   1957 1642    1212    1992    1063    1368    2288    1831    965     1146    1154    1371    1578    2155    2337    2366    2136    1865    1490    1115    
2092   1958 1646    1249    2024    1059    1316    2288    1873    994     1070    951     1193    1799    2057    2304    2496    2276    1864    1478    1226    
2092   1959 1649    1324    2014    1103    1443    2301    1747    972     1114    1278    1362    1686    2074    2417    2405    2125    1706    1410    1205    
2092   1960 1658    1272    2020    1117    1420    2313    1791    1058    1087    1158    1373    1726    2238    2350    2348    2073    1795    1506    1163    
2092   1961 1691    1307    2087    1100    1475    2322    1875    999     1141    1226    1515    1684    2116    2412    2430    2358    1834    1436    1112    
2092   1962 1615    1242    2037    1070    1340    2300    1788    1102    990     960     1423    1639    2003    2374    2514    2253    1794    1316    971     
2092   1963 1640    1127    2066    866     1382    2366    1845    789     836     1034    1379    1732    2132    2520    2438    2178    1744    1616    1231    
2092   1964 1665    1294    2078    1074    1463    2370    1780    977     1009    1180    1389    1818    2195    2495    2414    2142    1713    1486    1133    
2092   1965 1592    1202    1947    961     1325    2268    1781    1018    706     1116    1248    1609    2068    2375    2354    2012    1851    1478    1194    
2092   1966 1636    1284    2033    1097    1397    2299    1785    908     1200    1071    1404    1717    2206    2325    2365    2174    1910    1265    1066    
2092   1967 1652    1234    2002    1009    1366    2315    1866    968     992     1181    1281    1632    1995    2505    2437    2146    1919    1531    1179    
2092   1968 1613    1275    2000    1040    1416    2243    1776    856     1087    1073    1413    1763    2087    2400    2238    2084    1795    1449    1092    
2092   1969 1610    1231    1986    1012    1413    2201    1859    1014    921     1091    1329    1817    1922    2290    2382    2160    1856    1561    923     
2092   1970 1606    1243    1965    1001    1275    2259    1808    1105    972     1024    1265    1535    2108    2281    2384    2203    1742    1479    1127    
2092   1971 1584    1198    2025    1037    1318    2330    1649    1020    956     850     1372    1735    1981    2404    2595    2041    1648    1256    1099    
2092   1972 1602    1240    1931    1086    1427    2207    1650    1040    1123    1267    1359    1654    2056    2306    2254    1941    1581    1431    1193    
2092   1973 1608    1183    2017    1035    1277    2333    1818    1014    885     973     1114    1740    2133    2408    2454    2246    1812    1412    1070    
2092   1974 1615    1274    2026    1085    1362    2335    1646    1121    1062    1149    1292    1643    2081    2375    2540    2210    1439    1296    1137    
2092   1975 1636    1170    2032    1080    1375    2279    1775    1090    1005    1042    1320    1761    2019    2379    2431    2267    1751    1309    1207    
2092   1976 1618    1248    1988    1114    1368    2280    1734    1037    1097    1078    1311    1713    2169    2400    2267    2051    1794    1355    1126    
2092   1977 1661    1305    1982    1127    1484    2227    1786    1096    1163    1287    1345    1815    2055    2322    2296    2044    1829    1484    1156    
2092   1978 1602    1276    1934    1054    1329    2226    1750    1028    969     1163    1223    1597    2051    2255    2366    2099    1750    1400    1267    
2092   1979 1622    1259    2006    1062    1380    2348    1751    879     1038    1203    1198    1734    2228    2437    2381    2100    1838    1312    1198    
2092   1980 1562    1231    1923    1038    1252    2200    1825    886     -999999 1079    1184    1491    1958    2176    2456    2263    1796    1418    913     
2092   1981 1627    1165    2039    867     1402    2302    1853    811     878     1154    1389    1663    2161    2258    2482    2273    1971    1309    1121    
2092   1982 1736    1284    2176    1081    1450    2513    1867    1128    984     1160    1443    1746    2342    2597    2594    2319    1813    1470    1181    
2092   1983 1682    1255    2110    1037    1398    2439    1849    1079    830     1122    1345    1725    2143    2644    2522    2265    1829    1453    1156    
2092   1984 1606    1243    1942    1061    1268    2270    1797    1074    947     987     1225    1591    1994    2418    2389    2014    1797    1581    1229    
2092   1985 1682    1263    2100    1024    1410    2376    1895    824     1019    1115    1359    1753    2165    2549    2408    2355    1834    1417    1291    
2092   1986 1691    1242    2127    1029    1514    2368    1890    965     811     1125    1429    1986    2080    2421    2595    2230    1942    1497    1137    
2092   1987 1642    1245    2045    1054    1261    2315    1905    1020    999     861     1371    1554    2010    2442    2483    2397    1944    1374    1203    
2092   1988 1635    1292    2057    1118    1417    -999999 1762    1135    1010    1074    1400    1777    2091    -999999 2517    2123    1917    1239    998     
2092   1989 1632    1246    1984    985     1446    2284    1724    913     1051    1340    1307    1686    2030    2398    2417    2051    1732    1389    1223    
2092   1990 1715    1335    2072    1210    1465    2357    1883    1126    1288    1247    1343    1801    2172    2427    2465    2205    1953    1489    1035    
2092   1991 1655    1315    2060    1039    1372    2387    1858    1134    938     1311    1280    1524    2084    2487    2579    2390    1803    1383    895     
2092   1992 1724    1235    2141    988     1510    2433    1875    1013    1059    1248    1326    1950    2198    2460    2635    2259    1829    1538    1120    
2092   1993 1715    1265    2144    1049    1480    2425    -999999 1069    952     1058    1444    1937    2337    2413    2524    2195    1919    1347    1294    
2092   1994 -999999 -999999 -999999 -999999 -999999 2567    1937    1169    -999999 1400    1336    1904    2260    2662    2780    2292    1893    1649    1279    
2092   1995 1720    1357    2095    1146    1427    2442    1848    964     1214    1165    1348    1764    2171    2638    2510    2117    1978    1445    1281    
2092   1996 1671    1336    2041    1163    1450    2328    1766    1200    997     1095    1461    1793    2195    2318    2468    1995    1791    1511    1201    
2092   1997 1718    1370    2040    1199    1489    2275    1882    1192    1204    1311    1259    1890    2121    2283    2417    2252    1886    1507    1247    
2092   1998 1725    1376    2116    1233    1426    2398    1850    1202    1251    1138    1414    1748    2190    2418    2578    2260    1905    1382    1081    
2092   1999 1755    1280    2172    1050    1485    2468    1978    1093    969     1218    1360    1884    2241    2534    2624    2380    2017    1522    1170    
2092   2000 1836    1332    -999999 1089    1566    2563    2047    1032    1066    1205    1488    2013    2491    2419    2782    2483    2008    1650    1446    
2092   2001 -999999 1512    -999999 1307    1579    2394    1932    1254    1197    1474    1371    1920    2153    2397    2602    2164    2083    1551    982     
2092   2002 -999999 1365    -999999 1049    1532    -999999 -999999 976     1208    1334    1476    1771    2331    -999999 2383    2196    -999999 -999999 1227    
2092   2003 -999999 -999999 -999999 -999999 1497    -999999 1868    -999999 -999999 1179    1383    1984    -999999 2732    2825    2236    1805    1584    1225    
2092   2004 1720    -999999 2084    -999999 1348    2417    1924    -999999 1039    1039    1362    1644    2214    2484    2545    2251    2022    1521    1333    
2092   2005 1670    1296    2124    1051    1433    2404    1856    1000    766     1061    1329    1906    2267    2485    2454    2284    1838    1447    1053    
2092   2006 -999999 -999999 -999999 -999999 -999999 -999999 -999999 954     -999999 -999999 -999999 -999999 -999999 -999999 -999999 -999999 -999999 -999999 -999999 
