EUROPEAN CLIMATE ASSESSMENT & DATASET (ECA&D), file created on: 13-11-2019
THESE DATA CAN BE USED FOR NON-COMMERCIAL RESEARCH AND EDUCATION PROVIDED THAT THE FOLLOWING SOURCE IS ACKNOWLEDGED: 

Klein Tank, A.M.G. and Coauthors, 2002. Daily dataset of 20th-century surface
air temperature and precipitation series for the European Climate Assessment.
Int. J. of Climatol., 22, 1441-1453.
Data and metadata available at http://www.ecad.eu

FILE FORMAT (MISSING VALUE CODE = -999999):

THIS FILE HOLDS DATA FOR STATION ITALY                                    USTICA                                   (STAID:   2100)
LATITUDE: dd:mm:ss +38:42:00
LONGITUDE: ddd:mm:ss +013:10:48
ELEVATION: m  250

DATA IS FOR INDEX Mean of daily mean temperature (TG) with unit 0.01 Temperature (&#176;C)

01-06 SOUID: Source identifier
08-11 YEAR : YYYY
13-20 ANNUAL DATA VALUES
21-28 WINTER HALF YEAR DATA VALUES
29-36 SUMMER HALF YEAR DATA VALUES
37-44 WINTER (DJF) DATA VALUES
45-52 SPRING (MAM) DATA VALUES
53-60 SUMMER (JJA) DATA VALUES
61-68 AUTUMN (SON) DATA VALUES
69-76 JANUARY DATA VALUES
etc. 
157-164 DECEMBER DATA VALUES

2100   1951 1684    -999999 2054    -999999 1396    2337    1847    1121    1133    1174    1327    1685    2112    2424    2469    2293    1714    1539    1177    
2100   1952 1733    1247    2206    1027    1452    2549    1900    984     912     1145    1460    1752    2364    2632    2646    2366    1929    1403    1170    
2100   1953 -999999 -999999 -999999 963     -999999 2290    1902    795     919     -999999 -999999 -999999 1986    2448    2427    2337    1933    1434    1363    
2100   1954 1623    1310    1981    1079    1370    2246    1823    923     938     1237    1314    1557    2171    2273    2292    2273    1761    1438    1258    
2100   1955 1696    1351    2034    1240    1430    2329    1756    1237    1222    1180    1311    1795    2170    2433    2378    2098    1735    1435    1320    
2100   1956 1617    1249    2016    1091    1348    2260    1827    1186    744     1049    1340    1655    1919    2320    2530    2315    1784    1385    1139    
2100   1957 1685    1317    2011    1161    1421    2308    1853    1069    1289    1240    1443    1579    2160    2312    2447    2112    1931    1514    1103    
2100   1958 1678    1285    2031    1060    1355    2296    1916    993     1088    1066    1221    1774    2068    2313    2501    2292    1921    1535    1321    
2100   1959 1655    1360    2011    1130    1441    2273    1801    972     1093    1300    1359    1660    2033    2335    2444    2221    1744    1439    1222    
2100   1960 1713    1315    2051    1169    1425    2352    1906    1101    1185    1192    1305    1774    2191    2383    2477    2159    1964    1595    1207    
2100   1961 1723    1344    2105    1109    1494    2321    1951    1040    1076    1164    1560    1762    2145    2387    2425    2346    1927    1581    1229    
2100   1962 1678    1340    2069    1132    1410    2331    1892    1174    978     1125    1358    1745    2040    2410    2532    2314    1942    1419    1047    
2100   1963 1649    1212    2024    949     1324    2337    1869    902     893     1045    1332    1597    2048    2465    2489    2197    1740    1675    1349    
2100   1964 1694    1350    2078    1147    1470    2365    1844    1036    1048    1243    1374    1789    2221    2408    2463    2199    1802    1533    1185    
2100   1965 1655    1261    2010    1033    1341    2343    1855    1083    811     1117    1250    1654    2097    2495    2428    2115    1863    1588    1290    
2100   1966 1671    1346    2031    1197    1367    2297    1879    1035    1272    1032    1391    1678    2130    2323    2433    2221    2020    1391    1103    
2100   1967 1694    1299    2039    1066    1417    2319    1955    1040    1053    1167    1326    1754    1958    2457    2530    2187    2010    1667    1130    
2100   1968 1689    1342    2060    1085    1497    2256    1880    966     1164    1115    1514    1862    2038    2401    2321    2212    1869    1560    1229    
2100   1969 1648    1313    1986    1099    1432    2191    1925    1035    1026    1139    1310    1843    1941    2247    2376    2182    1930    1664    1042    
2100   1970 1679    1335    2015    1082    1346    2308    1881    1168    1032    1155    1346    1537    2146    2305    2468    2280    1806    1558    1303    
2100   1971 1631    1284    2047    1130    1344    2334    1762    1085    987     945     1387    1703    2011    2367    2614    2183    1711    1394    1141    
2100   1972 1643    1292    1962    1118    1411    2250    1737    1065    1150    1283    1341    1607    2115    2325    2306    2066    1651    1498    1289    
2100   1973 1673    1245    2087    1111    1339    2373    1885    1115    911     982     1187    1839    2170    2457    2486    2334    1887    1436    1197    
2100   1974 1630    1331    1993    1143    1366    2274    1747    1131    1095    1219    1277    1597    2040    2325    2450    2258    1595    1394    1141    
2100   1975 1666    1234    2033    1081    1419    2261    1850    1095    1000    1159    1340    1756    2011    2374    2390    2313    1816    1422    1263    
2100   1976 1628    1291    1979    1125    1342    2278    1786    1050    1058    1125    1272    1626    2095    2388    2343    2132    1875    1346    1194    
2100   1977 1707    1352    2025    1191    1501    2259    1879    1139    1244    1301    1376    1823    2002    2360    2407    2166    1936    1533    1155    
2100   1978 1663    1322    2013    1085    1340    2335    1824    1002    1101    1193    1243    1582    2138    2387    2474    2242    1800    1430    1323    
2100   1979 1691    1334    2055    1168    1407    2376    1838    1050    1128    1257    1253    1706    2295    2397    2433    2231    1919    1360    1219    
2100   1980 1613    1296    1950    1121    1269    2239    1891    1061    1080    1126    1202    1477    1967    2271    2469    2300    1867    1506    1012    
2100   1981 1659    1236    2053    935     1441    2315    1859    862     930     1216    1449    1658    2192    2281    2468    2261    1991    1320    1195    
2100   1982 1742    1311    2150    1145    1388    2494    1945    1215    1015    1094    1334    1735    2286    2628    2554    2355    1935    1547    1169    
2100   1983 1727    1307    2133    1066    1469    2424    1927    1073    944     1148    1475    1785    2127    2618    2519    2257    1928    1595    1198    
2100   1984 1690    1332    2031    1117    1393    2314    1897    1136    1011    1113    1340    1726    1998    2492    2441    2169    1858    1665    1300    
2100   1985 1751    1355    2129    1158    1428    2420    1945    1007    1169    1124    1409    1752    2158    2593    2500    2350    1934    1552    1428    
2100   1986 1772    1378    2183    1167    1559    2425    2015    1041    1016    1267    1436    1969    2099    2485    2679    2411    2061    1570    1170    
2100   1987 1768    1314    2167    1102    1332    2471    2098    1043    1090    935     1443    1621    2116    2620    2686    2557    2140    1594    1419    
2100   1988 1765    1454    2175    1272    1536    -999999 1914    1264    1124    1169    1526    1913    2160    2636    2621    2248    2041    1452    1164    
2100   1989 1773    1398    2125    1158    1538    2412    1901    1148    1162    1411    1439    1762    2115    2519    2593    2303    1818    1586    1376    
2100   1990 1838    1447    2191    1318    1539    2482    2087    1224    1357    1317    1424    1871    2274    2582    2584    2397    2234    1626    1128    
2100   1991 1735    1434    2102    1109    1424    2408    2010    1126    1069    1390    1319    1560    2060    2505    2649    2506    2026    1497    1068    
2100   1992 1821    1356    2182    1112    1514    2466    2090    1153    1116    1263    1447    1829    2143    2472    2773    2420    2105    1758    1373    
2100   1993 1813    1423    2233    1183    1504    2543    2021    1122    1041    1135    1468    1908    2370    2533    2725    2397    2076    1578    1328    
2100   1994 -999999 -999999 -999999 -999999 1555    -999999 -999999 1161    1161    1399    1382    1908    2190    2665    2844    2482    2085    1728    1388    
2100   1995 1788    -999999 2128    1257    1460    2466    1935    1060    1344    1239    1379    1758    2154    2631    2603    2224    2039    1540    1443    
2100   1996 1747    1439    2107    1288    1474    2424    1847    1306    1103    1186    1439    1796    2169    2502    2594    2121    1790    1641    1299    
2100   1997 1806    1425    2145    1271    1489    2464    1980    1299    1210    1298    1279    1884    2350    2466    2574    2321    1984    1622    1311    
2100   1998 -999999 -999999 -999999 -999999 -999999 -999999 -999999 1242    -999999 -999999 1551    1841    2400    2555    -999999 2263    1943    1442    1175    
2100   1999 -999999 -999999 -999999 -999999 -999999 -999999 -999999 -999999 -999999 1262    1503    -999999 -999999 2471    2718    2462    2193    1666    1349    
2100   2000 -999999 -999999 -999999 -999999 1599    2526    -999999 1101    1162    1274    1503    1977    2325    2532    2708    2456    1972    1725    -999999 
2100   2001 -999999 -999999 -999999 -999999 -999999 -999999 -999999 -999999 -999999 -999999 -999999 -999999 2244    -999999 -999999 -999999 2190    -999999 -999999 
2100   2002 -999999 -999999 -999999 -999999 -999999 2431    -999999 -999999 -999999 1448    1537    1856    2292    2487    2494    -999999 1957    -999999 -999999 
2100   2003 -999999 -999999 -999999 -999999 -999999 -999999 -999999 1157    -999999 1232    -999999 -999999 -999999 -999999 -999999 2350    1978    1675    1289    
2100   2004 -999999 -999999 -999999 -999999 -999999 2470    2019    -999999 1198    1181    -999999 1710    2173    2568    2641    2348    2139    1597    1402    
2100   2005 1765    1369    2193    1115    1508    2498    2010    1033    889     1149    1376    1970    2337    2643    2508    2316    2021    1657    1153    
2100   2006 -999999 -999999 -999999 -999999 -999999 -999999 -999999 1036    -999999 -999999 -999999 -999999 -999999 -999999 -999999 -999999 -999999 -999999 -999999 
