EUROPEAN CLIMATE ASSESSMENT & DATASET (ECA&D), file created on: 13-11-2019
THESE DATA CAN BE USED FOR NON-COMMERCIAL RESEARCH AND EDUCATION PROVIDED THAT THE FOLLOWING SOURCE IS ACKNOWLEDGED: 

Klein Tank, A.M.G. and Coauthors, 2002. Daily dataset of 20th-century surface
air temperature and precipitation series for the European Climate Assessment.
Int. J. of Climatol., 22, 1441-1453.
Data and metadata available at http://www.ecad.eu

FILE FORMAT (MISSING VALUE CODE = -999999):

THIS FILE HOLDS DATA FOR STATION NORWAY                                   BANAK                                    (STAID:  18242)
LATITUDE: dd:mm:ss +70:03:36
LONGITUDE: ddd:mm:ss +024:59:24
ELEVATION: m    5

DATA IS FOR INDEX Mean of daily mean temperature (TG) with unit 0.01 Temperature (&#176;C)

01-06 SOUID: Source identifier
08-11 YEAR : YYYY
13-20 ANNUAL DATA VALUES
21-28 WINTER HALF YEAR DATA VALUES
29-36 SUMMER HALF YEAR DATA VALUES
37-44 WINTER (DJF) DATA VALUES
45-52 SPRING (MAM) DATA VALUES
53-60 SUMMER (JJA) DATA VALUES
61-68 AUTUMN (SON) DATA VALUES
69-76 JANUARY DATA VALUES
etc. 
157-164 DECEMBER DATA VALUES

18242  1957 133     -999999 752     -999999 -118    1166    211     -572    -875    -705    0       355     760     1498    1228    644     108     -115    -808    
18242  1958 -1      -627    637     -983    -287    1049    296     -1044   -1111   -823    -273    234     885     1133    1123    702     217     -28     -1091   
18242  1959 226     -330    734     -713    80      1157    203     -926    -59     -60     -203    495     1029    1265    1172    624     165     -178    -629    
18242  1960 156     -509    966     -967    274     1325    36      -1062   -1227   -160    231     750     947     1713    1302    823     -133    -578    -795    
18242  1961 -999999 -561    -999999 -756    -999999 -999999 -999999 -768    -699    -407    -325    -999999 -999999 -999999 -999999 -999999 -999999 -999999 -999999 
18242  1962 -999999 -999999 -999999 -999999 -999999 -999999 -999999 -999999 -999999 -999999 -999999 -999999 -999999 -999999 -999999 -999999 -999999 -999999 -999999 
18242  1963 -999999 -999999 -999999 -999999 -999999 -999999 -999999 -999999 -999999 -999999 -999999 -999999 -999999 -999999 -999999 -999999 -999999 -999999 -999999 
18242  1964 -999999 -999999 -999999 -999999 -999999 -999999 -999999 -999999 -999999 -322    -999999 -999999 -999999 -999999 -999999 -999999 -999999 -999999 -999999 
18242  1965 -999999 -999999 -999999 -999999 -999999 -999999 61      -999999 -999999 -999999 -999999 -999999 -999999 -999999 999     793     92      -702    -1112   
18242  1966 -113    -978    629     -1365   -450    1161    50      -1270   -1749   -1193   -412    256     1015    1404    1058    427     -176    -95     -732    
18242  1967 129     -550    808     -927    80      1147    319     -1282   -750    -268    20      486     982     1246    1207    888     49      28      -1102   
18242  1968 -40     -659    547     -1130   -224    933     -33     -1410   -861    -646    -161    136     806     958     1029    494     -394    -188    -265    
18242  1969 33      -642    723     -849    -204    1175    165     -1015   -1314   -730    -208    325     925     1335    1257    678     279     -466    -774    
18242  1970 86      -643    784     -1044   -161    1297    144     -807    -1604   -574    -440    521     1199    1387    1303    708     230     -508    -527    
18242  1971 -34     -642    658     -884    -285    1078    -71     -952    -1203   -939    -253    338     876     1213    1139    608     39      -862    -503    
18242  1972 253     -489    881     -579    -37     1425    104     -504    -741    -393    -149    427     1371    1582    1322    714     225     -631    -246    
18242  1973 67      -399    769     -523    -30     1258    -136    -462    -898    -439    -73     421     1030    1664    1073    470     -234    -640    -1187   
18242  1974 253     -566    873     -809    144     1260    145     -623    -596    -121    77      475     1103    1455    1216    892     41      -496    -451    
18242  1975 135     -411    667     -627    96      922     258     -866    -558    -155    -41     478     716     1082    961     789     96      -107    -813    
18242  1976 37      -595    741     -977    -13     1107    -13     -1437   -660    -638    -47     643     833     1258    1223    507     -62     -482    -722    
18242  1977 22      -670    641     -929    -235    1084    150     -1093   -977    -710    -337    341     799     1249    1194    570     -12     -105    -719    
18242  1978 -20     -622    692     -959    -180    1113    61      -1144   -1019   -756    -277    491     1041    1162    1133    579     58      -455    -1115   
18242  1979 82      -729    800     -1136   -109    1260    83      -1261   -1019   -604    -140    417     989     1536    1246    724     -78     -393    -516    
18242  1980 37      -613    811     -824    -91     1194    34      -992    -972    -743    61      414     1141    1223    1216    796     85      -781    -1033   
18242  1981 -84     -831    618     -1071   -295    952     98      -1179   -992    -1099   -148    366     667     1179    1003    620     113     -441    -1154   
18242  1982 77      -591    618     -922    -71     957     95      -1019   -556    -483    -86     355     525     1306    1025    557     45      -314    -475    
18242  1983 94      -427    776     -644    62      1072    75      -832    -624    -376    74      487     915     1298    997     870     81      -728    -1075   
18242  1984 105     -626    -999999 -824    -999999 1036    27      -1048   -316    -651    56      -999999 975     1113    1017    549     72      -543    -390    
18242  1985 -87     -719    674     -1127   -212    1158    125     -1446   -1589   -495    -350    205     806     1455    1201    699     166     -491    -1314   
18242  1986 32      -688    673     -1179   -20     1110    197     -1310   -884    -310    -291    532     1127    1206    998     445     307     -165    -1324   
18242  1987 -71     -750    559     -1271   -259    867     252     -1256   -1228   -864    -230    317     679     1035    879     655     656     -568    -1014   
18242  1988 13      -595    724     -978    -215    1155    65      -894    -1028   -748    -311    411     988     1424    1048    762     155     -725    -969    
18242  1989 239     -492    859     -715    204     1182    203     -611    -548    -267    272     610     1157    1181    1208    710     60      -157    -795    
18242  1990 231     -428    813     -710    46      1215    166     -1105   -178    -359    159     342     1037    1293    1309    720     212     -434    -249    
18242  1991 162     -406    739     -517    -83     1149    101     -635    -684    -676    45      385     1040    1235    1168    542     155     -394    -297    
18242  1992 171     -244    731     -347    62      1044    -89     -365    -379    -195    -261    631     1060    1086    987     865     -434    -687    -277    
18242  1993 116     -478    666     -424    -78     1100    28      -538    -461    -473    -170    405     646     1432    1207    441     -75     -280    -792    
18242  1994 142     -594    797     -918    45      1160    100     -1243   -698    -475    208     408     903     1299    1271    672     54      -424    -327    
18242  1995 103     -342    697     -483    12      1066    -5      -558    -573    -248    -142    420     1003    1132    1061    688     -18     -684    -898    
18242  1996 100     -559    656     -766    -129    1106    162     -417    -998    -369    -227    206     944     1053    1316    621     292     -431    -849    
18242  1997 -999999 -506    -999999 -817    -999999 1199    167     -794    -807    -999999 -999999 377     906     1346    1335    901     154     -553    -493    
18242  1998 -24     -682    701     -958    -257    1176    -19     -818    -1628   -842    -305    375     901     1449    1171    588     166     -816    -670    
18242  1999 88      -682    762     -973    -94     1125    384     -1234   -1018   -554    -39     314     1136    1333    907     911     320     -76     -996    
18242  2000 206     -413    752     -765    -14     1121    379     -606    -687    -439    -131    524     871     1333    1151    737     541     -147    -711    
18242  2001 106     -483    797     -761    -248    1186    192     -537    -1065   -1025   -106    393     1182    1255    1121    926     140     -490    -600    
18242  2002 122     -484    -999999 -694    113     1224    -11     -717    -774    -493    314     599     1010    1397    1230    602     15      -652    -938    
18242  2003 190     -598    828     -936    146     1202    244     -1527   -278    -181    7       606     883     1546    1168    732     157     -156    -698    
18242  2004 241     -440    881     -805    163     1246    226     -810    -913    -241    180     550     899     1635    1194    803     224     -349    -335    
18242  2005 212     -361    802     -488    -58     1221    328     -583    -554    -595    54      370     1098    1323    1240    707     339     -63     -894    
18242  2006 194     -481    857     -772    -19     1178    142     -587    -845    -874    167     655     1081    1207    1242    772     -42     -299    -220    
18242  2007 -999999 -471    -999999 -841    125     -999999 -999999 -951    -1409   8       68      298     1029    1312    -999999 -999999 367     -999999 -999999 
18242  2008 118     -999999 645     -999999 -165    993     162     -641    -614    -683    -210    395     821     1187    965     689     174     -376    -348    
18242  2009 202     -386    843     -622    221     1088    264     -580    -973    -271    161     770     862     1189    1205    848     78      -129    -826    
18242  2010 46      -683    801     -1097   -2      1061    165     -1044   -1454   -779    88      689     828     1312    1035    832     326     -669    -725    
18242  2011 283     -593    921     -982    191     1196    533     -927    -1329   -306    334     549     1068    1294    1223    1046    461     93      -218    
18242  2012 121     -266    707     -644    64      1018    277     -819    -913    -229    -120    536     842     1170    1037    754     260     -182    -929    
18242  2013 267     -485    968     -708    -12     1314    281     -559    -630    -877    -13     855     1293    1325    1322    1009    145     -307    -411    
18242  2014 217     -359    818     -594    92      1207    215     -1096   -242    -233    59      449     910     1496    1206    765     170     -286    -616    
18242  2015 273     -372    840     -707    258     1095    346     -1004   -479    -23     212     581     890     1070    1319    931     273     -163    -384    
18242  2016 275     -391    934     -749    298     1170    336     -1266   -588    -222    181     930     957     1399    1148    968     421     -385    -283    
18242  2017 170     -282    715     -477    -48     1088    240     -540    -623    -318    -151    322     835     1271    1149    847     305     -435    -688    
18242  2018 218     -605    918     -877    -16     1261    411     -829    -1138   -893    -1      845     943     1587    1244    862     213     164     -480    
18242  2019 -999999 -391    806     -748    92      1077    -999999 -918    -857    -497    302     477     888     1232    1106    817     -67     -999999 -999999 
