EUROPEAN CLIMATE ASSESSMENT & DATASET (ECA&D), file created on: 13-11-2019
THESE DATA CAN BE USED FOR NON-COMMERCIAL RESEARCH AND EDUCATION PROVIDED THAT THE FOLLOWING SOURCE IS ACKNOWLEDGED: 

Klein Tank, A.M.G. and Coauthors, 2002. Daily dataset of 20th-century surface
air temperature and precipitation series for the European Climate Assessment.
Int. J. of Climatol., 22, 1441-1453.
Data and metadata available at http://www.ecad.eu

FILE FORMAT (MISSING VALUE CODE = -999999):

THIS FILE HOLDS DATA FOR STATION CROATIA                                  OSIJEK                                   (STAID:   1685)
LATITUDE: dd:mm:ss +45:31:59
LONGITUDE: ddd:mm:ss +018:37:59
ELEVATION: m   88

DATA IS FOR INDEX Mean of daily mean temperature (TG) with unit 0.01 Temperature (&#176;C)

01-06 SOUID: Source identifier
08-11 YEAR : YYYY
13-20 ANNUAL DATA VALUES
21-28 WINTER HALF YEAR DATA VALUES
29-36 SUMMER HALF YEAR DATA VALUES
37-44 WINTER (DJF) DATA VALUES
45-52 SPRING (MAM) DATA VALUES
53-60 SUMMER (JJA) DATA VALUES
61-68 AUTUMN (SON) DATA VALUES
69-76 JANUARY DATA VALUES
etc. 
157-164 DECEMBER DATA VALUES

1685   1858 -999999 -999999 2132    -999999 1493    2411    1768    -999999 -999999 1081    1557    1842    2348    2546    2336    2154    1879    1168    1033    
1685   1859 -999999 1147    -999999 885     1506    2509    -999999 694     934     1155    1495    1880    2186    2690    2644    2079    -999999 1396    900     
1685   1860 -999999 -999999 2103    -999999 1408    2370    -999999 -999999 741     950     1396    1877    2262    2330    2500    2265    1759    -999999 993     
1685   1861 -999999 -999999 2091    -999999 1340    2463    -999999 805     -999999 1040    1338    1642    2275    2497    2592    2207    1799    1558    808     
1685   1862 -999999 -999999 -999999 849     1628    -999999 1852    849     894     1285    1611    1986    2331    -999999 2410    2170    1934    1463    825     
1685   1863 -999999 -999999 -999999 -999999 -999999 -999999 -999999 1071    -999999 -999999 -999999 -999999 -999999 -999999 -999999 -999999 -999999 -999999 -999999 
1685   1864 1539    -999999 1963    -999999 1374    2279    1673    472     988     1217    1166    1733    2114    2395    2322    2032    1583    1408    1027    
1685   1865 1644    1111    2145    914     1464    2390    1792    1065    620     926     1463    2002    2156    2526    2484    2186    1777    1413    1003    
1685   1866 -999999 1275    -999999 1046    -999999 -999999 1653    950     1195    1290    1550    -999999 -999999 -999999 -999999 2197    1635    1199    1044    
1685   1867 1658    1211    2158    1064    1542    2387    1721    1085    1061    1227    1500    1897    2234    2430    2492    2384    1725    1054    762     
1685   1868 1677    1058    2163    839     1493    2445    1783    856     904     1039    1339    2097    2438    2440    2456    2194    1973    1175    1176    
1685   1869 1609    1173    2102    979     1492    2328    1646    658     1115    936     1433    2105    2177    2482    2321    2072    1638    1230    1113    
1685   1870 1546    1073    2037    881     1386    2350    1611    695     831     915     1303    1935    2249    2517    2280    1916    1493    1429    942     
1685   1871 1549    1110    2045    894     1392    2319    1692    876     862     1042    1440    1696    2026    2552    2370    2169    1606    1302    606     
1685   1872 1724    1115    2125    837     1594    2327    1891    927     987     1258    1538    1984    2091    2461    2422    2240    1970    1461    1312    
1685   1873 1667    1361    2080    1125    1510    2381    1777    1095    950     1338    1499    1693    2031    2535    2565    2138    1878    1313    910     
1685   1874 1568    1067    2071    795     1246    2424    1732    787     675     809     1427    1506    2358    2589    2322    2218    1801    1173    1090    
1685   1875 1542    1058    2093    839     1361    2464    1571    820     583     836     1283    1963    2427    2498    2466    1902    1596    1213    840     
1685   1876 -999999 1097    -999999 854     -999999 -999999 -999999 791     936     1201    1566    -999999 -999999 -999999 -999999 -999999 -999999 -999999 -999999 
1685   1877 -999999 -999999 -999999 -999999 -999999 -999999 -999999 -999999 -999999 -999999 -999999 -999999 -999999 -999999 -999999 -999999 -999999 -999999 -999999 
1685   1878 -999999 -999999 -999999 -999999 -999999 -999999 -999999 -999999 -999999 -999999 -999999 -999999 -999999 -999999 -999999 -999999 -999999 -999999 -999999 
1685   1879 -999999 -999999 -999999 -999999 -999999 -999999 -999999 -999999 -999999 -999999 -999999 -999999 -999999 -999999 -999999 -999999 -999999 -999999 -999999 
1685   1880 -999999 -999999 -999999 -999999 -999999 -999999 -999999 -999999 -999999 -999999 -999999 -999999 -999999 -999999 -999999 -999999 -999999 -999999 -999999 
1685   1881 -999999 -999999 -999999 -999999 -999999 -999999 -999999 -999999 -999999 -999999 -999999 -999999 -999999 -999999 -999999 -999999 -999999 -999999 -999999 
1685   1882 -999999 -999999 -999999 -999999 -999999 -999999 -999999 -999999 -999999 -999999 -999999 -999999 -999999 -999999 -999999 -999999 -999999 -999999 -999999 
1685   1883 -999999 -999999 -999999 -999999 -999999 -999999 -999999 -999999 -999999 -999999 -999999 -999999 -999999 -999999 -999999 -999999 -999999 -999999 -999999 
1685   1884 -999999 -999999 -999999 -999999 -999999 -999999 -999999 -999999 -999999 -999999 -999999 -999999 -999999 -999999 -999999 -999999 -999999 -999999 -999999 
1685   1885 -999999 -999999 -999999 -999999 -999999 -999999 -999999 -999999 -999999 -999999 -999999 -999999 -999999 -999999 -999999 -999999 -999999 -999999 -999999 
1685   1886 -999999 -999999 -999999 -999999 -999999 -999999 -999999 -999999 -999999 -999999 -999999 -999999 -999999 -999999 -999999 -999999 -999999 -999999 -999999 
1685   1887 -999999 -999999 -999999 -999999 -999999 -999999 -999999 -999999 -999999 -999999 -999999 -999999 -999999 -999999 -999999 -999999 -999999 -999999 -999999 
1685   1888 -999999 -999999 -999999 -999999 -999999 -999999 -999999 -999999 -999999 -999999 -999999 -999999 -999999 -999999 -999999 -999999 -999999 -999999 -999999 
1685   1889 -999999 -999999 -999999 -999999 -999999 -999999 -999999 -999999 -999999 -999999 -999999 -999999 -999999 -999999 -999999 -999999 -999999 -999999 -999999 
1685   1890 -999999 -999999 -999999 -999999 -999999 -999999 -999999 -999999 -999999 -999999 -999999 -999999 -999999 -999999 -999999 -999999 -999999 -999999 -999999 
1685   1891 -999999 -999999 -999999 -999999 -999999 -999999 -999999 -999999 -999999 -999999 -999999 -999999 -999999 -999999 -999999 -999999 -999999 -999999 -999999 
1685   1892 -999999 -999999 -999999 -999999 -999999 -999999 -999999 -999999 -999999 -999999 -999999 -999999 -999999 -999999 -999999 -999999 -999999 -999999 -999999 
1685   1893 -999999 -999999 -999999 -999999 -999999 -999999 -999999 -999999 -999999 -999999 -999999 -999999 -999999 -999999 -999999 -999999 -999999 -999999 -999999 
1685   1894 -999999 -999999 -999999 -999999 -999999 -999999 -999999 -999999 -999999 -999999 -999999 -999999 -999999 -999999 -999999 -999999 -999999 -999999 -999999 
1685   1895 -999999 -999999 -999999 -999999 -999999 -999999 -999999 -999999 -999999 -999999 -999999 -999999 -999999 -999999 -999999 -999999 -999999 -999999 -999999 
1685   1896 -999999 -999999 -999999 -999999 -999999 -999999 -999999 -999999 -999999 -999999 -999999 -999999 -999999 -999999 -999999 -999999 -999999 -999999 -999999 
1685   1897 -999999 -999999 -999999 -999999 -999999 -999999 -999999 -999999 -999999 -999999 -999999 -999999 -999999 -999999 -999999 -999999 -999999 -999999 -999999 
1685   1898 -999999 -999999 -999999 -999999 -999999 -999999 -999999 -999999 -999999 -999999 -999999 -999999 -999999 -999999 -999999 -999999 -999999 -999999 -999999 
1685   1899 -999999 -999999 1739    -999999 1086    1990    1098    -999999 -999999 456     1248    1559    1832    2105    2028    1650    996     652     -322    
1685   1900 1177    405     1797    126     1030    2121    1248    141     606     385     1107    1599    2047    2291    2023    1699    1210    836     153     
1685   1901 1036    365     1739    -205    1153    2025    1049    -591    -174    716     1148    1595    1960    2171    1944    1599    1222    321     429     
1685   1902 1047    542     1693    369     991     2030    1028    292     387     576     1141    1260    1830    2058    2196    1656    1212    211     -295    
1685   1903 1073    358     1635    -32     1066    1913    1131    -151    389     781     842     1566    1773    1993    1970    1647    1167    578     277     
1685   1904 1109    497     1786    182     1165    2121    991     -115    396     675     1177    1644    1937    2310    2110    1516    1153    300     172     
1685   1905 1077    327     1832    -68     1083    2199    1068    -443    80      674     943     1628    1989    2322    2279    1803    652     763     180     
1685   1906 1052    363     1715    37      1163    1989    1092    -124    55      632     1212    1647    1838    2141    1983    1448    1052    778     -105    
1685   1907 1066    265     1757    -168    994     2045    1228    -213    -187    239     832     1907    2027    2012    2095    1646    1563    464     311     
1685   1908 992     451     1787    45      1169    2074    799     -262    88      518     1005    1979    2182    2142    1903    1488    921     -16     -76     
1685   1909 1042    134     1730    -252    1101    1995    1122    -358    -330    611     1157    1535    1877    2000    2106    1689    1277    394     440     
1685   1910 1150    573     1719    361     1115    2038    1057    164     490     661     1104    1579    2014    2041    2059    1500    1142    525     475     
1685   1911 1125    473     1748    161     1072    2075    1220    -1      -9      663     994     1558    1840    2226    2152    1695    1150    818     335     
1685   1912 990     552     1580    150     1089    1981    776     -243    372     879     835     1546    2014    2088    1841    1131    901     291     197     
1685   1913 1055    365     1644    22      1185    1856    1166    -160    31      894     1164    1496    1912    1822    1837    1628    1160    710     110     
1685   1914 978     292     1693    -288    1150    1958    967     -643    -336    705     1217    1530    1803    2024    2042    1528    1022    350     394     
1685   1915 1093    461     1700    294     1055    2034    908     208     279     493     1018    1652    2094    2114    1898    1406    906     413     575     
1685   1916 1219    582     1782    363     1300    2103    1116    303     202     1064    1152    1679    2017    2234    2055    1534    1064    752     525     
1685   1917 1074    404     1861    39      1064    2210    1189    80      -544    468     1019    1704    2183    2199    2247    1799    1188    581     -149    
1685   1918 1105    389     1791    -33     1226    1952    1128    15      42      630     1428    1627    1716    2140    1993    1829    1110    446     219     
1685   1919 1066    495     1653    221     988     1953    1124    319     116     724     1059    1184    1883    1977    1998    1808    989     580     91      
1685   1920 1144    522     1843    242     1366    2019    877     340     299     818     1452    1830    1859    2204    1988    1709    812     112     262     
1685   1921 1147    444     1827    304     1229    2138    1004    436     204     804     1074    1803    1809    2352    2244    1647    1128    234     -53     
1685   1922 1035    273     1765    -194    1166    2081    971     -195    -349    814     1063    1617    1988    2137    2114    1650    933     329     210     
1685   1923 1163    410     1753    154     1193    1967    1340    121     127     707     1083    1785    1636    2152    2103    1731    1435    851     148     
1685   1924 1027    415     1793    -103    1142    1997    1100    -369    -87     495     1091    1839    2028    2097    1868    1820    1128    350     34      
1685   1925 1123    464     1742    242     1165    1985    1128    101     629     554     1256    1689    1788    2144    2017    1538    1162    684     -110    
1685   1926 1179    488     1715    153     1152    1880    1413    38      574     593     1312    1556    1801    1963    1874    1773    1265    1206    178     
1685   1927 1197    661     1893    188     1235    2228    1246    275     104     905     1188    1610    2156    2325    2199    1866    1109    766     -206    
1685   1928 -999999 -999999 1851    -999999 1100    2240    1210    -64     -999999 527     1279    1390    1947    2520    2243    1704    1119    808     85      
1685   1929 993     158     1764    -440    961     2119    1229    -524    -928    304     830     1746    1961    2157    2233    1628    1232    826     302     
1685   1930 1192    585     1843    198     1222    2130    1242    60      235     831     1263    1573    2153    2214    2024    1820    1113    799     163     
1685   1931 1069    451     1788    159     1034    2197    948     121     199     299     936     1864    2200    2307    2084    1308    995     540     -89     
1685   1932 1038    130     1861    -246    922     2108    1279    -125    -544    -28     1115    1685    1852    2289    2176    2030    1277    530     137     
1685   1933 981     405     1649    -20     990     1992    1135    -288    101     645     895     1425    1754    2149    2065    1582    1186    637     -430    
1685   1934 1220    392     1874    -163    1413    2056    1226    -131    97      971     1451    1817    1895    2137    2130    1798    1142    740     518     
1685   1935 1111    422     1801    56      1042    2167    1229    -362    6       460     1148    1523    2219    2186    2096    1621    1477    581     303     
1685   1936 1171    690     1818    378     1289    2109    952     534     291     922     1211    1730    1947    2374    2000    1623    699     543     140     
1685   1937 1169    399     1838    79      1257    2113    1194    -171    289     891     1052    1820    2118    2155    2067    1797    1169    616     171     
1685   1938 1101    480     1736    77      1067    2164    1142    -107    176     833     852     1508    2218    2235    2040    1543    1193    687     -22     
1685   1939 1154    468     1850    177     1136    2135    1132    255     309     376     1459    1582    2023    2287    2091    1647    1106    644     28      
1685   1940 886     147     1666    -417    994     1906    1201    -798    -487    364     1151    1472    1883    2080    1754    1645    1110    851     -422    
1685   1941 1004    416     1628    -72     1066    1966    865     -140    391     715     1106    1378    1890    2068    1937    1368    960     265     69      
1685   1942 1027    81      1859    -369    1016    2124    1245    -852    -321    334     969     1743    2031    2194    2145    2053    1236    446     263     
1685   1943 1163    459     1832    107     1164    2095    1254    -264    344     715     1292    1489    1803    2150    2324    1918    1325    518     287     
1685   1944 1104    441     1797    164     1008    2135    1154    225     -32     294     1226    1511    1956    2173    2269    1628    1218    614     121     
1685   1945 1165    453     1910    4       1335    2198    1083    -363    282     832     1234    1934    2142    2313    2139    1675    1054    520     156     
1685   1946 1186    415     2017    41      1360    2289    1103    -287    275     760     1402    1919    2187    2361    2316    1901    781     640     -61     
1685   1947 1159    250     1953    -282    1365    2178    1226    -654    -115    889     1419    1789    2114    2271    2147    1965    947     777     282     
1685   1948 1148    570     1802    333     1269    1978    1160    553     153     685     1314    1810    1812    1966    2151    1742    1242    495     -191    
1685   1949 1121    364     1761    49      1097    1914    1242    176     174     274     1309    1717    1746    2043    1947    1789    1175    763     280     
1685   1950 1186    455     1954    11      1281    2284    1109    -365    131     727     1260    1855    2178    2412    2259    1739    933     661     377     
1685   1951 1212    571     1830    375     1162    2118    1217    298     458     690     1139    1656    2006    2125    2219    1820    1007    833     247     
1685   1952 1171    460     1931    171     1157    2281    1094    117     147     404     1465    1613    2036    2391    2409    1652    1133    496     155     
1685   1953 1092    409     1793    94      1095    2074    1133    80      40      517     1252    1521    2014    2245    1962    1750    1286    358     5       
1685   1954 995     180     1741    -415    1032    2052    1149    -603    -672    625     921     1546    2116    1973    2070    1809    1080    561     394     
1685   1955 1064    469     1658    265     907     1971    1100    97      307     362     831     1525    1942    2041    1928    1664    1130    504     384     
1685   1956 940     260     1749    -82     939     2032    1007    225     -909    157     1094    1569    1844    2135    2110    1724    1058    237     -45     
1685   1957 1107    369     1749    44      1079    2137    1111    -265    484     752     1144    1344    2168    2217    2026    1586    1081    665     54      
1685   1958 1127    362     1813    86      1007    2102    1163    -161    396     149     887     1980    1888    2224    2187    1682    1151    658     430     
1685   1959 1085    515     1705    129     1195    2010    979     -31     -25     860     1142    1580    1864    2178    1983    1463    941     535     446     
1685   1960 1091    389     1687    62      1074    2000    1210    -315    54      658     1088    1476    1990    1949    2062    1540    1301    785     465     
1685   1961 1161    618     1786    257     1238    2011    1266    -22     335     825     1443    1451    2012    2010    2012    1783    1334    678     29      
1685   1962 1016    378     1738    26      1007    1993    1099    9       43      153     1250    1625    1817    1967    2188    1561    1138    598     -219    
1685   1963 1023    142     1869    -433    1092    2183    1278    -687    -389    377     1233    1672    2118    2271    2159    1747    1086    1007    -392    
1685   1964 1014    208     1772    -394    1035    2075    1170    -766    2       326     1205    1579    2211    2098    1922    1608    1161    740     75      
1685   1965 1039    407     1702    -53     1040    2007    1044    -23     -229    669     966     1483    1955    2151    1912    1733    994     408     355     
1685   1966 1160    424     1800    198     1175    2020    1277    -385    669     525     1332    1673    1973    2064    2022    1722    1567    531     211     
1685   1967 1108    499     1791    30      1151    2080    1234    -348    248     760     1039    1649    1896    2256    2080    1804    1307    590     -34     
1685   1968 1116    451     1799    54      1246    2021    1151    -160    376     626     1351    1765    2065    2095    1904    1603    1144    706     -85     
1685   1969 1024    306     1751    -161    1135    1937    1218    -362    -23     440     1074    1888    1820    2059    1929    1714    1109    835     -248    
1685   1970 1043    350     1709    -138    1010    2055    1113    -185    36      537     1079    1415    2045    2059    2061    1579    1004    761     69      
1685   1971 1084    392     1792    84      1113    2095    954     -137    347     316     1211    1815    1899    2143    2236    1422    924     517     264     
1685   1972 1104    478     1743    185     1242    2060    963     -39     340     852     1222    1651    2094    2123    1964    1389    890     613     130     
1685   1973 1049    403     1758    119     1095    2030    975     -52     295     537     956     1788    1952    2100    2035    1696    953     276     2       
1685   1974 1106    456     1699    227     1099    2003    978     166     545     796     1028    1471    1790    2040    2171    1675    751     515     294     
1685   1975 1140    465     1799    223     1240    1998    1135    241     123     832     1108    1775    1909    2101    1982    1901    1063    442     124     
1685   1976 1043    334     1689    59      1036    1933    1134    55      -6      307     1171    1636    1855    2168    1773    1517    1140    745     120     
1685   1977 1117    614     1686    282     1209    2000    1048    170     587     922     1002    1695    1969    2016    2014    1398    1154    588     -146    
1685   1978 1007    402     1625    -34     1067    1915    948     40      8       735     1027    1437    1866    1959    1919    1526    1101    213     179     
1685   1979 1128    405     1758    74      1199    2042    1090    -191    251     858     994     1739    2197    1955    1978    1670    983     620     427     
1685   1980 971     421     1610    109     915     1964    1060    -328    234     582     815     1345    1921    1968    2000    1593    1155    428     -85     
1685   1981 1093    379     1760    -92     1226    2025    1140    -274    100     924     1116    1634    2009    2037    2030    1723    1246    448     60      
1685   1982 1115    351     1803    -69     1035    2096    1270    -201    -65     579     815     1705    2076    2151    2059    1995    1284    530     364     
1685   1983 1142    559     1857    251     1311    2101    992     347     19      758     1354    1823    1901    2291    2105    1646    1087    238     43      
1685   1984 1040    328     1676    34      1032    1912    1191    13      48      519     1044    1534    1808    1933    1991    1735    1266    570     -15     
1685   1985 1007    224     1775    -334    1149    1995    1016    -598    -394    469     1179    1800    1717    2167    2093    1669    1008    372     496     
1685   1986 1062    350     1827    94      1211    2030    1069    79      -336    415     1339    1883    1922    1994    2172    1636    1048    523     -24     
1685   1987 1065    204     1831    -135    889     2116    1288    -397    32      37      1160    1479    1999    2380    1964    1996    1234    636     210     
1685   1988 1115    552     1812    293     1095    2147    920     317     358     547     1039    1698    1959    2323    2152    1675    1053    27      189     
1685   1989 1157    449     1765    206     1285    2010    1095    -28     484     957     1356    1545    1783    2176    2065    1651    1137    494     225     
1685   1990 1178    578     1758    284     1280    2052    1117    52      606     952     1121    1763    1952    2086    2114    1488    1217    641     101     
1685   1991 -999999 458     1725    -7      1045    2100    -999999 113     -258    868     973     1291    2004    2247    2046    1774    -999999 -999999 -999999 
1685   1992 -999999 -999999 1868    -999999 1189    2199    1164    -999999 -999999 653     1205    1711    1989    2156    2445    1682    1105    707     59      
1685   1993 1092    375     1830    -24     1190    2074    1044    -26     -113    480     1186    1903    1997    2109    2114    1648    1290    187     233     
1685   1994 1226    505     1917    196     1268    2225    1210    200     152     924     1176    1701    2023    2388    2258    1936    993     709     184     
1685   1995 1112    501     1749    248     1086    2083    1026    -15     611     538     1172    1551    1871    2352    2020    1504    1209    358     139     
1685   1996 1028    278     1739    -68     1077    2053    1093    -115    -239    287     1146    1800    2111    1989    2060    1308    1153    815     -26     
1685   1997 1082    460     1727    55      1057    2052    1041    -133    351     598     785     1780    2083    2024    2051    1617    890     620     275     
1685   1998 1133    506     1838    345     1117    2181    1073    277     499     481     1256    1618    2143    2218    2179    1594    1226    395     -325    
1685   1999 1158    382     1872    -63     1267    2118    1149    41      112     817     1259    1725    2028    2192    2132    1882    1167    398     73      
1685   2000 1288    433     1966    103     1341    2261    1357    -161    417     700     1485    1842    2245    2169    2369    1669    1407    995     304     
1685   2001 1146    735     1780    328     1307    2082    1080    269     420     993     1084    1838    1806    2163    2266    1493    1388    347     -379    
1685   2002 1208    460     1828    48      1274    2143    1182    -22     599     839     1118    1859    2110    2229    2088    1540    1132    875     95      
1685   2003 1142    366     1959    -145    1244    2333    1091    -240    -304    590     1132    2005    2426    2213    2363    1590    936     753     141     
1685   2004 1098    416     1730    74      1069    2059    1163    -139    229     575     1173    1463    1919    2155    2100    1551    1316    616     193     
1685   2005 1050    378     1767    -35     1086    2012    1125    0       -325    410     1149    1701    1951    2153    1929    1706    1171    495     167     
1685   2006 1157    392     1828    39      1140    2097    1286    -157    114     535     1270    1620    2011    2351    1925    1776    1302    778     298     
1685   2007 1247    738     1910    492     1336    2277    960     577     613     851     1332    1825    2233    2380    2217    1453    1028    398     11      
1685   2008 1250    473     1860    213     1271    2173    1205    152     493     755     1249    1809    2151    2185    2184    1565    1302    746     383     
1685   2009 1238    541     1957    164     1319    2179    1290    -114    229     679     1457    1826    1922    2317    2288    1910    1149    815     314     
1685   2010 1134    507     1834    122     1191    2179    1118    -80     135     683     1238    1654    2041    2323    2167    1558    911     893     25      
1685   2011 1179    446     1939    70      1208    2202    1107    114     71      642     1318    1666    2080    2219    2304    2034    1060    230     337     
1685   2012 1237    393     1998    58      1272    2381    1330    215     -410    871     1251    1692    2247    2482    2409    1886    1208    900     36      
1685   2013 1211    529     1860    177     1162    2193    1248    214     293     515     1309    1667    1996    2286    2292    1591    1370    778     160     
1685   2014 1281    700     1825    356     1293    2104    1285    371     556     951     1318    1611    2046    2187    2078    1697    1330    826     351     
1685   2015 1269    638     1952    297     1247    2306    1215    286     251     752     1207    1782    2078    2458    2374    1790    1107    753     315     
1685   2016 1198    614     1871    354     1235    2148    1155    80      689     748     1313    1647    2105    2276    2060    1810    1035    625     -11     
1685   2017 1214    418     1910    -49     1279    2319    1155    -507    416     954     1132    1747    2243    2345    2366    1606    1185    672     358     
1685   2018 1283    537     2015    296     1369    2226    1294    446     62      460     1650    2006    2103    2213    2357    1745    1402    731     143     
