EUROPEAN CLIMATE ASSESSMENT & DATASET (ECA&D), file created on: 13-11-2019
THESE DATA CAN BE USED FOR NON-COMMERCIAL RESEARCH AND EDUCATION PROVIDED THAT THE FOLLOWING SOURCE IS ACKNOWLEDGED: 

Klein Tank, A.M.G. and Coauthors, 2002. Daily dataset of 20th-century surface
air temperature and precipitation series for the European Climate Assessment.
Int. J. of Climatol., 22, 1441-1453.
Data and metadata available at http://www.ecad.eu

FILE FORMAT (MISSING VALUE CODE = -999999):

THIS FILE HOLDS DATA FOR STATION UNITED KINGDOM                           TIREE                                    (STAID:   1827)
LATITUDE: dd:mm:ss +56:29:48
LONGITUDE: ddd:mm:ss -006:53:12
ELEVATION: m    9

DATA IS FOR INDEX Mean of daily mean temperature (TG) with unit 0.01 Temperature (&#176;C)

01-06 SOUID: Source identifier
08-11 YEAR : YYYY
13-20 ANNUAL DATA VALUES
21-28 WINTER HALF YEAR DATA VALUES
29-36 SUMMER HALF YEAR DATA VALUES
37-44 WINTER (DJF) DATA VALUES
45-52 SPRING (MAM) DATA VALUES
53-60 SUMMER (JJA) DATA VALUES
61-68 AUTUMN (SON) DATA VALUES
69-76 JANUARY DATA VALUES
etc. 
157-164 DECEMBER DATA VALUES

1827   1960 -999999 -999999 1221    -999999 -999999 1363    -999999 491     453     -999999 865     1127    1330    1385    1371    1244    1024    765     549     
1827   1961 -999999 -999999 1146    -999999 884     1256    964     495     660     796     843     1002    1196    1266    1305    1267    1001    644     -999999 
1827   1962 865     -999999 1085    -999999 655     1250    1000    529     528     350     701     907     1162    1302    1280    1161    1089    733     540     
1827   1963 -999999 -999999 1102    -999999 742     1278    975     205     -999999 613     713     897     1298    1298    1238    1154    1060    713     513     
1827   1964 -999999 -999999 1135    -999999 818     1228    -999999 655     544     574     794     1087    1134    1289    1260    1250    953     816     502     
1827   1965 -999999 -999999 1092    -999999 747     1240    931     388     492     543     727     977     1223    1229    1266    1146    1089    530     489     
1827   1966 -999999 -999999 1116    -999999 726     1292    -999999 384     471     669     587     911     1270    1304    1301    1296    938     580     529     
1827   1967 -999999 -999999 -999999 -999999 740     1267    970     542     588     604     709     892     1168    1292    1341    1250    927     736     -999999 
1827   1968 -999999 -999999 1126    -999999 733     1292    -999999 520     309     582     755     857     1204    1315    1357    1261    1151    705     517     
1827   1969 -999999 -999999 1139    -999999 701     1315    -999999 521     220     454     709     925     1220    1321    1402    1251    1218    467     548     
1827   1970 -999999 -999999 1129    -999999 704     1308    -999999 501     330     439     619     1036    1386    1182    1362    1211    1007    685     591     
1827   1971 -999999 -999999 1159    -999999 808     1275    -999999 619     615     637     766     1020    1124    1350    1352    1313    1099    715     762     
1827   1972 877     -999999 1069    -999999 789     1183    953     484     548     607     755     991     1034    1268    1240    1119    1083    656     673     
1827   1973 -999999 -999999 1104    -999999 750     1284    -999999 623     -999999 685     638     919     1140    1339    1372    1199    903     655     541     
1827   1974 -999999 -999999 1116    -999999 798     1256    880     623     -999999 562     820     1005    1173    1263    1332    1112    879     640     680     
1827   1975 -999999 -999999 1132    -999999 711     1345    -999999 566     598     509     732     895     1171    1389    1470    1171    1081    729     701     
1827   1976 -999999 -999999 1210    -999999 783     1408    -999999 605     544     568     813     960     1262    1482    1479    1255    987     731     387     
1827   1977 -999999 -999999 -999999 -999999 764     1273    983     418     418     647     650     972     1095    1384    1339    1153    1136    630     675     
1827   1978 -999999 -999999 1125    -999999 775     1253    -999999 396     357     600     665     1048    1166    1271    1321    1261    1110    -999999 560     
1827   1979 -999999 -999999 1046    -999999 606     1239    -999999 239     294     410     652     753     1178    1250    1284    1166    1084    652     593     
1827   1980 -999999 -999999 1180    -999999 793     1292    -999999 452     542     505     810     1064    1209    1276    1388    1314    917     -999999 623     
1827   1981 -999999 -999999 1148    -999999 814     1260    -999999 555     -999999 623     757     1036    1132    1287    1362    1290    762     766     -999999 
1827   1982 -999999 -999999 -999999 -999999 794     1357    990     468     585     584     809     983     1322    1408    1337    1177    1051    735     516     
1827   1983 -999999 -999999 1123    -999999 716     1351    1011    587     387     635     590     906     1143    1455    1451    1195    1000    825     676     
1827   1984 917     -999999 1174    -999999 765     1365    985     334     543     534     827     929     1222    1380    1490    1200    1012    714     666     
1827   1985 -999999 -999999 1106    -999999 730     1243    -999999 251     -999999 480     748     957     1137    1306    1286    1194    1096    450     -999999 
1827   1986 -999999 -999999 1031    -999999 667     1213    969     446     159     540     551     902     1173    1266    1200    1092    1029    774     540     
1827   1987 -999999 -999999 1113    -999999 730     1241    963     388     459     443     805     930     1085    1345    1286    1205    892     779     646     
1827   1988 -999999 -999999 1145    -999999 816     1275    -999999 465     514     578     785     1078    1236    1290    1297    1182    982     757     805     
1827   1989 -999999 -999999 1117    -999999 708     1315    981     760     548     584     589     959     1132    1437    1360    1189    1063    687     484     
1827   1990 -999999 -999999 1150    -999999 829     1327    -999999 615     -999999 729     708     1038    1202    1398    1377    1148    1006    714     561     
1827   1991 -999999 -999999 1174    -999999 824     1346    976     507     394     711     756     1000    1068    1510    1465    1257    960     703     -999999 
1827   1992 -999999 -999999 -999999 -999999 -999999 1327    -999999 643     663     643     756     1120    1336    1343    1302    1104    811     669     558     
1827   1993 -999999 -999999 1116    -999999 804     1236    922     545     -999999 620     811     975     1220    1234    1253    1191    846     702     483     
1827   1994 -999999 -999999 1114    -999999 754     1274    -999999 503     -999999 567     708     981     1127    1380    1319    1184    992     1000    -999999 
1827   1995 -999999 -999999 1196    -999999 712     1405    -999999 500     514     460     738     924     1204    1455    1548    1262    1149    835     380     
1827   1996 -999999 -999999 1122    -999999 709     1273    -999999 613     443     532     781     811     1171    1288    1360    1314    1054    600     -999999 
1827   1997 -999999 -999999 1220    -999999 885     1385    1069    484     557     763     867     1026    1193    1416    1531    1261    1023    912     709     
1827   1998 -999999 -999999 1144    -999999 820     1265    -999999 591     -999999 721     691     1040    1151    1303    1338    1309    922     701     -999999 
1827   1999 -999999 -999999 1179    -999999 838     1297    -999999 573     -999999 659     814     1045    1126    1362    1401    1311    1103    793     505     
1827   2000 -999999 -999999 1174    -999999 814     1328    1020    630     570     702     702     1020    1168    1383    1424    1309    1013    728     578     
1827   2001 -999999 -999999 1147    -999999 757     1279    -999999 490     494     503     707     1069    1125    1313    1395    1246    1217    -999999 608     
1827   2002 -999999 -999999 1196    -999999 867     1317    1051    749     -999999 702     851     1041    1219    1304    1422    1326    926     877     609     
1827   2003 -999999 -999999 1229    -999999 884     1408    1011    539     583     744     926     980     1294    1463    1466    1245    934     854     601     
1827   2004 -999999 -999999 1219    -999999 875     1367    -999999 613     -999999 704     879     1038    1258    1345    1508    1312    972     890     704     
1827   2005 992     -999999 1203    645     852     1361    -999999 696     532     765     838     952     1294    1378    1410    1341    -999999 791     699     
1827   2006 1001    732     1243    652     755     1394    1160    660     593     527     -999999 1000    1264    1511    1403    1424    1208    847     758     
1827   2007 1007    -999999 1198    -999999 878     1337    1098    -999999 646     683     954     1000    1318    1356    1335    1225    1181    885     724     
1827   2008 952     777     1217    662     858     1354    989     593     671     605     760     1207    1199    1421    1436    1264    933     772     555     
1827   2009 968     682     1227    568     874     1376    1066    565     584     678     917     1027    1306    1418    1402    1296    1107    811     495     
1827   2010 -999999 -999999 -999999 -999999 765     1346    -999999 346     351     594     774     934     1325    1370    1345    1324    1064    562     247     
1827   2011 -999999 -999999 1183    -999999 916     1257    -999999 521     591     714     981     1051    1155    1307    1308    1295    1074    979     555     
1827   2012 -999999 -999999 1131    -999999 864     1295    -999999 627     692     849     707     1024    1159    1275    1440    1181    856     713     567     
1827   2013 926     -999999 1159    560     670     1369    1041    606     501     455     642     912     1216    1478    1407    1285    1123    748     741     
1827   2014 -999999 756     1257    649     909     1393    1106    610     582     704     947     1070    1338    1488    1352    1348    1039    927     616     
1827   2015 -999999 -999999 1090    -999999 747     1225    -999999 472     510     619     741     880     1092    1255    1326    1241    1079    829     727     
1827   2016 -999999 -999999 1200    -999999 812     1363    1057    586     490     665     668     1094    1337    1326    1426    1357    1109    704     802     
1827   2017 -999999 -999999 1209    -999999 884     1347    1039    638     -999999 724     810     1114    1267    1356    1412    1263    1144    657     574     
1827   2018 -999999 -999999 -999999 525     795     -999999 1029    536     466     479     784     1122    1333    -999999 -999999 1192    1006    873     773     
