EUROPEAN CLIMATE ASSESSMENT & DATASET (ECA&D), file created on: 13-11-2019
THESE DATA CAN BE USED FOR NON-COMMERCIAL RESEARCH AND EDUCATION PROVIDED THAT THE FOLLOWING SOURCE IS ACKNOWLEDGED: 

Klein Tank, A.M.G. and Coauthors, 2002. Daily dataset of 20th-century surface
air temperature and precipitation series for the European Climate Assessment.
Int. J. of Climatol., 22, 1441-1453.
Data and metadata available at http://www.ecad.eu

FILE FORMAT (MISSING VALUE CODE = -999999):

THIS FILE HOLDS DATA FOR STATION SPAIN                                    SABINANIGO                               (STAID:   1407)
LATITUDE: dd:mm:ss +42:31:12
LONGITUDE: ddd:mm:ss -000:21:00
ELEVATION: m  790

DATA IS FOR INDEX Mean of daily mean temperature (TG) with unit 0.01 Temperature (&#176;C)

01-06 SOUID: Source identifier
08-11 YEAR : YYYY
13-20 ANNUAL DATA VALUES
21-28 WINTER HALF YEAR DATA VALUES
29-36 SUMMER HALF YEAR DATA VALUES
37-44 WINTER (DJF) DATA VALUES
45-52 SPRING (MAM) DATA VALUES
53-60 SUMMER (JJA) DATA VALUES
61-68 AUTUMN (SON) DATA VALUES
69-76 JANUARY DATA VALUES
etc. 
157-164 DECEMBER DATA VALUES

1407   1958 1054    -999999 1605    -999999 965     1803    1114    16      527     560     802     1515    1610    1863    1930    1895    961     493     427     
1407   1959 1002    513     1497    328     868     1816    1024    185     377     628     815     1153    1592    2012    1836    1554    1067    448     300     
1407   1960 972     496     1495    260     976     1757    955     172     313     661     836     1428    1724    1773    1772    1422    859     586     94      
1407   1961 1073    480     1561    226     989     1774    1181    -8      630     748     992     1220    1600    1866    1851    1829    1161    555     404     
1407   1962 -999999 519     1584    337     813     1893    -999999 353     246     365     836     1225    1607    1958    2105    1755    1256    -999999 116     
1407   1963 927     -999999 1415    67      814     1726    1068    100     -23     516     781     1134    1585    1934    1656    1382    1138    683     156     
1407   1964 1061    506     1677    239     972     1908    1127    214     353     487     846     1579    1689    2097    1930    1901    852     638     127     
1407   1965 1034    377     1548    65      918     1888    1126    -53     126     562     821     1356    1788    1935    1939    1431    1316    624     474     
1407   1966 1128    681     1626    523     969     1842    1154    422     689     557     979     1359    1700    1829    1991    1886    1139    438     506     
1407   1967 1141    601     1610    394     959     1992    1299    248     432     830     833     1205    1620    2278    2066    1634    1421    839     225     
1407   1968 1119    663     1550    368     928     1855    1259    465     419     602     1008    1177    1710    2024    1827    1539    1425    809     400     
1407   1969 1063    644     1557    331     961     1868    1115    389     190     611     926     1335    1513    2067    2011    1464    1300    575     286     
1407   1970 1111    568     1661    360     859     1973    1265    437     355     431     846     1285    1832    2084    2000    1906    1102    791     199     
1407   1971 1059    531     1626    313     891     1908    1088    310     443     333     1050    1277    1545    2085    2083    1696    1332    228     257     
1407   1972 980     479     1417    226     844     1753    1049    48      383     611     811     1108    1552    1924    1776    1314    1071    762     375     
1407   1973 1086    574     1646    352     953     1960    1099    273     415     539     810     1491    1722    1974    2178    1677    980     643     259     
1407   1974 1014    541     1524    339     907     1854    895     394     366     595     836     1277    1650    1954    1952    1452    652     591     386     
1407   1975 1033    494     1546    435     801     1923    1015    400     529     408     877     1106    1633    2111    2015    1514    1054    475     214     
1407   1976 996     484     1534    258     919     1881    901     155     415     588     772     1391    1840    1934    1867    1379    914     409     269     
1407   1977 997     503     1387    314     897     1592    1113    207     481     740     933     1013    1419    1702    1650    1599    1208    528     436     
1407   1978 945     521     1426    244     769     1733    1062    -101    412     638     618     1043    1428    1870    1892    1688    1046    451     311     
1407   1979 1039    497     1508    317     787     1865    1126    274     373     514     670     1163    1717    2014    1858    1610    1186    579     442     
1407   1980 1079    631     1570    454     858     1860    1226    247     688     647     853     1073    1528    1857    2185    1911    1154    616     180     
1407   1981 1174    592     1658    293     1037    1987    1284    429     268     885     1005    1214    1878    1959    2120    1762    1232    860     402     
1407   1982 1157    712     1670    516     981     1994    1152    603     546     614     987     1331    1848    2182    1947    1711    1054    696     307     
1407   1983 1190    559     1699    266     973     2088    1349    370     104     791     935     1187    1900    2409    1947    1798    1290    960     495     
1407   1984 1057    635     1543    366     826     1906    1174    324     273     454     1115    918     1681    2191    1831    1513    1199    809     381     
1407   1985 1145    567     1704    310     901     2013    1292    -98     682     464     1069    1161    1723    2254    2052    1956    1411    506     511     
1407   1986 1156    627     1667    341     1032    1958    1302    260     241     796     665     1616    1815    2065    1989    1831    1338    737     433     
1407   1987 1202    637     1745    343     1027    1997    1369    127     481     696     1138    1238    1693    2058    2231    2100    1277    734     594     
1407   1988 1203    740     1666    567     1036    1938    1324    606     497     716     1043    1348    1625    2031    2147    1782    1369    818     427     
1407   1989 1296    765     1726    445     1154    2079    1362    390     527     1043    787     1615    1828    2231    2169    1698    1381    1007    798     
1407   1990 1242    912     1734    720     1086    2069    1280    455     927     912     840     1492    1810    2203    2186    1848    1260    733     206     
1407   1991 1143    646     1677    303     979     2076    1130    358     350     955     792     1182    1718    2152    2345    1853    984     558     400     
1407   1992 1115    522     1645    314     1054    1884    1182    135     414     635     992     1532    1387    2085    2163    1680    988     883     450     
1407   1993 1087    631     1601    388     980     1969    996     352     361     738     888     1302    1750    2002    2148    1492    953     543     447     
1407   1994 -999999 617     -999999 403     1066    -999999 -999999 271     500     985     783     1418    1868    2426    -999999 -999999 -999999 -999999 -999999 
1407   1995 -999999 -999999 -999999 -999999 1100    -999999 -999999 -999999 673     752     1053    1482    -999999 2360    -999999 -999999 -999999 -999999 -999999 
1407   1996 -999999 -999999 -999999 -999999 -999999 -999999 -999999 -999999 -999999 -999999 -999999 -999999 -999999 -999999 1938    -999999 -999999 -999999 -999999 
