EUROPEAN CLIMATE ASSESSMENT & DATASET (ECA&D), file created on: 13-11-2019
THESE DATA CAN BE USED FOR NON-COMMERCIAL RESEARCH AND EDUCATION PROVIDED THAT THE FOLLOWING SOURCE IS ACKNOWLEDGED: 

Klein Tank, A.M.G. and Coauthors, 2002. Daily dataset of 20th-century surface
air temperature and precipitation series for the European Climate Assessment.
Int. J. of Climatol., 22, 1441-1453.
Data and metadata available at http://www.ecad.eu

FILE FORMAT (MISSING VALUE CODE = -999999):

THIS FILE HOLDS DATA FOR STATION GERMANY                                  PLAUEN                                   (STAID:   4522)
LATITUDE: dd:mm:ss +50:28:59
LONGITUDE: ddd:mm:ss +012:07:54
ELEVATION: m  386

DATA IS FOR INDEX Mean of daily mean temperature (TG) with unit 0.01 Temperature (&#176;C)

01-06 SOUID: Source identifier
08-11 YEAR : YYYY
13-20 ANNUAL DATA VALUES
21-28 WINTER HALF YEAR DATA VALUES
29-36 SUMMER HALF YEAR DATA VALUES
37-44 WINTER (DJF) DATA VALUES
45-52 SPRING (MAM) DATA VALUES
53-60 SUMMER (JJA) DATA VALUES
61-68 AUTUMN (SON) DATA VALUES
69-76 JANUARY DATA VALUES
etc. 
157-164 DECEMBER DATA VALUES

4522   1882 -999999 -999999 -999999 -999999 -999999 1450    819     36      186     545     -999999 1101    1348    1619    1380    1263    827     367     39      
4522   1883 766     152     1407    -7      535     1727    827     -185    138     -271    536     1339    1730    1769    1680    1366    796     319     -54     
4522   1884 837     324     1390    115     802     1653    728     204     201     467     550     1381    1336    1903    1709    1430    675     79      67      
4522   1885 771     142     1406    -41     767     1665    750     -382    217     198     993     1117    1777    1713    1509    1325    721     205     -153    
4522   1886 802     47      1458    -217    735     1665    954     -191    -319    -15     913     1313    1459    1773    1755    1517    914     432     -5      
4522   1887 678     125     1353    -226    599     1702    675     -517    -151    61      711     1027    1560    1941    1600    1260    517     255     -169    
4522   1888 679     19      1302    -253    655     1569    696     -245    -350    92      586     1284    1662    1546    1502    1220    671     198     -48     
4522   1889 712     26      1420    -235    762     1701    666     -335    -333    -29     683     1630    1897    1665    1546    1077    757     160     -248    
4522   1890 755     155     1392    -147    841     1638    763     149     -365    425     695     1396    1480    1655    1775    1327    695     269     -528    
4522   1891 795     53      1373    -331    750     1615    902     -396    -40     313     485     1445    1505    1719    1616    1448    998     256     127     
4522   1892 824     234     1517    21      715     1825    841     -126    66      72      769     1306    1670    1747    2053    1536    743     247     -211    
4522   1893 851     118     1513    -263    927     1808    851     -745    214     474     953     1356    1717    1888    1815    1331    1056    159     -40     
4522   1894 861     273     1426    -35     915     1700    825     -211    167     491     1055    1204    1514    1909    1671    1189    823     464     8       
4522   1895 812     82      1560    -326    797     1819    957     -369    -648    158     920     1317    1704    1933    1816    1658    759     461     -58     
4522   1896 784     260     1360    -89     774     1695    771     -156    -50     592     603     1120    1775    1781    1531    1337    893     79      -131    
4522   1897 910     242     1507    -53     901     1868    803     -205    201     608     895     1198    1878    1831    1896    1332    802     275     166     
4522   1898 986     355     1498    195     878     1773    1027    246     169     452     833     1348    1692    1642    1982    1476    1019    588     331     
4522   1899 914     473     1457    278     842     1745    978     239     262     384     865     1279    1602    1854    1774    1353    897     688     -259    
4522   1900 963     303     1535    27      729     1874    1007    144     213     136     813     1242    1778    2021    1821    1518    937     569     317     
4522   1901 874     230     1580    -149    902     1869    912     -416    -368    293     940     1474    1806    2016    1784    1444    1018    269     136     
4522   1902 841     371     1414    159     798     1720    782     332     -8      440     930     1028    1738    1791    1633    1358    778     211     -195    
4522   1903 983     345     1488    115     941     1760    1043    124     450     707     630     1476    1656    1859    1763    1523    1081    524     -37     
4522   1904 -999999 -999999 1613    -999999 1000    1930    886     -999999 183     437     1097    1470    1729    2160    1893    1309    937     409     307     
4522   1905 929     382     1563    104     919     1937    775     -185    200     605     732     1413    1904    2068    1836    1401    527     406     198     
4522   1906 926     274     1528    157     891     1781    1017    143     125     232     954     1488    1625    1892    1825    1373    1050    638     -241    
4522   1907 842     254     1399    -146    790     1634    969     -58     -139    251     632     1483    1624    1531    1748    1360    1203    335     57      
4522   1908 760     273     1390    -53     748     1701    700     -269    59      240     529     1468    1843    1789    1475    1218    813     64      -140    
4522   1909 777     65      1382    -240    769     1623    825     -253    -336    202     861     1247    1526    1607    1733    1304    1038    125     180     
4522   1910 864     345     1386    167     838     1659    756     90      238     379     760     1374    1694    1621    1662    1186    922     154     233     
4522   1911 -999999 -999999 -999999 -999999 -999999 -999999 -999999 -999999 -999999 -999999 -999999 -999999 -999999 -999999 -999999 -999999 -999999 -999999 -999999 
4522   1912 -999999 -999999 -999999 -999999 -999999 -999999 -999999 -999999 -999999 -999999 -999999 -999999 -999999 -999999 -999999 -999999 -999999 -999999 -999999 
4522   1913 -999999 -999999 -999999 -999999 -999999 -999999 -999999 -999999 -999999 -999999 -999999 -999999 -999999 -999999 -999999 -999999 -999999 -999999 -999999 
4522   1914 -999999 -999999 -999999 -999999 -999999 -999999 -999999 -999999 -999999 -999999 -999999 -999999 -999999 -999999 -999999 -999999 -999999 -999999 -999999 
4522   1915 -999999 -999999 -999999 -999999 -999999 -999999 -999999 -999999 -999999 -999999 -999999 -999999 -999999 -999999 -999999 -999999 -999999 -999999 -999999 
4522   1916 -999999 -999999 -999999 -999999 -999999 -999999 -999999 -999999 -999999 -999999 -999999 -999999 -999999 -999999 -999999 -999999 -999999 -999999 -999999 
4522   1917 -999999 -999999 -999999 -999999 -999999 -999999 -999999 -999999 -999999 -999999 -999999 -999999 -999999 -999999 -999999 -999999 -999999 -999999 -999999 
4522   1918 -999999 -999999 -999999 -999999 -999999 -999999 -999999 -999999 -999999 -999999 -999999 -999999 -999999 -999999 -999999 -999999 -999999 -999999 -999999 
4522   1919 -999999 -999999 -999999 -999999 -999999 -999999 -999999 -999999 -999999 -999999 -999999 -999999 -999999 -999999 -999999 -999999 -999999 -999999 -999999 
4522   1920 -999999 -999999 -999999 -999999 -999999 -999999 -999999 -999999 -999999 -999999 -999999 -999999 -999999 -999999 -999999 -999999 -999999 -999999 -999999 
4522   1921 -999999 -999999 -999999 -999999 -999999 -999999 -999999 -999999 -999999 -999999 -999999 -999999 -999999 -999999 -999999 -999999 -999999 -999999 -999999 
4522   1922 -999999 -999999 -999999 -999999 -999999 -999999 -999999 -999999 -999999 -999999 -999999 -999999 -999999 -999999 -999999 -999999 -999999 -999999 -999999 
4522   1923 -999999 -999999 -999999 -999999 -999999 -999999 -999999 -999999 -999999 -999999 -999999 -999999 -999999 -999999 -999999 -999999 -999999 -999999 -999999 
4522   1924 -999999 -999999 -999999 -999999 -999999 -999999 -999999 -999999 -999999 -999999 -999999 -999999 -999999 -999999 -999999 -999999 -999999 -999999 -999999 
4522   1925 -999999 -999999 -999999 -999999 -999999 -999999 -999999 -999999 -999999 -999999 -999999 -999999 -999999 -999999 -999999 -999999 -999999 -999999 -999999 
4522   1926 -999999 -999999 -999999 -999999 -999999 -999999 -999999 -999999 -999999 -999999 -999999 -999999 -999999 -999999 -999999 -999999 -999999 -999999 -999999 
4522   1927 -999999 -999999 -999999 -999999 -999999 -999999 -999999 -999999 -999999 -999999 -999999 -999999 -999999 -999999 -999999 -999999 -999999 -999999 -999999 
4522   1928 -999999 -999999 -999999 -999999 -999999 -999999 -999999 -999999 -999999 -999999 -999999 -999999 -999999 -999999 -999999 -999999 -999999 -999999 -999999 
4522   1929 -999999 -999999 -999999 -999999 -999999 -999999 -999999 -999999 -999999 -999999 -999999 -999999 -999999 -999999 -999999 -999999 -999999 -999999 -999999 
4522   1930 -999999 -999999 -999999 -999999 -999999 -999999 -999999 -999999 -999999 -999999 -999999 -999999 -999999 -999999 -999999 -999999 -999999 -999999 -999999 
4522   1931 -999999 -999999 -999999 -999999 -999999 -999999 -999999 -999999 -999999 -999999 -999999 -999999 -999999 -999999 -999999 -999999 -999999 -999999 -999999 
4522   1932 -999999 -999999 -999999 -999999 -999999 -999999 -999999 -999999 -999999 -999999 -999999 -999999 -999999 -999999 -999999 -999999 -999999 -999999 -999999 
4522   1933 -999999 -999999 -999999 -999999 -999999 -999999 -999999 -999999 -999999 -999999 -999999 -999999 -999999 -999999 -999999 -999999 -999999 -999999 -999999 
4522   1934 -999999 -999999 -999999 -999999 -999999 -999999 -999999 -999999 -999999 -999999 -999999 -999999 -999999 -999999 -999999 -999999 -999999 -999999 -999999 
4522   1935 855     -999999 1450    -999999 689     1813    914     -144    140     231     746     1091    1876    1835    1729    1413    829     502     -26     
4522   1936 848     365     1377    104     812     1683    733     287     46      538     652     1240    1646    1753    1650    1306    593     304     127     
4522   1937 873     225     1482    34      893     1722    875     -200    191     337     795     1544    1710    1763    1692    1370    944     308     -24     
4522   1938 853     341     1357    26      751     1731    965     107     -10     686     443     1113    1704    1749    1740    1373    881     645     -249    
4522   1939 816     295     1406    42      654     1732    823     255     129     106     888     977     1653    1780    1759    1368    621     485     -255    
4522   1940 645     -67     1361    -594    781     1594    854     -1061   -457    257     862     1226    1689    1649    1446    1284    758     522     -448    
4522   1941 697     81      1287    -362    565     1691    705     -579    -28     262     527     904     1667    1860    1545    1204    782     126     47      
4522   1942 725     -74     1421    -511    714     1648    998     -992    -597    143     729     1271    1463    1667    1808    1570    1148    271     125     
4522   1943 -999999 383     -999999 96      -999999 -999999 -999999 -107    288     561     -999999 -999999 -999999 -999999 -999999 -999999 -999999 -999999 -999999 
4522   1944 -999999 -999999 -999999 -999999 -999999 -999999 -999999 -999999 -999999 -999999 -999999 -999999 -999999 -999999 -999999 -999999 -999999 -999999 -999999 
4522   1945 -999999 -999999 -999999 -999999 -999999 -999999 -999999 -465    393     620     -999999 -999999 -999999 -999999 -999999 -999999 -999999 -999999 -999999 
4522   1946 -999999 -999999 -999999 -999999 -999999 -999999 -999999 -999999 -999999 -999999 -999999 -999999 -999999 -999999 -999999 -999999 -999999 -999999 -999999 
4522   1947 770     -999999 1539    -999999 853     1767    920     -614    -878    271     911     1377    1682    1852    1764    1635    666     467     2       
4522   1948 854     310     1401    65      937     1584    844     292     -111    523     979     1312    1560    1559    1633    1357    818     358     -62     
4522   1949 851     206     1422    -12     756     1595    948     -12     42      79      988     1209    1308    1740    1727    1547    1001    295     235     
4522   1950 800     305     1423    49      777     1757    775     -277    204     361     622     1342    1736    1807    1727    1282    702     345     -277    
4522   1951 833     188     1370    -27     653     1659    881     96      114     145     722     1095    1513    1721    1740    1415    642     594     163     
4522   1952 747     234     1392    -6      766     1733    592     -54     -134    179     985     1141    1508    1830    1855    1012    688     73      -162    
4522   1953 859     129     1416    -153    858     1668    928     -212    -78     440     867     1267    1583    1765    1653    1348    1003    430     175     
4522   1954 703     170     1253    -287    668     1536    858     -556    -502    412     451     1133    1636    1403    1572    1310    975     285     232     
4522   1955 668     132     1256    -148    528     1542    769     -347    -349    -45     611     1020    1433    1624    1565    1264    742     300     125     
4522   1956 591     -2      1219    -392    586     1442    733     -125    -1228   105     443     1205    1269    1651    1401    1324    775     97      87      
4522   1957 794     300     1248    101     707     1615    777     -96     337     595     615     909     1670    1743    1434    1107    857     366     -32     
4522   1958 775     181     1327    -6      562     1581    875     -117    145     -131    447     1367    1416    1669    1653    1384    875     365     182     
4522   1959 823     313     1374    1       880     1682    726     -63     -129    606     894     1139    1557    1850    1634    1152    711     314     143     
4522   1960 761     203     1286    -42     713     1555    858     -163    -108    304     643     1190    1568    1538    1559    1203    839     532     3       
4522   1961 839     343     1369    35      847     1531    996     -207    337     558     1068    921     1543    1479    1571    1637    1010    341     -202    
4522   1962 651     175     1218    -80     535     1463    762     64      -105    -77     773     918     1347    1455    1582    1223    840     221     -471    
4522   1963 662     -122    1368    -684    732     1634    932     -903    -677    213     792     1194    1551    1750    1598    1306    788     708     -445    
4522   1964 747     75      1428    -327    667     1720    787     -377    -149    -72     795     1281    1755    1845    1561    1317    638     411     -58     
4522   1965 691     142     1229    -105    588     1485    683     30      -307    101     612     1051    1510    1485    1463    1240    733     74      229     
4522   1966 804     203     1352    44      805     1570    824     -438    372     261     908     1249    1669    1529    1516    1235    1076    153     102     
4522   1967 836     326     1327    68      756     1610    953     -39     150     494     552     1216    1387    1837    1597    1350    1156    345     -78     
4522   1968 741     258     1312    -114    743     1567    843     -239    -18     364     812     1055    1580    1570    1550    1295    1001    229     -325    
4522   1969 695     89      1323    -239    631     1586    898     -95     -304    -7      616     1284    1390    1790    1571    1265    959     469     -661    
4522   1970 693     39      1261    -412    512     1581    868     -371    -181    10      494     1032    1595    1576    1572    1284    797     524     -70     
4522   1971 770     182     1333    -69     665     1612    730     -146    18      -38     746     1291    1307    1719    1801    1109    801     279     290     
4522   1972 720     273     1241    10      747     1563    637     -342    88      513     641     1084    1442    1723    1521    1013    556     344     31      
4522   1973 748     196     1313    -15     649     1606    783     -83     9       307     432     1201    1499    1639    1676    1413    667     274     -114    
4522   1974 816     306     1245    116     725     1494    737     249     222     528     663     982     1298    1501    1678    1332    483     406     407     
4522   1975 824     339     1362    270     701     1617    823     350     28      333     621     1146    1352    1738    1753    1542    740     190     26      
4522   1976 771     153     1380    -13     627     1698    841     -11     -56     15      584     1282    1644    1909    1540    1299    860     365     -204    
4522   1977 832     297     1265    -14     721     1599    925     -82     271     573     481     1101    1546    1629    1620    1192    1086    492     36      
4522   1978 680     298     1153    -69     644     1412    760     -22     -238    389     526     1013    1356    1458    1419    1132    830     317     -94     
4522   1979 717     103     1253    -295    686     1506    789     -565    -216    325     546     1183    1616    1403    1501    1258    785     323     380     
4522   1980 699     262     1208    74      520     1510    819     -362    211     232     436     889     1440    1452    1636    1382    839     236     -14     
4522   1981 746     228     1304    -139    856     1527    827     -278    -124    673     651     1238    1475    1546    1560    1338    783     362     -331    
4522   1982 827     117     1389    -277    684     1679    1030    -349    -138    358     520     1167    1566    1764    1703    1598    943     553     173     
4522   1983 859     361     1444    80      805     1754    842     335     -306    410     871     1137    1561    1975    1720    1382    901     242     -12     
4522   1984 732     187     1212    -58     578     1493    886     19      -190    137     548     1046    1330    1525    1618    1188    1017    449     54      
4522   1985 695     116     1335    -347    760     1541    705     -629    -479    238     718     1324    1280    1700    1633    1332    788     -6      343     
4522   1986 741     100     1311    -151    756     1592    828     -47     -813    243     593     1427    1454    1660    1658    1048    908     525     102     
4522   1987 648     50      1280    -282    474     1503    882     -777    -157    -308    842     900     1369    1644    1491    1428    841     378     91      
4522   1988 823     295     1365    139     738     1604    773     227     97      129     742     1343    1416    1707    1684    1280    890     144     186     
4522   1989 867     365     1349    171     858     1578    856     114     218     617     696     1254    1406    1672    1650    1398    995     169     139     
4522   1990 859     421     1311    240     837     1618    802     117     485     611     637     1255    1492    1550    1807    1099    918     383     -82     
4522   1991 745     262     1270    -102    644     1606    807     86      -334    545     567     820     1314    1839    1654    1409    692     324     -59     
4522   1992 863     264     1453    52      830     1790    -999999 10      215     400     703     1383    1641    1791    1932    1212    620     446     -33     
4522   1993 773     -999999 1366    -31     865     1550    593     130     -221    248     994     1373    1507    1591    1548    1166    704     -90     256     
4522   1994 -999999 286     -999999 159     779     1791    876     219     -999999 596     660     1144    1590    2048    1740    1293    709     621     248     
4522   1995 -999999 -999999 1391    -999999 -999999 1684    839     -87     383     194     851     1185    1365    1967    1699    1208    1119    159     -299    
4522   1996 647     45      1256    -351    612     1563    781     -441    -311    -13     753     1081    1543    1500    1645    1001    905     432     -409    
4522   1997 817     238     1357    -155    776     1673    770     -340    333     526     524     1286    1543    1627    1845    1293    668     353     135     
4522   1998 872     351     1419    210     924     1649    733     166     347     449     920     1341    1675    1647    1625    1286    823     88      23      
4522   1999 888     262     1458    47      887     1644    906     185     -74     486     794     1378    1473    1836    1617    1637    807     276     151     
4522   2000 965     338     1483    161     974     1683    1008    -7      350     452     1031    1440    1748    1505    1798    1367    1071    583     234     
4522   2001 860     408     1404    128     835     1692    896     -40     198     388     713     1393    1396    1786    1885    1162    1236    297     -139    
4522   2002 889     388     1436    96      860     1767    823     7       455     477     713     1386    1702    1772    1824    1204    769     499     -140    
4522   2003 860     188     1534    -207    860     1918    769     -140    -357    452     712     1410    1916    1819    2017    1305    490     522     90      
4522   2004 821     246     1361    39      751     1640    880     -166    209     338     869     1049    1480    1652    1782    1321    956     360     -28     
4522   2005 834     248     1404    -49     811     1626    919     119     -259    295     865     1258    1583    1779    1515    1409    1026    319     -4      
4522   2006 899     152     1491    -195    695     1756    1151    -410    -166    91      769     1244    1626    2132    1507    1647    1149    657     380     
4522   2007 929     589     1454    387     1000    1695    731     394     388     551     1020    1430    1716    1723    1647    1174    774     243     56      
4522   2008 905     347     1421    224     820     1748    824     296     327     384     710     1364    1710    1804    1731    1188    858     426     44      
4522   2009 869     222     1499    -110    950     1685    959     -343    -24     356     1167    1335    1413    1784    1851    1428    760     695     -35     
4522   2010 725     197     1380    -213    728     1758    758     -483    -111    342     814     1032    1622    2021    1626    1147    700     428     -478    
4522   2011 908     160     1501    -206    950     1687    914     -32     -98     420     1083    1351    1647    1594    1817    1504    889     351     306     
4522   2012 866     312     1458    -4      949     1728    862     115     -462    627     798     1418    1567    1752    1861    1328    787     474     62      
4522   2013 818     167     1411    -58     615     1743    879     -80     -166    -100    794     1155    1548    1923    1751    1275    985     374     285     
4522   2014 980     462     1453    258     945     1689    1045    151     349     616     1023    1198    1578    1914    1571    1426    1131    576     188     
4522   2015 971     427     1486    127     825     1869    909     168     13      453     763     1257    1552    2001    2045    1271    737     725     591     
4522   2016 901     448     1496    301     796     1765    905     43      267     322     747     1318    1700    1855    1738    1605    805     307     91      
4522   2017 909     282     1448    -37     923     1795    899     -405    230     659     711     1393    1775    1814    1795    1179    1066    445     194     
4522   2018 1002    327     1651    83      1007    1902    964     347     -334    154     1233    1505    1719    1964    2018    1451    1007    433     292     
4522   2019 -999999 425     1509    163     833     1927    -999999 -58     267     596     879     1026    2036    1876    1872    1354    1025    -999999 -999999 
