EUROPEAN CLIMATE ASSESSMENT & DATASET (ECA&D), file created on: 13-11-2019
THESE DATA CAN BE USED FOR NON-COMMERCIAL RESEARCH AND EDUCATION PROVIDED THAT THE FOLLOWING SOURCE IS ACKNOWLEDGED: 

Klein Tank, A.M.G. and Coauthors, 2002. Daily dataset of 20th-century surface
air temperature and precipitation series for the European Climate Assessment.
Int. J. of Climatol., 22, 1441-1453.
Data and metadata available at http://www.ecad.eu

FILE FORMAT (MISSING VALUE CODE = -999999):

THIS FILE HOLDS DATA FOR STATION GERMANY                                  SOLTAU                                   (STAID:   4652)
LATITUDE: dd:mm:ss +52:57:42
LONGITUDE: ddd:mm:ss +009:47:48
ELEVATION: m   76

DATA IS FOR INDEX Mean of daily mean temperature (TG) with unit 0.01 Temperature (&#176;C)

01-06 SOUID: Source identifier
08-11 YEAR : YYYY
13-20 ANNUAL DATA VALUES
21-28 WINTER HALF YEAR DATA VALUES
29-36 SUMMER HALF YEAR DATA VALUES
37-44 WINTER (DJF) DATA VALUES
45-52 SPRING (MAM) DATA VALUES
53-60 SUMMER (JJA) DATA VALUES
61-68 AUTUMN (SON) DATA VALUES
69-76 JANUARY DATA VALUES
etc. 
157-164 DECEMBER DATA VALUES

4652   1947 -999999 -999999 -999999 -999999 -999999 -999999 998     -999999 -999999 -999999 -999999 -999999 -999999 -999999 1865    1671    782     550     246     
4652   1948 927     418     1442    215     956     1626    908     285     107     519     1042    1308    1562    1682    1632    1417    869     440     235     
4652   1949 927     388     1412    262     803     1551    1040    247     309     220     989     1207    1378    1650    1619    1623    1054    444     349     
4652   1950 860     450     1398    219     841     1701    829     -16     335     525     665     1326    1682    1686    1732    1275    777     435     -132    
4652   1951 878     272     1356    60      676     1625    960     164     158     223     686     1119    1541    1642    1688    1445    751     691     392     
4652   1952 794     381     1369    214     834     1618    638     110     134     203     1061    1245    1448    1697    1705    1039    700     173     -5      
4652   1953 936     246     1421    40      891     1677    994     86      40      462     893     1317    1704    1699    1628    1272    1084    623     361     
4652   1954 804     323     1310    -67     781     1532    941     -211    -381    407     618     1314    1598    1419    1581    1319    1047    454     399     
4652   1955 792     280     1339    46      564     1667    904     -130    -151    27      677     990     1417    1814    1761    1354    871     489     318     
4652   1956 721     208     1255    -152    697     1462    865     58      -878    327     471     1285    1339    1692    1351    1372    874     349     326     
4652   1957 888     460     1304    312     788     1631    880     217     400     585     752     1026    1653    1729    1511    1141    971     524     115     
4652   1958 838     300     1349    92      609     1602    963     0       169     15      532     1278    1465    1671    1665    1462    1020    405     329     
4652   1959 928     405     1493    122     957     1777    874     24      0       610     958     1305    1607    1931    1787    1354    922     345     221     
4652   1960 857     339     1330    122     795     1564    955     87      52      389     708     1284    1613    1548    1534    1284    939     643     172     
4652   1961 902     469     1388    203     883     1551    1040    -42     509     604     1023    1025    1629    1490    1536    1626    1087    404     -72     
4652   1962 726     304     1211    102     580     1435    839     256     123     12      779     955     1391    1437    1475    1219    970     324     -264    
4652   1963 722     7       1376    -514    762     1634    968     -725    -557    250     812     1225    1633    1688    1580    1307    841     760     -227    
4652   1964 807     217     1406    -104    728     1631    847     -144    70      8       867     1313    1631    1707    1555    1349    712     486     124     
4652   1965 764     295     1259    100     690     1467    737     182     -18     261     676     1133    1503    1442    1458    1331    854     22      265     
4652   1966 840     236     1367    54      803     1616    877     -205    107     355     732     1320    1746    1565    1542    1289    1065    271     239     
4652   1967 925     450     1377    258     831     1646    977     187     357     569     636     1283    1496    1804    1633    1392    1083    451     160     
4652   1968 844     365     1391    48      821     1656    956     -59     43      493     911     1063    1645    1594    1728    1396    1045    423     -175    
4652   1969 799     204     1416    -70     633     1712    1000    158     -208    -54     696     1259    1563    1846    1724    1389    1073    537     -456    
4652   1970 781     140     1332    -316    622     1658    932     -347    -127    149     494     1218    1754    1580    1644    1285    910     601     162     
4652   1971 871     340     1381    127     765     1628    844     -6      236     133     723     1437    1396    1735    1747    1223    912     396     466     
4652   1972 805     373     1295    128     805     1604    757     -285    208     530     707     1175    1445    1782    1580    1061    712     501     226     
4652   1973 858     378     1370    190     732     1700    837     133     213     475     504     1209    1630    1747    1719    1391    764     358     105     
4652   1974 914     425     1306    291     822     1527    842     399     377     540     818     1108    1428    1480    1669    1321    624     588     585     
4652   1975 939     493     1444    458     725     1789    871     583     180     369     655     1148    1539    1855    1965    1482    773     361     299     
4652   1976 859     295     1421    177     686     1756    919     146     81      98      704     1257    1672    1933    1661    1276    940     539     -28     
4652   1977 890     404     1293    116     781     1598    926     70      327     574     543     1219    1558    1632    1605    1181    1036    559     329     
4652   1978 817     416     1282    119     809     1523    927     113     -107    522     613     1286    1524    1528    1518    1207    1020    551     -45     
4652   1979 755     181     1297    -269    734     1534    845     -446    -320    292     670     1239    1600    1455    1548    1260    842     435     415     
4652   1980 788     312     1311    102     685     1554    884     -264    159     278     690     1087    1514    1512    1635    1417    853     383     176     
4652   1981 834     354     1391    63      947     1598    879     -24     35      672     748     1415    1498    1652    1641    1374    763     505     -323    
4652   1982 910     208     1446    -157    783     1747    1053    -191    64      428     701     1215    1612    1885    1740    1507    995     658     253     
4652   1983 943     469     1475    226     821     1821    919     489     -95     465     837     1163    1629    1983    1845    1372    943     441     155     
4652   1984 831     335     1300    132     719     1541    930     191     43      223     744     1193    1342    1548    1726    1230    1047    508     145     
4652   1985 764     206     1349    -211    823     1540    785     -533    -251    285     772     1411    1367    1690    1557    1279    940     130     441     
4652   1986 814     215     1342    -47     788     1641    912     7       -647    331     620     1409    1627    1712    1584    1075    964     695     279     
4652   1987 744     208     1290    -126    605     1503    978     -653    10      -51     902     974     1353    1669    1483    1350    962     621     282     
4652   1988 932     477     1403    331     840     1616    883     429     279     280     765     1473    1494    1699    1652    1313    930     403     430     
4652   1989 983     543     1440    407     925     1683    964     354     441     687     703     1377    1623    1753    1670    1497    1081    309     258     
4652   1990 998     567     1409    433     966     1677    923     430     630     693     788     1412    1533    1651    1842    1207    1045    513     201     
4652   1991 876     426     1363    88      821     1663    911     245     -211    705     742     1015    1307    1931    1741    1425    874     437     209     
4652   1992 976     432     1545    254     939     1865    838     179     383     507     790     1514    1880    1906    1811    1347    623     550     204     
4652   1993 834     339     1361    162     959     1495    663     249     18      366     1067    1449    1496    1535    1453    1157    790     37      325     
4652   1994 956     329     1468    195     886     1800    903     351     -121    537     857     1262    1494    2157    1738    1273    724     718     388     
4652   1995 894     444     1440    302     767     1781    937     81      452     309     813     1179    1433    1994    1905    1290    1153    360     -271    
4652   1996 710     126     1310    -284    662     1610    808     -335    -244    74      837     1082    1456    1584    1787    1101    875     446     -174    
4652   1997 898     319     1442    17      799     1820    799     -200    470     515     637     1238    1638    1766    2050    1299    722     380     229     
4652   1998 913     455     1400    357     947     1588    777     314     547     545     889     1404    1598    1571    1596    1331    832     165     135     
4652   1999 999     369     1533    211     955     1717    1038    343     148     561     938     1367    1527    1920    1697    1738    925     456     311     
4652   2000 997     482     1455    331     1009    1608    1030    252     437     509     1013    1504    1627    1520    1677    1378    1046    665     325     
4652   2001 905     444     1403    216     796     1696    993     107     215     290     723     1373    1366    1866    1844    1219    1261    490     40      
4652   2002 948     519     1498    276     908     1790    867     285     528     511     807     1404    1662    1745    1963    1402    762     440     -129    
4652   2003 939     249     1554    -75     911     1901    863     40      -143    493     884     1356    1834    1925    1941    1364    556     681     260     
4652   2004 921     390     1419    213     865     1658    944     62      323     463     963     1174    1487    1614    1868    1397    977     457     250     
4652   2005 937     408     1438    206     857     1639    1045    342     8       375     935     1263    1553    1792    1570    1505    1126    502     210     
4652   2006 998     307     1559    30      743     1829    1242    -177    59      102     779     1349    1660    2213    1609    1725    1255    748     590     
4652   2007 1017    699     1504    496     1077    1715    877     523     364     687     1165    1382    1770    1692    1684    1322    847     464     261     
4652   2008 977     483     1452    379     889     1727    933     469     408     443     760     1458    1663    1825    1690    1295    945     559     184     
4652   2009 948     381     1519    91      1029    1682    1024    -50     145     488     1262    1343    1429    1785    1825    1459    793     828     35      
4652   2010 793     284     1423    -136    777     1795    867     -357    -81     468     871     995     1630    2073    1678    1273    875     453     -418    
4652   2011 970     269     1498    -53     992     1650    971     185     86      422     1195    1367    1649    1612    1690    1470    962     482     470     
4652   2012 911     468     1405    213     971     1637    910     247     -98     711     772     1425    1446    1694    1764    1307    890     534     188     
4652   2013 886     266     1424    78      635     1743    981     41      -1      -72     771     1211    1544    1900    1780    1319    1096    524     460     
4652   2014 1048    568     1505    359     1028    1699    1147    148     480     690     1134    1263    1552    1976    1563    1533    1228    675     303     
4652   2015 991     539     1402    257     818     1731    978     270     191     540     792     1121    1496    1784    1905    1296    853     788     790     
4652   2016 961     540     1523    389     881     1744    973     62      311     427     767     1444    1723    1808    1700    1682    885     355     350     
4652   2017 949     418     1402    182     949     1656    994     -58     262     700     708     1431    1654    1674    1640    1289    1134    554     353     
4652   2018 1038    408     1661    185     1013    1875    1019    322     -153    190     1174    1681    1742    1989    1890    1471    1056    528     472     
4652   2019 -999999 553     1508    353     908     1870    -999999 148     449     657     978     1091    1926    1816    1869    1361    1043    -999999 -999999 
