EUROPEAN CLIMATE ASSESSMENT & DATASET (ECA&D), file created on: 13-11-2019
THESE DATA CAN BE USED FOR NON-COMMERCIAL RESEARCH AND EDUCATION PROVIDED THAT THE FOLLOWING SOURCE IS ACKNOWLEDGED: 

Klein Tank, A.M.G. and Coauthors, 2002. Daily dataset of 20th-century surface
air temperature and precipitation series for the European Climate Assessment.
Int. J. of Climatol., 22, 1441-1453.
Data and metadata available at http://www.ecad.eu

FILE FORMAT (MISSING VALUE CODE = -999999):

THIS FILE HOLDS DATA FOR STATION IRELAND                                  TRALEE (CLASH)                           (STAID:   1758)
LATITUDE: dd:mm:ss +52:16:08
LONGITUDE: ddd:mm:ss -009:41:20
ELEVATION: m   15

DATA IS FOR INDEX Mean of daily mean temperature (TG) with unit 0.01 Temperature (&#176;C)

01-06 SOUID: Source identifier
08-11 YEAR : YYYY
13-20 ANNUAL DATA VALUES
21-28 WINTER HALF YEAR DATA VALUES
29-36 SUMMER HALF YEAR DATA VALUES
37-44 WINTER (DJF) DATA VALUES
45-52 SPRING (MAM) DATA VALUES
53-60 SUMMER (JJA) DATA VALUES
61-68 AUTUMN (SON) DATA VALUES
69-76 JANUARY DATA VALUES
etc. 
157-164 DECEMBER DATA VALUES

1758   1961 -999999 -999999 -999999 -999999 1030    -999999 1068    615     895     961     1012    1112    1362    1449    -999999 1375    1068    737     510     
1758   1962 953     677     1216    580     817     1375    1006    601     640     521     863     1069    1233    1459    1419    1246    1081    682     599     
1758   1963 -999999 590     -999999 314     910     -999999 -999999 37      317     789     886     1055    1419    1449    -999999 1291    1210    -999999 549     
1758   1964 -999999 -999999 -999999 638     963     -999999 -999999 673     697     758     912     1276    1343    1513    -999999 1463    1068    977     571     
1758   1965 -999999 -999999 -999999 -999999 -999999 1441    -999999 475     -999999 770     941     -999999 1373    1451    1487    1242    1209    633     665     
1758   1966 -999999 -999999 -999999 688     -999999 1470    -999999 558     859     852     894     -999999 1438    1484    1484    1488    921     -999999 764     
1758   1967 -999999 -999999 -999999 -999999 -999999 1485    -999999 610     650     764     931     -999999 1399    1564    1492    1342    -999999 715     723     
1758   1968 -999999 -999999 -999999 619     -999999 -999999 1170    755     346     717     868     -999999 1442    1480    -999999 1340    1345    830     570     
1758   1969 1005    727     -999999 516     -999999 1481    1121    659     294     606     874     -999999 1350    1579    1510    1390    1373    592     642     
1758   1970 -999999 730     -999999 596     -999999 1538    1138    606     534     606     818     -999999 1568    1521    1525    -999999 1216    849     540     
1758   1971 -999999 -999999 -999999 622     -999999 -999999 -999999 668     663     -999999 845     -999999 1331    1557    -999999 1571    -999999 -999999 -999999 
1758   1972 -999999 -999999 -999999 -999999 -999999 -999999 -999999 -999999 609     689     945     -999999 -999999 1599    1473    1188    1090    -999999 785     
1758   1973 -999999 -999999 -999999 742     -999999 -999999 -999999 732     701     -999999 -999999 -999999 -999999 1488    1585    -999999 1080    931     741     
1758   1974 -999999 817     -999999 722     904     -999999 -999999 754     665     722     947     1078    1364    1514    -999999 1160    -999999 728     983     
1758   1975 -999999 -999999 -999999 -999999 870     -999999 -999999 778     -999999 629     919     1073    1467    -999999 -999999 1295    -999999 867     615     
1758   1976 -999999 -999999 -999999 692     -999999 -999999 -999999 777     682     817     886     1095    -999999 1653    1699    1357    -999999 747     376     
1758   1977 -999999 -999999 1285    489     -999999 1459    -999999 478     625     -999999 865     1097    1262    1594    1534    1391    1252    670     810     
1758   1978 1037    -999999 1284    631     917     1423    1248    545     -999999 784     806     1165    -999999 1460    1506    1482    1248    1014    604     
1758   1979 -999999 707     -999999 457     -999999 1474    1151    339     426     595     767     -999999 1369    1578    1470    1349    1140    964     701     
1758   1980 -999999 790     -999999 652     -999999 -999999 -999999 523     746     638     917     1095    1317    1436    1549    1435    -999999 764     779     
1758   1981 -999999 -999999 -999999 -999999 -999999 -999999 -999999 -999999 636     -999999 964     -999999 -999999 1499    1622    1476    -999999 951     429     
1758   1982 -999999 -999999 -999999 -999999 -999999 1556    -999999 623     787     -999999 941     1124    1472    1633    1560    1378    1117    765     -999999 
1758   1983 -999999 -999999 -999999 -999999 834     1643    1163    818     488     834     677     1010    1384    1795    1740    1424    1130    954     798     
1758   1984 -999999 -999999 -999999 -999999 869     1552    -999999 549     722     606     1025    1007    1354    1662    1604    -999999 -999999 685     773     
1758   1985 -999999 -999999 -999999 587     903     1391    -999999 331     691     645     962     1077    1264    1504    1400    -999999 1186    572     876     
1758   1986 -999999 -999999 -999999 548     -999999 -999999 1082    566     213     741     621     1030    1421    -999999 1305    1216    1167    866     711     
1758   1987 -999999 760     -999999 599     945     1489    -999999 498     601     695     1081    1081    1298    1583    1574    -999999 918     817     -999999 
1758   1988 -999999 -999999 1306    -999999 -999999 1465    1089    628     586     -999999 968     1130    1502    1424    1467    1352    1117    817     934     
1758   1989 -999999 884     -999999 852     -999999 1597    1123    857     765     818     722     -999999 1406    1751    1628    1348    1210    832     602     
1758   1990 -999999 -999999 -999999 724     -999999 -999999 1096    768     789     971     914     -999999 1339    1674    1670    1327    1181    806     596     
1758   1991 -999999 749     -999999 533     996     1558    -999999 543     461     866     924     1212    1346    1642    1693    1535    1043    859     809     
1758   1992 -999999 -999999 -999999 -999999 1036    1527    -999999 656     791     842     915     1320    1510    1617    1445    1217    -999999 937     640     
1758   1993 -999999 -999999 -999999 727     971     1467    -999999 780     752     790     1008    1131    -999999 1526    1468    1264    816     852     785     
1758   1994 -999999 -999999 -999999 -999999 965     1468    -999999 665     624     892     855     1144    1373    1536    1497    -999999 1184    1100    837     
1758   1995 -999999 -999999 1464    -999999 -999999 1731    1199    656     779     733     984     1132    1509    1763    1906    1394    1315    892     -999999 
1758   1996 -999999 -999999 -999999 -999999 -999999 -999999 -999999 668     486     -999999 -999999 -999999 -999999 -999999 -999999 -999999 -999999 -999999 -999999 
