EUROPEAN CLIMATE ASSESSMENT & DATASET (ECA&D), file created on: 13-11-2019
THESE DATA CAN BE USED FOR NON-COMMERCIAL RESEARCH AND EDUCATION PROVIDED THAT THE FOLLOWING SOURCE IS ACKNOWLEDGED: 

Klein Tank, A.M.G. and Coauthors, 2002. Daily dataset of 20th-century surface
air temperature and precipitation series for the European Climate Assessment.
Int. J. of Climatol., 22, 1441-1453.
Data and metadata available at http://www.ecad.eu

FILE FORMAT (MISSING VALUE CODE = -999999):

THIS FILE HOLDS DATA FOR STATION SWEDEN                                   SVALOV                                   (STAID:   5189)
LATITUDE: dd:mm:ss +55:55:48
LONGITUDE: ddd:mm:ss +013:03:00
ELEVATION: m   70

DATA IS FOR INDEX Mean of daily mean temperature (TG) with unit 0.01 Temperature (&#176;C)

01-06 SOUID: Source identifier
08-11 YEAR : YYYY
13-20 ANNUAL DATA VALUES
21-28 WINTER HALF YEAR DATA VALUES
29-36 SUMMER HALF YEAR DATA VALUES
37-44 WINTER (DJF) DATA VALUES
45-52 SPRING (MAM) DATA VALUES
53-60 SUMMER (JJA) DATA VALUES
61-68 AUTUMN (SON) DATA VALUES
69-76 JANUARY DATA VALUES
etc. 
157-164 DECEMBER DATA VALUES

5189   1961 808     -999999 1293    -999999 758     1517    944     -98     231     465     749     1060    1600    1508    1446    1394    1075    358     -115    
5189   1962 647     216     1141    -10     458     1386    801     81      8       -127    642     865     1340    1446    1370    1177    877     347     -297    
5189   1963 644     -83     1308    -532    525     1607    912     -755    -546    -156    485     1244    1570    1657    1593    1279    848     609     -173    
5189   1964 722     168     1286    -125    614     1510    816     -39     -166    -80     724     1202    1496    1534    1501    1246    734     472     19      
5189   1965 652     173     1193    -69     498     1442    745     11      -255    25      575     897     1483    1375    1470    1349    827     55      -44     
5189   1966 689     60      1241    -243    549     1582    815     -383    -308    175     312     1153    1632    1636    1480    1213    891     337     55      
5189   1967 801     276     1301    -16     715     1575    959     -187    95      452     545     1144    1402    1681    1636    1377    1042    454     -85     
5189   1968 748     208     1333    -182    657     1637    888     -279    -184    280     750     942     1642    1545    1723    1386    848     431     -131    
5189   1969 704     104     1340    -186    479     1685    904     -122    -319    -113    509     1043    1597    1722    1732    1418    947     346     -375    
5189   1970 651     -7      1247    -434    445     1628    786     -413    -523    -65     310     1086    1715    1544    1627    1181    822     354     98      
5189   1971 789     218     1305    40      605     1611    791     -57     82      -1      575     1239    1425    1722    1681    1166    876     329     378     
5189   1972 774     258     1279    38      649     1611    802     -249    -19     217     607     1121    1458    1792    1579    1097    775     535     338     
5189   1973 814     392     1336    193     694     1703    738     43      200     445     491     1139    1629    1820    1656    1258    674     283     79      
5189   1974 872     325     1312    203     758     1533    857     257     281     367     817     1092    1450    1513    1634    1356    674     549     442     
5189   1975 923     424     1427    349     658     1786    914     441     144     269     542     1160    1499    1845    2005    1487    875     383     356     
5189   1976 753     240     1331    78      543     1685    842     -73     -57     -60     559     1132    1509    1799    1742    1221    838     466     -61     
5189   1977 805     252     1271    -54     669     1593    897     -66     -32     347     475     1178    1611    1616    1552    1174    981     534     231     
5189   1978 765     307     1263    27      650     1562    939     73      -251    226     518     1201    1560    1541    1586    1158    938     721     -161    
5189   1979 -999999 -999999 1248    -999999 577     1529    794     -405    -999999 78      494     1156    1597    1449    1542    1235    714     435     162     
5189   1980 706     137     1288    -103    538     1587    795     -246    -234    -21     611     1025    1539    1655    1567    1319    775     292     155     
5189   1981 727     217     1318    -7      710     1555    845     -195    21      239     591     1296    1457    1606    1599    1342    773     423     -468    
5189   1982 806     66      1364    -390    704     1684    966     -473    -212    339     657     1113    1448    1837    1761    1346    969     583     229     
5189   1983 -999999 406     -999999 175     -999999 -999999 859     414     -148    342     642     -999999 -999999 1824    1767    1350    908     317     29      
5189   1984 814     227     1311    20      665     1587    924     62      -35     70      709     1218    1412    1605    1737    1162    1050    556     184     
5189   1985 644     109     1254    -347    587     1541    777     -584    -674    58      437     1260    1404    1634    1579    1187    976     163     180     
5189   1986 -999999 -999999 1246    -999999 603     1567    859     -999999 -628    102     469     1233    1521    1673    1506    1051    872     653     155     
5189   1987 -999999 -999999 -999999 -232    -999999 -999999 928     -688    -153    -999999 -999999 -999999 -999999 1561    1490    1274    977     532     299     
5189   1988 -999999 422     1412    297     695     1695    889     347     241     127     632     1325    1741    1734    1612    1412    903     352     -999999 
5189   1989 898     -999999 1337    -999999 768     1598    874     460     456     434     648     1218    1531    1726    1535    1348    936     337     110     
