EUROPEAN CLIMATE ASSESSMENT & DATASET (ECA&D), file created on: 13-11-2019
THESE DATA CAN BE USED FOR NON-COMMERCIAL RESEARCH AND EDUCATION PROVIDED THAT THE FOLLOWING SOURCE IS ACKNOWLEDGED: 

Klein Tank, A.M.G. and Coauthors, 2002. Daily dataset of 20th-century surface
air temperature and precipitation series for the European Climate Assessment.
Int. J. of Climatol., 22, 1441-1453.
Data and metadata available at http://www.ecad.eu

FILE FORMAT (MISSING VALUE CODE = -999999):

THIS FILE HOLDS DATA FOR STATION KAZAKHSTAN                               BALHASH                                  (STAID:   3283)
LATITUDE: dd:mm:ss +46:48:00
LONGITUDE: ddd:mm:ss +075:04:59
ELEVATION: m  350

DATA IS FOR INDEX Mean of daily mean temperature (TG) with unit 0.01 Temperature (&#176;C)

01-06 SOUID: Source identifier
08-11 YEAR : YYYY
13-20 ANNUAL DATA VALUES
21-28 WINTER HALF YEAR DATA VALUES
29-36 SUMMER HALF YEAR DATA VALUES
37-44 WINTER (DJF) DATA VALUES
45-52 SPRING (MAM) DATA VALUES
53-60 SUMMER (JJA) DATA VALUES
61-68 AUTUMN (SON) DATA VALUES
69-76 JANUARY DATA VALUES
etc. 
157-164 DECEMBER DATA VALUES

3283   1936 -999999 -999999 1669    -999999 263     2188    805     -1911   -999999 -1060   387     1465    2307    2417    1845    1567    1100    -262    -1083   
3283   1937 420     -688    1717    -1349   319     2249    509     -1705   -1248   -972    456     1478    2136    2473    2134    1595    723     -796    -1339   
3283   1938 524     -691    1760    -1268   787     2163    568     -1361   -1086   -327    964     1729    2054    2272    2161    1353    514     -161    -1909   
3283   1939 584     -810    1800    -1554   548     2332    537     -1579   -1132   -603    630     1619    2285    2516    2195    1523    451     -360    -649    
3283   1940 669     -538    1840    -1072   770     2370    569     -1431   -1139   -135    934     1517    2288    2546    2273    1453    599     -345    -594    
3283   1941 653     -480    1820    -943    713     2297    615     -1009   -1257   -342    892     1594    2426    2259    2211    1517    746     -421    -905    
3283   1942 591     -619    1786    -1253   594     2328    690     -1075   -1835   -338    653     1470    2315    2511    2156    1587    604     -119    -1007   
3283   1943 509     -755    1882    -1413   582     2377    504     -1621   -1641   -842    795     1799    2150    2642    2330    1536    525     -549    -1231   
3283   1944 637     -542    1888    -1165   972     2365    502     -1338   -911    227     932     1757    2289    2624    2181    1513    569     -578    -1671   
3283   1945 551     -987    1936    -1704   665     2388    623     -1402   -2076   -856    1009    1855    2380    2365    2418    1560    912     -612    -1127   
3283   1946 481     -670    1727    -1175   532     2142    558     -1458   -914    -844    876     1575    1951    2411    2058    1465    756     -554    -1632   
3283   1947 571     -741    1747    -1569   819     2161    726     -1650   -1409   -14     970     1508    2031    2238    2211    1504    650     26      -1333   
3283   1948 619     -590    1824    -1360   752     2341    671     -1168   -1595   -164    719     1699    2135    2647    2234    1472    807     -269    -1182   
3283   1949 462     -653    1738    -1229   496     2303    415     -1415   -1077   -812    704     1603    2240    2300    2366    1184    551     -495    -1697   
3283   1950 490     -809    1838    -1514   685     2325    387     -1391   -1448   -424    690     1787    2268    2467    2239    1545    433     -818    -1602   
3283   1951 583     -1053   1952    -1750   758     2331    601     -1539   -2149   -742    1106    1923    2255    2624    2112    1668    585     -448    -586    
3283   1952 499     -589    1852    -1020   569     2391    330     -1282   -1203   -636    670     1676    2156    2548    2462    1561    479     -1054   -1459   
3283   1953 613     -769    1888    -1313   817     2290    512     -1548   -891    -163    750     1861    2227    2601    2041    1818    455     -779    -1162   
3283   1954 424     -933    1670    -1471   350     2158    644     -1647   -1620   -899    659     1301    1829    2314    2321    1562    729     -362    -1231   
3283   1955 636     -685    1890    -1302   595     2455    652     -1403   -1268   -625    542     1865    2519    2485    2363    1531    614     -188    -931    
3283   1956 596     -691    1856    -1362   695     2354    730     -1820   -1333   -514    963     1643    2027    2699    2326    1441    743     5       -1083   
3283   1957 514     -712    1774    -1498   523     2229    700     -1835   -1586   -579    591     1559    2294    2317    2079    1780    703     -382    -903    
3283   1958 494     -564    1603    -1125   493     2109    524     -1440   -1022   -378    575     1285    1889    2304    2128    1407    525     -360    -1077   
3283   1959 516     -626    1795    -1167   623     2206    553     -1221   -1205   -466    899     1445    2271    2174    2175    1795    560     -697    -1632   
3283   1960 391     -909    1631    -1385   206     2143    422     -1306   -1206   -1181   630     1182    2186    2123    2122    1526    466     -729    -1156   
3283   1961 622     -718    1877    -1251   889     2234    541     -1409   -1181   -342    1116    1902    2141    2350    2207    1520    294     -182    -1062   
3283   1962 632     -605    1904    -1259   856     2389    593     -1525   -1184   -11     810     1767    2349    2540    2276    1654    655     -534    -1330   
3283   1963 683     -502    1713    -1119   772     2263    693     -1147   -855    166     546     1596    2314    2457    2020    1317    747     13      -1075   
3283   1964 514     -666    1718    -1398   531     2219    603     -1359   -1785   -588    637     1547    2084    2343    2226    1436    452     -74     -835    
3283   1965 661     -565    1860    -1174   757     2350    685     -1280   -1433   -286    763     1793    2148    2694    2201    1522    649     -116    -876    
3283   1966 606     -391    1799    -966    671     2325    615     -1060   -962    -26     738     1303    2260    2422    2291    1757    615     -527    -1634   
3283   1967 550     -846    1711    -1629   704     2181    569     -1796   -1439   -343    743     1714    2173    2329    2041    1234    792     -325    -661    
3283   1968 544     -391    1686    -973    819     2178    395     -1059   -1214   70      620     1761    2123    2311    2099    1164    455     -435    -1435   
3283   1969 374     -1147   1671    -2106   463     2168    640     -2542   -2367   -655    618     1432    2138    2414    1951    1449    561     -88     -602    
3283   1970 552     -477    1737    -945    618     2145    623     -1364   -863    -532    858     1536    2086    2264    2083    1570    656     -360    -1381   
3283   1971 593     -796    1715    -1487   499     2174    810     -1603   -1476   -663    709     1457    2149    2336    2034    1582    785     65      -397    
3283   1972 410     -632    1625    -1276   441     2078    573     -1715   -1745   -837    665     1501    2081    2129    2023    1327    581     -189    -967    
3283   1973 618     -597    1753    -1210   652     2244    655     -1356   -1318   -390    898     1455    2200    2415    2115    1409    532     29      -698    
3283   1974 465     -753    1860    -1465   635     2331    578     -1705   -2050   -725    814     1822    2208    2623    2157    1502    645     -415    -1468   
3283   1975 561     -651    1755    -1306   630     2269    499     -1140   -1310   -276    787     1385    2127    2498    2176    1532    575     -611    -1141   
3283   1976 464     -739    1803    -1160   513     2294    306     -987    -1365   -897    712     1731    2186    2403    2290    1464    294     -839    -1483   
3283   1977 555     -1030   1864    -1644   639     2283    786     -1908   -1531   -754    962     1719    2472    2293    2089    1629    670     62      -1150   
3283   1978 608     -671    1823    -1478   704     2242    770     -1737   -1556   -379    954     1544    2233    2497    1995    1694    629     -8      -702    
3283   1979 552     -600    1685    -1117   316     2234    660     -1596   -1044   -902    409     1443    2115    2415    2169    1524    801     -348    -468    
3283   1980 647     -554    1824    -1074   664     2266    800     -1458   -1311   -579    828     1747    2212    2442    2142    1544    731     126     -714    
3283   1981 684     -330    1878    -943    847     2333    625     -1038   -1091   -53     946     1652    2283    2455    2257    1651    600     -375    -1195   
3283   1982 646     -719    1889    -1244   649     2295    789     -1180   -1370   -849    992     1816    2278    2399    2207    1616    863     -116    -1027   
3283   1983 742     -375    1837    -1021   808     2359    762     -1004   -1034   12      993     1426    2228    2531    2315    1504    711     74      -959    
3283   1984 454     -666    1781    -1464   581     2336    637     -1533   -1929   -420    535     1625    2218    2466    2321    1483    662     -236    -1822   
3283   1985 605     -716    1792    -999999 455     2301    534     -1139   -931    -920    805     1492    2190    2537    2172    1526    544     -468    -981    
3283   1986 563     -708    1800    -1207   551     2248    585     -1187   -1479   -744    698     1702    2034    2513    2188    1629    550     -422    -866    
3283   1987 634     -512    1823    -978    680     2331    443     -1175   -885    -311    642     1709    1995    2646    2342    1563    306     -534    -796    
3283   1988 633     -729    1813    -1198   540     2310    789     -1141   -1689   -576    796     1410    2308    2443    2180    1722    639     12      -580    
3283   1989 663     -475    1750    -1060   602     2270    682     -1264   -1367   -358    555     1607    2059    2462    2281    1498    797     -252    -223    
3283   1990 672     -423    1889    -962    771     2351    739     -1457   -1232   -245    814     1747    2469    2395    2194    1695    711     -188    -961    
3283   1991 657     -702    1888    -1311   598     2335    897     -1413   -1588   -845    919     1732    2331    2499    2174    1648    985     55      -760    
3283   1992 565     -421    1689    -943    535     2185    500     -1008   -1068   -755    841     1528    2097    2422    2034    1182    539     -222    -866    
3283   1993 483     -550    1691    -1071   562     2231    358     -1246   -1105   -445    744     1392    2210    2354    2130    1290    603     -827    -1409   
3283   1994 604     -896    1813    -1558   618     2353    745     -1512   -1774   -543    685     1714    2363    2457    2240    1387    659     191     -775    
3283   1995 657     -465    1874    -1125   782     2313    793     -1535   -1057   -309    1111    1553    2185    2467    2282    1622    744     16      -1288   
3283   1996 529     -716    1736    -1440   393     2308    635     -1881   -1131   -758    417     1519    2325    2484    2115    1525    609     -229    -694    
3283   1997 720     -500    1965    -1111   1007    2315    778     -1230   -1440   -96     1298    1827    2290    2430    2224    1701    1125    -502    -1129   
3283   1998 608     -636    1849    -1280   497     2452    675     -1594   -1100   -657    588     1565    2316    2534    2503    1554    750     -282    -985    
3283   1999 683     -540    1830    -1013   597     2268    790     -1283   -745    -708    772     1733    2059    2370    2368    1645    970     -252    -822    
3283   2000 614     -504    1902    -1149   840     2328    437     -1415   -1214   -327    1172    1687    2261    2401    2321    1550    367     -604    -883    
3283   2001 622     -660    1817    -1207   834     2266    702     -1545   -1193   -150    782     1868    2298    2256    2246    1421    623     64      -1316   
3283   2002 803     -254    1818    -865    880     2312    846     -725    -523    338     750     1548    2124    2378    2426    1652    791     98      -1310   
3283   2003 521     -637    1739    -1329   450     2195    677     -1261   -1424   -768    500     1619    2188    2164    2234    1703    806     -482    -1161   
3283   2004 714     -520    1820    -1117   819     2244    778     -1447   -716    -131    864     1725    2216    2351    2165    1574    745     15      -829    
3283   2005 757     -415    1909    -1174   974     2355    839     -1284   -1435   214     925     1782    2362    2565    2138    1653    784     82      -844    
