EUROPEAN CLIMATE ASSESSMENT & DATASET (ECA&D), file created on: 13-11-2019
THESE DATA CAN BE USED FOR NON-COMMERCIAL RESEARCH AND EDUCATION PROVIDED THAT THE FOLLOWING SOURCE IS ACKNOWLEDGED: 

Klein Tank, A.M.G. and Coauthors, 2002. Daily dataset of 20th-century surface
air temperature and precipitation series for the European Climate Assessment.
Int. J. of Climatol., 22, 1441-1453.
Data and metadata available at http://www.ecad.eu

FILE FORMAT (MISSING VALUE CODE = -999999):

THIS FILE HOLDS DATA FOR STATION RUSSIAN FEDERATION                       MYS KONSTANTINOVSKII                     (STAID:   8067)
LATITUDE: dd:mm:ss +68:33:00
LONGITUDE: ddd:mm:ss +055:30:00
ELEVATION: m    5

DATA IS FOR INDEX Mean of daily mean temperature (TG) with unit 0.01 Temperature (&#176;C)

01-06 SOUID: Source identifier
08-11 YEAR : YYYY
13-20 ANNUAL DATA VALUES
21-28 WINTER HALF YEAR DATA VALUES
29-36 SUMMER HALF YEAR DATA VALUES
37-44 WINTER (DJF) DATA VALUES
45-52 SPRING (MAM) DATA VALUES
53-60 SUMMER (JJA) DATA VALUES
61-68 AUTUMN (SON) DATA VALUES
69-76 JANUARY DATA VALUES
etc. 
157-164 DECEMBER DATA VALUES

8067   1959 -999999 -999999 -999999 -999999 -999999 -999999 -112    -999999 -999999 -999999 -999999 -999999 -999999 -999999 1084    582     -456    -439    -945    
8067   1960 -589    -1363   282     -1710   -1094   789     -353    -1875   -2352   -2196   -776    -362    314     1248    806     389     -441    -929    -996    
8067   1961 -999999 -999999 -999999 -999999 -767    -999999 -80     -1371   -1573   -905    -1050   -335    572     -999999 -999999 470     91      -820    -1485   
8067   1962 -999999 -1083   -999999 -1400   -664    -999999 -999999 -1593   -1091   -1591   -403    48      -999999 -999999 -999999 -999999 -999999 -354    -1692   
8067   1963 -999999 -999999 -999999 -999999 -999999 721     -152    -999999 -999999 -999999 -999999 -78     194     1018    923     471     63      -1053   -1896   
8067   1964 -999999 -1499   -999999 -1986   -1433   884     -999999 -2314   -1738   -1953   -1772   -569    314     1410    945     -999999 -15     -1567   -1141   
8067   1965 -539    -1254   251     -1568   -948    827     -484    -1526   -2055   -1348   -894    -601    403     1122    944     511     -381    -1584   -1217   
8067   1966 -692    -1665   188     -1973   -1204   722     -230    -1807   -2992   -2135   -1130   -346    162     1080    908     418     -609    -486    -1532   
8067   1967 -221    -1114   477     -1682   -373    932     154     -2153   -1325   -576    -241    -297    442     1169    1170    602     102     -254    -1356   
8067   1968 -702    -1048   79      -1640   -893    555     -644    -2040   -1516   -1201   -1238   -251    205     558     890     280     -363    -1899   -1934   
8067   1969 -745    -1754   -94     -2160   -1316   373     -180    -2356   -2194   -1828   -1303   -817    -110    636     578     431     -407    -557    -1106   
8067   1970 -520    -1173   171     -1669   -898    639     -162    -1958   -1973   -1093   -1187   -425    165     974     763     709     -236    -956    -1143   
8067   1971 -643    -1260   79      -1654   -1078   562     -308    -1656   -2219   -1432   -1465   -361    1       856     794     558     -541    -934    -1455   
8067   1972 -514    -1266   183     -1563   -1021   759     -388    -1794   -1431   -1445   -953    -663    63      1158    1033    427     -87     -1514   -1022   
8067   1973 -469    -1263   378     -1505   -735    850     -294    -1975   -1520   -1494   -534    -153    495     910     1133    376     -324    -955    -1646   
8067   1974 -391    -1239   360     -1779   -816    1030    -394    -1647   -2073   -820    -1219   -420    436     1569    1066    693     -225    -1658   -565    
8067   1975 -430    -1202   308     -1391   -733    700     -145    -1640   -2032   -1186   -715    -298    260     949     875     755     -298    -887    -1058   
8067   1976 -376    -1208   427     -1626   -640    928     -226    -2191   -1630   -1203   -399    -311    413     1155    1185    496     -555    -618    -867    
8067   1977 -456    -1379   503     -1735   -800    995     -251    -1784   -2643   -1875   -554    38      872     1137    973     529     -750    -514    -1047   
8067   1978 -722    -1233   -56     -1490   -1274   480     -214    -1636   -1818   -1665   -1652   -516    -54     754     724     372     -190    -825    -2235   
8067   1979 -675    -1611   131     -2263   -1155   548     -150    -2195   -2367   -1901   -1466   -110    88      717     825     697     -442    -696    -1372   
8067   1980 -521    -1243   162     -1623   -869    530     -165    -1942   -1550   -1459   -874    -275    226     688     665     522     -4      -1017   -1271   
8067   1981 -307    -1079   269     -1200   -1200   921     119     -1079   -1255   -1860   -1303   -441    476     962     1310    574     244     -465    -921    
8067   1982 -523    -1174   305     -1674   -882    708     -289    -2262   -1856   -1829   -736    -76     285     1081    744     507     -658    -704    -859    
8067   1983 -448    -1124   242     -1332   -933    767     -153    -1397   -1783   -1392   -976    -432    357     1078    852     549     -13     -1000   -1328   
8067   1984 -328    -864    319     -1112   -786    961     -422    -1063   -933    -856    -1358   -162    548     1310    1013    522     -395    -1393   -1221   
8067   1985 -699    -1536   141     -2100   -958    607     -90     -2575   -2548   -1177   -1187   -518    262     726     821     724     -165    -826    -2043   
8067   1986 -603    -1285   3       -2004   -775    445     -49     -1786   -2204   -762    -1014   -557    233     487     608     244     -91     -299    -2201   
8067   1987 -634    -1397   113     -2201   -1052   623     -81     -2212   -2188   -1432   -1587   -155    217     966     673     527     245     -1026   -1769   
8067   1988 -424    -1102   245     -1637   -872    855     -237    -1435   -1714   -950    -1375   -308    277     1140    1130    568     -123    -1160   -1226   
8067   1989 -285    -1101   548     -1551   -489    1115    -119    -1942   -1478   -715    -915    151     944     1318    1078    682     -117    -923    -1583   
8067   1990 -415    -1202   460     -1652   -649    1008    -478    -2069   -1266   -1250   -518    -174    517     1535    956     410     -320    -1529   -1340   
8067   1991 -380    -1374   440     -1588   -735    842     18      -1931   -1483   -1657   -482    -56     735     883     905     643     123     -716    -1569   
8067   1992 -513    -1054   218     -1598   -863    769     -598    -1876   -1333   -955    -1699   33      384     966     945     636     -828    -1595   -919    
8067   1993 -278    -1164   436     -1144   -751    1091    -198    -1207   -1323   -1141   -890    -227    997     1291    981     442     -312    -720    -1301   
8067   1994 -435    -1191   343     -1731   -671    870     -328    -1592   -2362   -955    -583    -473    630     1009    963     497     -86     -1402   -1024   
8067   1995 -186    -868    565     -934    -314    910     -257    -861    -915    -941    -114    119     567     1121    1031    647     -160    -1260   -1514   
8067   1996 -305    -1068   206     -1384   -676    719     24      -1011   -1642   -861    -977    -200    347     1063    736     235     48      -211    -1257   
8067   1997 -999999 -1139   -999999 -1807   -999999 548     -169    -1945   -2263   -1283   -631    -999999 233     609     794     689     -49     -1152   -1923   
8067   1998 -767    -1555   131     -2267   -1103   810     -605    -1838   -3124   -1385   -1527   -412    198     1291    920     269     -505    -1583   -1724   
8067   1999 -633    -1654   74      -2065   -1229   650     -182    -2641   -1806   -1679   -1357   -655    209     908     819     493     107     -1155   -927    
8067   2000 -372    -1106   422     -1499   -654    936     16      -2196   -1364   -1116   -581    -264    584     1215    996     559     107     -621    -1803   
8067   2001 -512    -1350   398     -1928   -875    815     -223    -1580   -2453   -1833   -651    -135    317     976     1137    719     -263    -1124   -1397   
8067   2002 -999999 -1348   236     -1777   -769    676     -999999 -2256   -1668   -1402   -655    -246    228     1071    715     277     -105    -999999 -999999 
8067   2003 -354    -999999 436     -999999 -800    950     13      -2045   -1715   -1522   -797    -79     340     1044    1448    626     82      -672    -1053   
8067   2004 -377    -1043   376     -1324   -1024   1021    -81     -1244   -1699   -1700   -1084   -290    541     1560    947     548     -61     -729    -1378   
8067   2005 -216    -1080   416     -1266   -986    928     281     -1098   -1329   -1900   -1046   -15     559     1080    1133    750     226     -131    -899    
8067   2006 -459    -980    342     -1517   -878    876     -290    -1963   -1708   -1451   -1177   -15     831     938     857     594     -261    -1203   -1046   
8067   2007 -175    -1035   437     -1378   -491    919     96      -994    -2170   -650    -463    -358    445     1266    1032    680     287     -685    -661    
8067   2008 -209    -793    374     -962    -901    959     42      -865    -1388   -1481   -901    -319    453     1424    983     572     165     -615    -602    
8067   2009 -488    -966    306     -1404   -870    833     -29     -1772   -1882   -1166   -1023   -425    419     1055    1012    774     -1      -862    -2081   
8067   2010 -442    -1432   386     -2063   -715    819     -83     -1802   -2333   -1580   -556    -4      479     1062    905     404     180     -844    -1363   
8067   2011 -194    -1107   525     -1746   -343    865     139     -1697   -2225   -794    -328    94      834     927     833     778     188     -550    -534    
8067   2012 -999999 -825    610     -1051   -585    1072    -999999 -1175   -1470   -1442   -407    100     1054    1237    924     739     173     -999999 -999999 
8067   2013 -999999 -999999 -999999 -999999 -980    -999999 -999999 -1857   -1015   -2195   -503    -227    515     1469    -999999 -999999 -999999 -999999 -999999 
