EUROPEAN CLIMATE ASSESSMENT & DATASET (ECA&D), file created on: 13-11-2019
THESE DATA CAN BE USED FOR NON-COMMERCIAL RESEARCH AND EDUCATION PROVIDED THAT THE FOLLOWING SOURCE IS ACKNOWLEDGED: 

Klein Tank, A.M.G. and Coauthors, 2002. Daily dataset of 20th-century surface
air temperature and precipitation series for the European Climate Assessment.
Int. J. of Climatol., 22, 1441-1453.
Data and metadata available at http://www.ecad.eu

FILE FORMAT (MISSING VALUE CODE = -999999):

THIS FILE HOLDS DATA FOR STATION GERMANY                                  MAINHARDT-ZIEGELBRONN                    (STAID:   4380)
LATITUDE: dd:mm:ss +49:03:55
LONGITUDE: ddd:mm:ss +009:34:59
ELEVATION: m  473

DATA IS FOR INDEX Mean of daily mean temperature (TG) with unit 0.01 Temperature (&#176;C)

01-06 SOUID: Source identifier
08-11 YEAR : YYYY
13-20 ANNUAL DATA VALUES
21-28 WINTER HALF YEAR DATA VALUES
29-36 SUMMER HALF YEAR DATA VALUES
37-44 WINTER (DJF) DATA VALUES
45-52 SPRING (MAM) DATA VALUES
53-60 SUMMER (JJA) DATA VALUES
61-68 AUTUMN (SON) DATA VALUES
69-76 JANUARY DATA VALUES
etc. 
157-164 DECEMBER DATA VALUES

4380   1955 -999999 -999999 -999999 -999999 -999999 1535    723     -999999 -999999 -999999 -999999 990     1424    1628    1550    1231    690     249     214     
4380   1956 625     81      1205    -263    677     1394    728     12      -1066   321     542     1163    1198    1616    1362    1330    715     139     75      
4380   1957 795     311     1251    109     751     1588    758     -130    411     658     697     896     1615    1723    1426    1140    799     334     -42     
4380   1958 778     176     1337    15      563     1587    859     -79     183     -134    476     1343    1407    1674    1673    1423    799     355     173     
4380   1959 872     323     1430    43      912     1694    815     -68     22      626     883     1227    1552    1904    1622    1374    821     250     187     
4380   1960 807     296     1289    71      820     1531    851     -45     72      472     735     1250    1596    1465    1534    1143    852     559     30      
4380   1961 862     393     1356    123     853     1503    970     -66     436     554     1042    970     1493    1456    1558    1618    979     313     -14     
4380   1962 666     206     1244    -11     556     1515    730     76      -104    -41     803     913     1402    1499    1641    1194    844     147     -432    
4380   1963 667     -80     1338    -594    738     1570    926     -760    -588    268     827     1123    1480    1723    1503    1361    714     709     -419    
4380   1964 798     128     1452    -253    773     1704    823     -380    59      97      868     1357    1662    1884    1563    1362    661     450     -20     
4380   1965 708     177     1214    -106    640     1482    704     52      -376    252     600     1068    1517    1476    1453    1161    785     164     255     
4380   1966 820     274     1339    163     789     1515    839     -295    570     193     941     1237    1602    1462    1485    1302    1111    95      137     
4380   1967 827     335     1330    102     761     1616    909     -29     207     466     617     1195    1381    1858    1602    1304    1114    304     -145    
4380   1968 748     266     1289    -79     773     1516    813     -181    100     392     879     1053    1506    1557    1485    1246    950     237     -258    
4380   1969 744     155     1341    -155    709     1582    894     12      -225    176     640     1307    1365    1797    1578    1337    895     449     -466    
4380   1970 743     116     1301    -238    542     1630    896     -139    -95     45      514     1065    1671    1569    1651    1321    825     544     -106    
4380   1971 800     192     1398    -81     769     1647    745     -135    5       11      900     1400    1316    1835    1779    1128    861     241     200     
4380   1972 730     305     1227    55      759     1544    648     -215    190     547     674     1055    1377    1709    1542    988     623     333     -83     
4380   1973 761     159     1365    -95     664     1672    796     -139    -60     262     457     1268    1561    1639    1811    1433    681     278     -120    
4380   1974 830     334     1271    141     807     1515    683     311     241     600     751     1069    1351    1517    1671    1252    386     420     354     
4380   1975 830     328     1378    286     711     1643    800     356     135     301     682     1150    1416    1735    1771    1494    665     246     -39     
4380   1976 812     190     1404    15      716     1750    828     62      24      171     679     1295    1758    1947    1546    1179    927     375     -242    
4380   1977 829     343     1240    30      755     1563    834     41      318     638     504     1115    1480    1654    1551    1114    1001    382     104     
4380   1978 -999999 298     1205    -23     725     1439    739     -27     -160    449     667     1057    1392    1522    1403    1178    772     267     -999999 
4380   1979 -999999 -999999 1263    -999999 -999999 1535    821     -999999 -999999 -999999 545     1167    1619    1554    1435    1245    902     313     353     
4380   1980 704     317     1211    96      636     1469    752     -277    220     386     510     1008    1356    1396    1651    1333    712     213     -72     
4380   1981 775     192     1328    -159    878     1546    848     -271    -132    674     781     1177    1464    1582    1590    1362    783     401     -174    
4380   1982 821     176     1370    -169    679     1678    957     -250    -74     351     534     1147    1580    1874    1576    1494    843     540     183     
4380   1983 -999999 344     -999999 84      -999999 -999999 -999999 274     -237    408     -999999 -999999 -999999 -999999 -999999 -999999 -999999 -999999 -999999 
