EUROPEAN CLIMATE ASSESSMENT & DATASET (ECA&D), file created on: 13-11-2019
THESE DATA CAN BE USED FOR NON-COMMERCIAL RESEARCH AND EDUCATION PROVIDED THAT THE FOLLOWING SOURCE IS ACKNOWLEDGED: 

Klein Tank, A.M.G. and Coauthors, 2002. Daily dataset of 20th-century surface
air temperature and precipitation series for the European Climate Assessment.
Int. J. of Climatol., 22, 1441-1453.
Data and metadata available at http://www.ecad.eu

FILE FORMAT (MISSING VALUE CODE = -999999):

THIS FILE HOLDS DATA FOR STATION SLOVENIA                                 RATECE-PLANICA                           (STAID:   3336)
LATITUDE: dd:mm:ss +46:30:00
LONGITUDE: ddd:mm:ss +013:42:00
ELEVATION: m  864

DATA IS FOR INDEX Mean of daily mean temperature (TG) with unit 0.01 Temperature (&#176;C)

01-06 SOUID: Source identifier
08-11 YEAR : YYYY
13-20 ANNUAL DATA VALUES
21-28 WINTER HALF YEAR DATA VALUES
29-36 SUMMER HALF YEAR DATA VALUES
37-44 WINTER (DJF) DATA VALUES
45-52 SPRING (MAM) DATA VALUES
53-60 SUMMER (JJA) DATA VALUES
61-68 AUTUMN (SON) DATA VALUES
69-76 JANUARY DATA VALUES
etc. 
157-164 DECEMBER DATA VALUES

3336   1961 672     -999999 1290    -999999 745     1500    786     -593    -66     357     905     976     1520    1443    1538    1358    807     192     -398    
3336   1962 497     -25     1130    -344    409     1440    582     -318    -314    -142    467     905     1215    1442    1656    1072    624     48      -744    
3336   1963 553     -258    1251    -740    523     1542    812     -831    -634    -36     613     995     1431    1699    1494    1261    642     537     -597    
3336   1964 582     -86     1267    -571    612     1537    631     -865    -229    6       663     1169    1556    1621    1435    1144    485     268     -285    
3336   1965 492     -87     1098    -439    434     1405    572     -379    -675    21      393     887     1416    1476    1324    1078    597     41      -357    
3336   1966 633     -20     1232    -291    637     1445    718     -650    181     92      749     1075    1515    1455    1366    1223    997     -75     -345    
3336   1967 615     13      1217    -381    594     1522    758     -491    -301    260     434     1082    1368    1704    1491    1200    815     259     -505    
3336   1968 565     -15     1200    -433    642     1427    677     -692    -80     118     742     1069    1365    1546    1370    1099    768     163     -694    
3336   1969 543     -99     1186    -515    540     1421    704     -434    -406    -12     389     1238    1262    1617    1379    1210    681     222     -693    
3336   1970 530     -100    1140    -466    318     1511    656     -340    -353    -128    261     820     1505    1522    1507    1211    517     244     -459    
3336   1971 577     -91     1219    -369    524     1519    525     -380    -256    -218    639     1153    1232    1674    1641    948     555     70      -198    
3336   1972 545     21      1122    -258    586     1481    431     -540    -22     257     546     952     1410    1561    1471    774     475     43      -406    
3336   1973 555     -91     1196    -370    491     1502    564     -333    -373    27      292     1148    1428    1518    1558    1213    472     11      -365    
3336   1974 614     51      1153    -142    559     1451    490     -124    83      233     472     970     1190    1545    1610    1107    233     139     -131    
3336   1975 615     31      1211    -99     547     1449    630     -30     -138    101     466     1072    1253    1588    1499    1371    536     -15     -372    
3336   1976 574     -78     1160    -294    481     1458    671     -301    -202    -123    508     1060    1494    1658    1225    999     770     241     -461    
3336   1977 603     97      1113    -253    567     1433    620     -267    -7      297     422     977     1403    1512    1383    962     789     103     -383    
3336   1978 463     -24     1028    -402    433     1325    486     -425    -397    136     323     836     1269    1395    1308    1024    538     -107    -406    
3336   1979 550     -126    1130    -461    512     1417    621     -687    -271    165     387     979     1450    1434    1368    1151    643     68      -143    
3336   1980 480     -26     1093    -321    396     1418    546     -619    -191    81      307     798     1238    1413    1599    1189    576     -128    -521    
3336   1981 558     -165    1201    -592    645     1449    679     -810    -430    301     633     1000    1399    1473    1474    1218    765     51      -438    
3336   1982 620     -88     1248    -459    460     1573    786     -475    -465    0       382     995     1496    1676    1545    1375    713     275     -142    
3336   1983 631     69      1301    -276    655     1634    545     -194    -515    226     709     1033    1483    1899    1515    1151    635     -153    -302    
3336   1984 535     -110    1105    -373    393     1450    637     -472    -342    -43     366     854     1397    1514    1437    1049    760     98      -224    
3336   1985 560     -87     1241    -485    537     1531    603     -831    -391    41      472     1095    1301    1722    1563    1271    672     -136    -124    
3336   1986 568     -106    1255    -401    606     1534    647     -512    -584    3       467     1344    1394    1604    1599    1096    721     121     -518    
3336   1987 576     -179    1250    -536    388     1529    791     -766    -300    -334    594     909     1362    1704    1515    1403    764     208     -194    
3336   1988 633     77      1254    -173    584     1555    573     -106    -223    1       625     1128    1364    1699    1596    1090    852     -234    -234    
3336   1989 653     97      1196    -156    687     1456    583     -268    53      396     617     1047    1269    1594    1500    1134    644     -30     -164    
3336   1990 652     132     1181    -88     691     1482    613     -260    188     414     477     1176    1368    1565    1509    968     780     84      -483    
3336   1991 556     -49     1219    -511    517     1586    625     -534    -518    336     459     754     1389    1723    1638    1333    517     27      -529    
3336   1992 699     -17     1330    -297    657     1686    679     -263    -86     230     557     1182    1422    1726    1901    1165    566     309     -355    
3336   1993 649     31      1272    -277    673     1549    585     -266    -205    121     654     1245    1478    1556    1611    1068    712     -30     -218    
3336   1994 768     118     1339    -181    719     1709    762     -163    -160    535     478     1135    1499    1851    1771    1272    547     474     -94     
3336   1995 647     90      1231    -167    574     1552    662     -419    30      9       624     1091    1316    1836    1497    996     864     119     -245    
3336   1996 588     -5      1218    -311    546     1546    622     -268    -429    -97     609     1129    1555    1545    1538    915     647     303     -424    
3336   1997 673     89      1244    -256    640     1533    676     -305    -15     325     436     1152    1473    1540    1584    1263    556     212     -192    
3336   1998 679     107     1328    -95     638     1676    592     -191    118     143     605     1166    1602    1721    1704    1151    703     -82     -524    
3336   1999 672     -41     1350    -396    754     1583    691     -324    -333    285     707     1268    1466    1668    1610    1367    760     -57     -420    
3336   2000 760     -14     1370    -360    789     1631    838     -566    -74     267     838     1263    1657    1540    1695    1216    884     412     -34     
3336   2001 710     259     1294    -63     754     1648    667     -142    -7      421     510     1322    1447    1727    1762    966     1025    0       -579    
3336   2002 767     89      1315    -314    729     1682    788     -421    99      410     523     1247    1738    1714    1595    1053    779     533     -108    
3336   2003 709     105     1412    -346    728     1850    619     -436    -511    331     506     1339    1879    1766    1907    1052    446     365     -223    
3336   2004 637     -11     1257    -315    558     1583    736     -543    -169    61      628     988     1475    1652    1619    1162    928     112     -298    
3336   2005 591     -36     1293    -446    632     1561    687     -558    -487    45      594     1255    1602    1643    1441    1211    746     102     -571    
3336   2006 692     -111    1349    -510    569     1660    855     -618    -322    -18     604     1123    1613    2001    1366    1372    903     288     -67     
3336   2007 757     256     1370    1       874     1632    567     5       73      315     992     1320    1633    1703    1561    998     612     90      -264    
3336   2008 718     80      1308    -119    654     1639    693     -53     -34     123     567     1269    1582    1684    1649    1076    800     199     -272    
3336   2009 714     18      1401    -342    718     1681    775     -502    -241    102     674     1376    1487    1755    1794    1294    704     330     -273    
3336   2010 697     29      1342    -335    650     1704    808     -496    -225    123     699     1130    1605    1903    1600    1093    579     761     -452    
3336   2011 763     118     1447    -298    804     1668    743     -292    -133    241     899     1275    1577    1664    1761    1491    609     132     -120    
3336   2012 737     57      1387    -335    815     1737    800     -408    -487    582     669     1190    1699    1742    1768    1235    773     393     -361    
3336   2013 716     42      1352    -309    555     1738    777     -202    -372    -8      669     1008    1549    1921    1736    1205    883     239     -114    
3336   2014 801     227     1312    -35     736     1576    906     2       10      318     808     1084    1564    1650    1514    1243    914     561     -100    
3336   2015 790     224     1427    -133    750     1789    724     -156    -143    245     719     1285    1637    1975    1751    1172    702     299     -70     
3336   2016 747     169     1363    -72     681     1653    771     -199    61      216     764     1065    1549    1808    1600    1378    661     278     -231    
3336   2017 724     105     1379    -292    850     1740    608     -700    93      534     746     1268    1697    1753    1769    1018    717     85      -338    
3336   2018 797     4       1473    -283    772     1738    865     -85     -434    33      965     1325    1644    1760    1807    1324    867     406     -161    
3336   2019 -999999 188     1400    -177    648     1859    -999999 -374    22      381     716     849     1939    1846    1796    1245    867     -999999 -999999 
