EUROPEAN CLIMATE ASSESSMENT & DATASET (ECA&D), file created on: 13-11-2019
THESE DATA CAN BE USED FOR NON-COMMERCIAL RESEARCH AND EDUCATION PROVIDED THAT THE FOLLOWING SOURCE IS ACKNOWLEDGED: 

Klein Tank, A.M.G. and Coauthors, 2002. Daily dataset of 20th-century surface
air temperature and precipitation series for the European Climate Assessment.
Int. J. of Climatol., 22, 1441-1453.
Data and metadata available at http://www.ecad.eu

FILE FORMAT (MISSING VALUE CODE = -999999):

THIS FILE HOLDS DATA FOR STATION GERMANY                                  OHRINGEN                                 (STAID:   4003)
LATITUDE: dd:mm:ss +49:12:29
LONGITUDE: ddd:mm:ss +009:31:06
ELEVATION: m  276

DATA IS FOR INDEX Mean of daily mean temperature (TG) with unit 0.01 Temperature (&#176;C)

01-06 SOUID: Source identifier
08-11 YEAR : YYYY
13-20 ANNUAL DATA VALUES
21-28 WINTER HALF YEAR DATA VALUES
29-36 SUMMER HALF YEAR DATA VALUES
37-44 WINTER (DJF) DATA VALUES
45-52 SPRING (MAM) DATA VALUES
53-60 SUMMER (JJA) DATA VALUES
61-68 AUTUMN (SON) DATA VALUES
69-76 JANUARY DATA VALUES
etc. 
157-164 DECEMBER DATA VALUES

4003   1947 979     -999999 1713    -999999 1069    1980    1036    -360    -376    575     1092    1542    1878    2032    2028    1688    830     599     134     
4003   1948 964     487     1476    260     1093    1639    892     453     188     705     1098    1476    1607    1628    1682    1353    905     416     29      
4003   1949 1000    324     1565    103     901     1748    1115    145     138     297     1162    1253    1518    1909    1810    1728    1175    439     365     
4003   1950 969     496     1563    251     967     1903    915     -11     417     583     784     1527    1904    1991    1815    1338    855     555     -165    
4003   1951 989     389     1501    167     862     1764    1018    324     361     408     870     1308    1621    1859    1808    1524    819     718     217     
4003   1952 924     383     1573    78      1019    1908    753     64      -55     519     1172    1371    1726    2071    1923    1156    828     271     2       
4003   1953 954     283     1518    -13     1047    1717    949     -108    77      611     1048    1481    1611    1835    1701    1414    1013    418     283     
4003   1954 872     329     1388    -38     882     1624    969     -260    -149    626     739     1276    1710    1534    1630    1428    978     501     376     
4003   1955 839     336     1406    93      740     1690    838     -97     -11     238     831     1154    1592    1784    1693    1368    805     341     309     
4003   1956 772     201     1362    -151    847     1560    856     173     -988    496     721     1319    1402    1772    1501    1442    834     292     208     
4003   1957 928     429     1402    208     898     1741    892     -92     540     796     850     1046    1773    1879    1573    1284    905     488     80      
4003   1958 930     327     1479    167     728     1730    996     72      368     61      647     1474    1566    1805    1815    1547    920     523     323     
4003   1959 997     451     1566    161     1057    1839    899     81      71      756     1024    1390    1703    2040    1770    1451    885     363     355     
4003   1960 949     417     1437    200     980     1680    990     56      190     641     899     1396    1752    1623    1667    1275    987     708     170     
4003   1961 1003    529     1501    261     999     1650    1098    90      551     676     1193    1134    1642    1606    1703    1727    1121    445     130     
4003   1962 823     365     1409    161     738     1671    855     261     85      125     990     1107    1577    1654    1779    1336    941     286     -303    
4003   1963 806     31      1506    -480    885     1744    1051    -640    -500    356     999     1305    1652    1891    1685    1489    837     834     -304    
4003   1964 939     260     1596    -129    939     1852    949     -280    217     270     1043    1507    1822    2024    1710    1454    799     599     90      
4003   1965 857     324     1365    39      804     1627    824     195     -190    409     768     1235    1669    1636    1578    1294    856     321     434     
4003   1966 956     413     1469    309     935     1647    965     -166    698     362     1067    1379    1741    1591    1613    1421    1226    241     296     
4003   1967 958     473     1463    242     900     1754    1026    80      361     615     751     1328    1536    1992    1727    1422    1227    421     -19     
4003   1968 873     388     1415    45      901     1638    937     -62     226     525     988     1192    1636    1679    1600    1386    1063    360     -129    
4003   1969 860     278     1457    -40     843     1702    992     103     -100    335     779     1411    1493    1915    1690    1433    952     593     -351    
4003   1970 869     235     1435    -121    696     1762    1002    -67     75      203     675     1208    1811    1705    1773    1424    928     657     -5      
4003   1971 913     302     1521    11      904     1765    857     -95     148     174     1017    1525    1434    1946    1904    1273    944     352     277     
4003   1972 854     413     1356    157     906     1662    766     -90     295     689     846     1181    1505    1827    1648    1107    738     453     26      
4003   1973 880     281     1483    24      803     1779    906     -45     97      406     610     1386    1677    1766    1892    1549    790     384     1       
4003   1974 962     452     1400    268     933     1632    830     439     374     716     888     1193    1478    1624    1789    1417    535     549     499     
4003   1975 963     466     1522    419     866     1785    923     483     258     453     835     1308    1562    1868    1918    1626    761     388     51      
4003   1976 950     306     1556    123     863     1901    961     189     129     307     844     1437    1907    2073    1723    1336    1044    500     -117    
4003   1977 956     468     1368    161     885     1680    971     158     471     751     661     1237    1601    1758    1678    1255    1106    547     208     
4003   1978 851     431     1342    100     876     1581    830     123     -46     606     824     1196    1535    1662    1544    1281    868     338     208     
4003   1979 895     286     1415    -34     874     1689    943     -404    108     584     719     1315    1782    1714    1575    1371    1022    434     465     
4003   1980 850     457     1367    238     810     1618    873     -121    378     561     687     1177    1536    1530    1784    1475    835     309     41      
4003   1981 921     316     1486    -39     1043    1700    985     -164    10      833     939     1352    1621    1733    1745    1513    917     527     -29     
4003   1982 962     299     1529    -65     862     1818    1093    -207    52      515     734     1333    1721    1991    1740    1637    963     684     317     
4003   1983 975     475     1579    220     884     1957    901     399     -86     524     976     1156    1756    2184    1925    1461    946     294     83      
4003   1984 869     310     1350    103     715     1649    971     171     50      297     770     1081    1473    1730    1737    1289    1063    557     181     
4003   1985 819     246     1463    -183    883     1676    806     -495    -239    371     884     1395    1432    1873    1715    1456    853     108     387     
4003   1986 898     245     1463    13      908     1748    949     137     -538    445     758     1518    1704    1786    1753    1235    1000    609     248     
4003   1987 850     268     1443    -53     723     1663    1044    -466    70      138     1011    1029    1492    1830    1663    1629    1018    487     265     
4003   1988 997     478     1508    322     945     1729    944     423     276     388     936     1510    1605    1753    1825    1398    1085    343     382     
4003   1989 1012    543     1503    321     1038    1761    931     247     335     836     757     1513    1603    1888    1787    1450    1060    279     325     
4003   1990 1020    554     1483    405     1020    1772    956     239     676     748     795     1511    1563    1818    1929    1257    1111    495     65      
4003   1991 928     426     1489    56      867     1822    962     217     -132    751     788     1059    1470    2008    1978    1610    830     450     29      
4003   1992 1016    378     1607    128     1013    1909    949     99      264     589     893     1554    1709    1931    2080    1448    761     645     188     
4003   1993 958     400     1544    174     1054    1736    764     391     -82     456     1166    1544    1705    1747    1755    1337    837     115     445     
4003   1994 1098    468     1591    337     1017    1961    1047    363     189     822     833     1389    1756    2230    1891    1425    882     841     485     
4003   1995 982     541     1518    377     898     1838    961     66      602     387     991     1320    1511    2117    1877    1270    1279    323     5       
4003   1996 827     281     1413    -66     808     1721    887     -141    -62     260     945     1225    1696    1702    1764    1131    998     528     -152    
4003   1997 973     397     1507    27      959     1806    932     -223    503     745     750     1375    1641    1755    2015    1484    820     494     291     
4003   1998 993     483     1535    317     1023    1784    867     283     383     616     961     1489    1767    1768    1816    1394    985     219     191     
4003   1999 1028    405     1620    188     1051    1813    1018    334     23      632     987     1531    1619    1980    1835    1751    951     353     256     
4003   2000 1082    462     1592    279     1089    1799    1099    126     467     617     1096    1553    1861    1615    1924    1491    1101    703     411     
4003   2001 1012    593     1519    350     1025    1831    969     243     400     684     788     1595    1541    1948    1994    1215    1345    334     -4      
4003   2002 1052    492     1549    194     992     1871    1025    8       619     658     921     1395    1897    1837    1879    1352    981     744     315     
4003   2003 1073    461     1757    93      1076    2176    961     25      -77     736     965     1525    2189    2025    2316    1501    726     662     210     
4003   2004 988     416     1543    206     917     1819    1040    99      316     486     1039    1230    1656    1847    1949    1525    1132    460     97      
4003   2005 984     383     1580    71      973     1800    1071    204     -103    464     1048    1411    1841    1896    1665    1613    1171    425     106     
4003   2006 1054    319     1649    -10     895     1907    1289    -169    36      319     929     1438    1817    2323    1577    1800    1313    754     449     
4003   2007 1084    718     1624    517     1194    1837    874     546     560     673     1357    1557    1866    1839    1806    1306    938     376     150     
4003   2008 1062    490     1592    354     1042    1883    959     467     452     552     886     1682    1848    1942    1858    1315    988     574     156     
4003   2009 1044    366     1676    26      1123    1871    1123    -179    108     529     1306    1539    1673    1919    2014    1588    948     839     197     
4003   2010 928     417     1546    57      918     1899    944     -166    150     522     1044    1192    1806    2133    1754    1332    877     624     -171    
4003   2011 1113    420     1681    95      1207    1821    1081    201     272     711     1330    1585    1789    1723    1951    1699    1035    510     492     
4003   2012 1062    498     1645    193     1147    1913    1044    280     -221    844     973     1617    1770    1889    2076    1522    983     628     315     
4003   2013 996     391     1569    148     821     1912    1056    138     -26     275     978     1214    1711    2123    1895    1476    1164    523     409     
4003   2014 1167    658     1627    461     1152    1862    1194    424     561     856     1236    1365    1849    2011    1725    1570    1289    719     363     
4003   2015 1149    580     1700    262     1054    2086    1060    299     109     662     1040    1460    1805    2240    2204    1423    961     800     701     
4003   2016 1070    625     1652    491     956     1920    1081    305     467     511     911     1444    1778    2025    1951    1790    943     514     181     
4003   2017 1086    459     1639    130     1111    1990    1045    -247    491     880     895     1553    1996    1997    1976    1394    1174    563     319     
4003   2018 1212    511     1864    282     1207    2112    1186    570     -77     464     1450    1715    1942    2195    2193    1673    1235    650     443     
4003   2019 -999999 623     1675    341     1033    2067    -999999 100     494     803     1097    1202    2094    2081    2026    1539    1213    -999999 -999999 
