EUROPEAN CLIMATE ASSESSMENT & DATASET (ECA&D), file created on: 13-11-2019
THESE DATA CAN BE USED FOR NON-COMMERCIAL RESEARCH AND EDUCATION PROVIDED THAT THE FOLLOWING SOURCE IS ACKNOWLEDGED: 

Klein Tank, A.M.G. and Coauthors, 2002. Daily dataset of 20th-century surface
air temperature and precipitation series for the European Climate Assessment.
Int. J. of Climatol., 22, 1441-1453.
Data and metadata available at http://www.ecad.eu

FILE FORMAT (MISSING VALUE CODE = -999999):

THIS FILE HOLDS DATA FOR STATION IRELAND                                  GALWAY                                   (STAID:    441)
LATITUDE: dd:mm:ss +53:16:48
LONGITUDE: ddd:mm:ss -009:01:12
ELEVATION: m    8

DATA IS FOR INDEX Mean of daily mean temperature (TG) with unit 0.01 Temperature (&#176;C)

01-06 SOUID: Source identifier
08-11 YEAR : YYYY
13-20 ANNUAL DATA VALUES
21-28 WINTER HALF YEAR DATA VALUES
29-36 SUMMER HALF YEAR DATA VALUES
37-44 WINTER (DJF) DATA VALUES
45-52 SPRING (MAM) DATA VALUES
53-60 SUMMER (JJA) DATA VALUES
61-68 AUTUMN (SON) DATA VALUES
69-76 JANUARY DATA VALUES
etc. 
157-164 DECEMBER DATA VALUES

441    1861 1031    -999999 1388    -999999 982     1576    950     641     609     714     1006    1228    1544    1503    1678    1362    1066    417     504     
441    1862 -999999 -999999 -999999 -999999 -999999 -999999 -999999 -999999 -999999 -999999 -999999 -999999 -999999 -999999 -999999 -999999 -999999 -999999 -999999 
441    1863 -999999 -999999 -999999 -999999 964     -999999 -999999 -999999 685     742     937     1214    1506    1785    -999999 -999999 900     851     645     
441    1864 962     670     1323    513     1043    1469    868     441     448     728     1089    1313    1313    1651    1438    1122    849     633     513     
441    1865 1026    589     1414    461     1008    1566    1021    266     620     657     1199    1173    1796    1539    1369    1412    1032    618     622     
441    1866 985     686     1290    607     942     1492    904     611     585     634     948     1243    1446    1645    1385    1061    897     753     584     
441    1867 993     622     1388    513     949     1591    913     158     814     534     1019    1297    1570    1615    1587    1231    901     607     551     
441    1868 970     671     1302    570     946     1538    816     431     739     802     868     1164    1473    1746    1393    1154    815     479     567     
441    1869 975     634     1323    630     886     1604    840     595     738     613     1030    1021    1565    1705    1541    1070    844     605     365     
441    1870 971     555     1437    406     997     1718    848     438     418     646     1068    1279    1592    1761    1801    1131    880     532     101     
441    1871 -999999 574     -999999 394     -999999 -999999 -999999 363     751     831     987     -999999 -999999 -999999 -999999 -999999 -999999 -999999 -999999 
441    1872 -999999 -999999 -999999 -999999 -999999 -999999 -999999 -999999 -999999 -999999 -999999 -999999 -999999 -999999 -999999 -999999 -999999 -999999 -999999 
441    1873 -999999 -999999 -999999 -999999 -999999 -999999 -999999 -999999 -999999 -999999 -999999 -999999 -999999 -999999 -999999 -999999 -999999 -999999 -999999 
441    1874 -999999 -999999 -999999 -999999 -999999 -999999 -999999 -999999 -999999 -999999 -999999 -999999 -999999 -999999 -999999 -999999 -999999 -999999 -999999 
441    1875 -999999 -999999 -999999 -999999 -999999 -999999 -999999 -999999 -999999 -999999 -999999 -999999 -999999 -999999 -999999 -999999 -999999 -999999 -999999 
441    1876 -999999 -999999 -999999 -999999 -999999 -999999 -999999 -999999 -999999 -999999 -999999 -999999 -999999 -999999 -999999 -999999 -999999 -999999 -999999 
441    1877 -999999 -999999 -999999 -999999 -999999 -999999 -999999 -999999 -999999 -999999 -999999 -999999 -999999 -999999 -999999 -999999 -999999 -999999 -999999 
441    1878 -999999 -999999 -999999 -999999 -999999 -999999 -999999 -999999 -999999 -999999 -999999 -999999 -999999 -999999 -999999 -999999 -999999 -999999 -999999 
441    1879 -999999 -999999 -999999 -999999 -999999 -999999 -999999 -999999 -999999 -999999 -999999 -999999 -999999 -999999 -999999 -999999 -999999 -999999 -999999 
441    1880 1022    -999999 1362    -999999 960     1551    984     483     692     849     878     1150    1382    1527    1740    1483    760     716     581     
441    1881 -999999 -999999 1268    379     -999999 1403    1094    14      561     -999999 815     1281    1341    1492    1372    1301    981     995     456     
441    1882 -999999 -999999 -999999 -999999 -999999 -999999 -999999 718     -999999 -999999 -999999 -999999 -999999 -999999 -999999 -999999 -999999 -999999 -999999 
441    1883 -999999 -999999 1235    -999999 784     1403    1016    -999999 634     486     831     1029    1359    1393    1454    1341    1010    708     599     
441    1884 1034    743     1326    658     928     1498    1052    714     660     757     863     1163    1376    1575    1538    1429    1054    674     580     
441    1885 971     689     1260    588     825     1477    980     549     640     635     869     972     1351    1543    1534    1283    855     805     599     
441    1886 974     618     1307    497     845     1502    1105    383     510     551     883     1104    1425    1555    1524    1342    1123    849     417     
441    1887 1018    707     1378    547     850     1678    956     591     641     619     743     1185    1744    1707    1586    1292    935     642     508     
441    1888 1003    611     1297    523     839     1483    1088    647     419     505     823     1188    1484    1464    1501    1311    1037    917     690     
441    1889 1050    775     1335    659     915     1520    1087    649     634     723     814     1205    1497    1594    1472    1430    973     859     735     
441    1890 1029    -999999 1324    685     965     1422    1159    697     609     715     918     1228    1382    1446    1438    1531    1184    762     330     
441    1891 997     680     1315    514     819     1525    997     455     783     583     849     1027    1551    1555    1471    1435    952     620     691     
441    1892 948     616     1290    563     -999999 1452    970     404     595     414     845     1207    1350    1438    1564    1248    794     872     572     
441    1893 1107    709     1490    547     1168    1667    1003    475     600     935     1132    1438    1668    1624    1709    1360    1043    605     661     
441    1894 -999999 719     1283    612     965     1460    -999999 450     738     817     1044    1033    1389    1535    1452    1239    -999999 -999999 -999999 
441    1895 -999999 -999999 -999999 -999999 -999999 1502    1052    -999999 -999999 -999999 -999999 -999999 1543    1451    1512    1562    856     744     564     
441    1896 1031    736     1379    667     1067    1502    919     666     778     810     1046    1343    1534    1487    1486    1369    759     649     452     
441    1897 1007    594     1293    481     860     1545    1064    295     720     704     781     1094    1440    1658    1534    1238    1097    855     648     
441    1898 1064    761     1349    675     870     1509    1136    769     602     582     937     1094    1368    1590    1568    1540    1116    753     829     
441    1899 1056    742     1395    628     876     1677    1128    475     570     684     861     1083    1567    1585    1874    1386    1022    978     538     
441    1900 1015    654     1369    482     863     1556    1063    573     321     470     990     1135    1472    1623    1569    1418    1073    697     788     
441    1901 1012    666     1428    567     882     1668    1030    521     374     516     835     1291    1379    1702    1923    1431    995     626     483     
441    1902 987     671     1244    514     887     1423    1070    637     413     849     824     985     1386    1452    1431    1384    1035    792     612     
441    1903 957     718     1247    608     853     1427    1012    477     748     649     790     1118    1437    1478    1367    1285    1012    739     378     
441    1904 996     -999999 1268    -999999 819     1462    1061    539     -999999 529     836     1093    1411    1574    1400    1287    1187    705     645     
441    1905 1030    771     1340    663     914     1565    902     683     661     729     808     1188    1589    1655    1452    1270    901     536     828     
441    1906 1022    695     1326    665     862     1560    1063    644     507     732     787     1066    1505    1547    1625    1419    1049    722     616     
441    1907 994     730     1276    584     921     1427    1052    596     535     841     777     1140    1247    1607    1421    1454    1021    683     564     
441    1908 1046    682     1322    608     879     1471    1200    473     800     560     771     1290    1379    1528    1503    1374    1334    889     605     
441    1909 985     756     1284    595     853     1440    1065    603     -999999 487     945     1127    1284    1444    1586    1305    1376    503     483     
441    1910 984     699     1278    524     885     1481    975     530     565     711     771     1170    1396    1524    1520    1276    1111    539     641     
441    1911 1014    652     1371    561     887     1600    1008    525     512     584     817     1270    1434    1635    1725    1325    1056    604     603     
441    1912 -999999 679     -999999 561     947     -999999 975     529     552     737     936     1182    -999999 1449    -999999 1218    939     767     633     
441    1913 899     672     1167    590     799     1325    921     518     -999999 556     770     1068    1305    1340    1329    1179    909     676     439     
441    1914 985     655     1313    553     919     1488    1000    569     656     673     1005    1083    1355    1572    1549    1358    1018    624     452     
441    1915 -999999 -999999 -999999 -999999 894     -999999 934     -999999 478     553     948     1182    1389    1434    -999999 1279    1031    489     643     
441    1916 -999999 640     -999999 624     715     -999999 1088    783     436     442     718     984     1173    1476    -999999 1386    1157    718     415     
441    1917 -999999 560     -999999 308     825     -999999 1010    240     264     540     629     1299    1288    -999999 -999999 1352    823     862     496     
441    1918 1017    699     1313    597     957     1384    1049    508     807     712     896     1261    1357    1442    1351    1569    912     670     704     
441    1919 905     -999999 1255    -999999 838     1399    858     -999999 412     465     789     1257    1304    1352    1543    1284    911     378     580     
441    1920 -999999 603     -999999 584     821     -999999 1073    542     632     572     771     1119    1418    1314    -999999 1224    1100    -999999 370     
441    1921 -999999 -999999 -999999 -999999 870     -999999 1103    565     738     -999999 825     1033    1478    1750    -999999 1256    1252    808     815     
441    1922 897     774     1173    659     800     1311    881     526     632     601     -999999 1118    1319    1268    1348    1214    1061    363     587     
441    1923 -999999 -999999 1137    -999999 687     1405    -999999 -999999 -999999 618     634     807     1250    1543    1418    -999999 973     371     550     
441    1924 -999999 -999999 -999999 -999999 751     -999999 -999999 -999999 -999999 517     675     1060    1358    1412    -999999 -999999 958     756     724     
441    1925 884     671     1182    595     713     1434    899     581     468     524     698     918     1428    1444    1429    1168    1055    469     390     
441    1926 966     641     1298    546     861     1473    933     549     713     674     955     976     1245    1665    1502    1381    879     540     493     
441    1927 919     639     1200    567     877     1364    935     569     645     704     790     1134    1151    1473    1460    1174    1011    616     277     
441    1928 888     605     1133    468     794     1294    924     524     612     588     689     1102    1236    1269    1375    1114    1042    611     463     
441    1929 854     589     1151    382     794     1300    920     215     479     707     681     989     1237    1355    1306    1332    844     586     491     
441    1930 829     490     1142    347     740     1288    908     389     142     456     735     1028    1276    1318    1270    1227    1016    478     571     
441    1931 -999999 562     -999999 458     -999999 1328    814     336     467     495     774     -999999 1275    1379    1327    1137    734     575     487     
441    1932 957     569     1268    483     811     1524    960     509     451     650     673     1106    1535    1460    1579    1241    899     743     623     
441    1933 1018    666     1401    511     1032    1570    1022    400     512     809     979     1306    1475    1639    1594    1411    1042    613     424     
441    1934 1000    635     1298    526     786     1573    974     614     541     568     781     1008    1559    1733    1429    1270    1029    623     805     
441    1935 945     -999999 1272    697     -999999 1485    954     662     617     -999999 693     1126    1371    1530    1551    1358    954     563     256     
441    1936 960     544     1289    336     875     1476    1008    274     493     718     754     1150    1375    1484    1567    1394    1035    596     640     
441    1937 929     624     1298    569     843     1451    917     533     532     399     979     1161    1352    1451    1546    1282    894     577     423     
441    1938 -999999 683     -999999 570     -999999 -999999 1019    617     685     899     -999999 -999999 -999999 1333    -999999 1346    1022    690     425     
441    1939 974     666     1332    521     928     1517    924     432     726     709     910     1164    1526    1454    1571    1362    843     571     394     
441    1940 -999999 -999999 1349    -999999 -999999 1510    1005    -999999 -999999 -999999 -999999 1239    1563    1377    1593    1303    964     751     487     
441    1941 948     591     1267    388     811     1433    1086    260     415     646     694     1088    1461    1442    1396    1517    1087    655     654     
441    1942 951     658     1271    497     943     1417    871     439     387     701     981     1149    1290    1460    1496    1238    900     486     845     
441    1943 996     691     1295    683     943     1461    1017    593     603     704     1030    1097    1394    1566    1422    1253    1056    740     467     
441    1944 952     688     1270    549     916     1471    862     721     453     679     954     1117    1388    1549    1474    1124    828     634     479     
441    1945 1057    626     1360    457     1055    1481    1157    145     776     908     1053    1203    1319    1516    1602    1457    1210    803     672     
441    1946 955     752     1221    616     885     1336    1057    510     673     635     945     1078    1217    1399    1387    1296    1075    798     436     
441    1947 956     554     1336    312     830     1546    1084    426     50      496     879     1116    1386    1465    1781    1375    1108    768     559     
441    1948 1010    730     1248    528     947     1407    1106    469     557     909     852     1077    1265    1494    1457    1336    1052    930     697     
441    1949 1054    814     1375    709     932     1573    1009    714     718     765     950     1081    1506    1616    1593    1496    765     774     649     
441    1950 959     706     1281    611     961     1456    921     622     556     860     798     1219    1483    1481    1405    1292    917     553     276     
441    1951 930     531     1198    377     782     1408    1021    452     404     569     712     1049    1390    1494    1341    1194    1105    762     623     
441    1952 -999999 707     -999999 534     1003    -999999 -999999 429     550     764     922     1322    1279    -999999 -999999 -999999 -999999 -999999 -999999 
441    1953 -999999 -999999 -999999 -999999 -999999 -999999 -999999 -999999 -999999 -999999 -999999 -999999 -999999 -999999 -999999 -999999 -999999 -999999 -999999 
441    1954 -999999 -999999 -999999 -999999 -999999 -999999 -999999 -999999 -999999 -999999 -999999 -999999 -999999 -999999 -999999 -999999 -999999 -999999 -999999 
441    1955 -999999 -999999 -999999 -999999 -999999 -999999 -999999 -999999 -999999 -999999 -999999 -999999 -999999 -999999 -999999 -999999 -999999 -999999 -999999 
441    1956 -999999 -999999 -999999 -999999 -999999 -999999 -999999 -999999 -999999 -999999 -999999 -999999 -999999 -999999 -999999 -999999 -999999 -999999 -999999 
441    1957 -999999 -999999 -999999 -999999 -999999 -999999 -999999 -999999 -999999 -999999 -999999 -999999 -999999 -999999 -999999 -999999 -999999 -999999 -999999 
441    1958 -999999 -999999 -999999 -999999 -999999 -999999 -999999 -999999 -999999 -999999 -999999 -999999 -999999 -999999 -999999 -999999 -999999 -999999 -999999 
441    1959 -999999 -999999 -999999 -999999 -999999 -999999 -999999 -999999 -999999 -999999 -999999 -999999 -999999 -999999 -999999 -999999 -999999 -999999 -999999 
441    1960 -999999 -999999 -999999 -999999 -999999 -999999 -999999 -999999 -999999 -999999 -999999 -999999 -999999 -999999 -999999 -999999 -999999 -999999 -999999 
441    1961 -999999 -999999 -999999 -999999 -999999 -999999 -999999 -999999 -999999 -999999 -999999 -999999 -999999 -999999 -999999 -999999 -999999 -999999 -999999 
441    1962 -999999 -999999 -999999 -999999 -999999 -999999 -999999 -999999 -999999 -999999 -999999 -999999 -999999 -999999 -999999 -999999 -999999 -999999 -999999 
441    1963 -999999 -999999 -999999 -999999 -999999 -999999 -999999 -999999 -999999 -999999 -999999 -999999 -999999 -999999 -999999 -999999 -999999 -999999 -999999 
441    1964 -999999 -999999 -999999 -999999 -999999 -999999 -999999 -999999 -999999 -999999 -999999 -999999 -999999 -999999 -999999 -999999 -999999 -999999 -999999 
441    1965 -999999 -999999 -999999 -999999 -999999 -999999 -999999 -999999 -999999 -999999 -999999 -999999 -999999 -999999 -999999 -999999 -999999 530     610     
441    1966 983     -999999 1277    580     877     1454    975     441     700     794     792     1067    1448    1470    1444    1399    938     589     696     
441    1967 -999999 684     -999999 620     870     -999999 1002    550     613     706     930     975     -999999 1508    1463    1329    996     680     647     
441    1968 991     666     1282    537     849     1492    1139    635     316     702     855     990     1396    1490    1586    1366    1297    748     476     
441    1969 972     655     1292    446     815     1484    1096    578     267     528     821     1096    1385    1543    1522    1374    1340    565     581     
441    1970 992     680     1305    517     856     1501    1094    521     443     605     768     1193    1575    1419    1510    1358    1134    788     547     
441    1971 1051    730     1301    597     870     1450    1194    620     627     654     848     1107    1284    1550    1512    1497    1256    826     803     
441    1972 964     765     1208    615     845     1371    1046    482     558     651     873     1010    1150    1545    1411    1248    1155    730     730     
441    1973 1025    772     1291    671     886     1463    1094    677     600     720     821     1116    1370    1477    1539    1413    1034    836     670     
441    1974 982     752     1238    662     907     1397    906     686     628     646     990     1086    1337    1409    1443    1155    912     651     815     
441    1975 1050    725     1337    729     868     1575    1068    681     688     599     903     1103    1446    1625    1650    1283    1133    787     671     
441    1976 1034    775     1385    672     916     1629    1026    712     631     709     936     1104    1496    1656    1729    1374    973     733     337     
441    1977 1011    640     1286    442     902     1502    1044    419     585     790     785     1126    1317    1625    1558    1291    1225    609     761     
441    1978 1015    713     1284    571     903     1428    1202    503     436     716     802     1186    1314    1480    1487    1423    1256    926     608     
441    1979 926     659     1222    415     743     1432    1101    263     369     512     784     935     1356    1507    1430    1312    1129    861     623     
441    1980 992     713     1302    564     897     1428    1050    432     642     589     954     1151    1326    1416    1540    1419    975     757     698     
441    1981 997     755     1309    649     973     1453    -999999 699     539     839     978     1101    1313    1414    1626    -999999 836     893     357     
441    1982 1037    661     1356    506     945     1553    1057    495     685     710     971     1154    1478    1653    1525    1345    1075    751     581     
441    1983 1067    730     1348    583     850     1648    1109    734     419     791     712     1042    1391    1795    1750    1379    1091    859     780     
441    1984 1034    743     1366    629     897     1591    1045    486     621     618     976     1099    1381    1676    1710    1342    1105    687     692     
441    1985 958     648     1278    479     897     1386    1050    220     530     643     957     1093    1290    1512    1354    1461    1125    563     719     
441    1986 935     631     1195    479     786     1408    1069    514     174     645     668     1042    1434    1474    1318    1226    1135    844     692     
441    1987 1003    714     1332    550     927     1502    1020    434     521     645     1034    1105    1292    1609    1599    1344    941     778     700     
441    1988 1046    732     1311    630     982     1465    1036    592     597     780     997     1168    1525    1434    1438    1302    1087    719     899     
441    1989 1077    829     1372    809     932     1598    1103    816     702     735     754     1302    1401    1808    1577    1371    1187    747     486     
441    1990 1092    789     1376    630     1052    1554    1084    717     694     891     888     1372    1337    1668    1650    1320    1165    766     590     
441    1991 1042    724     1364    517     991     1522    1094    509     443     847     908     1216    1285    1625    1648    1489    1013    784     682     
441    1992 1028    761     1327    643     1001    1538    982     578     671     835     859     1305    1561    1586    1459    1194    892     863     565     
441    1993 1025    761     1296    685     968     1454    949     712     788     751     1000    1154    1436    1472    1453    1255    860     734     672     
441    1994 1046    707     1268    617     913     1451    1163    643     526     790     839     1109    1310    1553    1485    1301    1145    1044    769     
441    1995 1115    822     1465    696     928     1741    1203    592     730     651     978     1156    1561    1748    1908    1427    1300    880     421     
441    1996 -999999 725     1303    513     852     1485    -999999 642     473     626     948     986     1419    1497    1535    1432    -999999 710     -999999 
441    1997 -999999 -999999 -999999 -999999 -999999 -999999 1145    502     734     -999999 -999999 -999999 -999999 1644    1681    1414    1135    886     731     
441    1998 1082    849     1329    723     999     1466    1134    604     845     896     822     1274    1367    1480    1548    1470    1108    824     727     
441    1999 1093    802     1384    698     1003    1535    1161    636     736     777     980     1252    1310    1668    1621    1458    1130    898     620     
441    2000 -999999 812     1375    665     972     1571    -999999 632     747     846     805     1260    1450    1632    1628    1460    1079    -999999 -999999 
441    2001 -999999 -999999 -999999 -999999 -999999 -999999 -999999 -999999 -999999 -999999 -999999 -999999 -999999 -999999 -999999 -999999 1236    942     453     
441    2002 -999999 -999999 1315    -999999 961     1466    1110    -999999 736     824     939     1120    1334    1487    1573    1429    1006    899     609     
