EUROPEAN CLIMATE ASSESSMENT & DATASET (ECA&D), file created on: 13-11-2019
THESE DATA CAN BE USED FOR NON-COMMERCIAL RESEARCH AND EDUCATION PROVIDED THAT THE FOLLOWING SOURCE IS ACKNOWLEDGED: 

Klein Tank, A.M.G. and Coauthors, 2002. Daily dataset of 20th-century surface
air temperature and precipitation series for the European Climate Assessment.
Int. J. of Climatol., 22, 1441-1453.
Data and metadata available at http://www.ecad.eu

FILE FORMAT (MISSING VALUE CODE = -999999):

THIS FILE HOLDS DATA FOR STATION NORWAY                                   TROMSO - HOLT                            (STAID:  18020)
LATITUDE: dd:mm:ss +69:39:14
LONGITUDE: ddd:mm:ss +018:54:33
ELEVATION: m   20

DATA IS FOR INDEX Mean of daily mean temperature (TG) with unit 0.01 Temperature (&#176;C)

01-06 SOUID: Source identifier
08-11 YEAR : YYYY
13-20 ANNUAL DATA VALUES
21-28 WINTER HALF YEAR DATA VALUES
29-36 SUMMER HALF YEAR DATA VALUES
37-44 WINTER (DJF) DATA VALUES
45-52 SPRING (MAM) DATA VALUES
53-60 SUMMER (JJA) DATA VALUES
61-68 AUTUMN (SON) DATA VALUES
69-76 JANUARY DATA VALUES
etc. 
157-164 DECEMBER DATA VALUES

18020  1900 168     -999999 558     -999999 -16     834     331     -266    -796    -288    -55     294     725     780     995     599     250     146     -435    
18020  1901 342     -131    796     -287    64      1106    485     135     -589    -326    128     394     991     1187    1135    927     654     -132    -470    
18020  1902 182     -213    595     -454    -33     875     185     -476    -410    -461    -6      367     608     960     1047    572     5       -17     -50     
18020  1903 292     -70     674     -154    178     954     186     -218    -198    50      4       474     719     940     1194    695     -151    27      -71     
18020  1904 263     -148    724     -239    188     964     312     -5      -668    -48     288     328     806     1035    1046    831     478     -379    -597    
18020  1905 264     -239    732     -440    76      1060    165     -387    -324    -237    -22     483     830     1193    1150    735     80      -318    -69     
18020  1906 223     -252    655     -222    -74     955     302     -183    -435    -609    93      299     789     1224    845     668     284     -46     -300    
18020  1907 310     -115    677     -305    135     1043    390     -422    -181    -30     163     274     1096    1067    966     489     415     264     -404    
18020  1908 261     -98     640     -374    54      952     310     -273    -449    -152    27      285     702     1071    1076    664     565     -306    -126    
18020  1909 230     -86     641     -128    -73     985     209     6       -279    -399    0       181     737     1111    1099    702     317     -397    -365    
18020  1910 276     -129    673     -239    206     928     165     -340    13      3       49      559     846     1001    933     632     189     -326    -270    
18020  1911 305     -173    703     -248    98      979     280     -112    -375    -170    -26     486     719     1066    1143    811     54      -17     20      
18020  1912 188     -235    668     -429    58      1020    231     -507    -825    -164    -57     390     890     1020    1146    599     168     -72     -377    
18020  1913 294     -171    738     -324    149     1032    306     -290    -303    -159    151     455     726     1203    1157    716     61      151     -380    
18020  1914 322     -172    759     -358    126     1083    373     -361    -328    -177    124     431     893     1189    1160    740     352     27      -235    
18020  1915 140     -230    668     -415    -80     1059    197     -487    -535    -526    77      215     650     1382    1133    525     360     -300    -866    
18020  1916 253     -315    750     -500    -24     1165    210     -333    -287    -460    39      352     933     1486    1068    600     -24     61      -419    
18020  1917 136     -319    574     -466    -253    994     235     -356    -639    -558    -291    88      873     906     1198    652     206     -152    -350    
18020  1918 313     -243    763     -496    149     1120    433     -786    -336    -48     128     368     1006    1372    978     714     345     242     -265    
18020  1919 215     -149    752     -374    33      1123    137     -199    -689    -365    -163    622     1195    1173    1004    665     39      -288    -486    
18020  1920 432     -208    854     -360    317     1096    508     -376    -206    69      188     689     876     1254    1152    949     410     167     -14     
18020  1921 302     -38     788     -263    301     1046    197     -540    -233    -30     347     586     903     1102    1130    646     87      -137    -265    
18020  1922 352     -232    935     -302    130     1314    333     -333    -310    -436    144     683     1161    1527    1248    827     316     -144    -504    
18020  1923 287     -142    670     -356    159     939     320     -233    -328    24      -42     489     634     1195    978     747     288     -73     -288    
18020  1924 342     -220    789     -361    -22     1158    505     -220    -591    -452    -44     430     812     1313    1336    862     602     48      -45     
18020  1925 328     1       882     -79     118     1210    197     70      -281    -413    225     544     1040    1345    1239    883     -22     -263    -474    
18020  1926 246     -279    720     -414    106     1039    212     -384    -379    -161    34      443     898     1133    1081    713     -28     -41     -423    
18020  1927 -999999 -999999 -999999 -999999 -999999 -999999 -999999 -999999 -999999 -999999 -999999 -999999 -999999 -999999 -999999 -999999 -999999 -999999 -999999 
18020  1928 -999999 -999999 -999999 -999999 -999999 -999999 -999999 -999999 -999999 -999999 -999999 -999999 -999999 -999999 -999999 -999999 -999999 -999999 -999999 
18020  1929 -999999 -999999 -999999 -999999 -999999 -999999 -999999 -999999 -999999 -999999 -999999 -999999 -999999 -999999 -999999 -999999 -999999 -999999 -999999 
18020  1930 -999999 -999999 -999999 -999999 -999999 -999999 -999999 -999999 -999999 -999999 -999999 -999999 -999999 -999999 -999999 -999999 -999999 -999999 -999999 
18020  1931 -999999 -999999 -999999 -999999 -999999 -999999 -999999 -999999 -999999 -999999 -999999 -999999 -999999 -999999 -999999 -999999 -999999 -999999 -999999 
18020  1932 -999999 -999999 -999999 -999999 -999999 -999999 -999999 -999999 -999999 -999999 -999999 -999999 -999999 -999999 -999999 -999999 -999999 -999999 -999999 
18020  1933 -999999 -999999 -999999 -999999 -999999 -999999 -999999 -999999 -999999 -999999 -999999 -999999 -999999 -999999 -999999 -999999 -999999 -999999 -999999 
18020  1934 -999999 -999999 -999999 -999999 -999999 -999999 -999999 -999999 -999999 -999999 -999999 -999999 -999999 -999999 -999999 -999999 -999999 -999999 -999999 
18020  1935 -999999 -999999 -999999 -999999 -999999 -999999 -999999 -999999 -999999 -999999 -999999 -999999 -999999 -999999 -999999 -999999 -999999 -999999 -999999 
18020  1936 -999999 -999999 -999999 -999999 -999999 -999999 -999999 -999999 -999999 -999999 -999999 -999999 -999999 -999999 -999999 -999999 -999999 -999999 -999999 
18020  1937 -999999 -999999 -999999 -999999 -999999 -999999 -999999 -999999 -999999 -999999 -999999 -999999 -999999 -999999 -999999 -999999 -999999 -999999 -999999 
18020  1938 -999999 -999999 -999999 -999999 -999999 -999999 -999999 -999999 -999999 -999999 -999999 -999999 -999999 -999999 -999999 -999999 -999999 -999999 -999999 
18020  1939 -999999 -999999 -999999 -999999 -999999 -999999 -999999 -999999 -999999 -999999 -999999 -999999 -999999 -999999 -999999 -999999 -999999 -999999 -999999 
18020  1940 -999999 -999999 -999999 -999999 -999999 -999999 -999999 -999999 -999999 -999999 -999999 -999999 -999999 -999999 -999999 -999999 -999999 -999999 -999999 
18020  1941 -999999 -999999 -999999 -999999 -999999 -999999 -999999 -999999 -999999 -999999 -999999 -999999 -999999 -999999 -999999 -999999 -999999 -999999 -999999 
18020  1942 -999999 -999999 -999999 -999999 -999999 -999999 -999999 -999999 -999999 -999999 -999999 -999999 -999999 -999999 -999999 -999999 -999999 -999999 -999999 
18020  1943 -999999 -999999 -999999 -999999 -999999 -999999 -999999 -999999 -999999 -999999 -999999 -999999 -999999 -999999 -999999 -999999 -999999 -999999 -999999 
18020  1944 -999999 -999999 -999999 -999999 -999999 -999999 -999999 -999999 -999999 -999999 -999999 -999999 -999999 -999999 -999999 -999999 -999999 -999999 -999999 
18020  1945 -999999 -999999 -999999 -999999 -999999 -999999 -999999 -999999 -999999 -999999 -999999 -999999 -999999 -999999 -999999 -999999 -999999 -999999 -999999 
18020  1946 -999999 -999999 -999999 -999999 -999999 -999999 -999999 -999999 -999999 -999999 -999999 -999999 -999999 -999999 -999999 -999999 -999999 -999999 -999999 
18020  1947 -999999 -999999 -999999 -999999 -999999 -999999 -999999 -999999 -999999 -999999 -999999 -999999 -999999 -999999 -999999 -999999 -999999 -999999 -999999 
18020  1948 -999999 -999999 -999999 -999999 -999999 -999999 -999999 -999999 -999999 -999999 -999999 -999999 -999999 -999999 -999999 -999999 -999999 -999999 -999999 
18020  1949 -999999 -999999 -999999 -999999 -999999 -999999 -999999 -999999 -999999 -999999 -999999 -999999 -999999 -999999 -999999 -999999 -999999 -999999 -999999 
18020  1950 -999999 -999999 -999999 -999999 -999999 -999999 -999999 -999999 -999999 -999999 -999999 -999999 -999999 -999999 -999999 -999999 -999999 -999999 -999999 
18020  1951 -999999 -999999 -999999 -999999 -999999 -999999 -999999 -999999 -999999 -999999 -999999 -999999 -999999 -999999 -999999 -999999 -999999 -999999 -999999 
18020  1952 -999999 -999999 -999999 -999999 -999999 -999999 -999999 -999999 -999999 -999999 -999999 -999999 -999999 -999999 -999999 -999999 -999999 -999999 -999999 
18020  1953 -999999 -999999 -999999 -999999 -999999 -999999 -999999 -999999 -999999 -999999 -999999 -999999 -999999 -999999 -999999 -999999 -999999 -999999 -999999 
18020  1954 -999999 -999999 -999999 -999999 -999999 -999999 -999999 -999999 -999999 -999999 -999999 -999999 -999999 -999999 -999999 -999999 -999999 -999999 -999999 
18020  1955 -999999 -999999 -999999 -999999 -999999 -999999 -999999 -999999 -999999 -999999 -999999 -999999 -999999 -999999 -999999 -999999 -999999 -999999 -999999 
18020  1956 -999999 -999999 -999999 -999999 -999999 -999999 -999999 -999999 -999999 -999999 -999999 -999999 -999999 -999999 -999999 -999999 -999999 -999999 -999999 
18020  1957 329     -999999 725     -999999 155     996     429     -79     -424    -147    193     420     689     1256    1032    741     394     153     -344    
18020  1958 282     -191    722     -427    43      1012    497     -381    -571    -422    119     435     865     1022    1143    736     463     294     -368    
18020  1959 398     41      747     -241    310     1033    414     -475    158     193     209     525     925     1097    1075    635     414     194     -185    
18020  1960 352     -68     909     -366    363     1183    243     -393    -531    72      371     645     852     1444    1242    880     35      -180    -249    
18020  1961 384     -157    781     -216    88      1151    544     -201    -196    -155    -67     483     965     1292    1191    801     662     164     -381    
18020  1962 234     -138    679     -345    -15     915     379     -362    -286    -630    178     413     749     994     998     728     311     99      -409    
18020  1963 334     -219    837     -435    183     1039    439     -370    -536    -427    139     835     898     1039    1175    916     482     -81     -133    
18020  1964 -999999 -6      -999999 -155    239     983     -999999 14      -358    16      90      606     735     1172    1036    -999999 629     -14     -65     
18020  1965 218     -67     660     -214    -4      908     324     -285    -300    -388    129     252     828     904     990     854     339     -222    -512    
18020  1966 175     -365    626     -611    -114    1064    231     -504    -841    -493    -117    267     970     1205    1014    398     107     191     -173    
18020  1967 317     -119    771     -338    218     1006    496     -543    -293    -12     88      574     833     1077    1103    935     249     313     -548    
18020  1968 192     -213    588     -519    8       877     188     -662    -336    -288    38      275     793     918     919     573     -95     97      64      
18020  1969 338     -166    802     -243    80      1176    381     -387    -422    -268    46      461     961     1301    1260    761     451     -72     -98     
18020  1970 309     -147    789     -370    115     1155    334     -302    -747    -168    -15     525     1015    1274    1171    743     472     -217    -130    
18020  1971 258     -175    708     -291    -22     1062    241     -348    -407    -445    -20     400     1032    1042    1112    671     295     -245    -47     
18020  1972 450     -62     872     -94     172     1285    331     -15     -228    -151    98      567     1275    1403    1178    691     309     -7      242     
18020  1973 290     10      758     -33     163     1118    117     -31     -340    -146    114     521     976     1408    967     539     70      -255    -391    
18020  1974 410     -150    879     -272    294     1205    311     -147    -278    83      183     612     1135    1334    1145    852     240     -155    -142    
18020  1975 322     -67     675     -177    238     876     391     -350    -24     31      149     530     697     984     942     732     331     112     -295    
18020  1976 272     -129    746     -355    212     1053    205     -698    -53     -156    69      717     936     1125    1094    513     182     -78     -400    
18020  1977 264     -236    674     -430    17      1038    346     -420    -474    -244    -84     375     747     1195    1162    623     346     71      -192    
18020  1978 222     -207    763     -431    50      1171    209     -541    -576    -377    50      477     1104    1287    1119    522     137     -31     -567    
18020  1979 263     -286    754     -539    83      1124    251     -592    -451    -223    16      452     880     1363    1123    667     223     -136    -218    
18020  1980 297     -200    853     -345    183     1184    211     -394    -429    -261    256     556     1143    1222    1185    742     228     -336    -368    
18020  1981 179     -297    657     -380    -8      897     272     -477    -286    -545    21      500     598     1090    993     716     244     -142    -594    
18020  1982 294     -203    657     -416    154     929     321     -543    -78     -94     104     450     557     1171    1046    587     323     54      -82     
18020  1983 314     -52     792     -187    280     966     283     -225    -260    -140    264     715     866     1162    865     864     240     -254    -373    
18020  1984 358     -175    775     -263    267     993     265     -381    -19     -253    276     779     979     975     1025    600     295     -100    101     
18020  1985 214     -180    718     -365    3       1156    275     -441    -795    -198    -149    350     872     1390    1197    623     355     -156    -568    
18020  1986 274     -223    736     -528    232     1070    323     -624    -377    17      -43     713     1011    1174    1025    515     385     66      -620    
18020  1987 207     -293    659     -630    73      901     404     -600    -675    -339    104     454     795     962     943     682     686     -166    -430    
18020  1988 226     -197    723     -452    -51     1128    265     -401    -529    -362    -200    403     916     1376    1085    734     266     -207    -410    
18020  1989 380     -115    828     -251    305     1085    366     -91     -254    -10     369     559     1000    996     1256    774     236     91      -404    
18020  1990 430     -80     860     -232    178     1228    362     -282    13      -120    252     405     1100    1310    1270    811     443     -169    93      
18020  1991 374     -40     767     -103    144     1128    335     -194    -218    -218    212     441     1116    1117    1150    552     397     52      39      
18020  1992 352     69      770     -20     210     1055    160     -61     -39     16      37      572     1044    1049    1073    833     -130    -213    30      
18020  1993 339     -108    737     -60     143     1097    300     -80     -138    -122    66      481     705     1397    1175    570     92      244     -357    
18020  1994 341     -149    758     -402    234     1027    317     -554    -274    -54     307     453     908     1079    1091    699     232     22      98      
18020  1995 308     2       725     -79     194     1005    248     -96     -264    -17     85      512     972     1048    992     730     205     -189    -356    
18020  1996 318     -156    726     -298    98      1086    379     -29     -523    -70     -5      365     929     1111    1213    727     419     -11     -353    
18020  1997 360     -115    790     -318    28      1191    384     -294    -305    -173    -138    390     1019    1279    1269    903     259     -36     24      
18020  1998 343     -117    821     -234    70      1228    322     -296    -453    -232    18      435     1043    1450    1186    757     345     -109    -91     
18020  1999 376     -93     782     -232    183     1026    591     -293    -325    -117    127     539     1048    1107    922     943     479     355     -333    
18020  2000 400     -10     766     -232    133     1048    583     -129    -232    -209    16      588     875     1176    1087    835     710     174     -168    
18020  2001 348     -35     807     -229    49      1119    447     -61     -480    -409    49      505     1099    1135    1121    919     388     33      -179    
18020  2002 394     -59     948     -222    361     1238    229     -229    -263    -106    408     783     1108    1344    1257    769     127     -207    -308    
18020  2003 425     -146    865     -278    308     1186    436     -607    120     23      219     679     958     1411    1182    719     294     301     -207    
18020  2004 444     -27     897     -266    358     1179    402     -327    -263    37      393     645     858     1470    1199    794     365     48      77      
18020  2005 454     36      846     -15     223     1164    511     -53     -74     -157    320     509     1032    1294    1162    744     559     226     -148    
18020  2006 444     39      861     -73     253     1078    408     89      -170    -340    343     757     961     1082    1187    820     228     183     142     
18020  2007 452     -10     839     -212    309     1180    491     -241    -571    151     166     607     983     1406    1145    708     666     92      213     
18020  2008 365     95      713     17      88      1006    399     -93     -74     -246    50      459     889     1119    1007    740     442     15      47      
18020  2009 373     -28     846     -170    238     1125    424     -211    -364    -125    105     730     842     1253    1270    854     264     159     -357    
18020  2010 283     -194    771     -412    185     959     345     -250    -651    -359    193     721     735     1159    976     826     380     -173    -242    
18020  2011 492     -129    920     -302    305     1158    700     -303    -369    -95     340     673     1130    1132    1212    1023    635     445     26      
18020  2012 335     115     711     -146    180     999     413     -246    -221    38      44      454     909     1095    992     761     323     158     -308    
18020  2013 436     -100    933     -233    206     1186    467     -149    -242    -387    130     873     1172    1194    1192    1025    346     34      1       
18020  2014 425     -5      851     -147    235     1205    433     -479    56      17      181     505     914     1516    1175    792     404     103     -115    
18020  2015 477     28      862     -178    360     1102    556     -303    -108    174     264     640     806     1171    1318    953     485     232     41      
18020  2016 462     47      884     -167    393     1067    519     -393    -147    55      325     798     886     1241    1068    973     505     79      124     
18020  2017 396     57      777     -52     113     1093    502     -71     -225    -98     64      370     1011    1155    1110    946     485     76      -114    
18020  2018 420     -119    891     -284    196     1147    566     -336    -414    -432    202     818     773     1445    1210    869     421     414     14      
18020  2019 -999999 -4      830     -210    212     1113    -999999 -387    -263    -234    303     568     914     1249    1169    761     117     -999999 -999999 
