EUROPEAN CLIMATE ASSESSMENT & DATASET (ECA&D), file created on: 13-11-2019
THESE DATA CAN BE USED FOR NON-COMMERCIAL RESEARCH AND EDUCATION PROVIDED THAT THE FOLLOWING SOURCE IS ACKNOWLEDGED: 

Klein Tank, A.M.G. and Coauthors, 2002. Daily dataset of 20th-century surface
air temperature and precipitation series for the European Climate Assessment.
Int. J. of Climatol., 22, 1441-1453.
Data and metadata available at http://www.ecad.eu

FILE FORMAT (MISSING VALUE CODE = -999999):

THIS FILE HOLDS DATA FOR STATION SWEDEN                                   KARESUANDO                               (STAID:   1409)
LATITUDE: dd:mm:ss +68:26:31
LONGITUDE: ddd:mm:ss +022:27:01
ELEVATION: m  330

DATA IS FOR INDEX Mean of daily mean temperature (TG) with unit 0.01 Temperature (&#176;C)

01-06 SOUID: Source identifier
08-11 YEAR : YYYY
13-20 ANNUAL DATA VALUES
21-28 WINTER HALF YEAR DATA VALUES
29-36 SUMMER HALF YEAR DATA VALUES
37-44 WINTER (DJF) DATA VALUES
45-52 SPRING (MAM) DATA VALUES
53-60 SUMMER (JJA) DATA VALUES
61-68 AUTUMN (SON) DATA VALUES
69-76 JANUARY DATA VALUES
etc. 
157-164 DECEMBER DATA VALUES

1409   1948 -999999 -999999 -999999 -999999 -999999 -999999 -999999 -999999 -999999 -999999 -999999 -999999 -999999 -999999 -999999 -999999 -999999 -999999 -999999 
1409   1949 -54     -999999 599     -999999 -325    940     69      -902    -828    -957    -315    297     811     1057    947     783     -242    -325    -1011   
1409   1950 -125    -922    745     -1385   -223    1227    -102    -1660   -1495   -837    -94     267     1107    1270    1300    599     76      -987    -1144   
1409   1951 -256    -1075   565     -1454   -509    1016    -94     -1784   -1434   -1212   -282    -27     660     1042    1335    643     284     -1221   -1162   
1409   1952 -285    -1006   578     -1243   -475    1019    -292    -1262   -1308   -1395   -210    190     1015    1240    802     416     -349    -940    -1640   
1409   1953 -20     -1099   725     -1572   -187    1276    47      -1299   -1799   -631    -234    302     1492    1270    1073    434     95      -388    -680    
1409   1954 -117    -787    701     -1218   -187    1132    -201    -1261   -1767   -802    -322    557     877     1436    1074    550     -304    -846    -737    
1409   1955 -420    -1040   512     -1300   -623    1027    -346    -1468   -1736   -1208   -688    25      592     1297    1177    636     -325    -1349   -2089   
1409   1956 -348    -1317   540     -1808   -402    1060    -478    -1548   -1785   -837    -756    377     1038    1265    878     408     -446    -1398   -1444   
1409   1957 -149    -1137   650     -1324   -345    1128    -100    -1218   -1309   -1032   -175    177     761     1511    1101    496     -258    -533    -1385   
1409   1958 -250    -1083   555     -1534   -531    1058    70      -1802   -1401   -1131   -503    42      850     1082    1234    600     -40     -347    -1649   
1409   1959 -10     -719    640     -1187   -172    1158    -66     -1426   -411    -401    -532    406     1040    1310    1121    462     -43     -618    -1059   
1409   1960 -125    -938    831     -1463   -38     1296    -236    -1670   -1674   -604    -145    633     1127    1624    1133    584     -451    -834    -1283   
1409   1961 -99     -991    669     -1292   -388    1260    165     -1448   -1129   -810    -632    269     1202    1442    1134    568     410     -492    -1763   
1409   1962 -291    -1049   565     -1522   -536    936     -43     -1535   -1241   -1674   -195    271     848     1045    913     489     -26     -593    -1826   
1409   1963 -132    -1112   761     -1600   -238    1068    -41     -1347   -1631   -1282   -289    855     886     1140    1173    771     -2      -892    -1077   
1409   1964 -85     -826    586     -1041   -323    1044    -35     -584    -1490   -955    -399    384     875     1270    981     374     221     -710    -1059   
1409   1965 -999999 -909    -999999 -1260   -525    -999999 -213    -1531   -1184   -1212   -324    -33     887     -999999 940     618     -117    -1144   -1795   
1409   1966 -445    -1558   529     -2110   -775    1159    -303    -2151   -2415   -1795   -690    163     1201    1309    966     198     -492    -610    -1151   
1409   1967 -191    -1009   683     -1469   -199    1122    23      -1965   -1271   -576    -322    296     959     1230    1171    740     -256    -406    -1941   
1409   1968 -327    -1235   488     -1921   -467    978     -363    -2106   -1701   -1003   -282    -109    938     1073    924     372     -834    -610    -620    
1409   1969 -311    -1151   637     -1438   -520    1240    -221    -1700   -2051   -1162   -486    88      1101    1311    1305    475     -16     -1128   -1602   
1409   1970 -204    -1216   691     -1790   -405    1314    -180    -1591   -2220   -836    -741    351     1373    1407    1164    563     -75     -1031   -977    
1409   1971 -296    -1095   584     -1318   -611    1103    -419    -1405   -1597   -1532   -520    222     1038    1186    1083    468     -220    -1513   -868    
1409   1972 -69     -990    752     -1154   -298    1359    -221    -1221   -1388   -772    -378    254     1318    1575    1182    535     -152    -1048   -792    
1409   1973 -257    -867    647     -1083   -330    1260    -512    -931    -1572   -780    -447    233     1141    1666    970     289     -558    -1266   -1932   
1409   1974 -1      -1085   777     -1330   -156    1213    -77     -1078   -944    -726    -139    396     1180    1361    1098    751     -165    -814    -996    
1409   1975 -118    -790    570     -1096   -121    891     -46     -1443   -821    -502    -310    444     747     1035    887     594     -70     -661    -1355   
1409   1976 -297    -1087   623     -1580   -280    1080    -400    -2185   -1173   -1068   -354    580     929     1183    1123    244     -342    -1104   -1425   
1409   1977 -275    -1199   515     -1584   -491    1039    -185    -1664   -1671   -1031   -626    180     803     1231    1075    393     -294    -651    -1146   
1409   1978 -309    -1065   628     -1500   -354    1139    -254    -1882   -1469   -974    -441    350     1101    1324    992     419     -283    -897    -2019   
1409   1979 -202    -1254   713     -1855   -264    1228    -281    -1935   -1584   -825    -315    345     1136    1410    1135    539     -515    -859    -1051   
1409   1980 -306    -1254   808     -1676   -284    1313    -362    -2047   -1948   -1139   -115    408     1412    1423    1108    594     -372    -1309   -1732   
1409   1981 -385    -1407   614     -1730   -491    1002    -212    -1678   -1785   -1601   -340    472     706     1293    997     525     -149    -1015   -2130   
1409   1982 -165    -1115   590     -1624   -199    1003    -205    -1694   -986    -701    -238    340     619     1341    1036    412     -159    -868    -1144   
1409   1983 -222    -949    689     -1253   -193    1054    -314    -1316   -1302   -933    -147    504     971     1287    901     598     -222    -1319   -1751   
1409   1984 -150    -1152   684     -1436   -184    1061    -349    -1703   -814    -1084   -217    747     1100    1117    967     361     -283    -1127   -885    
1409   1985 -408    -1288   597     -1823   -453    1169    -167    -2088   -2568   -894    -637    166     962     1426    1113    522     -24     -1005   -2033   
1409   1986 -227    -1167   634     -1810   -160    1132    -103    -2040   -1307   -600    -401    515     1304    1251    847     263     33      -608    -2035   
1409   1987 -299    -1227   530     -1868   -470    940     7       -2010   -1524   -1227   -432    249     882     1155    782     522     391     -905    -1544   
1409   1988 -215    -1015   721     -1497   -411    1244    -224    -1469   -1478   -1113   -524    400     1193    1503    1035    692     -76     -1292   -1504   
1409   1989 33      -873    769     -1121   4       1151    -28     -825    -1024   -545    41      515     1129    1172    1152    586     -186    -479    -1205   
1409   1990 0       -793    735     -1126   -150    1179    -135    -1612   -499    -739    -110    401     1072    1287    1175    561     16      -989    -598    
1409   1991 -124    -886    670     -1134   -287    1169    -198    -1128   -1734   -971    -201    314     1034    1286    1183    375     -69     -904    -808    
1409   1992 -63     -649    662     -806    -172    1082    -415    -843    -764    -522    -545    538     1267    1095    891     709     -857    -1081   -669    
1409   1993 -147    -895    580     -861    -271    1035    -287    -1004   -916    -852    -335    370     691     1352    1050    316     -425    -748    -1322   
1409   1994 -162    -1137   697     -1595   -223    1160    -216    -2091   -1347   -895    -44     277     935     1371    1167    456     -166    -941    -750    
1409   1995 -155    -738    602     -928    -269    1103    -253    -1030   -1014   -559    -413    162     1068    1177    1062    536     -221    -1076   -1612   
1409   1996 -167    -1029   628     -1391   -344    1191    -199    -1005   -1566   -727    -374    68      955     1256    1355    481     65      -1152   -1435   
1409   1997 -67     -933    727     -1253   -379    1335    -131    -1153   -1163   -787    -662    303     1134    1568    1295    689     -107    -975    -1040   
1409   1998 -252    -1053   623     -1366   -437    1110    -275    -1261   -1844   -1166   -459    314     886     1430    1007    532     -72     -1290   -1231   
1409   1999 -150    -1110   714     -1531   -227    1139    157     -1812   -1552   -754    -139    216     1261    1314    845     780     58      -363    -1722   
1409   2000 -15     -834    701     -1326   -198    1150    167     -1120   -1122   -741    -304    448     943     1419    1082    591     287     -380    -1321   
1409   2001 -111    -860    741     -1241   -453    1216    -51     -902    -1526   -1365   -351    361     1254    1262    1134    770     -81     -840    -1142   
1409   2002 -105    -907    886     -1245   -34     1365    -395    -1484   -1094   -819    26      693     1330    1438    1325    477     -393    -1271   -1553   
1409   2003 -66     -1100   786     -1485   -58     1280    -113    -2080   -750    -528    -215    564     1016    1683    1133    500     -127    -711    -1311   
1409   2004 -72     -940    771     -1397   -76     1186    -167    -1458   -1423   -636    -64     473     900     1498    1152    640     -80     -1064   -869    
1409   2005 -29     -847    758     -1000   -264    1265    49      -917    -1238   -958    -72     245     1110    1501    1180    561     84      -499    -1422   
1409   2006 -24     -923    836     -1284   -249    1283    -103    -1152   -1277   -1294   -23     578     1141    1338    1367    590     -297    -595    -751    
1409   2007 -45     -889    730     -1374   -34     1212    -55     -1634   -1775   -356    -132    383     1097    1361    1174    473     164     -808    -633    
1409   2008 -98     -706    619     -866    -330    1070    -183    -994    -979    -1005   -312    326     955     1305    947     470     -150    -872    -909    
1409   2009 -79     -902    771     -1211   -115    1151    -39     -1124   -1641   -785    -203    641     940     1246    1260    712     -321    -499    -1291   
1409   2010 -245    -1108   737     -1589   -189    1096    -239    -1573   -1938   -1086   -74     598     897     1358    1026    595     25      -1347   -1545   
1409   2011 31      -1180   882     -1693   -38     1280    218     -1533   -2034   -731    111     511     1271    1461    1106    817     110     -269    -595    
1409   2012 -200    -726    622     -1227   -182    1062    -69     -1423   -1693   -532    -391    369     881     1222    1076    546     -107    -645    -1759   
1409   2013 -26     -1020   863     -1351   -274    1270    -24     -1228   -1036   -1336   -272    784     1277    1315    1218    831     -88     -811    -1029   
1409   2014 -53     -831    772     -1191   -142    1285    -152    -1969   -509    -546    -147    267     945     1705    1192    640     -100    -998    -1141   
1409   2015 15      -843    755     -1213   -3      1096    77      -1651   -807    -365    -63     416     889     1136    1257    878     -61     -581    -912    
1409   2016 -13     -844    828     -1281   17      1161    -20     -1886   -1030   -595    -143    784     997     1459    1021    825     57      -944    -745    
1409   2017 -132    -747    608     -969    -330    1096    -132    -995    -1188   -717    -446    171     969     1276    1037    616     -90     -922    -1369   
1409   2018 -55     -1137   859     -1521   -224    1294    91      -1524   -1686   -1278   -173    779     878     1821    1171    637     -153    -203    -1045   
1409   2019 -999999 -872    779     -1334   -130    1187    -999999 -1657   -1295   -899    54      461     1052    1312    1192    581     -472    -999999 -999999 
