EUROPEAN CLIMATE ASSESSMENT & DATASET (ECA&D), file created on: 13-11-2019
THESE DATA CAN BE USED FOR NON-COMMERCIAL RESEARCH AND EDUCATION PROVIDED THAT THE FOLLOWING SOURCE IS ACKNOWLEDGED: 

Klein Tank, A.M.G. and Coauthors, 2002. Daily dataset of 20th-century surface
air temperature and precipitation series for the European Climate Assessment.
Int. J. of Climatol., 22, 1441-1453.
Data and metadata available at http://www.ecad.eu

FILE FORMAT (MISSING VALUE CODE = -999999):

THIS FILE HOLDS DATA FOR STATION NORWAY                                   LISTA FYR                                (STAID:   1045)
LATITUDE: dd:mm:ss +58:06:36
LONGITUDE: ddd:mm:ss +006:34:05
ELEVATION: m   14

DATA IS FOR INDEX Mean of daily mean temperature (TG) with unit 0.01 Temperature (&#176;C)

01-06 SOUID: Source identifier
08-11 YEAR : YYYY
13-20 ANNUAL DATA VALUES
21-28 WINTER HALF YEAR DATA VALUES
29-36 SUMMER HALF YEAR DATA VALUES
37-44 WINTER (DJF) DATA VALUES
45-52 SPRING (MAM) DATA VALUES
53-60 SUMMER (JJA) DATA VALUES
61-68 AUTUMN (SON) DATA VALUES
69-76 JANUARY DATA VALUES
etc. 
157-164 DECEMBER DATA VALUES

1045   1954 745     -999999 1150    -999999 580     1362    888     109     -198    138     492     1108    1238    1376    1469    1198    905     561     469     
1045   1955 723     325     1153    123     402     1476    974     42      -172    106     401     698     1152    1605    1660    1385    863     677     198     
1045   1956 680     269     1084    -16     462     1299    900     70      -337    117     412     867     1137    1459    1292    1295    872     532     417     
1045   1957 764     425     1080    301     522     1336    890     328     142     236     511     819     1138    1413    1451    1136    982     549     407     
1045   1958 707     280     1120    82      337     1392    1077    5       -191    -109    392     728     1270    1469    1434    1418    1116    695     206     
1045   1959 821     417     1228    92      679     1475    989     -71     147     390     633     1013    1247    1559    1610    1290    1009    666     317     
1045   1960 727     368     1165    94      596     1382    844     10      -56     246     521     1018    1263    1360    1519    1297    766     470     278     
1045   1961 821     403     1148    225     682     1323    1069    94      312     493     628     923     1253    1340    1373    1363    1173    668     201     
1045   1962 707     445     1041    276     446     1240    884     361     264     -4      543     803     1083    1346    1285    1173    1019    454     125     
1045   1963 657     177     1116    -161    448     1373    944     -259    -369    51      448     846     1293    1337    1485    1277    966     589     153     
1045   1964 753     397     1087    226     577     1261    887     365     154     146     616     971     1154    1262    1364    1143    831     691     320     
1045   1965 687     392     1090    229     492     1292    853     175     187     140     520     816     1248    1284    1342    1323    1042    189     -47     
1045   1966 648     143     1080    -216    454     1386    857     -282    -329    240     262     853     1401    1361    1396    1197    906     467     228     
1045   1967 784     372     1133    132     597     1367    1042    -20     194     443     499     845     1151    1458    1485    1348    1032    745     186     
1045   1968 735     384     1176    70      571     1425    888     -15     38      306     573     834     1318    1429    1525    1370    937     356     129     
1045   1969 696     220     1170    -6      451     1469    890     119     -293    25      493     835     1315    1362    1726    1274    997     396     27      
1045   1970 666     146     1125    -206    431     1447    866     -225    -445    75      289     923     1455    1352    1534    1185    945     466     354     
1045   1971 788     407     1114    294     534     1325    906     236     293     140     508     951     1154    1350    1465    1242    993     480     606     
1045   1972 765     388     1139    190     616     1375    881     -82     36      275     531     1039    1187    1532    1402    1123    911     609     577     
1045   1973 778     540     1130    403     632     1399    767     338     283     498     507     887     1216    1579    1395    1182    695     426     293     
1045   1974 828     413     1168    330     681     1336    870     378     318     358     702     983     1288    1257    1463    1310    756     549     546     
1045   1975 858     482     1183    436     557     1462    961     496     248     279     449     941     1165    1437    1774    1310    920     655     569     
1045   1976 720     415     1141    291     497     1428    849     153     141     45      501     947     1196    1541    1539    1103    852     592     5       
1045   1977 717     288     1063    -19     534     1321    889     12      -80     323     356     916     1174    1330    1453    1132    993     539     393     
1045   1978 699     360     1102    160     523     1360    931     263     -213    135     431     998     1264    1346    1466    1089    976     726     -157    
1045   1979 613     219     1006    -199    435     1243    846     -320    -110    185     418     702     1200    1139    1387    1184    835     520     172     
1045   1980 703     199     1206    -65     505     1477    814     -132    -246    27      548     941     1360    1605    1462    1308    750     384     393     
1045   1981 688     300     1148    184     563     1313    934     62      88      107     426     1150    1162    1367    1406    1359    850     597     -352    
1045   1982 780     206     1171    -180    555     1465    991     -194    26      303     498     863     1293    1519    1577    1260    978     734     452     
1045   1983 814     531     1129    371     602     1358    933     578     53      350     559     895     1179    1449    1439    1243    972     584     401     
1045   1984 771     367     1133    178     562     1347    975     70      54      105     494     1084    1221    1301    1515    1164    1054    702     453     
1045   1985 633     316     1080    -8      504     1329    797     -326    -166    147     395     967     1101    1431    1448    1119    1049    215     149     
1045   1986 669     205     1035    -89     482     1311    915     -102    -338    207     339     897     1310    1273    1350    1027    944     772     280     
1045   1987 643     275     1010    -4      389     1218    902     -353    68      -66     483     754     991     1359    1298    1160    979     565     445     
1045   1988 829     470     1201    370     563     1448    924     393     265     164     412     1109    1331    1549    1459    1327    879     566     464     
1045   1989 878     595     1141    537     663     1359    972     640     506     506     548     931     1295    1421    1358    1281    991     643     388     
1045   1990 908     626     1203    504     782     1432    884     553     580     599     679     1065    1324    1444    1524    1165    978     505     448     
1045   1991 813     448     1149    279     590     1404    944     368     -7      357     576     835     1049    1578    1575    1262    928     643     523     
1045   1992 856     570     1212    474     692     1441    835     484     412     422     501     1148    1510    1411    1404    1285    662     565     451     
1045   1993 742     466     1084    412     713     1206    703     445     331     329     667     1140    1058    1220    1335    1068    766     274     229     
1045   1994 798     262     1187    91      610     1445    909     235     -222    244     594     992     1041    1709    1570    1193    819     717     600     
1045   1995 789     516     1159    418     555     1433    966     296     353     300     560     805     1263    1475    1557    1283    1094    518     -64     
1045   1996 663     254     1086    -73     453     1345    884     -40     -117    118     527     716     1070    1277    1679    1230    1010    406     41      
1045   1997 823     372     1255    151     560     1633    861     85      344     344     491     843     1364    1670    1858    1285    793     508     260     
1045   1998 766     441     1106    341     602     1281    801     262     518     314     484     1005    1168    1303    1369    1294    842     264     352     
1045   1999 825     359     -999999 239     622     -999999 1071    183     175     320     658     890     -999999 1505    1589    1528    967     720     292     
1045   2000 895     529     1197    379     707     1357    1081    468     375     348     662     1108    1213    1420    1433    1333    1119    789     452     
1045   2001 736     416     1138    181     430     1425    989     244     -189    24      357     895     1093    1634    1538    1290    1060    616     173     
1045   2002 866     506     1370    318     739     1637    810     408     379     392     655     1168    1457    1539    1910    1471    659     306     12      
1045   2003 835     246     1274    91      604     1573    893     150     114     223     680     910     1391    1719    1604    1327    716     643     492     
1045   2004 837     417     1220    275     660     1431    959     115     216     315     688     977     1158    1398    1728    1355    950     572     548     
1045   2005 848     494     1185    403     584     1407    1040    485     132     221     670     865     1187    1554    1473    1348    1067    703     370     
1045   2006 905     400     1291    225     482     1556    1204    169     124     -52     482     1016    1230    1736    1690    1574    1153    886     795     
1045   2007 886     690     1231    500     761     1491    918     539     132     585     759     937     1484    1446    1543    1208    960     584     404     
1045   2008 906     541     1281    446     705     1550    955     431     509     360     647     1107    1312    1722    1601    1281    1009    575     317     
1045   2009 840     440     1289    224     724     1513    952     278     61      370     799     1006    1303    1635    1595    1383    794     685     124     
1045   2010 635     240     1166    -138    583     1444    779     -273    -279    352     594     804     1158    1599    1566    1262    892     181     -308    
1045   2011 868     204     1257    -46     671     1476    1077    175     -1      264     758     994     1301    1582    1539    1358    1065    808     520     
1045   2012 789     569     1160    341     688     1396    910     308     184     515     560     985     1155    1467    1557    1220    840     671     -22     
1045   2013 804     253     1204    -5      496     1471    1011    15      -7      8       446     1032    1221    1562    1621    1321    1019    693     655     
1045   2014 976     589     1360    415     820     1606    1110    168     423     560     843     1057    1352    1882    1575    1438    1144    746     481     
1045   2015 896     616     1161    436     644     1384    1048    444     377     485     607     839     1109    1395    1638    1362    983     802     676     
1045   2016 884     529     1307    330     731     1483    1000    32      278     395     615     1177    1436    1512    1500    1594    897     512     644     
1045   2017 883     524     1220    436     674     1448    1038    412     232     417     580     1023    1325    1475    1540    1366    1081    666     430     
1045   2018 871     420     1338    240     698     1543    996     283     -18     45      669     1381    1359    1675    1588    1338    981     668     417     
1045   2019 -999999 549     1265    387     733     1520    -999999 315     434     475     824     903     1349    1524    1681    1302    904     -999999 -999999 
