EUROPEAN CLIMATE ASSESSMENT & DATASET (ECA&D), file created on: 13-11-2019
THESE DATA CAN BE USED FOR NON-COMMERCIAL RESEARCH AND EDUCATION PROVIDED THAT THE FOLLOWING SOURCE IS ACKNOWLEDGED: 

Klein Tank, A.M.G. and Coauthors, 2002. Daily dataset of 20th-century surface
air temperature and precipitation series for the European Climate Assessment.
Int. J. of Climatol., 22, 1441-1453.
Data and metadata available at http://www.ecad.eu

FILE FORMAT (MISSING VALUE CODE = -999999):

THIS FILE HOLDS DATA FOR STATION POLAND                                   RZESZOW JASIONKA                         (STAID:    207)
LATITUDE: dd:mm:ss +50:06:38
LONGITUDE: ddd:mm:ss +022:02:31
ELEVATION: m  206

DATA IS FOR INDEX Mean of daily mean temperature (TG) with unit 0.01 Temperature (&#176;C)

01-06 SOUID: Source identifier
08-11 YEAR : YYYY
13-20 ANNUAL DATA VALUES
21-28 WINTER HALF YEAR DATA VALUES
29-36 SUMMER HALF YEAR DATA VALUES
37-44 WINTER (DJF) DATA VALUES
45-52 SPRING (MAM) DATA VALUES
53-60 SUMMER (JJA) DATA VALUES
61-68 AUTUMN (SON) DATA VALUES
69-76 JANUARY DATA VALUES
etc. 
157-164 DECEMBER DATA VALUES

207    1952 739     -999999 1448    -999999 559     1755    762     -72     -232    -458    1014    1137    1560    1783    1915    1264    821     198     -86     
207    1953 794     104     1477    -199    745     1811    805     -255    -262    177     805     1254    1770    1978    1684    1358    849     206     -113    
207    1954 702     -98     1443    -657    714     1771    846     -954    -930    283     498     1354    1827    1707    1781    1475    797     267     205     
207    1955 738     118     1358    -102    514     1717    841     -306    -216    -64     464     1141    1550    1836    1759    1376    872     275     104     
207    1956 605     -43     1375    -417    591     1670    640     -105    -1309   -165    704     1238    1665    1712    1631    1283    782     -150    -118    
207    1957 838     143     1431    -8      697     1814    816     -150    272     223     837     1035    1839    1922    1681    1262    820     367     -81     
207    1958 811     122     1422    -74     607     1727    875     -247    125     -246    472     1590    1528    1879    1769    1261    960     403     187     
207    1959 805     254     1457    -93     840     1824    706     -128    -364    410     801     1307    1612    2067    1785    1143    675     302     -43     
207    1960 807     86      1351    -221    681     1691    937     -328    -296    186     654     1201    1695    1691    1686    1161    1057    588     340     
207    1961 852     368     1468    3       905     1729    995     -450    131     526     1050    1145    1773    1678    1737    1423    1049    513     -381    
207    1962 716     130     1381    -209    668     1608    794     -10     -238    -174    1043    1147    1439    1611    1770    1266    672     450     -439    
207    1963 687     -268    1568    -865    707     1875    1010    -1243   -919    -172    816     1481    1703    1965    1951    1466    829     740     -470    
207    1964 705     -45     1459    -522    575     1805    835     -585    -511    -279    782     1229    1978    1846    1595    1313    805     388     -124    
207    1965 659     53      1323    -336    601     1603    691     -189    -735    109     624     1070    1633    1667    1511    1425    682     -32     41      
207    1966 842     108     1436    -113    857     1685    944     -546    196     309     956     1310    1568    1806    1677    1281    1246    295     -30     
207    1967 845     212     1508    -265    879     1753    1064    -624    -128    480     800     1355    1604    1912    1738    1627    1141    421     -241    
207    1968 782     183     1449    -259    818     1714    901     -496    -24     293     903     1259    1784    1688    1671    1378    843     484     -406    
207    1969 666     -48     1413    -494    670     1659    899     -690    -373    -160    667     1505    1573    1753    1648    1314    783     603     -677    
207    1970 737     2       1374    -513    706     1682    798     -455    -396    138     805     1178    1620    1728    1695    1199    684     516     57      
207    1971 787     141     1427    -114    760     1715    716     -333    -60     -26     797     1510    1556    1754    1828    1090    799     257     207     
207    1972 768     143     1440    -205    874     1761    718     -747    -65     396     864     1362    1684    1932    1664    1116    614     427     -48     
207    1973 783     183     1407    -83     779     1674    748     -275    89      289     759     1288    1550    1757    1711    1361    711     175     -59     
207    1974 827     222     1357    1       752     1636    821     -169    258     421     681     1153    1430    1642    1828    1391    681     397     174     
207    1975 883     322     1500    113     891     1750    816     261     -118    499     752     1418    1626    1854    1766    1567    795     86      10      
207    1976 675     -39     1349    -343    632     1590    847     -377    -686    -100    813     1189    1524    1785    1459    1309    795     440     -95     
207    1977 807     278     1339    -41     837     1646    819     -172    165     530     686     1289    1642    1670    1625    1105    894     454     -243    
207    1978 689     143     1267    -300    719     1560    770     -246    -422    379     652     1123    1509    1595    1573    1136    896     274     -280    
207    1979 756     69      1415    -380    801     1683    749     -457    -407    348     674     1378    1851    1540    1665    1372    601     278     157     
207    1980 655     51      1278    -198    524     1612    770     -675    -67     9       609     957     1526    1684    1624    1253    893     161     -133    
207    1981 801     133     1444    -255    823     1753    885     -476    -144    471     610     1380    1776    1809    1674    1395    977     279     -200    
207    1982 822     90      1483    -354    751     1784    968     -457    -410    307     553     1388    1652    1822    1875    1588    865     454     139     
207    1983 899     329     1560    62      1030    1753    811     263     -246    447     1063    1579    1658    1863    1735    1445    859     128     -96     
207    1984 783     127     1403    -111    751     1603    923     -48     -193    92      801     1362    1488    1595    1722    1435    1083    246     -221    
207    1985 671     -86     1424    -683    812     1658    703     -905    -950    158     838     1441    1445    1741    1780    1277    777     51      272     
207    1986 773     76      1477    -205    894     1713    824     -133    -813    215     1026    1446    1647    1712    1779    1236    765     471     -188    
207    1987 682     -102    1421    -515    537     1729    881     -1122   -205    -325    728     1214    1694    1931    1561    1385    821     437     22      
207    1988 819     263     1482    50      774     1775    675     47      82      162     727     1431    1621    1930    1767    1390    738     -107    4       
207    1989 927     259     1466    115     948     1703    882     43      319     550     986     1310    1537    1805    1763    1380    1057    204     129     
207    1990 892     415     1392    186     933     1683    839     11      442     644     818     1333    1652    1688    1708    1132    865     518     -137    
207    1991 776     186     1415    -245    738     1762    882     -99     -524    436     699     1076    1613    1908    1759    1417    777     456     -301    
207    1992 855     184     1519    -176    814     1936    775     -261    49      383     804     1254    1749    1919    2134    1229    688     411     -122    
207    1993 780     125     1444    -147    815     1660    664     -137    -186    75      812     1557    1572    1705    1699    1301    947     -265    190     
207    1994 911     251     1541    101     879     1834    876     228     -139    489     864     1283    1626    2059    1810    1583    679     373     5       
207    1995 806     249     1468    40      762     1838    735     -174    317     303     754     1229    1715    2002    1791    1297    958     -58     -493    
207    1996 689     -157    1427    -543    711     1712    863     -580    -556    -235    777     1594    1694    1691    1750    1029    876     685     -489    
207    1997 766     145     1404    -320    728     1728    753     -524    92      241     486     1449    1693    1744    1745    1282    632     348     -41     
207    1998 839     243     1517    111     852     1785    689     96      296     138     1053    1370    1809    1833    1714    1313    827     -79     -327    
207    1999 891     140     1536    -152    906     1823    861     -35     -88     515     972     1232    1798    2000    1671    1532    842     208     -24     
207    2000 948     208     1520    -60     1007    1764    1004    -310    168     362     1168    1495    1718    1716    1857    1147    1121    740     174     
207    2001 837     386     1510    22      892     1827    846     -51     -66     363     870     1441    1532    2010    1928    1247    1101    183     -584    
207    2002 925     242     1600    -137    1018    1929    874     -158    383     538     826     1683    1748    2087    1946    1279    792     554     -603    
207    2003 839     -5      1585    -534    855     1909    854     -347    -670    177     738     1647    1806    1954    1965    1376    599     594     74      
207    2004 851     179     1466    -158    817     1782    936     -492    -48     344     875     1234    1647    1849    1844    1331    1070    401     131     
207    2005 833     201     1537    -105    777     1805    893     -62     -414    27      913     1396    1675    1981    1755    1484    889     306     -39     
207    2006 876     21      1587    -376    771     1889    1081    -750    -334    28      944     1348    1698    2127    1835    1549    1100    592     299     
207    2007 948     504     1588    221     1036    1932    736     302     44      645     895     1562    1892    1995    1906    1254    792     160     -142    
207    2008 964     255     1528    55      893     1854    954     70      249     398     928     1355    1796    1873    1892    1303    1056    500     117     
207    2009 905     270     1586    -68     893     1847    981     -225    -100    244     1106    1335    1659    2000    1876    1524    817     607     -45     
207    2010 811     143     1558    -311    887     1924    845     -675    -202    336     909     1415    1779    2055    1933    1235    570     738     -415    
207    2011 902     144     1592    -258    909     1852    863     -15     -355    313     1025    1392    1813    1822    1920    1567    792     232     231     
207    2012 879     132     1638    -243    983     1950    982     -195    -802    475     987     1487    1806    2126    1912    1491    866     594     -267    
207    2013 900     117     1569    -213    773     1910    961     -301    -56     -133    939     1518    1848    1939    1940    1206    1088    584     167     
207    2014 995     448     1577    102     1031    1844    1003    -64     215     678     1008    1406    1664    2044    1817    1503    962     545     108     
207    2015 1017    383     1644    102     883     2032    957     88      109     465     874     1308    1799    2058    2230    1575    762     539     327     
207    2016 948     368     1623    146     964     1906    885     -292    420     461     988     1444    1918    1966    1835    1575    743     342     -25     
207    2017 956     197     1606    -199    959     1976    986     -564    13      659     823     1392    1921    1942    2062    1480    1025    454     206     
207    2018 1019    250     1782    -17     1035    2005    1076    70      -360    56      1381    1677    1888    2065    2059    1609    1113    503     71      
