EUROPEAN CLIMATE ASSESSMENT & DATASET (ECA&D), file created on: 13-11-2019
THESE DATA CAN BE USED FOR NON-COMMERCIAL RESEARCH AND EDUCATION PROVIDED THAT THE FOLLOWING SOURCE IS ACKNOWLEDGED: 

Klein Tank, A.M.G. and Coauthors, 2002. Daily dataset of 20th-century surface
air temperature and precipitation series for the European Climate Assessment.
Int. J. of Climatol., 22, 1441-1453.
Data and metadata available at http://www.ecad.eu

FILE FORMAT (MISSING VALUE CODE = -999999):

THIS FILE HOLDS DATA FOR STATION UKRAINE                                  NIKOLAEV                                 (STAID:    254)
LATITUDE: dd:mm:ss +46:58:00
LONGITUDE: ddd:mm:ss +031:58:59
ELEVATION: m   49

DATA IS FOR INDEX Mean of daily mean temperature (TG) with unit 0.01 Temperature (&#176;C)

01-06 SOUID: Source identifier
08-11 YEAR : YYYY
13-20 ANNUAL DATA VALUES
21-28 WINTER HALF YEAR DATA VALUES
29-36 SUMMER HALF YEAR DATA VALUES
37-44 WINTER (DJF) DATA VALUES
45-52 SPRING (MAM) DATA VALUES
53-60 SUMMER (JJA) DATA VALUES
61-68 AUTUMN (SON) DATA VALUES
69-76 JANUARY DATA VALUES
etc. 
157-164 DECEMBER DATA VALUES

254    1900 1084    -999999 1883    -999999 914     2348    1043    -190    11      137     900     1703    2067    2491    2476    1626    1267    230     162     
254    1901 1075    246     1907    -161    1053    2383    929     -479    -165    422     1004    1733    2429    2399    2321    1545    954     286     402     
254    1902 930     368     1749    225     877     2186    750     208     47      277     845     1507    2142    2135    2279    1561    863     -178    -594    
254    1903 1086    45      1904    -282    1056    2266    1135    -321    108     393     1091    1708    2165    2349    2282    1773    1110    523     -184    
254    1904 -999999 169     -999999 -225    -999999 2213    1057    -589    120     40      851     -999999 2028    2323    2282    1653    1170    345     136     
254    1905 1081    169     1942    -224    945     2362    1264    -638    -161    124     943     1767    2144    2452    2482    1833    1202    741     -45     
254    1906 1108    406     1880    -44     1209    2229    982     -41     -47     601     1130    1895    2282    2316    2094    1557    823     572     81      
254    1907 947     80      1871    -315    928     2245    975     -498    -552    11      750     2016    2106    2381    2243    1698    1211    8       -130    
254    1908 930     185     1798    -125    953     2188    814     -299    71      233     857     1766    2077    2311    2172    1613    850     -21     -401    
254    1909 1045    -114    1931    -599    927     2288    1342    -657    -753    238     861     1706    2015    2432    2408    2133    1382    509     158     
254    1910 1091    393     1857    53      1040    2185    1097    -127    138     276     1063    1783    2111    2305    2138    1722    917     657     28      
254    1911 910     27      1800    -489    940     2116    1113    -488    -1044   10      921     1887    1925    2198    2217    1612    1153    588     -177    
254    1912 908     224     1665    -309    893     2072    814     -569    -180    488     813     1375    2060    2081    2074    1572    585     294     218     
254    1913 1045    178     1783    -117    1071    2068    1118    -320    -265    519     1187    1510    1931    2100    2169    1790    1001    568     262     
254    1914 992     370     1771    21      1084    2163    751     -378    196     559     1026    1665    2127    2315    2045    1427    851     -28     36      
254    1915 1041    198     1773    58      900     2167    968     205     -82     169     1036    1519    2086    2386    2027    1559    909     436     176     
254    1916 1041    328     1747    63      1011    2115    1007    -90     107     438     1063    1532    2009    2213    2120    1524    1115    377     51      
254    1917 -999999 -999999 1778    -999999 853     2164    1175    -999999 -783    12      1052    1475    2063    2135    2290    1637    1132    757     -999999 
254    1918 -999999 -999999 -999999 -999999 -999999 -999999 -999999 -999999 -999999 -999999 -999999 -999999 -999999 -999999 -999999 -999999 -999999 -999999 -999999 
254    1919 -999999 -999999 -999999 -999999 -999999 -999999 -999999 -999999 -999999 -999999 -999999 -999999 -999999 -999999 -999999 -999999 -999999 -999999 -999999 
254    1920 -999999 -999999 -999999 -999999 -999999 -999999 -999999 -999999 -999999 -999999 -999999 -999999 -999999 -999999 -999999 -999999 -999999 -999999 -999999 
254    1921 -999999 -999999 -999999 -999999 -999999 -999999 -999999 -999999 -999999 -999999 -999999 -999999 -999999 -999999 -999999 -999999 -999999 -999999 -999999 
254    1922 -999999 -999999 -999999 -999999 -999999 -999999 -999999 -999999 -999999 -999999 -999999 -999999 -999999 -999999 -999999 -999999 -999999 -999999 -999999 
254    1923 -999999 -999999 -999999 -999999 1141    -999999 1465    -51     -400    429     930     2058    -999999 2355    2087    1960    1370    1069    15      
254    1924 971     175     2009    -468    944     2365    1163    -933    -488    1       911     1919    2482    2309    2307    2122    1091    279     -336    
254    1925 1077    292     1766    -41     1060    2077    1121    -56     303     475     1046    1658    1813    2306    2104    1647    1067    651     -142    
254    1926 991     160     1768    -281    916     2114    1146    -351    -359    58      1020    1672    2021    2358    1961    1553    1116    771     -13     
254    1927 1025    241     1939    -305    1001    2367    1235    -409    -514    436     989     1577    2268    2393    2435    1949    1247    507     -681    
254    1928 919     -30     1790    -592    809     2130    1089    -426    -674    -177    996     1615    1868    2439    2074    1721    922     629     -8      
254    1929 894     -76     1807    -573    670     2327    1153    -471    -1312   -315    485     1832    2036    2281    2656    1510    1368    575     -92     
254    1930 1038    350     1774    -120    1027    2119    1158    -115    -159    483     1002    1595    1867    2222    2260    1671    1158    644     -256    
254    1931 912     106     1829    -423    859     2298    902     -432    -599    72      651     1848    2187    2578    2126    1548    960     196     -305    
254    1932 970     -69     1843    -432    749     2177    1241    -133    -888    -289    924     1618    2006    2275    2245    1968    1329    424     88      
254    1933 818     188     1589    -263    726     2003    1028    -604    -274    128     641     1405    1785    2175    2043    1457    1125    497     -636    
254    1934 1087    159     1932    -413    1199    2212    1244    -353    -232    524     1145    1925    2075    2294    2263    1865    1287    577     -465    
254    1935 1056    122     1893    -470    956     2303    1144    -738    -178    215     1012    1644    2303    2293    2314    1772    1508    139     278     
254    1936 1104    424     1885    117     1072    2339    995     230     -169    506     977     1731    2086    2714    2208    1563    927     498     -80     
254    1937 1106    155     1967    -352    1141    2282    1197    -654    -320    522     963     1933    2135    2456    2251    2038    1018    540     293     
254    1938 1092    306     1927    -51     962     2431    1232    -350    -101    404     906     1573    2147    2663    2474    1771    1272    653     -381    
254    1939 1078    292     1910    -103    963     2334    965     30      58      112     1073    1707    2226    2457    2315    1657    867     375     -6      
254    1940 872     31      1717    -335    719     2140    1078    -703    -292    -65     786     1437    2078    2264    2076    1637    877     726     -378    
254    1941 -999999 132     -999999 -320    899     -999999 -999999 -525    -30     125     1103    1475    1890    -999999 -999999 -999999 -999999 -999999 -999999 
254    1942 -999999 -999999 -999999 -999999 -999999 -999999 -999999 -999999 -999999 -999999 -999999 -999999 -999999 -999999 -999999 -999999 -999999 -999999 -999999 
254    1943 -999999 -999999 -999999 -999999 -999999 -999999 -999999 -999999 -999999 -999999 -999999 -999999 -999999 -999999 -999999 -999999 -999999 -999999 -999999 
254    1944 -999999 -999999 1722    -999999 -999999 2116    1214    -999999 -999999 -999999 801     1362    2014    2219    2111    1806    1197    640     -199    
254    1945 889     162     1736    -332    783     2144    953     -397    -407    96      772     1480    2025    2238    2166    1712    912     235     -249    
254    1946 1021    105     1998    -266    1058    2386    932     -403    -133    250     1039    1885    2345    2313    2499    1881    609     316     -412    
254    1947 963     -65     1861    -587    1063    2236    908     -1018   -303    408     1113    1668    2213    2394    2100    1659    636     438     176     
254    1948 978     196     1843    39      954     2191    967     175     -252    -16     1052    1828    2124    2160    2286    1585    1035    279     -563    
254    1949 1021    107     1752    -298    956     2055    1069    -47     -284    188     791     1885    1826    2207    2124    1649    882     681     251     
254    1950 1022    163     1897    -299    1155    2120    1082    -1048   -78     284     1367    1820    2017    2270    2069    1822    926     502     261     
254    1951 1060    246     1954    -99     1090    2330    950     -298    -276    319     1277    1680    2227    2415    2345    1765    611     487     93      
254    1952 1048    191     1800    94      753     2151    1208    161     24      -234    1078    1425    1891    2237    2318    1833    1268    522     26      
254    1953 934     253     1827    -143    834     2319    826     -204    -263    126     880     1497    2235    2390    2330    1608    977     -114    -341    
254    1954 907     -286    1907    -930    864     2337    1206    -1171   -1316   152     732     1703    2286    2312    2412    1976    1099    548     -3      
254    1955 1012    326     1718    41      776     2098    1106    18      115     164     636     1523    1852    2310    2125    1836    1370    105     18      
254    1956 840     74      1698    -316    752     2119    824     -154    -848    -105    873     1492    2057    2087    2212    1444    1019    3       -81     
254    1957 1055    146     1905    -91     911     2329    1075    -307    138     99      1088    1551    2193    2418    2372    1789    945     495     -164    
254    1958 1014    260     1737    -34     962     2090    871     -126    213     198     801     1882    1845    2229    2189    1441    920     251     253     
254    1959 969     256     1787    31      896     2299    778     24      -206    247     874     1566    2064    2618    2207    1357    707     272     -197    
254    1960 1068    76      1755    -180    852     2170    1150    -131    -214    10      982     1567    2139    2318    2052    1448    1296    701     595     
254    1961 1049    459     1830    92      996     2243    1073    -237    -102    456     1109    1427    2193    2275    2258    1702    972     549     -81     
254    1962 1067    264     1844    -70     1034    2175    1127    4       -139    248     1145    1714    2019    2200    2301    1662    1084    637     -149    
254    1963 972     36      1930    -480    884     2309    1223    -1102   -156    -103    892     1831    2036    2497    2384    1906    1088    678     -379    
254    1964 960     56      1769    -460    742     2201    1103    -616    -379    -63     898     1394    2291    2316    1997    1703    1178    425     342     
254    1965 943     270     1690    -83     763     2117    947     -130    -502    240     583     1460    2127    2164    2060    1724    860     260     362     
254    1966 1192    404     1890    248     1164    2239    1195    82      305     542     1284    1671    1865    2470    2369    1651    1393    536     70      
254    1967 1052    222     1903    -300    1062    2217    1265    -527    -460    266     1153    1769    1981    2385    2268    1839    1271    685     -76     
254    1968 1023    261     1894    -258    1161    2147    1044    -541    -151    365     1220    1900    2141    2146    2153    1785    971     379     -126    
254    1969 902     21      1739    -392    784     2116    1107    -617    -439    -77     852     1579    1987    2109    2247    1633    915     772     -212    
254    1970 1053    285     1817    -130    1079    2132    1025    -112    -58     407     1255    1580    1901    2464    2023    1658    873     551     26      
254    1971 1034    243     1792    -29     928     2167    999     28      -153    105     979     1701    2010    2196    2291    1548    906     548     165     
254    1972 1029    104     1966    -371    1134    2336    1055    -972    -302    265     1341    1802    2250    2395    2363    1640    969     560     50      
254    1973 953     224     1733    -157    962     2071    926     -558    57      261     1083    1546    1947    2235    2027    1540    987     249     13      
254    1974 1045    201     1739    -138    877     2101    1256    -475    69      350     795     1483    1971    2094    2233    1840    1370    554     195     
254    1975 1170    452     2025    81      1222    2344    1073    134     -104    512     1255    1900    2380    2353    2299    1947    1034    238     1       
254    1976 868     81      1675    -314    928     1937    877     -272    -695    138     1165    1487    1859    2076    1875    1573    650     416     94      
254    1977 971     225     1688    -50     995     2018    1017    -535    327     411     963     1611    1884    2105    2062    1478    864     714     -258    
254    1978 945     219     1675    -253    961     1999    1069    -379    -109    464     977     1441    1889    2092    2014    1621    1051    534     -316    
254    1979 1067    232     1870    -229    1115    2183    995     -167    -201    460     887     1991    2296    2028    2229    1767    810     415     197     
254    1980 934     144     1663    -122    769     2033    1041    -387    -179    -5      872     1445    1927    2151    2017    1544    1088    489     211     
254    1981 1110    366     1823    79      899     2293    1120    -22     45      356     754     1584    2342    2332    2207    1696    1261    399     288     
254    1982 1019    278     1769    -97     936     2059    1127    -247    -356    265     856     1684    1946    2008    2220    1879    1016    489     368     
254    1983 1095    389     1869    132     1162    2100    1064    45      -33     411     1200    1875    2043    2205    2048    1824    1076    290     0       
254    1984 994     234     1783    -73     1000    2007    1133    82      -312    218     991     1789    1886    2081    2050    1882    1260    251     -297    
254    1985 834     -99     1761    -623    841     2074    909     -463    -1161   -278    994     1813    1861    2039    2315    1515    935     274     18      
254    1986 1027    173     1915    -161    1081    2242    993     2       -540    280     1219    1748    2156    2197    2372    1782    971     226     -198    
254    1987 823     -88     1684    -442    556     2124    1002    -838    -275    -422    594     1497    2001    2407    1959    1618    921     469     -119    
254    1988 966     216     1824    -164    986     2241    810     -319    -48     384     981     1594    2000    2432    2284    1628    892     -91     -190    
254    1989 1104    255     1826    25      1139    2180    962     26      260     623     1229    1567    2044    2150    2343    1602    1077    202     59      
254    1990 1097    385     1731    105     1072    2089    1115    -4      275     686     1012    1516    1908    2231    2123    1574    994     780     14      
254    1991 -999999 -999999 -999999 -160    -999999 -999999 -999999 -66     -490    240     1006    1462    -999999 2470    2178    1676    1165    417     -180    
254    1992 -999999 -999999 -999999 -999999 -999999 -999999 1010    -93     -229    410     860     1491    1977    2265    2569    1579    1002    448     -238    
254    1993 -999999 -999999 -999999 -999999 -999999 -999999 -999999 -195    -999999 120     876     1634    1870    2053    2160    1502    1024    -379    148     
254    1994 -999999 -999999 -999999 -999999 -999999 -999999 -999999 183     -999999 342     1243    1550    1865    2424    2194    2109    1189    200     -150    
254    1995 -999999 -999999 -999999 -35     -999999 -999999 -999999 -249    318     400     947     1577    2204    2397    2199    1672    1015    189     -403    
254    1996 943     -999999 1824    -533    911     2221    1086    -726    -444    -142    964     1915    2106    2379    2173    1374    1039    846     -207    
254    1997 895     183     1668    -353    890     2061    913     -624    -214    243     750     1671    2023    2135    2023    1377    853     512     -84     
254    1998 1026    258     1876    -31     1010    2244    972     -61     61      258     1181    1597    2143    2355    2230    1733    1086    94      -420    
254    1999 1128    216     1911    -136    1003    2377    1008    -74     109     489     1133    1390    2341    2539    2251    1798    1036    187     266     
254    2000 1085    251     1855    -38     1109    2221    1039    -382    5       375     1297    1662    2038    2263    2355    1490    1030    598     256     
254    2001 1071    414     1867    115     1021    2301    1079    95      -19     487     1116    1464    1850    2639    2399    1705    1106    426     -489    
254    2002 1107    310     1912    -128    1130    2310    1125    -198    365     642     1005    1740    2057    2634    2229    1775    1014    588     -673    
254    2003 977     10      1819    -541    947     2168    1039    -322    -638    44      831     1963    2036    2159    2305    1590    995     535     109     
254    2004 1051    331     1730    -27     1003    2059    1116    -115    -80     524     1020    1467    1850    2173    2146    1700    1109    539     234     
254    2005 1096    328     1884    56      1006    2177    1142    144     -237    134     1093    1795    1921    2322    2279    1872    1108    448     178     
254    2006 1021    156     1850    -321    966     2241    1140    -713    -438    304     1073    1526    2084    2267    2365    1763    1165    491     272     
254    2007 1224    485     2013    193     1188    2470    1089    339     -55     647     971     1940    2364    2545    2497    1731    1221    311     64      
254    2008 1116    337     1851    -59     1083    2284    1131    -308    78      638     1111    1501    2100    2307    2440    1624    1226    538     102     
254    2009 1142    380     1903    32      1023    2293    1231    -144    150     389     1068    1614    2231    2433    2213    1841    1212    641     -4      
254    2010 1129    261     1986    -208    1050    2437    1192    -487    -124    305     1096    1750    2221    2460    2623    1735    795     1061    38      
254    2011 1039    245     1893    -216    981     2265    999     -291    -416    243     1006    1694    2123    2421    2246    1844    930     225     333     
254    2012 1154    133     2112    -225    1211    2466    1319    -245    -801    299     1283    2052    2344    2664    2387    1918    1404    631     -161    
254    2013 -999999 -999999 -999999 -999999 -999999 -999999 -999999 -999999 -999999 -999999 -999999 -999999 -999999 -999999 -999999 -999999 -999999 -999999 -999999 
254    2014 -999999 -999999 -999999 -999999 -999999 -999999 -999999 -999999 -999999 -999999 -999999 -999999 -999999 -999999 -999999 -999999 -999999 387     -999999 
254    2015 1220    -999999 1969    -999999 1101    2308    1265    -32     129     568     996     1735    2120    2372    2426    2161    986     719     262     
254    2016 -999999 420     -999999 64      -999999 -999999 -999999 -435    386     688     1336    1662    -999999 -999999 -999999 -999999 -999999 -999999 -999999 
