EUROPEAN CLIMATE ASSESSMENT & DATASET (ECA&D), file created on: 13-11-2019
THESE DATA CAN BE USED FOR NON-COMMERCIAL RESEARCH AND EDUCATION PROVIDED THAT THE FOLLOWING SOURCE IS ACKNOWLEDGED: 

Klein Tank, A.M.G. and Coauthors, 2002. Daily dataset of 20th-century surface
air temperature and precipitation series for the European Climate Assessment.
Int. J. of Climatol., 22, 1441-1453.
Data and metadata available at http://www.ecad.eu

FILE FORMAT (MISSING VALUE CODE = -999999):

THIS FILE HOLDS DATA FOR STATION NORWAY                                   LYNGOR FYR                               (STAID:   1042)
LATITUDE: dd:mm:ss +58:38:00
LONGITUDE: ddd:mm:ss +009:09:01
ELEVATION: m    4

DATA IS FOR INDEX Mean of daily mean temperature (TG) with unit 0.01 Temperature (&#176;C)

01-06 SOUID: Source identifier
08-11 YEAR : YYYY
13-20 ANNUAL DATA VALUES
21-28 WINTER HALF YEAR DATA VALUES
29-36 SUMMER HALF YEAR DATA VALUES
37-44 WINTER (DJF) DATA VALUES
45-52 SPRING (MAM) DATA VALUES
53-60 SUMMER (JJA) DATA VALUES
61-68 AUTUMN (SON) DATA VALUES
69-76 JANUARY DATA VALUES
etc. 
157-164 DECEMBER DATA VALUES

1042   1956 667     -999999 1193    -999999 475     1483    827     -129    -550    -46     443     1012    1355    1678    1415    1262    853     350     334     
1042   1957 779     316     1217    183     530     1560    861     196     2       146     546     898     1397    1686    1592    1166    952     462     241     
1042   1958 683     154     1209    -89     319     1549    1015    -142    -394    -237    361     834     1432    1711    1499    1404    1057    581     15      
1042   1959 838     293     1362    -63     673     1677    974     -246    53      283     566     1166    1445    1777    1801    1393    949     580     232     
1042   1960 695     247     1264    -62     626     1518    736     -112    -322    132     541     1202    1469    1504    1580    1273    651     288     101     
1042   1961 842     288     1278    71      758     1512    1045    -85     209     555     607     1106    1480    1578    1477    1411    1158    562     10      
1042   1962 687     327     1130    131     407     1394    831     187     204     -164    523     865     1286    1483    1410    1200    974     315     -65     
1042   1963 598     -14     1193    -364    317     1537    855     -416    -639    -304    318     936     1553    1538    1519    1277    901     385     23      
1042   1964 718     243     1175    35      546     1425    828     103     -26     60      515     1062    1295    1427    1547    1184    795     508     117     
1042   1965 666     272     1172    81      488     1438    791     26      100     79      489     896     1400    1473    1441    1319    967     82      -316    
1042   1966 617     -50     1183    -526    433     1562    841     -530    -753    187     190     916     1548    1647    1490    1293    839     390     86      
1042   1967 765     246     1221    -77     604     1535    1005    -294    -16     448     486     875     1381    1613    1607    1348    961     705     23      
1042   1968 717     272     1285    -108    608     1600    790     -223    -126    282     621     921     1510    1595    1691    1359    857     151     -67     
1042   1969 692     48      1287    -207    411     1659    888     -90     -491    -118    444     908     1584    1596    1794    1380    989     291     -63     
1042   1970 639     6       1232    -405    419     1614    804     -435    -750    -61     243     1069    1735    1457    1653    1217    883     308     239     
1042   1971 803     286     1242    172     499     1548    896     71      208     -2      481     1019    1405    1690    1543    1295    996     394     490     
1042   1972 755     263     1245    26      585     1543    854     -268    -154    97      575     1081    1330    1735    1558    1171    895     493     511     
1042   1973 796     473     1246    321     657     1584    730     210     232     476     526     963     1423    1801    1522    1226    673     292     161     
1042   1974 828     307     1294    217     687     1531    804     279     211     218     756     1088    1527    1524    1542    1317    674     427     330     
1042   1975 877     353     1305    270     566     1654    946     369     94      198     461     1036    1359    1710    1884    1356    932     549     505     
1042   1976 735     337     1289    185     508     1687    759     11      31      -18     528     1014    1467    1823    1763    1112    739     427     -106    
1042   1977 718     115     1220    -212    514     1569    869     -175    -369    139     345     1052    1487    1640    1577    1196    943     467     232     
1042   1978 688     243     1206    18      491     1527    923     168     -385    -20     409     1083    1488    1499    1593    1146    955     668     -425    
1042   1979 603     61      1145    -454    396     1500    788     -543    -390    75      373     741     1445    1570    1485    1244    768     353     55      
1042   1980 688     49      1314    -249    525     1623    764     -319    -498    -92     517     1149    1543    1732    1592    1332    711     252     286     
1042   1981 674     191     1237    83      519     1474    872     17      -68     -73     534     1096    1263    1571    1581    1355    778     485     -494    
1042   1982 759     64      1281    -398    594     1618    945     -506    -171    285     590     907     1416    1769    1661    1326    886     626     262     
1042   1983 826     399     1264    207     585     1583    923     451     -124    249     537     968     1351    1749    1640    1317    980     470     239     
1042   1984 789     255     1275    17      564     1591    936     -107    -87     21      505     1165    1480    1621    1669    1187    1021    597     363     
1042   1985 597     168     1180    -218    474     1508    781     -557    -487    21      338     1057    1406    1587    1527    1143    1038    155     -152    
1042   1986 670     65      1142    -315    455     1485    918     -298    -515    107     319     935     1462    1567    1425    1127    922     705     198     
1042   1987 614     136     1120    -182    370     1381    853     -650    -83     -276    468     922     1199    1564    1374    1176    955     423     258     
1042   1988 833     360     1326    232     547     1661    883     268     166     82      399     1156    1759    1643    1585    1397    825     428     265     
1042   1989 916     522     1270    460     710     1552    958     622     495     488     551     1087    1447    1683    1523    1315    954     605     187     
1042   1990 928     550     1331    369     846     1610    833     409     527     616     736     1183    1481    1693    1653    1219    913     362     303     
1042   1991 821     323     1265    128     615     1544    940     187     -129    260     578     1005    1174    1715    1730    1366    891     566     427     
1042   1992 855     505     1297    391     687     1609    778     412     329     397     446     1211    1711    1631    1488    1277    614     448     283     
1042   1993 740     363     1191    267     723     1400    634     278     235     313     618     1236    1373    1435    1392    1075    669     158     52      
1042   1994 773     111     1284    -122    615     1620    846     2       -453    186     586     1072    1310    1843    1696    1173    799     568     392     
1042   1995 804     420     1273    273     591     1637    909     151     277     323     525     924     1466    1610    1829    1264    1071    387     -211    
1042   1996 651     123     1176    -257    431     1528    851     -244    -322    35      455     804     1305    1536    1735    1205    970     375     -79     
1042   1997 849     310     1377    31      620     1803    862     -50     243     396     554     908     1552    1870    1979    1378    784     427     111     
1042   1998 777     364     1197    221     611     1440    771     112     464     299     426     1103    1303    1515    1499    1319    798     193     263     
1042   1999 829     278     1291    159     572     1568    1040    75      136     186     667     865     1351    1697    1649    1503    924     697     155     
1042   2000 904     460     1268    265     706     1504    1066    352     288     341     593     1181    1331    1617    1559    1311    1123    764     367     
1042   2001 772     350     1277    76      515     1587    1012    40      -208    -29     435     1136    1377    1725    1652    1312    1154    565     26      
1042   2002 841     453     1429    206     735     1747    737     265     339     364     654     1185    1570    1689    1977    1477    597     142     -204    
1042   2003 837     122     1368    -85     591     1749    878     5       -51     229     587     955     1577    1856    1809    1405    681     555     380     
1042   2004 852     328     1340    144     720     1588    931     -35     83      294     677     1187    1399    1558    1800    1404    921     469     430     
1042   2005 859     398     1305    317     544     1613    1017    395     105     43      625     968     1408    1797    1628    1388    1001    661     234     
1042   2006 908     298     1398    96      482     1728    1162    65      -22     -169    490     1126    1457    1910    1808    1577    1102    808     675     
1042   2007 878     576     1339    351     771     1630    914     389     -50     480     812     1021    1628    1595    1668    1303    931     507     181     
1042   2008 898     449     1346    324     705     1655    904     354     444     280     634     1199    1523    1777    1659    1263    929     520     175     
1042   2009 820     319     1376    66      714     1641    916     159     -159    250     761     1134    1527    1735    1659    1427    734     593     -45     
1042   2010 622     100     1303    -323    633     1620    712     -439    -503    216     614     1068    1479    1719    1659    1262    804     67      -562    
1042   2011 866     62      1362    -250    702     1631    1042    -10     -171    220     845     1045    1498    1745    1645    1380    1015    732     386     
1042   2012 790     501     1255    190     788     1522    865     122     54      673     524     1160    1309    1599    1651    1263    769     565     -238    
1042   2013 794     116     1314    -189    491     1653    946     -200    -124    -87     432     1126    1448    1811    1693    1351    955     531     518     
1042   2014 957     481     1435    287     827     1739    1054    59      285     518     811     1150    1598    1971    1644    1422    1106    631     249     
1042   2015 908     506     1281    286     699     1543    991     319     291     422     729     946     1383    1569    1671    1375    945     655     545     
1042   2016 854     415     1373    172     724     1618    909     -211    183     362     623     1183    1615    1655    1584    1566    805     360     500     
1042   2017 859     397     1306    281     710     1570    949     277     44      358     639     1131    1504    1640    1563    1343    1002    499     250     
1042   2018 871     277     1462    80      648     1783    959     144     -180    -93     597     1437    1682    2000    1663    1367    945     565     248     
1042   2019 -999999 437     1327    223     754     1603    -999999 104     329     426     782     1056    1435    1682    1687    1304    768     -999999 -999999 
