EUROPEAN CLIMATE ASSESSMENT & DATASET (ECA&D), file created on: 13-11-2019
THESE DATA CAN BE USED FOR NON-COMMERCIAL RESEARCH AND EDUCATION PROVIDED THAT THE FOLLOWING SOURCE IS ACKNOWLEDGED: 

Klein Tank, A.M.G. and Coauthors, 2002. Daily dataset of 20th-century surface
air temperature and precipitation series for the European Climate Assessment.
Int. J. of Climatol., 22, 1441-1453.
Data and metadata available at http://www.ecad.eu

FILE FORMAT (MISSING VALUE CODE = -999999):

THIS FILE HOLDS DATA FOR STATION NORWAY                                   DRAMMEN - MARIENLYST                     (STAID:  18895)
LATITUDE: dd:mm:ss +59:44:13
LONGITUDE: ddd:mm:ss +010:12:06
ELEVATION: m    3

DATA IS FOR INDEX Mean of daily mean temperature (TG) with unit 0.01 Temperature (&#176;C)

01-06 SOUID: Source identifier
08-11 YEAR : YYYY
13-20 ANNUAL DATA VALUES
21-28 WINTER HALF YEAR DATA VALUES
29-36 SUMMER HALF YEAR DATA VALUES
37-44 WINTER (DJF) DATA VALUES
45-52 SPRING (MAM) DATA VALUES
53-60 SUMMER (JJA) DATA VALUES
61-68 AUTUMN (SON) DATA VALUES
69-76 JANUARY DATA VALUES
etc. 
157-164 DECEMBER DATA VALUES

18895  1966 -999999 -999999 -999999 -999999 -999999 -999999 -999999 -999999 -999999 -999999 -999999 908     -999999 -999999 -999999 -999999 -999999 -999999 -999999 
18895  1967 -999999 -999999 -999999 -999999 -999999 -999999 736     -999999 -999999 -999999 -999999 -999999 -999999 -999999 1595    1200    697     312     -451    
18895  1968 -999999 -167    -999999 -711    577     -999999 476     -905    -782    105     657     970     1676    -999999 1646    1240    539     -351    -584    
18895  1969 -999999 -336    -999999 -598    341     -999999 581     -334    -904    -438    459     1006    1752    -999999 1796    1233    759     -255    -567    
18895  1970 -999999 -390    -999999 -919    437     -999999 511     -944    -1281   -135    271     1171    1871    -999999 1631    1068    658     -198    -259    
18895  1971 -999999 -66     1250    -226    498     1544    -999999 -376    -22     -200    504     1189    1443    1684    1501    1156    712     -999999 -14     
18895  1972 -999999 -999999 -999999 -389    525     -999999 602     -722    -434    -36     483     1126    1401    -999999 1462    999     691     114     67      
18895  1973 648     199     1274    -6      646     1670    406     -60     -29     385     473     1075    1608    1875    1525    1064    364     -209    -350    
18895  1974 684     -28     1288    -147    662     1548    604     -46     -33     98      749     1143    1518    1577    1548    1182    530     102     -199    
18895  1975 721     2       1347    -232    550     1752    703     -8      -516    58      467     1121    1494    1869    1885    1221    685     205     72      
18895  1976 585     -4      1343    -285    558     1771    508     -620    -308    -74     588     1162    1619    1890    1799    974     506     43      -588    
18895  1977 -999999 -212    -999999 -630    -999999 -999999 -999999 -567    -748    39      -999999 -999999 -999999 -999999 -999999 -999999 -999999 -999999 -999999 
18895  1978 -999999 -999999 -999999 -999999 -999999 -999999 -999999 -999999 -999999 -999999 -999999 -999999 -999999 -999999 -999999 -999999 -999999 -999999 -999999 
18895  1979 -999999 -999999 -999999 -999999 -999999 -999999 -999999 -999999 -999999 -999999 -999999 -999999 -999999 -999999 -999999 -999999 -999999 -999999 -999999 
18895  1980 -999999 -999999 -999999 -999999 -999999 -999999 -999999 -999999 -999999 -999999 -999999 -999999 -999999 -999999 -999999 -999999 -999999 -999999 -999999 
18895  1981 482     -999999 1248    -999999 498     1521    585     -544    -455    -185    468     1211    1354    1655    1547    1229    533     -3      -1080   
18895  1982 -999999 -302    -999999 -850    586     -999999 663     -986    -446    167     559     1030    1449    -999999 1650    1229    612     151     -322    
18895  1983 -999999 23      -999999 -281    595     -999999 651     32      -581    194     548     1042    1458    -999999 1722    1144    737     69      -166    
18895  1984 -999999 -85     -999999 -402    561     -999999 711     -651    -389    -127    552     1258    1509    -999999 1652    1024    778     328     17      
18895  1985 -999999 -141    -999999 -657    484     -999999 485     -965    -1063   -15     302     1159    1481    -999999 1483    887     753     -195    -901    
18895  1986 -999999 -364    -999999 -962    504     -999999 662     -978    -1013   92      306     1107    1686    -999999 1342    919     671     397     -180    
18895  1987 -999999 -256    -999999 -714    339     -999999 584     -1384   -564    -485    504     1004    1279    -999999 -999999 942     782     21      -329    
18895  1988 -999999 39      -999999 -149    502     -999999 546     19      -137    -134    373     1262    1912    -999999 1566    1241    498     -98     -401    
18895  1989 -999999 149     -999999 31      723     -999999 687     216     304     381     574     1208    1601    -999999 1447    1150    687     224     -385    
18895  1990 -999999 260     -999999 15      884     -999999 558     88      378     576     743     1328    1577    -999999 1654    1086    641     -55     -157    
18895  1991 -999999 -42     -999999 -359    670     -999999 675     -416    -520    208     614     1186    1210    -999999 1717    1205    608     215     -28     
18895  1992 -999999 -999999 -999999 -999999 777     -999999 515     -999999 1       370     527     1426    -999999 -999999 -999999 1156    361     33      -140    
18895  1993 -999999 66      -999999 -60     -999999 -999999 463     -19     -17     171     -999999 1354    1495    -999999 -999999 954     480     -45     -387    
18895  1994 -999999 -209    -999999 -604    635     -999999 575     -545    -909    90      655     1161    1550    -999999 -999999 1063    539     125     -118    
18895  1995 -999999 54      -999999 -173    572     -999999 672     -354    -34     157     499     1059    1582    -999999 1853    1156    905     -53     -785    
18895  1996 -999999 -223    1272    -713    478     1697    -999999 -608    -749    -77     541     971     1586    1670    1831    1011    -999999 -999999 -619    
18895  1997 -999999 -999999 1433    -447    614     1914    -999999 -637    -46     256     573     1010    1677    2002    2056    1253    -999999 -999999 -999999 
18895  1998 -999999 -999999 -999999 -999999 -999999 -999999 -999999 -146    139     83      -999999 1229    -999999 1605    1459    -999999 535     -93     -134    
18895  1999 -999999 -23     1313    -225    572     1597    -999999 -274    -272    74      633     1010    1441    1766    1578    1433    635     -999999 -999999 
18895  2000 -999999 -999999 -999999 -999999 -999999 -999999 -999999 -999999 -999999 -999999 721     1297    -999999 1654    1563    1055    944     -999999 60      
18895  2001 -999999 -999999 -999999 -999999 -999999 -999999 -999999 -392    -999999 -267    -999999 -999999 -999999 1783    1603    -999999 -999999 214     -462    
18895  2002 -999999 -999999 -999999 -299    749     -999999 -999999 -401    -5      223     719     1305    1688    -999999 -999999 -999999 -999999 -999999 -693    
18895  2003 -999999 -999999 -999999 -502    -999999 -999999 -999999 -451    -347    -999999 580     -999999 -999999 -999999 -999999 1226    301     -999999 -999999 
18895  2004 -999999 -999999 -999999 -999999 -999999 -999999 -999999 -999999 -999999 -999999 -999999 -999999 -999999 -999999 -999999 -999999 619     -5      -102    
18895  2005 722     75      1307    -26     532     1641    784     126     -109    -99     698     1003    1454    1863    1615    1225    695     424     -249    
18895  2006 730     -57     1437    -345    398     1829    854     -337    -461    -457    471     1156    1655    2055    1771    1492    788     283     178     
18895  2007 692     184     1334    -122    758     1658    625     -194    -373    370     788     1116    1692    1642    1642    1114    662     99      -333    
18895  2008 727     121     1320    -52     654     1663    618     29      163     107     633     1220    1571    1867    1548    1059    682     112     -285    
18895  2009 613     -49     1354    -416    678     1643    618     -327    -658    126     728     1181    1584    1746    1598    1273    322     256     -569    
18895  2010 386     -312    1275    -795    513     1641    414     -996    -823    -77     558     1060    1513    1802    1604    1089    478     -326    -1324   
18895  2011 671     -400    1362    -879    681     1633    792     -676    -611    43      920     1087    1585    1750    1564    1256    744     379     -67     
18895  2012 625     152     1253    -244    748     1543    640     -358    -310    505     498     1234    1374    1642    1606    1141    490     294     -652    
18895  2013 615     -228    1315    -626    458     1679    660     -723    -490    -295    442     1224    1534    1875    1623    1166    665     148     128     
18895  2014 832     221     1426    17      814     1755    858     -243    183     441     774     1225    1603    2066    1590    1281    891     402     -263    
18895  2015 754     226     1291    -106    678     1600    691     -30     -16     352     738     945     1463    1700    1634    1254    645     177     136     
18895  2016 714     94      1401    -191    731     1667    679     -656    -42     299     609     1282    1687    1735    1580    1497    603     -60     17      
18895  2017 705     78      1330    -136    699     1636    703     -255    -173    304     596     1194    1573    1745    1587    1269    720     118     -285    
18895  2018 800     -64     1561    -320    636     1946    807     -271    -413    -283    599     1592    1872    2266    1696    1313    775     333     -117    
18895  2019 -999999 168     1386    -999999 716     1734    -999999 -324    8       245     816     1090    1593    1868    1735    1195    565     -999999 -999999 
