EUROPEAN CLIMATE ASSESSMENT & DATASET (ECA&D), file created on: 13-11-2019
THESE DATA CAN BE USED FOR NON-COMMERCIAL RESEARCH AND EDUCATION PROVIDED THAT THE FOLLOWING SOURCE IS ACKNOWLEDGED: 

Klein Tank, A.M.G. and Coauthors, 2002. Daily dataset of 20th-century surface
air temperature and precipitation series for the European Climate Assessment.
Int. J. of Climatol., 22, 1441-1453.
Data and metadata available at http://www.ecad.eu

FILE FORMAT (MISSING VALUE CODE = -999999):

THIS FILE HOLDS DATA FOR STATION ROMANIA                                  GALATI                                   (STAID:   2059)
LATITUDE: dd:mm:ss +45:30:00
LONGITUDE: ddd:mm:ss +028:01:12
ELEVATION: m   71

DATA IS FOR INDEX Mean of daily mean temperature (TG) with unit 0.01 Temperature (&#176;C)

01-06 SOUID: Source identifier
08-11 YEAR : YYYY
13-20 ANNUAL DATA VALUES
21-28 WINTER HALF YEAR DATA VALUES
29-36 SUMMER HALF YEAR DATA VALUES
37-44 WINTER (DJF) DATA VALUES
45-52 SPRING (MAM) DATA VALUES
53-60 SUMMER (JJA) DATA VALUES
61-68 AUTUMN (SON) DATA VALUES
69-76 JANUARY DATA VALUES
etc. 
157-164 DECEMBER DATA VALUES

2059   1953 -999999 -999999 -999999 -999999 -999999 -999999 -999999 -999999 -999999 -999999 -999999 -999999 -999999 -999999 -999999 -999999 -999999 -999999 -999999 
2059   1954 -999999 -999999 -999999 -999999 -999999 -999999 -999999 -999999 -999999 -999999 -999999 -999999 -999999 -999999 -999999 -999999 -999999 -999999 -999999 
2059   1955 -999999 -999999 -999999 -999999 -999999 -999999 -999999 -999999 -999999 -999999 -999999 -999999 -999999 -999999 -999999 -999999 -999999 -999999 -999999 
2059   1956 -999999 -999999 -999999 -999999 -999999 -999999 -999999 -999999 -999999 -999999 -999999 1630    -999999 -999999 -999999 1601    1235    -999999 -999999 
2059   1957 -999999 -999999 -999999 -999999 -999999 -999999 -999999 -261    -999999 -999999 -999999 -999999 -999999 -999999 -999999 -999999 -999999 -999999 -999999 
2059   1958 -999999 -999999 -999999 -999999 -999999 -999999 -999999 -999999 -999999 -999999 -999999 -999999 -999999 -999999 -999999 -999999 -999999 -999999 -999999 
2059   1959 -999999 -999999 -999999 -999999 -999999 -999999 -999999 -9      -999999 562     -999999 1608    1875    2421    -999999 -999999 973     -999999 -999999 
2059   1960 -999999 -999999 -999999 -999999 -999999 -999999 -999999 -999999 -999999 272     1082    -999999 -999999 2238    2235    1589    1526    -999999 611     
2059   1961 1120    -999999 1845    135     1173    2167    1203    -205    52      716     1344    1462    2139    2187    2175    1755    1106    751     -102    
2059   1962 1097    284     1875    -139    1057    2204    1271    -160    -156    235     1171    1768    2014    2217    2375    1681    1229    905     -195    
2059   1963 1042    160     1945    -440    984     2298    1330    -971    -122    109     965     1878    2104    2429    2354    1911    1175    910     -300    
2059   1964 1042    205     1813    -355    931     2197    1191    -596    -155    197     1127    1475    2281    2235    2076    1670    1307    592     270     
2059   1965 1005    379     1728    -30     891     2100    1049    -32     -358    431     706     1530    2057    2230    2011    1813    1019    316     231     
2059   1966 1179    404     1856    153     1190    2155    1272    -203    461     604     1290    1680    1857    2351    2247    1690    1534    583     13      
2059   1967 1088    329     1863    -233    1102    2164    1311    -520    -187    508     1087    1712    1970    2288    2229    1869    1347    717     -43     
2059   1968 1064    357     1866    -111    1209    2076    1108    -367    90      391     1327    1913    2117    2105    2007    1714    1008    606     -154    
2059   1969 944     75      1753    -362    863     2038    1191    -625    -301    -102    918     1775    1934    1981    2195    1691    1036    852     -98     
2059   1970 1076    359     1797    -80     1051    2145    1080    -97     -40     476     1219    1462    1984    2342    2105    1652    909     685     152     
2059   1971 1055    374     1753    104     1012    2097    965     81      77      321     1017    1699    1982    2090    2215    1490    908     500     211     
2059   1972 1046    253     1850    -110    1147    2175    1003    -465    -73     424     1336    1685    2097    2316    2111    1535    886     593     85      
2059   1973 990     264     1767    -39     971     2054    1019    -338    157     201     1124    1594    1940    2205    2013    1712    1079    265     -121    
2059   1974 1043    247     1718    -110    935     2061    1155    -376    197     435     833     1535    1956    2019    2205    1740    1290    429     199     
2059   1975 1146    449     1928    90      1213    2198    1135    132     -78     671     1186    1781    2153    2255    2185    1992    1108    304     -16     
2059   1976 966     175     1700    -216    1000    1955    1056    -134    -518    266     1140    1599    1892    2147    1825    1580    931     663     155     
2059   1977 1069    432     1736    143     1045    2088    1100    -133    434     548     988     1598    1910    2239    2111    1545    978     781     -198    
2059   1978 991     301     1693    -169    999     2023    1048    -166    -141    526     1026    1446    1941    2111    2015    1604    1139    398     -83     
2059   1979 1091    308     1829    -121    1158    2111    1076    -223    -49     635     1007    1827    2232    1990    2115    1785    885     564     250     
2059   1980 929     206     1662    -110    814     2018    1056    -447    -133    109     913     1423    1876    2146    2027    1568    1216    379     42      
2059   1981 1058    323     1752    -81     979     2134    1129    -228    -55     551     867     1515    2172    2123    2110    1709    1341    330     184     
2059   1982 1061    288     1794    -107    990     2064    1195    -269    -249    339     901     1726    2012    2036    2143    1931    1168    487     410     
2059   1983 1100    488     1868    207     1263    2080    1004    162     34      621     1320    1849    1981    2253    2002    1786    1063    161     -103    
2059   1984 1042    242     1742    -21     957     1983    1239    162     -129    274     913     1684    1917    2027    2005    1889    1393    430     -108    
2059   1985 916     35      1830    -567    1037    2089    990     -676    -954    38      1201    1877    1920    2121    2220    1618    962     393     134     
2059   1986 1050    266     1881    -38     1111    2171    1053    70      -349    329     1246    1762    2083    2113    2315    1751    1000    411     -228    
2059   1987 953     37      1795    -355    748     2175    1165    -630    -191    -151    865     1532    2131    2395    1999    1829    981     690     -76     
2059   1988 1036    352     1832    -22     1031    2227    882     14      -2      491     937     1661    2021    2423    2229    1691    976     -26     -38     
2059   1989 1166    359     1836    121     1250    2146    1065    62      364     802     1329    1621    1908    2214    2309    1617    1171    402     135     
2059   1990 1187    470     1838    104     1244    2184    1182    -218    426     896     1135    1699    2080    2287    2180    1627    1149    772     160     
2059   1991 1014    382     1750    -8      933     2126    1130    31      -238    370     1020    1413    2010    2291    2074    1677    1162    549     -273    
2059   1992 1085    300     1829    -161    1060    2233    1139    -151    -53     554     1098    1530    1990    2219    2482    1631    1181    604     -109    
2059   1993 1027    289     1800    -89     957     2138    960     -60     -100    192     955     1723    2076    2137    2200    1689    1291    -111    242     
2059   1994 1237    424     2015    200     1288    2264    1243    295     51      721     1306    1837    2053    2402    2330    2141    1157    434     30      
2059   1995 1092    415     1864    92      1089    2277    982     -213    496     592     1134    1543    2185    2431    2212    1660    1086    197     -253    
2059   1996 1017    36      1844    -344    961     2222    1149    -455    -324    -55     983     1956    2233    2328    2106    1427    1119    903     -59     
2059   1997 999     342     1720    -152    1008    2095    1000    -406    26      456     718     1840    2102    2169    2015    1445    967     589     5       
2059   1998 1113    388     1935    128     1143    2283    1033    82      316     368     1429    1641    2215    2354    2277    1679    1179    237     -461    
2059   1999 1192    285     1945    -129    1151    2335    1146    -24     123     642     1216    1597    2266    2471    2265    1838    1139    462     236     
2059   2000 1214    364     1963    8       1258    2302    1239    -413    214     540     1390    1847    2131    2400    2371    1614    1148    958     347     
2059   2001 1161    602     1912    233     1198    2298    1160    114     238     784     1144    1666    1901    2548    2431    1753    1298    425     -438    
2059   2002 1186    430     1917    8       1236    2280    1217    -122    646     792     1054    1856    2182    2476    2178    1729    1115    810     -503    
2059   2003 1080    166     1941    -385    1079    2317    1103    -199    -460    195     954     2084    2281    2288    2381    1630    1013    668     15      
2059   2004 1133    355     1823    -78     1149    2136    1217    -312    73      663     1178    1608    2007    2232    2166    1726    1282    640     297     
2059   2005 1124    442     1860    100     1071    2157    1170    128     -148    401     1068    1743    1940    2302    2223    1862    1153    497     219     
2059   2006 1143    298     1916    -117    1100    2267    1279    -472    -95     452     1174    1677    2147    2333    2318    1828    1295    712     272     
2059   2007 1303    638     2070    338     1297    2522    1123    458     276     781     1172    1935    2423    2672    2467    1720    1232    413     7       
2059   2008 1248    457     1938    62      1265    2349    1202    -115    308     888     1248    1659    2215    2342    2486    1653    1291    660     307     
2059   2009 1235    518     1985    195     1180    2346    1284    39      245     546     1230    1764    2208    2493    2334    1863    1267    722     52      
2059   2010 1181    371     1989    -99     1167    2382    1264    -359    23      501     1213    1788    2146    2406    2586    1768    901     1137    -4      
2059   2011 1107    332     1938    -176    1064    2283    1127    -238    -299    459     1015    1717    2133    2420    2291    2032    1025    327     297     
2059   2012 1223    236     2145    -173    1289    2523    1386    -144    -706    558     1414    1898    2386    2713    2466    1970    1428    759     -131    
2059   2013 1229    445     1996    6       1261    2320    1236    -92     267     432     1346    2007    2246    2331    2382    1636    1171    904     59      
2059   2014 1188    502     1946    6       1275    2279    1168    -65     27      885     1198    1739    2049    2372    2409    1885    1112    509     54      
2059   2015 1260    400     2037    51      1196    2395    1299    -65     175     597     1126    1863    2194    2511    2475    2028    1096    779     272     
2059   2016 1290    548     2096    220     1321    2433    1233    -221    636     738     1512    1721    2344    2501    2452    2036    1071    596     90      
2059   2017 1294    417     2029    -56     1287    2393    1379    -396    146     949     1122    1784    2302    2394    2482    2068    1304    768     473     
2059   2018 1307    525     2176    237     1338    2451    1335    110     117     345     1632    2047    2372    2406    2572    2008    1496    497     13      
