EUROPEAN CLIMATE ASSESSMENT & DATASET (ECA&D), file created on: 13-11-2019
THESE DATA CAN BE USED FOR NON-COMMERCIAL RESEARCH AND EDUCATION PROVIDED THAT THE FOLLOWING SOURCE IS ACKNOWLEDGED: 

Klein Tank, A.M.G. and Coauthors, 2002. Daily dataset of 20th-century surface
air temperature and precipitation series for the European Climate Assessment.
Int. J. of Climatol., 22, 1441-1453.
Data and metadata available at http://www.ecad.eu

FILE FORMAT (MISSING VALUE CODE = -999999):

THIS FILE HOLDS DATA FOR STATION NETHERLANDS                              WESTDORPE                                (STAID:   2571)
LATITUDE: dd:mm:ss +51:13:28
LONGITUDE: ddd:mm:ss +003:51:39
ELEVATION: m    2

DATA IS FOR INDEX Mean of daily mean temperature (TG) with unit 0.01 Temperature (&#176;C)

01-06 SOUID: Source identifier
08-11 YEAR : YYYY
13-20 ANNUAL DATA VALUES
21-28 WINTER HALF YEAR DATA VALUES
29-36 SUMMER HALF YEAR DATA VALUES
37-44 WINTER (DJF) DATA VALUES
45-52 SPRING (MAM) DATA VALUES
53-60 SUMMER (JJA) DATA VALUES
61-68 AUTUMN (SON) DATA VALUES
69-76 JANUARY DATA VALUES
etc. 
157-164 DECEMBER DATA VALUES

2571   1991 -999999 -999999 -999999 -999999 -999999 1670    1077    -999999 -999999 -999999 -999999 -999999 1354    1810    1793    1557    1074    600     376     
2571   1992 1058    600     1519    387     1054    1740    1033    270     523     749     907     1502    1618    1791    1808    1470    809     828     406     
2571   1993 1005    591     1455    425     1066    1598    861     573     282     623     1130    1445    1576    1645    1571    1354    919     308     579     
2571   1994 1094    574     1480    466     968     1798    1127    549     247     799     865     1237    1557    2041    1787    1372    976     1038    591     
2571   1995 1087    736     1512    597     942     1802    1172    477     736     605     921     1298    1449    1978    1967    1434    1319    758     70      
2571   1996 900     474     1371    129     792     1633    1021    157     163     365     943     1072    1539    1639    1719    1303    1134    623     124     
2571   1997 1060    560     1483    237     993     1776    1069    -59     690     861     830     1282    1573    1705    2043    1442    1015    751     558     
2571   1998 1073    708     1487    561     1067    1653    1004    483     651     787     934     1475    1587    1657    1712    1545    1032    433     541     
2571   1999 1125    639     1559    524     1091    1707    1178    600     422     781     1016    1473    1509    1875    1730    1736    1104    695     511     
2571   2000 1127    694     1515    538     1073    1654    1214    467     643     741     1014    1462    1622    1555    1785    1644    1173    825     575     
2571   2001 1088    681     1499    481     988     1760    1195    356     515     630     871     1458    1537    1851    1885    1371    1465    739     324     
2571   2002 1111    758     1489    515     1016    1728    1134    481     765     777     959     1309    1603    1724    1852    1471    1063    871     443     
2571   2003 1078    630     1574    344     1049    1864    1036    294     290     792     1025    1329    1788    1861    1940    1488    819     808     445     
2571   2004 1060    601     1494    450     949     1713    1147    406     503     623     1041    1186    1574    1667    1893    1596    1176    670     364     
2571   2005 1095    628     1507    402     1000    1711    1239    545     286     697     1028    1276    1705    1777    1650    1600    1403    708     406     
2571   2006 1130    588     1594    305     926     1817    1382    212     296     480     919     1380    1602    2190    1652    1807    1402    937     622     
2571   2007 1141    866     1540    680     1172    1691    1074    753     664     802     1301    1418    1679    1681    1712    1443    1043    736     433     
2571   2008 1068    684     1483    552     1047    1684    1032    686     537     661     910     1565    1549    1759    1740    1355    1025    716     285     
2571   2009 1077    525     1562    242     1084    1737    1224    94      358     662     1188    1406    1567    1769    1868    1563    1131    982     295     
2571   2010 948     562     1457    186     904     1759    1042    28      240     675     954     1083    1638    1938    1698    1419    1083    622     -47     
2571   2011 1146    558     1555    306     1170    1631    1224    426     564     705     1370    1440    1619    1567    1707    1625    1230    818     655     
2571   2012 1059    702     1465    439     1016    1700    1104    538     102     833     828     1382    1529    1702    1864    1468    1107    737     571     
2571   2013 1001    522     1445    323     757     1742    1152    185     201     305     857     1113    1525    1885    1810    1462    1283    708     622     
2571   2014 1184    804     1542    650     1134    1701    1279    640     693     863     1202    1339    1583    1893    1623    1604    1357    874     505     
2571   2015 1120    698     1487    433     958     1773    1137    406     382     639     954     1280    1608    1841    1866    1357    1031    1026    994     
2571   2016 1103    785     1570    692     971     1763    1153    559     510     581     893     1435    1620    1827    1837    1796    1028    640     491     
2571   2017 1142    649     1559    424     1117    1837    1171    187     613     930     898     1514    1882    1844    1788    1412    1355    741     503     
2571   2018 1165    654     1673    427     1109    1904    1157    612     137     531     1236    1565    1731    2097    1879    1511    1226    733     639     
2571   2019 -999999 747     1556    549     1043    1843    -999999 358     662     856     1075    1199    1762    1877    1888    1525    1219    -999999 -999999 
