EUROPEAN CLIMATE ASSESSMENT & DATASET (ECA&D), file created on: 13-11-2019
THESE DATA CAN BE USED FOR NON-COMMERCIAL RESEARCH AND EDUCATION PROVIDED THAT THE FOLLOWING SOURCE IS ACKNOWLEDGED: 

Klein Tank, A.M.G. and Coauthors, 2002. Daily dataset of 20th-century surface
air temperature and precipitation series for the European Climate Assessment.
Int. J. of Climatol., 22, 1441-1453.
Data and metadata available at http://www.ecad.eu

FILE FORMAT (MISSING VALUE CODE = -999999):

THIS FILE HOLDS DATA FOR STATION UKRAINE                                  DEBALTSEVE                               (STAID:   1615)
LATITUDE: dd:mm:ss +48:24:00
LONGITUDE: ddd:mm:ss +038:24:00
ELEVATION: m  335

DATA IS FOR INDEX Mean of daily mean temperature (TG) with unit 0.01 Temperature (&#176;C)

01-06 SOUID: Source identifier
08-11 YEAR : YYYY
13-20 ANNUAL DATA VALUES
21-28 WINTER HALF YEAR DATA VALUES
29-36 SUMMER HALF YEAR DATA VALUES
37-44 WINTER (DJF) DATA VALUES
45-52 SPRING (MAM) DATA VALUES
53-60 SUMMER (JJA) DATA VALUES
61-68 AUTUMN (SON) DATA VALUES
69-76 JANUARY DATA VALUES
etc. 
157-164 DECEMBER DATA VALUES

1615   1936 759     -999999 1663    -999999 695     2158    665     -250    -903    -82     645     1521    1921    2406    2139    1311    525     162     -365    
1615   1937 778     -253    1692    -728    757     1982    956     -1170   -641    -55     728     1598    1706    2239    1992    1863    773     237     -26     
1615   1938 852     -15     1801    -363    714     2322    1037    -532    -549    -37     668     1511    1950    2622    2381    1639    1116    353     -998    
1615   1939 770     -105    1678    -653    712     2113    622     -532    -405    -179    777     1541    2010    2284    2043    1385    412     76      -251    
1615   1940 617     -352    1591    -745    545     2015    732     -1153   -836    -380    653     1365    1900    2129    2012    1462    405     340     -531    
1615   1941 -999999 -219    -999999 -595    603     1864    -999999 -919    -306    -292    935     1176    1662    2140    1784    -999999 -999999 -999999 -999999 
1615   1942 -999999 -999999 -999999 -999999 -999999 -999999 -999999 -999999 -999999 -999999 -999999 -999999 -999999 -999999 -999999 -999999 -999999 -999999 -999999 
1615   1943 -999999 -999999 -999999 -999999 -999999 -999999 -999999 -999999 -999999 -999999 -999999 -999999 -999999 -999999 -999999 -999999 -999999 -999999 -468    
1615   1944 747     -999999 1571    -409    730     1892    847     -411    -342    62      722     1405    1810    2073    1791    1609    764     172     -721    
1615   1945 506     -314    1450    -836    452     1879    555     -795    -1009   -349    484     1222    1722    2014    1896    1334    495     -161    -879    
1615   1946 733     -270    1754    -639    747     2194    562     -736    -265    -68     757     1551    2287    2002    2297    1612    169     -82     -774    
1615   1947 714     -394    1605    -871    753     2040    626     -1236   -574    128     781     1351    1986    2231    1902    1355    363     170     39      
1615   1948 715     -98     1662    -202    642     2079    616     -138    -527    -512    717     1722    2167    2005    2067    1268    669     -91     -815    
1615   1949 707     -313    1589    -755    711     1913    763     -550    -916    -225    556     1797    1760    2043    1932    1411    612     270     -329    
1615   1950 674     -308    1651    -882    934     1797    765     -1703   -586    -121    1293    1642    1769    1845    1778    1570    594     139     -191    
1615   1951 740     -180    1752    -626    892     2134    559     -755    -965    35      1215    1436    2005    2200    2192    1442    221     27      -284    
1615   1952 739     -219    1554    -317    459     1902    937     -308    -361    -611    634     1359    1712    1954    2034    1610    1011    187     -387    
1615   1953 657     -131    1685    -549    588     2193    477     -523    -759    -366    661     1473    2084    2263    2229    1371    607     -550    -711    
1615   1954 671     -677    1784    -1260   592     2278    901     -1385   -1729   -392    568     1599    2256    2348    2227    1676    780     251     -315    
1615   1955 779     35      1574    -259    630     1953    871     -333    -117    -67     458     1492    1734    2226    1893    1612    1184    -193    -612    
1615   1956 514     -399    1524    -945    448     2018    491     -664    -1600   -583    691     1244    2103    1840    2114    1133    752     -422    -530    
1615   1957 808     -259    1772    -524    770     2103    756     -809    -201    -346    1032    1632    2003    2121    2180    1643    584     47      -242    
1615   1958 672     -103    1451    -364    635     1837    565     -521    -324    -176    540     1538    1645    1914    1945    1088    672     -69     -265    
1615   1959 627     -165    1598    -420    633     2083    347     -299    -726    -354    735     1521    1882    2357    2005    1053    304     -314    -739    
1615   1960 774     -338    1557    -546    543     2035    738     -347    -552    -393    654     1370    2026    2231    1847    1187    871     150     189     
1615   1961 747     65      1569    -247    708     2027    661     -580    -361    84      805     1238    1969    2078    2033    1271    675     35      -355    
1615   1962 821     -81     1675    -444    873     2006    864     -483    -498    106     997     1520    1875    2160    1978    1496    849     247     -482    
1615   1963 689     -255    1690    -703    624     2017    892     -1153   -451    -544    660     1758    1762    2264    2018    1644    767     269     -785    
1615   1964 643     -331    1543    -885    530     1942    764     -1056   -808    -384    691     1290    2062    2009    1759    1435    807     49      -174    
1615   1965 683     -157    1536    -589    542     1993    681     -736    -885    -65     388     1299    1851    2097    2027    1528    484     36      58      
1615   1966 915     77      1691    -86     943     2040    886     -168    -155    182     1135    1519    1696    2283    2131    1351    1012    290     -374    
1615   1967 760     -157    1684    -701    860     1958    920     -788    -968    -176    931     1826    1763    2035    2071    1450    1041    265     -448    
1615   1968 768     -79     1703    -601    904     1966    756     -820    -531    0       984     1730    1962    1985    1951    1585    622     65      -349    
1615   1969 599     -360    1548    -862    609     1939    747     -1208   -1046   -294    719     1406    1892    1884    2040    1321    569     357     -552    
1615   1970 779     -103    1669    -534    885     1977    760     -731    -297    33      1102    1526    1747    2345    1833    1438    662     185     -555    
1615   1971 777     -153    1639    -533    642     2026    838     -310    -757    -190    641     1474    1838    2141    2093    1624    572     326     -238    
1615   1972 776     -309    1854    -862    828     2328    796     -1561   -783    -178    1069    1602    2269    2300    2414    1446    722     221     -251    
1615   1973 704     -45     1512    -422    856     1808    563     -899    -82     26      1053    1493    1742    1993    1687    1082    659     -56     -295    
1615   1974 740     -176    1502    -552    593     1872    988     -964    -380    -36     503     1307    1787    1952    1874    1571    1191    195     -189    
1615   1975 890     62      1908    -380    1090    2181    708     -344    -632    89      1337    1852    2304    2179    2063    1698    569     -138    -430    
1615   1976 543     -356    1447    -767    671     1688    487     -658    -1233   -298    1020    1301    1645    1710    1709    1283    183     5       -207    
1615   1977 664     -202    1514    -518    858     1817    659     -1106   -211    134     945     1499    1712    1940    1796    1171    437     378     -763    
1615   1978 669     -160    1455    -711    774     1770    765     -805    -549    323     799     1202    1606    1885    1813    1408    704     184     -617    
1615   1979 806     -141    1723    -643    937     2046    711     -674    -637    155     710     1939    2082    1929    2129    1521    555     61      -202    
1615   1980 623     -298    1456    -637    468     1831    727     -1019   -695    -503    650     1262    1783    2014    1695    1314    684     185     64      
1615   1981 865     40      1666    -180    622     2173    842     -318    -297    -104    504     1463    2227    2226    2068    1483    949     89      4       
1615   1982 688     -90     1528    -475    679     1801    748     -556    -916    -181    829     1392    1624    1831    1942    1529    641     77      -64     
1615   1983 821     13      1668    -252    984     1875    743     -427    -266    93      1200    1666    1775    2048    1800    1500    796     -71     -332    
1615   1984 725     -107    1635    -461    864     1864    791     -231    -846    -4      789     1803    1810    1999    1781    1603    788     -19     -837    
1615   1985 615     -410    1593    -905    653     1923    615     -627    -1289   -551    797     1716    1710    1825    2225    1253    611     -20     -414    
1615   1986 765     -169    1726    -553    889     2069    656     -229    -1064   20      1194    1462    1978    2027    2199    1476    671     -179    -507    
1615   1987 518     -999999 1402    -999999 291     1855    559     -999999 -654    -750    174     1444    1836    2026    1702    1201    503     -24     -523    
1615   1988 669     -241    1608    -671    755     2013    560     -835    -656    66      779     1421    1899    2179    1958    1386    663     -371    -517    
1615   1989 -999999 -49     -999999 -333    898     -999999 -999999 -349    -110    372     988     1338    -999999 -999999 -999999 -999999 775     12      -276    
1615   1990 -999999 56      -999999 -287    -999999 -999999 -999999 -439    -129    375     992     -999999 -999999 -999999 -999999 1321    -999999 -999999 -999999 
1615   1991 762     -999999 1643    -999999 687     2080    835     -470    -761    -134    881     1320    2038    2250    1952    1401    1026    71      -535    
1615   1992 703     -41     1524    -525    739     1942    670     -469    -575    203     687     1325    1838    1860    2124    1285    607     120     -611    
1615   1993 -999999 -140    -999999 -519    690     -999999 -999999 -449    -493    -39     692     1416    1676    -999999 1924    1125    661     -999999 -325    
1615   1994 741     -999999 1665    -463    708     1889    939     -142    -969    -223    1038    1320    1622    2040    1996    1964    955     -103    -725    
1615   1995 -999999 -32     -999999 -427    887     -999999 -999999 -505    -10     197     973     1493    2183    -999999 -999999 -999999 -999999 -999999 -999999 
1615   1996 698     -999999 1667    -999999 717     2056    786     -1082   -714    -463    779     1838    1869    2348    1945    1188    718     455     -545    
1615   1997 636     -153    1501    -674    703     1891    608     -917    -549    -97     605     1598    1926    1915    1832    1101    638     85      -586    
1615   1998 799     -164    1761    -567    820     2162    713     -591    -518    -40     1007    1500    2155    2278    2053    1556    839     -262    -476    
1615   1999 912     -2      1748    -301    821     2257    684     -220    -196    277     1046    1148    2196    2449    2125    1509    851     -312    -8      
1615   2000 815     -54     1657    -298    849     2027    681     -650    -232    9       1250    1303    1757    2180    2135    1293    753     -5      -51     
1615   2001 830     63      1713    -205    857     2147    767     -187    -394    217     1019    1340    1680    2555    2191    1460    663     181     -855    
1615   2002 853     -11     1724    -442    918     2111    852     -569    158     380     859     1512    1870    2464    1992    1623    679     258     -1016   
1615   2003 698     -307    1573    -830    704     1868    763     -505    -982    -320    592     1837    1676    1945    1976    1379    795     113     -256    
1615   2004 830     83      1558    -252    832     1865    851     -164    -341    325     788     1382    1663    1921    2004    1570    765     220     -224    
1615   2005 859     -54     1732    -342    823     1981    923     -145    -691    -304    1002    1775    1793    2013    2131    1653    846     273     -147    
