EUROPEAN CLIMATE ASSESSMENT & DATASET (ECA&D), file created on: 13-11-2019
THESE DATA CAN BE USED FOR NON-COMMERCIAL RESEARCH AND EDUCATION PROVIDED THAT THE FOLLOWING SOURCE IS ACKNOWLEDGED: 

Klein Tank, A.M.G. and Coauthors, 2002. Daily dataset of 20th-century surface
air temperature and precipitation series for the European Climate Assessment.
Int. J. of Climatol., 22, 1441-1453.
Data and metadata available at http://www.ecad.eu

FILE FORMAT (MISSING VALUE CODE = -999999):

THIS FILE HOLDS DATA FOR STATION RUSSIAN FEDERATION                       NACHIKI                                  (STAID:   8509)
LATITUDE: dd:mm:ss +53:06:00
LONGITUDE: ddd:mm:ss +157:42:00
ELEVATION: m  317

DATA IS FOR INDEX Mean of daily mean temperature (TG) with unit 0.01 Temperature (&#176;C)

01-06 SOUID: Source identifier
08-11 YEAR : YYYY
13-20 ANNUAL DATA VALUES
21-28 WINTER HALF YEAR DATA VALUES
29-36 SUMMER HALF YEAR DATA VALUES
37-44 WINTER (DJF) DATA VALUES
45-52 SPRING (MAM) DATA VALUES
53-60 SUMMER (JJA) DATA VALUES
61-68 AUTUMN (SON) DATA VALUES
69-76 JANUARY DATA VALUES
etc. 
157-164 DECEMBER DATA VALUES

8509   1935 -999999 -999999 718     -999999 -448    1136    -999999 -999999 -999999 -1325   -370    354     806     1296    1295    901     -999999 -999999 -999999 
8509   1936 -259    -999999 679     -999999 -523    1195    55      -2098   -1085   -1310   -356    103     896     1351    1328    727     56      -618    -2100   
8509   1937 -315    -1246   532     -1996   -427    929     -77     -1960   -1921   -978    -357    55      540     1248    986     699     89      -1024   -1274   
8509   1938 -311    -1107   667     -1391   -637    1174    -92     -1793   -1076   -1559   -457    113     859     1407    1247    809     -3      -1085   -2226   
8509   1939 -267    -1325   640     -2093   -266    1071    69      -2058   -1984   -652    -493    341     937     1125    1148    757     225     -781    -1892   
8509   1940 -186    -981    602     -1512   -353    1027    -48     -1143   -1500   -819    -650    581     631     1123    1314    569     95      -813    -1536   
8509   1941 -400    -1160   555     -1740   -467    979     -75     -1696   -2013   -1067   -446    114     694     1162    1073    711     -3      -936    -2501   
8509   1942 -248    -1417   506     -2011   -757    1004    177     -1750   -1756   -1573   -856    155     535     1287    1175    701     103     -270    -840    
8509   1943 -181    -705    675     -1225   -166    1107    -103    -1196   -1684   -421    -353    270     766     1339    1205    797     279     -1397   -1908   
8509   1944 -254    -1315   720     -1932   -419    1197    133     -1893   -1999   -1019   -468    227     922     1361    1298    956     199     -759    -1929   
8509   1945 -287    -1260   639     -1813   -522    1032    3       -1892   -1598   -1598   -228    269     774     1172    1141    683     -17     -657    -1569   
8509   1946 -273    -1269   646     -1899   -535    1117    15      -2403   -1707   -1282   -436    117     825     1178    1338    830     -102    -678    -1041   
8509   1947 -318    -974    490     -1345   -443    847     -131    -1463   -1550   -1059   -325    59      499     973     1057    658     -1      -1055   -1700   
8509   1948 -140    -1080   687     -1469   -309    1103    -7      -1662   -1017   -1038   -297    408     927     1166    1211    680     15      -719    -1377   
8509   1949 -382    -1175   586     -1659   -604    1080    -130    -1986   -1609   -1399   -656    240     953     1067    1215    670     -65     -999    -2089   
8509   1950 -167    -1072   585     -1416   -506    1070    8       -802    -1349   -1151   -504    137     783     1242    1176    648     -96     -523    -1647   
8509   1951 -217    -1118   629     -1671   -510    1124    11      -1646   -1725   -1111   -483    64      705     1269    1385    805     76      -850    -1199   
8509   1952 -363    -1139   634     -1637   -447    1062    -212    -1826   -1902   -1172   -379    212     625     1315    1231    770     192     -1610   -1884   
8509   1953 -444    -1438   585     -2048   -489    1014    -275    -2064   -2213   -1129   -470    132     625     1204    1201    795     -179    -1445   -1914   
8509   1954 -333    -1443   552     -1866   -581    955     -114    -2236   -1401   -1478   -250    -5      673     1042    1139    695     -69     -970    -1192   
8509   1955 -220    -1173   599     -1669   -436    1042    21      -2576   -1193   -1035   -401    130     769     1144    1205    723     78      -739    -795    
8509   1956 -225    -889    551     -1080   -652    1045    80      -1108   -1354   -1439   -676    160     812     1161    1159    686     277     -731    -1644   
8509   1957 -227    -1138   622     -1645   -604    1110    49      -1719   -1564   -1475   -532    197     820     1313    1187    720     125     -699    -1186   
8509   1958 -366    -1177   537     -1674   -719    1036    24      -2038   -1809   -1500   -719    61      757     1131    1211    753     54      -737    -1641   
8509   1959 -294    -1214   713     -1814   -364    1147    -139    -1715   -2116   -1197   -179    292     798     1326    1307    709     44      -1175   -1748   
8509   1960 -409    -1315   584     -1850   -518    1018    -270    -1734   -2084   -1238   -370    59      704     1129    1212    748     -94     -1469   -1843   
8509   1961 -153    -1218   659     -1523   -435    1104    -93     -1797   -865    -1216   -302    218     776     1161    1363    714     17      -1015   -937    
8509   1962 -254    -1130   707     -1570   -289    1052    -68     -1550   -2293   -1114   -86     341     860     1187    1101    823     97      -1132   -1429   
8509   1963 -94     -864    603     -1111   -377    1060    106     -807    -1095   -852    -493    210     737     1181    1251    707     219     -611    -1650   
8509   1964 -528    -1406   478     -2155   -683    932     -157    -2807   -1999   -1598   -624    175     798     1057    936     499     -5      -972    -1834   
8509   1965 -227    -1116   596     -1640   -357    999     27      -1882   -1156   -849    -434    209     711     1178    1098    792     195     -911    -1731   
8509   1966 -248    -1182   555     -1881   -395    1022    65      -1998   -1919   -793    -500    106     727     1190    1138    643     163     -614    -1235   
8509   1967 -468    -1286   594     -1935   -590    1084    -165    -2325   -2279   -1499   -627    354     909     1173    1164    560     35      -1096   -2111   
8509   1968 -201    -1077   619     -1427   -405    1001    -283    -1137   -1007   -1142   -379    308     787     1044    1165    768     -42     -1584   -1238   
8509   1969 -404    -1306   558     -1667   -575    1031    -83     -1807   -1987   -1256   -562    93      627     1187    1265    711     -17     -946    -2267   
8509   1970 -281    -1386   693     -2007   -479    1128    13      -1632   -2134   -1377   -365    309     885     1216    1276    811     39      -813    -1718   
8509   1971 -300    -1168   550     -1672   -536    997     -87     -1594   -1707   -1255   -455    125     729     1186    1065    611     106     -985    -1521   
8509   1972 -368    -1198   587     -1848   -294    983     -274    -2794   -1186   -799    -286    202     716     1128    1098    639     145     -1621   -1682   
8509   1973 -264    -1391   622     -1949   -431    1074    30      -2130   -2044   -1085   -405    199     750     1254    1207    701     16      -625    -1129   
8509   1974 -212    -869    611     -1121   -474    1028    -34     -1034   -1210   -1259   -342    183     889     1104    1087    726     88      -919    -1912   
8509   1975 -365    -1433   672     -2039   -574    1120    70      -2389   -1791   -1692   -252    231     897     1349    1107    678     76      -545    -2119   
8509   1976 -358    -1121   489     -1646   -662    980     -122    -1524   -1271   -1335   -707    56      757     1095    1081    628     21      -1019   -2103   
8509   1977 -344    -1468   691     -2051   -588    1123    -154    -1848   -2216   -1697   -266    210     916     1201    1245    820     -116    -1167   -1339   
8509   1978 -354    -1317   634     -1954   -317    1091    -44     -2436   -2101   -814    -434    293     761     1365    1137    651     74      -861    -2001   
8509   1979 -354    -1331   559     -1968   -541    997     -144    -2406   -1446   -1340   -526    242     777     1091    1116    628     -117    -942    -1383   
8509   1980 -318    -1145   537     -1528   -666    1087    -238    -1341   -1883   -1243   -817    57      702     1386    1160    698     -180    -1235   -1206   
8509   1981 -286    -1417   755     -1869   -502    1230    99      -2414   -2000   -1516   -282    300     1047    1336    1301    805     229     -743    -1600   
8509   1982 -294    -1114   625     -1668   -406    1009    -90     -2248   -1101   -1210   -315    311     653     1227    1136    713     82      -1071   -1743   
8509   1983 -258    -1226   649     -1800   -408    1121    -62     -1788   -1875   -1020   -360    158     864     1259    1232    720     212     -1127   -1494   
8509   1984 -277    -1179   669     -1673   -417    1138    -21     -2067   -1442   -1172   -469    388     992     1283    1135    661     205     -936    -1937   
8509   1985 -373    -1292   537     -1850   -536    915     -67     -2387   -1160   -1515   -236    153     636     1031    1070    545     65      -815    -1892   
8509   1986 -999999 -1096   -999999 -1618   -285    1190    -999999 -1627   -1304   -1013   -125    288     935     1264    1364    -999999 -999999 -999999 -999999 
8509   1987 -338    -999999 599     -999999 -328    1049    2       -2475   -1845   -700    -454    165     885     1153    1103    722     -26     -689    -1987   
8509   1988 -320    -1303   646     -1908   -531    1106    -47     -1992   -1734   -1397   -403    210     885     1191    1234    735     126     -1008   -1733   
8509   1989 -148    -1211   760     -1910   -241    1245    139     -2035   -1966   -717    -170    168     973     1420    1332    814     306     -708    -1325   
8509   1990 -120    -1118   772     -1806   -210    1244    213     -2071   -2045   -943    -29     346     1123    1410    1196    566     345     -277    -1183   
8509   1991 -177    -716    615     -1143   -388    1100    -8      -1145   -1095   -965    -375    177     772     1171    1347    568     229     -830    -2037   
8509   1992 -308    -1225   634     -1856   -344    995     -85     -2088   -1414   -1208   -82     267     844     1151    985     623     -21     -858    -1913   
8509   1993 -346    -1291   640     -1917   -485    1133    -73     -2535   -1239   -1164   -531    238     891     1344    1156    715     76      -1015   -2127   
8509   1994 -175    -1192   678     -1643   -466    1097    169     -1836   -893    -1325   -306    239     780     1275    1225    829     214     -537    -1785   
8509   1995 -110    -1015   681     -1732   -179    1076    196     -1945   -1438   -626    -277    362     794     1253    1173    754     126     -291    -1284   
8509   1996 -48     -794    728     -1246   -251    1137    32      -1105   -1356   -873    -228    348     934     1240    1231    819     315     -1049   -916    
8509   1997 -160    -875    626     -1348   -199    1053    168     -1324   -1852   -528    -164    97      706     1250    1192    652     370     -524    -1913   
8509   1998 -286    -1128   685     -1762   -575    1225    -129    -1548   -1833   -1368   -468    114     1115    1341    1215    770     -3      -1158   -1710   
8509   1999 -239    -1279   604     -1718   -572    1048    135     -1620   -1836   -1399   -543    225     873     1160    1105    782     245     -626    -1339   
8509   2000 -283    -1104   761     -1650   -352    1176    -153    -1751   -1874   -1312   -106    369     965     1330    1225    763     169     -1400   -1830   
8509   2001 -999999 -999999 -999999 -999999 -999999 -999999 -999999 -999999 -999999 -999999 -999999 -999999 -999999 -999999 -999999 -999999 -999999 -999999 -999999 
8509   2002 -225    -999999 724     -999999 -243    1066    -14     -1752   -1576   -1038   -54     370     921     1215    1058    819     35      -897    -1880   
8509   2003 -120    -1116   741     -1626   -344    1232    123     -1619   -1351   -999    -286    256     995     1502    1192    762     284     -683    -1573   
8509   2004 -166    -952    689     -1482   -283    1083    -3      -1595   -1264   -892    -244    288     856     1215    1172    827     -42     -791    -1549   
8509   2005 -133    -1056   699     -1625   -195    1115    209     -1845   -1467   -674    -169    259     700     1334    1299    746     252     -371    -1737   
8509   2006 -176    -1025   693     -1684   -442    1187    265     -1290   -2061   -1019   -492    183     874     1202    1475    889     147     -238    -1905   
8509   2007 -241    -1042   642     -1912   -192    1101    -37     -2030   -1788   -483    -441    340     891     1188    1218    629     101     -847    -1777   
8509   2008 -57     -1114   798     -1733   -235    1251    121     -1846   -1564   -772    -180    248     997     1466    1280    955     131     -723    -736    
8509   2009 -999999 -999999 776     -999999 -307    1268    23      -999999 -1311   -972    -277    330     1182    1330    1289    784     212     -935    -1835   
8509   2010 -151    -1158   665     -1637   -577    1183    -30     -1590   -1471   -1356   -795    411     984     1358    1201    795     57      -945    -570    
8509   2011 -166    -870    753     -1202   -262    1226    86      -1634   -1425   -760    -246    220     848     1437    1380    851     154     -749    -2142   
8509   2012 -129    -1262   827     -1909   -316    1292    117     -1799   -1779   -1276   -187    519     1007    1405    1455    733     169     -552    -1295   
8509   2013 -70     -965    791     -1449   -352    1288    65      -1566   -1489   -1093   -304    343     1030    1502    1325    823     -47     -578    -881    
