EUROPEAN CLIMATE ASSESSMENT & DATASET (ECA&D), file created on: 13-11-2019
THESE DATA CAN BE USED FOR NON-COMMERCIAL RESEARCH AND EDUCATION PROVIDED THAT THE FOLLOWING SOURCE IS ACKNOWLEDGED: 

Klein Tank, A.M.G. and Coauthors, 2002. Daily dataset of 20th-century surface
air temperature and precipitation series for the European Climate Assessment.
Int. J. of Climatol., 22, 1441-1453.
Data and metadata available at http://www.ecad.eu

FILE FORMAT (MISSING VALUE CODE = -999999):

THIS FILE HOLDS DATA FOR STATION GERMANY                                  HAMBURG-BOTANISCHER GARTEN               (STAID:   4180)
LATITUDE: dd:mm:ss +53:33:41
LONGITUDE: ddd:mm:ss +009:59:18
ELEVATION: m   14

DATA IS FOR INDEX Mean of daily mean temperature (TG) with unit 0.01 Temperature (&#176;C)

01-06 SOUID: Source identifier
08-11 YEAR : YYYY
13-20 ANNUAL DATA VALUES
21-28 WINTER HALF YEAR DATA VALUES
29-36 SUMMER HALF YEAR DATA VALUES
37-44 WINTER (DJF) DATA VALUES
45-52 SPRING (MAM) DATA VALUES
53-60 SUMMER (JJA) DATA VALUES
61-68 AUTUMN (SON) DATA VALUES
69-76 JANUARY DATA VALUES
etc. 
157-164 DECEMBER DATA VALUES

4180   1891 799     -999999 1323    -999999 665     1553    978     -366    68      213     572     1207    1446    1698    1513    1489    1051    390     263     
4180   1892 759     292     1342    56      680     1579    823     -182    88      130     698     1212    1445    1550    1739    1392    832     244     -62     
4180   1893 838     175     1402    -174    856     1680    875     -584    157     463     887     1218    1570    1742    1723    1256    1037    328     217     
4180   1894 885     395     1365    130     935     1592    872     -68     252     587     1046    1175    1425    1826    1519    1188    825     606     207     
4180   1895 798     203     1448    -160    811     1644    933     -236    -483    243     905     1287    1570    1656    1704    1553    779     471     45      
4180   1896 838     342     1359    81      771     1676    822     66      135     544     666     1099    1768    1754    1508    1348    944     171     27      
4180   1897 843     235     1391    -71     790     1718    822     -288    60      477     752     1139    1723    1615    1815    1288    785     393     304     
4180   1898 897     408     1323    318     690     1572    936     394     249     307     683     1081    1508    1411    1795    1448    828     537     473     
4180   1899 878     456     1370    363     729     1666    966     302     310     276     773     1140    1508    1835    1650    1296    839     767     -189    
4180   1900 886     298     1392    4       644     1712    966     106     104     157     641     1134    1605    1843    1684    1429    955     515     409     
4180   1901 837     268     1451    -36     772     1713    977     -319    -216    223     837     1258    1503    1936    1695    1458    1033    437     123     
4180   1902 752     365     1234    122     654     1518    749     392     -179    335     730     899     1606    1520    1431    1213    777     255     -24     
4180   1903 895     366     1333    163     842     1563    972     109     431     650     557     1310    1529    1649    1511    1425    982     508     44      
4180   1904 872     340     1380    72      793     1630    878     26      151     325     871     1184    1488    1756    1642    1321    857     458     360     
4180   1905 856     397     1403    184     788     1736    750     -25     220     499     564     1294    1751    1803    1655    1333    570     353     211     
4180   1906 911     291     1443    183     837     1666    1057    176     160     264     875     1373    1544    1745    1705    1399    1015    757     -119    
4180   1907 834     333     1303    -46     774     1488    978     53      -74     341     712     1267    1448    1495    1519    1363    1246    316     247     
4180   1908 839     410     1366    182     733     1671    825     19      287     335     588     1270    1695    1785    1533    1310    933     228     61      
4180   1909 801     212     1307    -23     668     1541    937     -12     -129    157     780     1071    1442    1550    1629    1359    1130    315     256     
4180   1910 946     466     1433    279     869     1697    891     235     353     491     793     1322    1780    1629    1684    1382    980     307     358     
4180   1911 993     434     1513    282     897     1776    994     186     303     451     785     1452    1517    1845    1958    1499    923     563     381     
4180   1912 872     417     1345    124     859     1677    773     -182    177     633     802     1141    1594    1923    1512    1083    768     468     513     
4180   1913 954     453     1390    281     956     1558    1053    55      273     626     894     1345    1541    1587    1546    1415    983     763     382     
4180   1914 983     525     1481    290     898     1761    943     6       502     518     1038    1143    1549    1922    1804    1418    937     474     456     
4180   1915 837     396     1370    247     729     1632    786     109     169     211     769     1208    1693    1629    1575    1338    740     281     279     
4180   1916 880     361     1334    279     822     1520    905     446     101     298     876     1293    1307    1623    1623    1262    915     539     238     
4180   1917 838     237     1478    -9      629     1825    969     -87     -196    -19     484     1417    1951    1752    1777    1467    810     636     0       
4180   1918 913     387     1370    134     912     1548    884     160     255     456     863     1416    1325    1694    1617    1285    951     414     469     
4180   1919 786     395     1345    226     761     1530    747     164     27      311     698     1270    1528    1497    1565    1500    702     40      74      
4180   1920 917     367     1424    246     1017    1613    770     274     401     700     1019    1332    1539    1772    1526    1346    755     209     108     
4180   1921 971     421     1452    287     1012    1649    883     502     246     685     903     1445    1428    1769    1742    1404    1143    95      221     
4180   1922 770     251     1310    -39     773     1559    716     -255    -89     352     618     1344    1535    1597    1545    1201    568     383     379     
4180   1923 827     379     1281    254     791     1508    916     334     28      549     727     1094    1125    1879    1508    1330    1065    349     -135    
4180   1924 814     202     1350    -154    727     1581    934     -169    -157    239     607     1332    1532    1685    1525    1406    989     404     338     
4180   1925 902     459     1444    377     866     1700    783     381     416     220     883     1494    1488    1921    1685    1166    900     279     -49     
4180   1926 922     336     1419    125     839     1656    945     63      385     442     983     1097    1466    1858    1637    1463    756     621     266     
4180   1927 849     477     1325    255     801     1620    875     324     165     704     690     1007    1323    1808    1718    1383    986     251     -231    
4180   1928 863     301     1302    77      730     1543    984     161     318     318     782     1093    1356    1690    1578    1296    938     719     94      
4180   1929 769     143     1361    -349    674     1604    1015    -311    -882    222     450     1344    1404    1705    1699    1544    973     529     425     
4180   1930 926     454     1432    281     802     1727    971     347     48      363     853     1194    1833    1714    1636    1354    958     602     155     
4180   1931 873     339     1417    111     812     1665    874     135     34      127     689     1617    1576    1767    1649    1179    875     568     195     
4180   1932 975     382     1548    216     804     1861    977     341     103     200     786     1426    1636    1999    1941    1478    918     537     297     
4180   1933 922     413     1513    115     928     1806    976     -95     148     655     795     1331    1707    1918    1789    1523    1012    391     -160    
4180   1934 1067    383     1607    115     1025    1811    1080    187     340     523     1134    1421    1751    1929    1751    1648    1052    541     485     
4180   1935 929     477     1436    293     769     1749    993     63      334     375     819     1114    1763    1791    1693    1426    946     608     186     
4180   1936 866     432     1349    189     715     1699    822     363     7       460     565     1115    1718    1737    1643    1301    717     451     280     
4180   1937 874     295     1462    120     842     1702    917     -145    235     231     874     1422    1613    1735    1756    1355    1046    345     -16     
4180   1938 934     445     1383    170     816     1701    1059    307     223     739     604     1098    1542    1681    1875    1481    921     779     -88     
4180   1939 888     417     1437    174     735     1759    868     321     300     266     809     1131    1704    1777    1795    1393    646     572     -91     
4180   1940 683     -19     1353    -525    740     1637    867     -848    -643    227     714     1278    1749    1667    1499    1197    805     600     -81     
4180   1941 741     146     1320    -262    580     1715    779     -598    -91     233     521     984     1646    1982    1516    1252    812     273     302     
4180   1942 737     25      1362    -306    614     1617    985     -705    -538    -37     714     1169    1384    1617    1843    1428    1092    433     353     
4180   1943 921     480     1426    246     938     1650    916     6       393     594     942     1277    1478    1755    1711    1378    1022    345     110     
4180   1944 886     368     1415    209     725     1737    887     420     89      203     838     1138    1424    1806    1970    1293    898     470     50      
4180   1945 928     382     1421    87      929     1677    946     -175    418     635     827     1321    1608    1756    1663    1332    1049    453     209     
4180   1946 861     374     1449    139     859     1655    884     -53     274     307     938     1334    1460    1852    1646    1448    723     486     -113    
4180   1947 896     26      1655    -398    870     1908    1043    -423    -688    115     907     1588    1868    1878    1976    1694    850     592     292     
4180   1948 988     458     1508    244     1005    1701    997     282     153     565     1100    1353    1620    1762    1717    1485    960     548     288     
4180   1949 1004    463     1482    317     868     1625    1143    302     366     308     1028    1274    1451    1722    1697    1712    1167    547     436     
4180   1950 941     531     1480    282     904     1799    914     53      365     604     746     1358    1777    1771    1848    1361    881     501     -14     
4180   1951 961     343     1453    129     753     1720    1051    198     212     271     795     1196    1639    1712    1806    1561    841     757     499     
4180   1952 873     457     1448    297     904     1690    734     179     208     255     1156    1310    1524    1763    1778    1142    807     252     83      
4180   1953 1010    331     1499    107     974     1761    1079    141     96      583     967     1371    1771    1812    1700    1363    1165    704     385     
4180   1954 855     382     1362    -7      806     1593    993     -89     -352    419     653     1342    1647    1513    1622    1381    1098    497     438     
4180   1955 789     296     1336    52      556     1651    928     -97     -209    8       680     984     1370    1794    1780    1393    875     518     305     
4180   1956 812     267     1345    -63     769     1553    956     116     -648    387     546     1368    1428    1792    1434    1483    961     425     380     
4180   1957 968     524     1391    371     842     1730    974     284     458     626     824     1077    1720    1845    1625    1242    1075    602     207     
4180   1958 905     369     1414    152     658     1664    1070    54      199     67      583     1322    1519    1734    1735    1575    1114    520     389     
4180   1959 1029    496     1596    204     1043    1860    1021    125     86      702     1049    1377    1658    2016    1898    1563    1063    437     301     
4180   1960 936     424     1424    189     865     1660    1032    164     96      464     760     1369    1681    1653    1645    1421    977     698     278     
4180   1961 987     535     1476    271     974     1651    1131    32      528     700     1095    1130    1735    1593    1629    1678    1201    510     2       
4180   1962 820     399     1287    182     656     1512    955     335     212     122     823     1029    1475    1516    1544    1331    1104    425     -114    
4180   1963 839     151     1478    -331    829     1754    1074    -507    -377    335     853     1299    1724    1843    1695    1441    969     816     -96     
4180   1964 904     323     1491    22      811     1700    971     9       162     81      947     1408    1705    1747    1648    1478    835     604     211     
4180   1965 869     403     1355    197     777     1569    885     276     95      372     773     1184    1606    1518    1585    1457    1019    174     306     
4180   1966 931     344     1455    130     866     1716    990     -94     182     457     726     1410    1828    1679    1644    1431    1156    377     324     
4180   1967 1021    536     1480    330     930     1744    1092    247     429     667     732     1383    1594    1885    1747    1522    1183    568     252     
4180   1968 954     465     1505    146     923     1776    1076    48      138     582     1042    1150    1772    1717    1839    1501    1152    572     -82     
4180   1969 896     298     1528    -3      705     1843    1109    175     -112    51      798     1268    1709    1936    1879    1558    1143    624     -337    
4180   1970 874     223     1424    -226    672     1777    1038    -260    -65     220     553     1239    1845    1680    1809    1403    1049    663     290     
4180   1971 987     452     1487    239     862     1737    1001    92      344     271     830     1484    1499    1856    1847    1382    1075    542     572     
4180   1972 916     475     1417    202     899     1726    904     -224    260     614     806     1275    1561    1894    1718    1228    890     593     345     
4180   1973 959     498     1469    288     838     1808    937     212     309     622     594     1290    1729    1864    1828    1490    868     455     201     
4180   1974 1003    506     1403    368     912     1616    951     440     474     595     945     1195    1522    1546    1777    1423    774     662     643     
4180   1975 1036    578     1544    525     792     1891    1001    651     255     452     730     1193    1597    1945    2122    1658    882     467     413     
4180   1976 965     389     1543    256     790     1889    1034    215     132     213     791     1365    1804    2032    1827    1417    1040    645     70      
4180   1977 980     482     1398    174     874     1694    1043    107     364     661     649     1304    1649    1714    1718    1336    1150    639     418     
4180   1978 912     503     1378    217     863     1650    1034    207     4       557     658     1366    1648    1640    1662    1280    1121    699     29      
4180   1979 849     282     1401    -172    812     1627    968     -339    -209    355     759     1322    1681    1540    1663    1432    944     529     443     
4180   1980 874     374     1408    149     760     1653    984     -185    191     315     785     1182    1607    1616    1736    1513    946     496     272     
4180   1981 928     441     1495    167     1016    1685    1000    68      161     681     865     1496    1565    1721    1766    1539    874     592     -238    
4180   1982 1002    295     1544    -93     895     1833    1157    -156    136     555     828     1299    1697    1969    1828    1627    1097    749     339     
4180   1983 1038    563     1567    328     900     1918    1029    555     65      528     908     1263    1709    2061    1978    1464    1052    572     220     
4180   1984 914     418     1395    192     814     1631    1014    237     115     299     879     1267    1396    1614    1875    1318    1156    562     215     
4180   1985 855     292     1433    -121    861     1663    897     -414    -170    366     817     1398    1478    1796    1708    1380    1069    235     511     
4180   1986 913     330     1430    79      866     1731    1016    62      -381    412     705     1475    1723    1797    1674    1187    1083    778     342     
4180   1987 834     321     1369    -15     713     1573    1050    -472    97      93      998     1058    1391    1738    1585    1433    1017    701     339     
4180   1988 1012    549     1480    401     902     1697    986     494     367     367     843     1493    1583    1758    1746    1437    1021    499     505     
4180   1989 1084    634     1538    499     1016    1775    1090    472     521     767     793     1481    1734    1831    1760    1611    1176    478     335     
4180   1990 1092    675     1496    519     1078    1741    1024    512     730     818     909     1502    1581    1723    1913    1325    1152    592     315     
4180   1991 972     523     1460    194     905     1758    1017    331     -93     781     860     1071    1383    2007    1871    1551    985     517     310     
4180   1992 1069    534     1619    364     1015    1932    950     283     507     602     891     1549    1970    1968    1861    1458    769     629     325     
4180   1993 936     459     1448    278     1041    1596    787     348     150     509     1118    1498    1587    1639    1560    1275    914     169     400     
4180   1994 1060    429     1574    285     976     1906    1024    428     -2      615     974     1338    1564    2292    1851    1397    866     813     493     
4180   1995 1010    558     1553    412     871     1893    1074    191     566     431     894     1288    1545    2078    2044    1443    1306    465     -163    
4180   1996 785     235     1375    -188    706     1706    886     -248    -151    181     878     1064    1567    1604    1943    1178    975     502     -99     
4180   1997 1000    405     1545    109     883     1922    918     -81     549     599     758     1288    1692    1866    2200    1444    875     438     335     
4180   1998 989     557     1466    464     1012    1648    865     444     628     626     937     1470    1655    1622    1667    1431    906     256     202     
4180   1999 1098    448     1633    283     1022    1832    1173    417     225     653     1011    1400    1644    2016    1830    1884    1038    602     390     
4180   2000 1039    579     1460    431     1004    1618    1095    377     534     530     1033    1451    1605    1561    1686    1413    1132    738     394     
4180   2001 926     495     1418    258     804     1705    1034    157     220     308     757     1347    1395    1864    1845    1275    1288    529     64      
4180   2002 985     556     1525    318     923     1811    917     359     553     543     834     1390    1669    1760    1999    1478    803     473     -63     
4180   2003 959     290     1552    -23     905     1884    915     67      -77     505     876     1331    1770    1938    1940    1437    600     719     329     
4180   2004 950     421     1436    240     884     1664    1000    58      340     483     973     1200    1484    1620    1884    1441    1039    520     341     
4180   2005 963     460     1455    271     853     1665    1082    392     59      371     931     1259    1560    1830    1601    1535    1164    545     247     
4180   2006 1032    344     1578    78      740     1861    1287    -131    120     105     789     1329    1660    2227    1689    1755    1296    808     673     
4180   2007 1040    751     1500    550     1073    1713    924     571     391     730     1132    1357    1712    1689    1738    1359    907     507     340     
4180   2008 1023    535     1483    435     910     1756    1009    494     476     485     795     1447    1678    1845    1744    1372    1005    648     271     
4180   2009 982     452     1532    166     1025    1716    1062    49      180     537     1234    1312    1434    1839    1866    1492    837     863     96      
4180   2010 823     323     1439    -88     787     1804    917     -312    -44     481     892     993     1570    2113    1720    1327    944     478     -343    
4180   2011 1006    314     1526    -3      996     1690    1039    211     137     442     1176    1376    1664    1683    1721    1530    1025    562     486     
4180   2012 937     517     1417    261     956     1657    974     279     0       716     783     1365    1455    1715    1793    1368    957     597     165     
4180   2013 920     313     1434    119     657     1742    1024    127     58      -44     758     1259    1525    1891    1802    1346    1142    579     526     
4180   2014 1083    614     1533    402     1018    1761    1200    167     525     733     1058    1264    1588    2044    1645    1588    1299    710     341     
4180   2015 1014    586     1410    299     847     1719    1022    320     229     588     820     1132    1484    1786    1880    1339    915     815     795     
4180   2016 992     571     1539    413     894     1756    1018    96      344     454     781     1443    1733    1817    1716    1734    922     401     446     
4180   2017 991     472     1433    257     952     1689    1065    51      275     714     744     1392    1659    1702    1706    1379    1193    617     405     
4180   2018 1074    456     1677    234     1005    1904    1089    354     -87     205     1137    1677    1764    2005    1940    1522    1143    601     542     
4180   2019 -999999 624     1525    427     933     1870    -999999 219     529     702     985     1115    1906    1807    1898    1434    1078    -999999 -999999 
