EUROPEAN CLIMATE ASSESSMENT & DATASET (ECA&D), file created on: 13-11-2019
THESE DATA CAN BE USED FOR NON-COMMERCIAL RESEARCH AND EDUCATION PROVIDED THAT THE FOLLOWING SOURCE IS ACKNOWLEDGED: 

Klein Tank, A.M.G. and Coauthors, 2002. Daily dataset of 20th-century surface
air temperature and precipitation series for the European Climate Assessment.
Int. J. of Climatol., 22, 1441-1453.
Data and metadata available at http://www.ecad.eu

FILE FORMAT (MISSING VALUE CODE = -999999):

THIS FILE HOLDS DATA FOR STATION UNITED KINGDOM                           BUTE: ROTHESAY                           (STAID:   1875)
LATITUDE: dd:mm:ss +55:50:20
LONGITUDE: ddd:mm:ss -005:03:50
ELEVATION: m   43

DATA IS FOR INDEX Mean of daily mean temperature (TG) with unit 0.01 Temperature (&#176;C)

01-06 SOUID: Source identifier
08-11 YEAR : YYYY
13-20 ANNUAL DATA VALUES
21-28 WINTER HALF YEAR DATA VALUES
29-36 SUMMER HALF YEAR DATA VALUES
37-44 WINTER (DJF) DATA VALUES
45-52 SPRING (MAM) DATA VALUES
53-60 SUMMER (JJA) DATA VALUES
61-68 AUTUMN (SON) DATA VALUES
69-76 JANUARY DATA VALUES
etc. 
157-164 DECEMBER DATA VALUES

1875   1960 -999999 -999999 1273    -999999 915     1430    -999999 374     371     557     898     1220    1464    1399    1429    1228    1018    659     384     
1875   1961 -999999 -999999 1179    -999999 899     1289    -999999 384     647     764     853     1062    1246    1292    1329    1304    1007    597     275     
1875   1962 -999999 -999999 -999999 -999999 693     1269    -999999 460     489     320     749     992     1208    1321    1276    1153    1079    564     398     
1875   1963 -999999 -999999 1164    -999999 774     1364    -999999 120     135     612     749     954     1418    1372    1305    1191    1019    -999999 451     
1875   1964 -999999 -999999 -999999 -999999 813     1321    -999999 526     461     503     824     1133    1244    1379    1336    -999999 898     738     420     
1875   1965 -999999 -999999 -999999 -999999 754     1307    -999999 310     404     472     752     1019    1335    1243    1342    1177    1013    399     384     
1875   1966 -999999 -999999 1146    -999999 741     1338    912     326     -999999 653     550     1002    1310    1361    1341    1288    912     524     453     
1875   1967 -999999 -999999 -999999 -999999 750     1350    -999999 481     -999999 590     718     931     1293    1359    1395    1272    936     644     -999999 
1875   1968 -999999 -999999 -999999 -999999 745     -999999 -999999 462     251     568     771     890     1360    -999999 -999999 1270    1117    -999999 395     
1875   1969 -999999 -999999 1203    -999999 674     1421    -999999 492     -999999 333     703     975     1328    1441    1492    1272    1235    -999999 409     
1875   1970 -999999 -999999 -999999 -999999 691     1430    -999999 372     280     405     598     1072    1543    1252    1489    1247    961     674     545     
1875   1971 -999999 -999999 -999999 -999999 -999999 1369    -999999 537     -999999 603     791     1090    1191    1469    1443    1356    1084    -999999 756     
1875   1972 -999999 -999999 1150    -999999 796     1295    -999999 401     460     568     795     1009    1089    1468    1327    -999999 1038    520     604     
1875   1973 -999999 -999999 -999999 -999999 752     1375    -999999 -999999 -999999 645     664     943     1269    1460    1390    1251    906     514     443     
1875   1974 -999999 -999999 1201    -999999 829     1362    -999999 582     525     523     915     1053    1326    1346    1412    1131    771     631     649     
1875   1975 -999999 -999999 -999999 -999999 763     1506    968     550     -999999 519     754     1008    1351    1514    1648    1190    1021    673     632     
1875   1976 -999999 -999999 -999999 -999999 811     1576    -999999 -999999 509     483     849     1063    1423    1639    1652    1253    995     688     252     
1875   1977 -999999 -999999 1199    -999999 793     1429    -999999 -999999 -999999 653     665     1042    1251    1569    1458    1181    1127    536     607     
1875   1978 -999999 -999999 -999999 -999999 810     1333    -999999 281     279     595     637     1168    1231    1350    1405    -999999 1126    -999999 391     
1875   1979 -999999 -999999 1105    -999999 642     1322    -999999 125     206     376     664     853     1300    1335    1331    1171    1020    596     -999999 
1875   1980 -999999 -999999 1227    -999999 823     1345    -999999 -999999 505     439     852     1167    1277    1357    1403    1307    843     636     -999999 
1875   1981 -999999 -999999 1222    -999999 853     1358    -999999 482     -999999 622     796     1120    1243    1370    1454    1318    705     710     195     
1875   1982 -999999 -999999 -999999 -999999 821     1418    977     357     516     586     833     1044    1320    1540    1384    1180    1021    719     -999999 
1875   1983 -999999 -999999 1216    -999999 726     1496    987     548     300     599     619     952     1233    1629    1622    1208    962     761     646     
1875   1984 -999999 -999999 1278    -999999 822     1493    992     266     442     523     869     1094    1333    1536    1601    1200    1007    743     606     
1875   1985 -999999 -999999 -999999 -999999 746     1284    -999999 231     -999999 471     760     1018    1188    1366    1297    1210    1086    423     537     
1875   1986 -999999 -999999 -999999 -999999 686     1292    964     349     158     509     578     978     1311    1337    1231    1095    1019    759     470     
1875   1987 -999999 -999999 1157    -999999 710     1310    -999999 232     355     339     814     963     1134    1439    1356    1213    870     672     661     
1875   1988 -999999 -999999 1244    -999999 -999999 1417    -999999 469     491     546     814     1102    1450    1401    1399    1236    960     674     808     
1875   1989 -999999 -999999 -999999 -999999 -999999 1428    -999999 747     561     568     636     1074    1270    1604    1412    1203    1099    678     421     
1875   1990 -999999 -999999 1248    -999999 912     1433    -999999 597     -999999 720     783     1221    1319    1504    1477    1170    -999999 -999999 -999999 
1875   1991 -999999 -999999 1264    -999999 871     1446    999     334     395     703     787     1108    1160    1630    1539    1347    979     660     628     
1875   1992 -999999 -999999 1233    -999999 873     1418    867     491     610     667     748     1198    1441    1433    1382    1187    764     659     440     
1875   1993 -999999 -999999 1183    -999999 840     1321    871     512     601     633     866     1036    1329    1309    1325    1229    799     565     381     
1875   1994 -999999 -999999 1174    -999999 770     1364    1028    439     263     573     726     1015    1196    1518    1382    1201    925     946     572     
1875   1995 -999999 -999999 -999999 -999999 -999999 1580    1105    401     490     421     -999999 1063    1378    1606    1736    1326    1161    809     308     
1875   1996 -999999 -999999 1200    -999999 727     1400    -999999 539     389     515     794     876     1279    1388    1534    1339    1023    507     376     
1875   1997 -999999 -999999 -999999 -999999 879     1513    -999999 373     -999999 756     858     1030    1316    1576    1650    1271    985     842     629     
1875   1998 -999999 -999999 1224    -999999 874     1362    -999999 526     820     703     747     1162    1249    1416    1410    1349    896     622     -999999 
1875   1999 -999999 -999999 -999999 -999999 901     1436    -999999 502     -999999 665     887     1160    1264    1567    1478    1443    -999999 732     402     
1875   2000 -999999 -999999 -999999 -999999 -999999 1433    -999999 531     564     717     746     1105    1271    1488    1528    1346    988     669     548     
1875   2001 -999999 -999999 -999999 -999999 -999999 1370    -999999 393     435     -999999 -999999 1183    1221    1453    1433    1282    1223    -999999 -999999 
1875   2002 -999999 -999999 1269    -999999 879     1427    1024    655     597     671     865     1095    1310    1411    1554    1374    856     816     554     
1875   2003 -999999 -999999 1307    -999999 910     1518    997     463     444     744     967     1026    1409    1569    1579    1288    880     811     515     
1875   2004 -999999 -999999 1294    -999999 917     1460    1031    546     -999999 665     896     1182    1343    1446    1591    1306    964     815     605     
1875   2005 986     -999999 1259    577     842     1454    1062    612     511     705     821     1000    1406    1510    1446    1369    1141    673     603     
1875   2006 903     649     1145    546     467     1494    1076    556     473     434     152     806     1379    1657    1442    1417    1024    789     667     
1875   2007 985     729     1248    629     914     1403    1017    632     582     667     1007    1071    1375    1415    1419    1199    1077    773     578     
1875   2008 949     689     1276    580     860     1452    942     561     603     539     758     1280    1313    1518    1521    1253    906     668     458     
1875   2009 977     624     1306    486     912     1489    1052    478     524     701     946     1091    1435    1569    1464    1340    1062    743     290     
1875   2010 -999999 -999999 1281    -999999 835     1483    934     235     250     581     865     1053    1501    1496    1453    1335    986     479     121     
1875   2011 -999999 -999999 1259    -999999 927     1367    -999999 384     546     613     1064    1098    1226    1481    1387    1307    1102    917     524     
1875   2012 -999999 -999999 -999999 -999999 895     1406    -999999 486     561     866     742     1083    1248    1408    1557    1187    800     -999999 426     
