EUROPEAN CLIMATE ASSESSMENT & DATASET (ECA&D), file created on: 13-11-2019
THESE DATA CAN BE USED FOR NON-COMMERCIAL RESEARCH AND EDUCATION PROVIDED THAT THE FOLLOWING SOURCE IS ACKNOWLEDGED: 

Klein Tank, A.M.G. and Coauthors, 2002. Daily dataset of 20th-century surface
air temperature and precipitation series for the European Climate Assessment.
Int. J. of Climatol., 22, 1441-1453.
Data and metadata available at http://www.ecad.eu

FILE FORMAT (MISSING VALUE CODE = -999999):

THIS FILE HOLDS DATA FOR STATION RUSSIAN FEDERATION                       MUGUR-AKSY                               (STAID:   8544)
LATITUDE: dd:mm:ss +50:22:12
LONGITUDE: ddd:mm:ss +090:25:48
ELEVATION: m 1850

DATA IS FOR INDEX Mean of daily mean temperature (TG) with unit 0.01 Temperature (&#176;C)

01-06 SOUID: Source identifier
08-11 YEAR : YYYY
13-20 ANNUAL DATA VALUES
21-28 WINTER HALF YEAR DATA VALUES
29-36 SUMMER HALF YEAR DATA VALUES
37-44 WINTER (DJF) DATA VALUES
45-52 SPRING (MAM) DATA VALUES
53-60 SUMMER (JJA) DATA VALUES
61-68 AUTUMN (SON) DATA VALUES
69-76 JANUARY DATA VALUES
etc. 
157-164 DECEMBER DATA VALUES

8544   1962 -999999 -999999 -999999 -999999 -999999 -999999 -999999 -999999 -999999 -999999 -999999 -999999 -999999 -999999 -999999 -999999 -138    -1472   -1545   
8544   1963 -293    -1258   648     -1735   -277    1218    -361    -1901   -1761   -642    -699    496     1092    1336    1222    402     -419    -1064   -1695   
8544   1964 -307    -1462   799     -2094   -245    1313    -365    -2028   -2591   -1035   -237    537     1360    1365    1215    530     -645    -972    -1264   
8544   1965 -999999 -1187   -999999 -1543   -999999 -999999 -999999 -1734   -1651   -920    -999999 809     -999999 1382    -999999 -999999 -239    -1176   -1896   
8544   1966 -280    -1261   777     -1733   -264    1240    -157    -1849   -1430   -875    -353    435     1208    1255    1255    842     -155    -1158   -2592   
8544   1967 -370    -1457   706     -2216   -33     1043    -421    -2199   -1818   -845    -152    895     919     1301    904     338     -133    -1476   -2274   
8544   1968 -367    -1544   708     -2294   -168    1218    -434    -2392   -2212   -818    -306    643     1244    1395    1016    225     -433    -1095   -1703   
8544   1969 -430    -1577   714     -2311   -244    1183    -326    -2877   -2356   -1058   -129    460     1183    1475    891     383     -226    -1137   -1938   
8544   1970 -366    -1346   683     -1804   -384    1149    -432    -1835   -1626   -1353   -235    440     1042    1269    1133    424     -343    -1379   -2010   
8544   1971 -283    -1424   718     -1870   -246    1069    -201    -1805   -1788   -1253   8       515     986     1164    1055    553     -149    -1011   -1861   
8544   1972 -269    -1302   784     -1943   -62     1201    -281    -2004   -1960   -885    49      655     1276    1163    1165    377     -243    -978    -1893   
8544   1973 -272    -1341   747     -1956   -255    1176    -137    -2020   -1958   -1026   -55     322     1185    1264    1079    675     -204    -880    -1801   
8544   1974 -999999 -999999 857     -1919   -999999 1307    -410    -1905   -2066   -999999 60      744     1131    1536    1249    391     -371    -1250   -2263   
8544   1975 -284    -1331   685     -1864   -292    1199    -288    -1721   -1580   -821    -474    412     1113    1343    1139    549     -346    -1066   -2046   
8544   1976 -999999 -1373   -999999 -1881   -283    1159    -999999 -2044   -1531   -1207   -157    519     1296    1151    1033    -999999 -999999 -1600   -2025   
8544   1977 -999999 -999999 -999999 -2207   -130    1270    -999999 -2798   -1754   -914    7       522     1357    1277    1180    -999999 -57     -999999 -1649   
8544   1978 -210    -999999 829     -1763   -130    1228    -222    -1773   -1877   -985    90      512     1381    1347    960     672     -222    -1117   -1615   
8544   1979 -119    -1145   795     -1515   -231    1279    -148    -1807   -1080   -1020   -316    640     1390    1399    1053    583     17      -1049   -1289   
8544   1980 -275    -1216   814     -1659   -283    1255    -238    -1920   -1777   -1306   -252    710     1151    1296    1313    636     -325    -1022   -1844   
8544   1981 -308    -1408   879     -2120   34      1256    -450    -2671   -1815   -801    77      827     1376    1343    1052    582     -469    -1462   -1821   
8544   1982 -180    -1417   877     -1835   -71     1225    -120    -1727   -1969   -1108   148     754     1292    1245    1140    667     72      -1106   -1683   
8544   1983 -302    -1249   660     -1857   -285    1149    -158    -2142   -1734   -945    -413    498     999     1255    1187    403     -23     -857    -1949   
8544   1984 -479    -1408   648     -2237   -230    1040    -361    -2365   -2408   -893    -393    590     1091    1049    981     549     -218    -1419   -2379   
8544   1985 -368    -1515   696     -2003   -388    1100    -395    -1880   -1724   -1486   -83     416     890     1271    1133    524     -372    -1337   -1850   
8544   1986 -281    -1420   848     -1949   -114    1224    -352    -1974   -2033   -1014   -213    881     1123    1392    1153    726     -338    -1445   -1753   
8544   1987 -253    -1285   796     -1594   -237    1237    -501    -1695   -1306   -1177   -83     555     1020    1430    1256    568     -496    -1574   -1608   
8544   1988 -255    -1444   815     -1859   -209    1200    -172    -2072   -1901   -1044   -84     505     1117    1260    1221    853     -410    -952    -1591   
8544   1989 -207    -1276   839     -1848   -48     1226    -221    -2030   -1932   -793    -107    755     1058    1367    1246    686     -37     -1317   -1516   
8544   1990 -160    -1210   831     -1724   -36     1215    -115    -2111   -1525   -791    -165    844     1195    1392    1057    637     146     -1137   -1555   
8544   1991 -216    -1228   825     -1763   -256    1302    -94     -2111   -1609   -1138   -209    580     1236    1472    1195    653     57      -996    -1809   
8544   1992 -262    -1302   788     -1905   -144    1232    -324    -1911   -2003   -1186   -17     776     1183    1424    1087    245     -313    -903    -1588   
8544   1993 -260    -1186   746     -1694   -203    1214    -282    -2107   -1354   -857    -160    408     1154    1312    1172    565     -144    -1271   -1897   
8544   1994 -999999 -1256   -999999 -1747   -123    -999999 -999999 -1664   -1673   -926    42      520     -999999 1229    -999999 511     -999999 -999999 -999999 
8544   1995 -999999 -999999 907     -999999 -40     1369    -999999 -2078   -1625   -739    25      597     1209    1603    1291    694     52      -999999 -1604   
8544   1996 -190    -999999 912     -1877   -204    1376    -185    -2148   -1880   -1265   -158    811     1245    1652    1226    663     -279    -937    -1264   
8544   1997 -50     -1096   1025    -1612   322     1279    -112    -1857   -1726   -566    439     1096    1333    1360    1146    760     46      -1147   -1590   
8544   1998 -69     -1154   967     -1641   -69     1433    -76     -1988   -1313   -947    -62     803     1345    1501    1452    734     -5      -960    -1460   
8544   1999 -142    -1184   952     -1566   -184    1407    -234    -1768   -1459   -1469   16      907     1343    1567    1310    541     -95     -1151   -1528   
8544   2000 -179    -1258   1009    -1837   57      1427    -404    -2240   -1736   -825    176     825     1374    1527    1378    751     -548    -1410   -1474   
8544   2001 -130    -1274   1010    -1661   72      1479    -210    -1884   -1622   -746    16      945     1508    1485    1444    638     -92     -1179   -2164   
8544   2002 -103    -1277   1045    -1865   -21     1547    -117    -1820   -1583   -853    -146    931     1491    1650    1496    818     -229    -935    -2149   
8544   2003 -199    -1285   872     -1857   -190    1338    -229    -1828   -1566   -1017   -270    715     1444    1410    1163    747     -153    -1282   -1835   
8544   2004 -126    -1278   999     -1737   10      1414    -197    -2040   -1307   -1051   169     917     1380    1560    1299    642     -79     -1159   -1865   
8544   2005 -371    -1571   909     -2414   -116    1362    -221    -2676   -2730   -1015   -18     688     1232    1575    1275    674     -74     -1268   -2268   
8544   2006 -184    -1366   808     -1996   -187    1274    -84     -2039   -1648   -923    -127    492     1317    1393    1114    639     -35     -856    -1619   
8544   2007 -53     -1126   1088    -1643   57      1509    -143    -1934   -1346   -974    262     891     1404    1749    1371    826     -263    -989    -1700   
8544   2008 -88     -1229   1012    -1887   166     1463    -111    -2263   -1684   -495    114     878     1432    1596    1361    666     -57     -943    -1708   
8544   2009 -137    -1174   950     -1773   116     1302    -188    -1968   -1630   -775    249     877     1227    1501    1175    645     -89     -1122   -1833   
8544   2010 -295    -1468   817     -2075   -470    1364    -59     -2237   -2165   -1420   -528    535     1445    1469    1182    773     -155    -792    -1765   
8544   2011 -251    -1366   950     -2078   -29     1376    -238    -2806   -1620   -1066   259     730     1405    1367    1358    561     -107    -1173   -1988   
8544   2012 -239    -1454   988     -2178   -29     1442    -208    -2441   -2101   -949    156     712     1564    1574    1191    714     -138    -1203   -1999   
8544   2013 -136    -1230   857     -1888   97      1269    -172    -1938   -1708   -439    167     565     1146    1367    1291    587     -178    -924    -1675   
