EUROPEAN CLIMATE ASSESSMENT & DATASET (ECA&D), file created on: 13-11-2019
THESE DATA CAN BE USED FOR NON-COMMERCIAL RESEARCH AND EDUCATION PROVIDED THAT THE FOLLOWING SOURCE IS ACKNOWLEDGED: 

Klein Tank, A.M.G. and Coauthors, 2002. Daily dataset of 20th-century surface
air temperature and precipitation series for the European Climate Assessment.
Int. J. of Climatol., 22, 1441-1453.
Data and metadata available at http://www.ecad.eu

FILE FORMAT (MISSING VALUE CODE = -999999):

THIS FILE HOLDS DATA FOR STATION SPAIN                                    GIRONA                                   (STAID:  11040)
LATITUDE: dd:mm:ss +41:58:55
LONGITUDE: ddd:mm:ss +002:48:24
ELEVATION: m   72

DATA IS FOR INDEX Mean of daily mean temperature (TG) with unit 0.01 Temperature (&#176;C)

01-06 SOUID: Source identifier
08-11 YEAR : YYYY
13-20 ANNUAL DATA VALUES
21-28 WINTER HALF YEAR DATA VALUES
29-36 SUMMER HALF YEAR DATA VALUES
37-44 WINTER (DJF) DATA VALUES
45-52 SPRING (MAM) DATA VALUES
53-60 SUMMER (JJA) DATA VALUES
61-68 AUTUMN (SON) DATA VALUES
69-76 JANUARY DATA VALUES
etc. 
157-164 DECEMBER DATA VALUES

11040  1896 -999999 -999999 -999999 -999999 -999999 -999999 -999999 -999999 -999999 -999999 -999999 -999999 -999999 -999999 -999999 -999999 -999999 896     828     
11040  1897 1692    -999999 2158    914     1637    2486    1673    664     1286    1493    1596    1820    2385    2653    2415    2062    1560    1400    957     
11040  1898 1658    1153    2097    983     1371    2391    1813    1027    963     1002    1406    1705    2079    2502    2583    2288    1812    1338    1141    
11040  1899 -999999 1350    -999999 1061    -999999 -999999 -999999 940     1104    1731    -999999 -999999 -999999 -999999 -999999 -999999 -999999 -999999 -999999 
11040  1900 -999999 -999999 -999999 -999999 -999999 -999999 -999999 -999999 -999999 -999999 -999999 -999999 -999999 -999999 -999999 -999999 -999999 -999999 -999999 
11040  1901 -999999 -999999 -999999 -999999 -999999 -999999 -999999 -999999 -999999 -999999 -999999 -999999 -999999 -999999 -999999 -999999 -999999 -999999 -999999 
11040  1902 -999999 -999999 -999999 -999999 -999999 -999999 -999999 -999999 -999999 -999999 -999999 -999999 -999999 -999999 -999999 -999999 -999999 -999999 -999999 
11040  1903 -999999 -999999 -999999 -999999 -999999 -999999 -999999 -999999 -999999 -999999 -999999 -999999 -999999 -999999 -999999 -999999 -999999 -999999 -999999 
11040  1904 -999999 -999999 -999999 -999999 -999999 -999999 -999999 -999999 -999999 -999999 -999999 -999999 -999999 -999999 -999999 -999999 -999999 -999999 -999999 
11040  1905 -999999 -999999 -999999 -999999 -999999 -999999 -999999 -999999 -999999 -999999 -999999 -999999 -999999 -999999 -999999 -999999 -999999 -999999 -999999 
11040  1906 -999999 -999999 -999999 -999999 -999999 -999999 -999999 -999999 -999999 -999999 -999999 -999999 -999999 -999999 -999999 -999999 -999999 -999999 -999999 
11040  1907 -999999 -999999 -999999 -999999 -999999 -999999 -999999 -999999 -999999 -999999 -999999 -999999 -999999 -999999 -999999 -999999 -999999 -999999 -999999 
11040  1908 -999999 -999999 -999999 -999999 -999999 -999999 -999999 -999999 -999999 -999999 -999999 -999999 -999999 -999999 -999999 -999999 -999999 -999999 -999999 
11040  1909 -999999 -999999 -999999 -999999 -999999 -999999 -999999 -999999 -999999 -999999 -999999 -999999 -999999 -999999 -999999 -999999 -999999 -999999 -999999 
11040  1910 -999999 -999999 -999999 -999999 -999999 -999999 -999999 -999999 -999999 -999999 -999999 -999999 -999999 -999999 -999999 -999999 -999999 -999999 -999999 
11040  1911 -999999 -999999 -999999 -999999 -999999 -999999 1688    -999999 -999999 -999999 -999999 -999999 -999999 2518    2643    2269    1636    1161    948     
11040  1912 1445    1150    1844    962     1402    2096    1392    863     1084    1205    1237    1757    1986    2205    2093    1768    1493    913     720     
11040  1913 1484    999     1898    803     1353    2169    1608    877     813     1158    1262    1635    2099    2135    2272    1972    1579    1274    694     
11040  1914 1414    992     1858    652     1363    2044    1520    334     958     1118    1422    1551    1809    2127    2188    2041    1534    987     877     
11040  1915 1458    985     1915    775     1322    2211    1468    642     809     1046    1183    1732    2068    2275    2287    1928    1416    1062    998     
11040  1916 1488    1018    1933    853     1378    2215    1535    751     806     1060    1308    1762    1898    2300    2437    1870    1585    1148    895     
11040  1917 1436    991     1974    728     1305    2230    1583    533     759     1008    1155    1747    2119    2364    2204    2241    1428    1086    556     
11040  1918 1487    943     1942    730     1274    2201    1570    773     873     942     1173    1705    1948    2319    2326    2166    1375    1174    1023    
11040  1919 1484    1060    1985    885     1369    2261    1463    682     959     1141    1221    1741    2135    2122    2523    2153    1282    961     857     
11040  1920 1553    998     2033    862     1525    2234    1623    757     981     1147    1413    2012    2131    2310    2256    2057    1660    1151    738     
11040  1921 1553    1048    2012    799     1334    2311    1718    834     828     1057    1245    1696    2153    2497    2278    2187    1868    1094    844     
11040  1922 1467    1076    1954    806     1416    2237    1436    659     926     1054    1295    1895    2032    2259    2413    1805    1555    945     722     
11040  1923 1481    968     1932    747     1287    2271    1600    552     993     1045    1205    1607    1826    2401    2573    1957    1798    1039    727     
11040  1924 1517    1012    2009    719     1425    2231    1649    784     641     1060    1365    1848    2134    2409    2147    2139    1651    1156    833     
11040  1925 1441    985     1920    773     1212    2245    1535    709     777     772     1260    1605    2172    2238    2325    1906    1688    1007    788     
11040  1926 1549    1100    1953    886     1371    2192    1783    769     1124    1225    1365    1525    1914    2266    2387    2249    1833    1265    650     
11040  1927 1550    1083    2031    766     1451    2277    1615    752     911     1074    1481    1798    2088    2350    2387    2065    1603    1177    867     
11040  1928 1560    1077    2067    839     1333    2450    1664    702     955     1153    1306    1537    2137    2621    2582    2199    1650    1142    715     
11040  1929 1518    966     2025    652     1319    2340    1652    509     740     1022    1252    1682    2233    2454    2330    2185    1625    1146    987     
11040  1930 1566    1084    2000    843     1391    2283    1757    828     702     1179    1313    1677    2148    2303    2394    2152    1795    1324    923     
11040  1931 1514    1131    -999999 801     -999999 2310    1549    726     748     1238    -999999 1746    2318    2333    2279    1791    1647    1206    674     
11040  1932 1480    993     1915    674     1269    2181    1674    827     509     1072    1158    1574    1944    2144    2448    2210    1562    1254    1022    
11040  1933 1529    1080    2063    837     1483    2286    1652    637     852     1135    1495    1820    1832    2437    2574    2202    1805    944     563     
11040  1934 1551    987     2047    689     1426    2302    1601    737     774     1079    1315    1881    2189    2476    2235    2170    1712    919     1059    
11040  1935 1500    1028    2004    832     1283    2330    1618    549     894     1020    1346    1485    2176    2530    2280    2196    1480    1184    830     
11040  1936 1506    1117    1938    963     1369    2175    1529    1025    1039    1143    1356    1608    1955    2216    2345    2136    1319    1140    775     
11040  1937 1592    1057    2071    948     1409    2389    1647    925     1165    1028    1420    1779    2192    2449    2518    2049    1633    1261    664     
11040  1938 1526    1043    1946    709     1347    2278    1692    730     736     1211    1300    1528    2145    2360    2325    2009    1727    1340    852     
11040  1939 1489    1114    1914    904     1244    2193    1630    967     891     894     1375    1467    1985    2293    2295    2056    1594    1241    770     
11040  1940 1476    1087    1938    816     1403    2186    1594    667     1026    1224    1325    1657    1989    2253    2310    2080    1501    1206    463     
11040  1941 1466    1009    1894    708     1299    2230    1535    745     939     1198    1232    1464    2026    2424    2233    1968    1554    1082    694     
11040  1942 1500    960     1979    634     1419    2242    1649    568     643     1193    1379    1683    2134    2330    2258    2080    1812    1050    809     
11040  1943 1583    1104    2089    853     1507    2337    1628    849     905     1176    1505    1838    2192    2345    2470    2170    1710    1002    788     
11040  1944 1482    979     2031    729     1399    2292    1504    785     608     957     1505    1739    2069    2318    2482    2059    1336    1123    775     
11040  1945 1555    961     2079    724     1487    2318    1648    437     987     1114    1586    1764    2245    2439    2267    2167    1664    1111    847     
11040  1946 1486    1028    1979    800     1325    2233    1651    649     916     975     1397    1606    1941    2396    2353    2165    1701    1085    609     
11040  1947 1591    1022    2088    685     1472    2412    1721    626     835     1263    1404    1748    2233    2525    2472    2128    1689    1348    777     
11040  1948 1573    1151    1976    850     1475    2215    1672    920     855     1306    1409    1707    2106    2160    2376    2088    1669    1258    991     
11040  1949 1605    1125    2108    930     1391    2379    1727    849     952     1022    1560    1598    2121    2528    2481    2352    1748    1082    927     
11040  1950 1552    1097    2033    875     1327    2415    1686    709     1001    1105    1160    1713    2260    2633    2348    2063    1698    1298    603     
11040  1951 1483    1046    1910    735     1246    2220    1605    735     880     1052    1219    1465    2043    2361    2249    2109    1495    1217    936     
11040  1952 1545    1038    2063    739     1509    2407    1577    562     718     1287    1427    1810    2325    2515    2379    1902    1694    1131    751     
11040  1953 1513    962     1986    644     1402    2188    1673    534     649     989     1316    1898    1900    2290    2366    2126    1681    1212    1127    
11040  1954 1469    1070    1888    801     1309    2149    1688    583     680     1105    1227    1593    2056    2198    2189    2052    1710    1300    885     
11040  1955 1548    1160    1998    979     1384    2263    1530    1112    937     996     1409    1749    2060    2382    2342    2028    1502    1059    956     
11040  1956 1409    961     1920    709     1338    2146    1520    897     243     1064    1239    1709    1889    2277    2263    2125    1531    905     705     
11040  1957 1454    1011    1859    792     1311    2128    1555    646     1050    1229    1241    1461    1934    2208    2236    2059    1535    1072    748     
11040  1958 1509    1001    1953    801     1307    2162    1670    686     985     979     1165    1772    1945    2203    2332    2285    1607    1121    992     
11040  1959 1510    1094    1962    874     1380    2279    1530    729     905     1192    1289    1657    2073    2459    2297    1981    1530    1078    882     
11040  1960 1454    1050    1918    846     1423    2161    1482    683     982     1140    1313    1813    2123    2165    2192    1887    1443    1116    578     
11040  1961 1548    990     2018    737     1456    2230    1646    652     1007    1152    1465    1753    2081    2312    2294    2194    1618    1127    893     
11040  1962 1464    1053    1944    874     1243    2244    1577    958     760     939     1234    1555    2001    2285    2437    2138    1672    917     614     
11040  1963 1419    897     1883    557     1342    2164    1570    518     536     1090    1311    1624    1985    2375    2127    1863    1563    1285    688     
11040  1964 1503    1006    2034    728     1378    2290    1606    626     879     995     1260    1875    2144    2434    2289    2190    1483    1151    694     
11040  1965 1428    933     1864    646     1293    2171    1525    698     536     1007    1195    1674    2075    2218    2217    1790    1658    1123    875     
11040  1966 1492    1089    1952    916     1358    2163    1549    777     1116    986     1407    1682    2093    2166    2227    2128    1644    872     784     
11040  1967 -999999 -999999 -999999 -999999 -999999 -999999 -999999 -999999 -999999 -999999 -999999 -999999 -999999 -999999 -999999 -999999 -999999 -999999 -999999 
11040  1968 -999999 -999999 -999999 -999999 -999999 -999999 -999999 -999999 -999999 -999999 -999999 -999999 -999999 -999999 -999999 -999999 -999999 -999999 -999999 
11040  1969 -999999 -999999 -999999 -999999 -999999 -999999 -999999 -999999 -999999 -999999 -999999 -999999 -999999 -999999 -999999 -999999 -999999 -999999 -999999 
11040  1970 -999999 -999999 -999999 -999999 -999999 -999999 -999999 -999999 -999999 -999999 -999999 -999999 -999999 -999999 -999999 -999999 -999999 -999999 -999999 
11040  1971 -999999 -999999 -999999 -999999 -999999 -999999 -999999 -999999 -999999 -999999 -999999 -999999 -999999 -999999 -999999 -999999 -999999 -999999 -999999 
11040  1972 -999999 -999999 -999999 -999999 -999999 -999999 -999999 -999999 -999999 -999999 -999999 -999999 -999999 -999999 -999999 -999999 -999999 -999999 -999999 
11040  1973 -999999 -999999 -999999 -999999 -999999 -999999 -999999 -999999 -999999 -999999 -999999 -999999 -999999 -999999 -999999 -999999 -999999 -999999 -999999 
11040  1974 -999999 -999999 -999999 -999999 -999999 -999999 -999999 -999999 -999999 -999999 -999999 -999999 -999999 -999999 -999999 -999999 -999999 -999999 -999999 
11040  1975 -999999 -999999 -999999 -999999 -999999 -999999 -999999 -999999 -999999 -999999 -999999 -999999 -999999 -999999 -999999 -999999 -999999 -999999 -999999 
11040  1976 -999999 -999999 -999999 -999999 -999999 -999999 -999999 -999999 -999999 -999999 -999999 -999999 -999999 -999999 -999999 -999999 -999999 -999999 -999999 
11040  1977 -999999 -999999 -999999 -999999 -999999 -999999 -999999 -999999 -999999 -999999 -999999 -999999 -999999 -999999 -999999 -999999 -999999 -999999 -999999 
11040  1978 -999999 -999999 -999999 -999999 -999999 -999999 -999999 -999999 -999999 -999999 -999999 -999999 -999999 -999999 -999999 -999999 -999999 -999999 -999999 
11040  1979 -999999 -999999 -999999 -999999 -999999 -999999 -999999 -999999 -999999 -999999 -999999 -999999 -999999 -999999 -999999 -999999 -999999 -999999 -999999 
11040  1980 -999999 -999999 -999999 -999999 -999999 -999999 -999999 -999999 -999999 -999999 -999999 -999999 -999999 -999999 -999999 -999999 -999999 -999999 -999999 
11040  1981 -999999 -999999 -999999 -999999 -999999 -999999 -999999 -999999 -999999 -999999 -999999 -999999 -999999 -999999 -999999 -999999 -999999 -999999 -999999 
11040  1982 -999999 -999999 -999999 -999999 -999999 -999999 -999999 -999999 -999999 -999999 -999999 -999999 -999999 -999999 -999999 -999999 -999999 -999999 -999999 
11040  1983 -999999 -999999 -999999 -999999 -999999 -999999 -999999 -999999 -999999 -999999 -999999 -999999 -999999 -999999 -999999 -999999 -999999 -999999 -999999 
11040  1984 -999999 -999999 -999999 -999999 -999999 -999999 -999999 -999999 -999999 -999999 -999999 -999999 -999999 -999999 -999999 -999999 -999999 -999999 -999999 
11040  1985 -999999 -999999 -999999 -999999 -999999 -999999 -999999 -999999 -999999 -999999 -999999 -999999 -999999 -999999 -999999 -999999 -999999 -999999 -999999 
11040  1986 -999999 -999999 -999999 -999999 -999999 -999999 -999999 -999999 -999999 -999999 -999999 -999999 -999999 -999999 -999999 -999999 -999999 -999999 -999999 
11040  1987 -999999 -999999 -999999 -999999 -999999 -999999 -999999 -999999 -999999 -999999 -999999 -999999 -999999 -999999 -999999 -999999 -999999 -999999 -999999 
11040  1988 -999999 -999999 -999999 -999999 -999999 -999999 -999999 -999999 -999999 -999999 -999999 -999999 -999999 -999999 -999999 -999999 -999999 -999999 -999999 
11040  1989 -999999 -999999 -999999 -999999 -999999 -999999 -999999 -999999 -999999 -999999 -999999 -999999 -999999 -999999 -999999 -999999 -999999 -999999 -999999 
11040  1990 -999999 -999999 -999999 -999999 -999999 -999999 -999999 -999999 -999999 -999999 -999999 -999999 -999999 -999999 -999999 -999999 -999999 -999999 -999999 
11040  1991 -999999 -999999 -999999 -999999 -999999 -999999 -999999 -999999 -999999 -999999 -999999 -999999 -999999 -999999 -999999 -999999 -999999 -999999 -999999 
11040  1992 -999999 -999999 -999999 -999999 -999999 -999999 -999999 -999999 -999999 -999999 -999999 -999999 -999999 -999999 -999999 -999999 -999999 -999999 -999999 
11040  1993 -999999 -999999 -999999 -999999 -999999 -999999 -999999 -999999 -999999 -999999 -999999 -999999 -999999 -999999 -999999 -999999 -999999 -999999 -999999 
11040  1994 -999999 -999999 -999999 -999999 -999999 -999999 -999999 -999999 -999999 -999999 -999999 -999999 -999999 -999999 -999999 -999999 -999999 -999999 -999999 
11040  1995 -999999 -999999 -999999 -999999 -999999 -999999 -999999 -999999 -999999 -999999 -999999 -999999 -999999 -999999 -999999 -999999 -999999 -999999 -999999 
11040  1996 -999999 -999999 -999999 -999999 -999999 -999999 -999999 -999999 -999999 -999999 -999999 -999999 -999999 -999999 -999999 -999999 -999999 -999999 -999999 
11040  1997 -999999 -999999 -999999 -999999 -999999 -999999 -999999 -999999 -999999 -999999 -999999 -999999 -999999 -999999 -999999 -999999 -999999 -999999 -999999 
11040  1998 -999999 -999999 -999999 -999999 -999999 -999999 -999999 -999999 -999999 -999999 -999999 -999999 -999999 -999999 -999999 -999999 -999999 -999999 -999999 
11040  1999 -999999 -999999 -999999 -999999 -999999 -999999 -999999 -999999 -999999 -999999 -999999 -999999 -999999 -999999 -999999 -999999 -999999 -999999 -999999 
11040  2000 -999999 -999999 -999999 -999999 -999999 -999999 -999999 -999999 -999999 -999999 -999999 -999999 -999999 -999999 -999999 -999999 -999999 -999999 -999999 
11040  2001 -999999 -999999 -999999 -999999 -999999 -999999 -999999 -999999 -999999 -999999 -999999 -999999 -999999 -999999 -999999 -999999 -999999 -999999 -999999 
11040  2002 -999999 -999999 -999999 -999999 -999999 -999999 -999999 -999999 -999999 -999999 -999999 -999999 -999999 -999999 -999999 -999999 -999999 -999999 -999999 
11040  2003 -999999 -999999 -999999 -999999 -999999 -999999 -999999 -999999 -999999 -999999 -999999 -999999 -999999 -999999 -999999 -999999 -999999 -999999 -999999 
11040  2004 -999999 -999999 -999999 -999999 -999999 -999999 -999999 -999999 -999999 -999999 -999999 -999999 -999999 -999999 -999999 -999999 -999999 -999999 -999999 
11040  2005 -999999 -999999 -999999 -999999 -999999 -999999 -999999 -999999 -999999 -999999 -999999 -999999 -999999 -999999 -999999 -999999 -999999 -999999 -999999 
11040  2006 -999999 -999999 -999999 -999999 -999999 -999999 -999999 -999999 -999999 -999999 -999999 -999999 -999999 -999999 -999999 -999999 -999999 -999999 -999999 
11040  2007 -999999 -999999 -999999 -999999 -999999 -999999 -999999 -999999 -999999 -999999 -999999 -999999 -999999 -999999 -999999 -999999 -999999 -999999 -999999 
11040  2008 -999999 -999999 -999999 -999999 -999999 -999999 -999999 -999999 -999999 -999999 -999999 -999999 -999999 -999999 -999999 -999999 -999999 -999999 -999999 
11040  2009 -999999 -999999 -999999 -999999 -999999 -999999 -999999 -999999 -999999 -999999 -999999 -999999 -999999 -999999 -999999 -999999 -999999 -999999 -999999 
11040  2010 -999999 -999999 -999999 -999999 -999999 -999999 -999999 -999999 -999999 -999999 -999999 -999999 -999999 -999999 -999999 -999999 1466    897     628     
11040  2011 1476    891     1971    656     1423    2158    1632    578     773     995     1486    1791    2002    2146    2319    2069    1569    1260    682     
11040  2012 1428    910     1971    532     1316    2307    1557    506     400     1020    1222    1704    2196    2275    2447    1965    1598    1108    653     
11040  2013 1399    925     1875    595     1238    2200    1565    540     592     1032    1248    1436    1935    2385    2272    1958    1764    967     597     
11040  2014 1500    996     1936    743     1340    2171    1695    788     855     991     1447    1586    2097    2211    2203    2066    1756    1260    707     
11040  2015 1486    997     2035    625     1420    2381    1470    570     596     1065    1359    1835    2252    2580    2306    1857    1488    1064    793     
11040  2016 1482    1006    1962    843     1272    2272    1572    871     866     948     1305    1563    2057    2429    2323    2079    1575    1063    682     
11040  2017 1475    986     2027    702     1431    2393    1435    465     986     1147    1326    1816    2362    2368    2447    1824    1660    812     452     
11040  2018 1483    873     2015    590     1342    2316    1579    786     526     966     1419    1643    2119    2439    2385    2074    1569    1095    713     
11040  2019 -999999 -999999 -999999 -999999 -999999 -999999 -999999 -999999 -999999 -999999 -999999 -999999 -999999 -999999 -999999 -999999 -999999 -999999 -999999 
