EUROPEAN CLIMATE ASSESSMENT & DATASET (ECA&D), file created on: 13-11-2019
THESE DATA CAN BE USED FOR NON-COMMERCIAL RESEARCH AND EDUCATION PROVIDED THAT THE FOLLOWING SOURCE IS ACKNOWLEDGED: 

Klein Tank, A.M.G. and Coauthors, 2002. Daily dataset of 20th-century surface
air temperature and precipitation series for the European Climate Assessment.
Int. J. of Climatol., 22, 1441-1453.
Data and metadata available at http://www.ecad.eu

FILE FORMAT (MISSING VALUE CODE = -999999):

THIS FILE HOLDS DATA FOR STATION FRANCE                                   LANASSYN                                 (STAID:  11252)
LATITUDE: dd:mm:ss +44:32:17
LONGITUDE: ddd:mm:ss +004:22:00
ELEVATION: m  280

DATA IS FOR INDEX Mean of daily mean temperature (TG) with unit 0.01 Temperature (&#176;C)

01-06 SOUID: Source identifier
08-11 YEAR : YYYY
13-20 ANNUAL DATA VALUES
21-28 WINTER HALF YEAR DATA VALUES
29-36 SUMMER HALF YEAR DATA VALUES
37-44 WINTER (DJF) DATA VALUES
45-52 SPRING (MAM) DATA VALUES
53-60 SUMMER (JJA) DATA VALUES
61-68 AUTUMN (SON) DATA VALUES
69-76 JANUARY DATA VALUES
etc. 
157-164 DECEMBER DATA VALUES

11252  1990 -999999 -999999 -999999 -999999 -999999 -999999 -999999 -999999 -999999 -999999 -999999 -999999 -999999 -999999 -999999 -999999 -999999 -999999 333     
11252  1991 1315    -999999 1897    394     1211    2265    1330    452     399     1091    1093    1446    1908    2439    2437    2040    1199    755     445     
11252  1992 1316    734     1842    484     1313    2107    1284    380     636     984     1244    1708    1742    2232    2336    1768    1102    988     645     
11252  1993 1291    795     1817    605     1214    2148    1195    638     525     853     1196    1592    2025    2086    2329    1659    1254    672     599     
11252  1994 1413    832     1890    601     1283    2324    1402    598     606     1235    1024    1581    2044    2521    2398    1746    1324    1138    668     
11252  1995 1334    861     1830    645     1176    2202    1343    463     821     758     1249    1523    1911    2440    2245    1587    1581    854     535     
11252  1996 1263    813     1749    547     1164    2074    1240    705     391     789     1204    1499    2023    2147    2049    1557    1367    791     595     
11252  1997 1396    876     1873    601     1386    2126    1456    455     768     1264    1252    1637    1872    2163    2335    1962    1464    942     594     
11252  1998 1328    877     1865    626     1224    2224    1240    514     788     953     1056    1658    1997    2345    2323    1785    1308    625     542     
11252  1999 1353    763     1912    550     1311    2183    1361    545     565     971     1187    1771    1931    2359    2253    1949    1417    716     513     
11252  2000 1371    820     1882    588     1306    2149    1365    481     783     1004    1164    1745    2066    2061    2316    1924    1345    825     719     
11252  2001 1360    882     1854    674     1317    2200    1361    598     709     1075    1118    1750    2010    2259    2326    1635    1640    798     341     
11252  2002 1388    878     1846    569     1317    2171    1364    561     830     1090    1333    1527    2124    2225    2161    1692    1361    1039    677     
11252  2003 1422    825     2064    500     1330    2532    1320    391     426     1022    1217    1748    2482    2443    2668    1805    1210    950     632     
11252  2004 1337    775     1883    557     1175    2222    1405    477     563     809     1165    1551    2125    2317    2220    1904    1454    855     581     
11252  2005 1321    767     1921    484     1222    2264    1399    504     353     818     1171    1676    2249    2365    2178    1873    1524    795     280     
11252  2006 1399    706     1975    353     1264    2285    1569    346     443     825     1331    1637    2136    2637    2078    2018    1599    1089    588     
11252  2007 1393    958     1905    691     1420    2100    1355    715     779     966     1566    1732    1994    2170    2133    1823    1367    874     554     
11252  2008 1314    852     1805    677     1206    2117    1274    709     773     832     1140    1644    1998    2215    2134    1677    1274    871     475     
11252  2009 1410    759     2005    468     1369    2310    1461    319     627     983     1322    1801    2103    2347    2472    1966    1440    979     515     
11252  2010 1275    739     1884    402     1197    2236    1295    243     453     786     1325    1483    1981    2461    2257    1778    1276    833     366     
11252  2011 1448    776     1972    523     1450    2127    1554    490     732     959     1551    1845    2029    2105    2244    2048    1508    1107    721     
11252  2012 1392    927     1921    573     1351    2258    1436    661     321     1208    1174    1664    2085    2260    2425    1900    1459    949     543     
11252  2013 1312    774     1830    472     1097    2188    1426    515     347     798     1152    1341    1929    2410    2216    1914    1566    793     683     
11252  2014 1439    917     1887    686     1353    2119    1578    691     684     1060    1416    1584    2201    2097    2061    1960    1664    1107    699     
11252  2015 1467    949     2011    612     1398    2383    1386    616     510     1059    1349    1785    2224    2624    2298    1764    1266    1132    897     
11252  2016 1390    922     1918    762     1196    2224    1437    629     760     845     1223    1520    2033    2372    2262    2088    1319    910     704     
11252  2017 1437    896     1974    649     1387    2363    1403    374     893     1175    1325    1658    2296    2354    2436    1759    1586    857     498     
11252  2018 -999999 840     -999999 580     1319    -999999 1539    827     397     834     1420    1721    2158    -999999 -999999 2097    1546    973     699     
