EUROPEAN CLIMATE ASSESSMENT & DATASET (ECA&D), file created on: 13-11-2019
THESE DATA CAN BE USED FOR NON-COMMERCIAL RESEARCH AND EDUCATION PROVIDED THAT THE FOLLOWING SOURCE IS ACKNOWLEDGED: 

Klein Tank, A.M.G. and Coauthors, 2002. Daily dataset of 20th-century surface
air temperature and precipitation series for the European Climate Assessment.
Int. J. of Climatol., 22, 1441-1453.
Data and metadata available at http://www.ecad.eu

FILE FORMAT (MISSING VALUE CODE = -999999):

THIS FILE HOLDS DATA FOR STATION GERMANY                                  HERRENHOF                                (STAID:   4214)
LATITUDE: dd:mm:ss +50:50:44
LONGITUDE: ddd:mm:ss +010:41:30
ELEVATION: m  360

DATA IS FOR INDEX Mean of daily mean temperature (TG) with unit 0.01 Temperature (&#176;C)

01-06 SOUID: Source identifier
08-11 YEAR : YYYY
13-20 ANNUAL DATA VALUES
21-28 WINTER HALF YEAR DATA VALUES
29-36 SUMMER HALF YEAR DATA VALUES
37-44 WINTER (DJF) DATA VALUES
45-52 SPRING (MAM) DATA VALUES
53-60 SUMMER (JJA) DATA VALUES
61-68 AUTUMN (SON) DATA VALUES
69-76 JANUARY DATA VALUES
etc. 
157-164 DECEMBER DATA VALUES

4214   1991 794     -999999 1340    -999999 700     1675    844     65      -306    585     609     903     1337    1909    1768    1492    706     338     36      
4214   1992 892     298     1465    104     856     1792    794     37      249     420     738     1405    1645    1827    1900    1250    604     535     70      
4214   1993 798     246     1403    -10     925     1595    592     141     -264    350     1012    1415    1559    1630    1595    1190    715     -133    272     
4214   1994 940     280     1466    142     881     1825    876     255     -126    643     757     1239    1611    2081    1775    1311    686     638     328     
4214   1995 860     391     1415    252     760     1734    887     -17     467     262     848     1174    1404    1969    1819    1249    1162    241     -282    
4214   1996 654     67      1278    -347    628     1585    780     -480    -274    20      793     1075    1537    1565    1652    1027    859     450     -395    
4214   1997 860     257     1396    -125    814     1722    817     -354    427     579     597     1260    1553    1692    1915    1338    722     394     169     
4214   1998 899     404     1432    277     904     1676    750     216     463     466     892     1355    1686    1632    1711    1302    820     127     95      
4214   1999 938     314     1504    141     920     1696    939     295     23      492     874     1394    1510    1894    1680    1657    831     333     207     
4214   2000 978     389     1472    211     988     1667    1007    72      363     527     1007    1431    1725    1491    1786    1380    1015    628     297     
4214   2001 -999999 -999999 -999999 -999999 -999999 -999999 -999999 -999999 -999999 -999999 -999999 -999999 -999999 -999999 -999999 -999999 -999999 -999999 -999999 
4214   2002 -999999 -999999 -999999 -999999 -999999 -999999 -999999 -999999 -999999 -999999 -999999 -999999 -999999 -999999 -999999 -999999 -999999 -999999 -999999 
4214   2003 -999999 -999999 -999999 -999999 -999999 -999999 -999999 -999999 -999999 -999999 -999999 -999999 -999999 -999999 -999999 -999999 -999999 -999999 -999999 
4214   2004 -999999 -999999 -999999 -999999 -999999 -999999 -999999 -999999 -999999 -999999 -999999 -999999 -999999 -999999 -999999 -999999 -999999 -999999 -999999 
4214   2005 -999999 -999999 -999999 -999999 -999999 -999999 -999999 -999999 -999999 -999999 -999999 -999999 -999999 -999999 -999999 -999999 -999999 -999999 -999999 
4214   2006 -999999 -999999 -999999 -999999 -999999 -999999 1188    -999999 -999999 -999999 -999999 -999999 -999999 -999999 1493    1625    1219    721     454     
4214   2007 948     635     1453    440     989     1684    783     462     399     535     1038    1394    1702    1728    1624    1221    772     357     107     
4214   2008 924     401     1421    284     821     1761    843     404     344     416     688     1354    1705    1808    1767    1182    882     465     42      
4214   2009 890     261     1487    -70     949     1686    984     -286    44      405     1114    1332    1424    1783    1843    1407    761     792     14      
4214   2010 747     240     1386    -182    743     1757    803     -467    -82     409     823     1000    1613    2030    1624    1208    763     438     -445    
4214   2011 932     230     1487    -99     968     1652    905     110     53      448     1114    1346    1627    1570    1757    1501    879     335     386     
4214   2012 890     359     1441    75      974     1685    888     146     -334    695     802     1421    1515    1698    1836    1354    832     480     179     
4214   2013 817     189     1392    -8      575     1724    888     -72     -145    -165    786     1112    1523    1896    1746    1271    999     392     385     
4214   2014 986     512     1438    345     956     1653    1040    194     467     628     1053    1189    1536    1873    1545    1422    1138    557     200     
4214   2015 980     432     1477    144     845     1836    913     198     24      438     830     1266    1568    1948    1983    1243    734     768     679     
4214   2016 913     482     1495    349     776     1774    931     86      279     340     710     1276    1693    1855    1771    1654    797     347     129     
4214   2017 941     325     1445    25      943     1770    957     -294    261     703     706     1411    1753    1807    1749    1224    1139    502     279     
4214   2018 996     365     1642    123     950     1898    960     351     -302    161     1223    1474    1748    1978    1965    1448    988     442     380     
4214   2019 -999999 481     1495    265     853     1884    -999999 3       426     641     865     1054    1943    1836    1875    1386    1106    -999999 -999999 
