EUROPEAN CLIMATE ASSESSMENT & DATASET (ECA&D), file created on: 13-11-2019
THESE DATA CAN BE USED FOR NON-COMMERCIAL RESEARCH AND EDUCATION PROVIDED THAT THE FOLLOWING SOURCE IS ACKNOWLEDGED: 

Klein Tank, A.M.G. and Coauthors, 2002. Daily dataset of 20th-century surface
air temperature and precipitation series for the European Climate Assessment.
Int. J. of Climatol., 22, 1441-1453.
Data and metadata available at http://www.ecad.eu

FILE FORMAT (MISSING VALUE CODE = -999999):

THIS FILE HOLDS DATA FOR STATION RUSSIAN FEDERATION                       PERELYUB                                 (STAID:   8522)
LATITUDE: dd:mm:ss +51:54:00
LONGITUDE: ddd:mm:ss +050:18:00
ELEVATION: m   72

DATA IS FOR INDEX Mean of daily mean temperature (TG) with unit 0.01 Temperature (&#176;C)

01-06 SOUID: Source identifier
08-11 YEAR : YYYY
13-20 ANNUAL DATA VALUES
21-28 WINTER HALF YEAR DATA VALUES
29-36 SUMMER HALF YEAR DATA VALUES
37-44 WINTER (DJF) DATA VALUES
45-52 SPRING (MAM) DATA VALUES
53-60 SUMMER (JJA) DATA VALUES
61-68 AUTUMN (SON) DATA VALUES
69-76 JANUARY DATA VALUES
etc. 
157-164 DECEMBER DATA VALUES

8522   1936 -999999 -999999 -999999 -999999 106     -999999 602     -1320   -1624   -992    249     1263    -999999 2413    2184    1215    551     -22     -526    
8522   1937 -999999 -999999 -999999 -1126   -999999 -999999 688     -1544   -1305   -330    -999999 -999999 -999999 -999999 2134    1660    671     -267    -853    
8522   1938 -999999 -999999 -999999 -999999 -999999 2148    734     -999999 -999999 -762    -999999 1448    1942    2253    2243    1628    742     -18     -1776   
8522   1939 462     -753    1617    -1570   504     2159    331     -1717   -1170   -637    671     1493    2207    2347    1924    965     165     -132    -783    
8522   1940 429     -877    1720    -1544   406     2252    576     -2164   -1696   -680    691     1224    1848    2428    2474    1613    80      35      -966    
8522   1941 -999999 -999999 -999999 -999999 233     -999999 -999999 -1740   -1178   -752    366     1062    1551    2172    -999999 -999999 294     -1020   -1306   
8522   1942 217     -999999 1441    -1660   122     1958    356     -2011   -1652   -1228   137     1409    1821    2123    1931    1217    556     -670    -1126   
8522   1943 393     -887    1629    -1453   567     2018    344     -1763   -1482   -822    832     1700    1847    2234    1974    1181    378     -527    -919    
8522   1944 467     -496    1499    -844    645     1805    383     -752    -859    -256    573     1555    1790    2007    1623    1411    297     -454    -1334   
8522   1945 -999999 -999999 -999999 -999999 -999999 -999999 -999999 -1549   -1894   -641    -999999 955     1909    2003    -999999 -999999 315     -623    -1264   
8522   1946 487     -999999 1579    -999999 377     2069    346     -1174   -489    -698    434     1429    2057    1933    2221    1371    67      -323    -1172   
8522   1947 488     -757    1473    -1379   507     1920    596     -1624   -1353   -280    688     1093    1755    2126    1869    1287    440     57      -591    
8522   1948 557     -999999 1635    -791    384     2178    511     -756    -1031   -878    213     1766    2498    1997    2048    1182    495     -99     -1038   
8522   1949 445     -587    1550    -1033   328     2079    313     -885    -1187   -912    301     1595    2068    2201    1966    1095    371     -475    -919    
8522   1950 387     -829    1565    -1441   603     1821    524     -2052   -1357   -614    935     1509    1731    1945    1789    1455    447     -357    -1028   
8522   1951 471     -851    1759    -1566   617     2215    333     -1730   -1991   -585    1087    1365    2033    2272    2333    1420    342     -691    -522    
8522   1952 449     -679    1599    -948    265     2178    506     -1169   -1144   -933    140     1547    2141    2300    2099    1375    517     -374    -1189   
8522   1953 409     -754    1651    -1385   492     2190    246     -1451   -1520   -582    667     1395    1939    2293    2337    1266    305     -836    -940    
8522   1954 -999999 -999999 -999999 -999999 -999999 -999999 -999999 -999999 -999999 -999999 -999999 -999999 -999999 -999999 2106    1386    688     -999999 -804    
8522   1955 -999999 -999999 -999999 -999999 -999999 -999999 -999999 -872    -999999 -863    540     1547    2164    2120    -999999 1342    821     -368    -1333   
8522   1956 -999999 -999999 1473    -999999 -999999 2016    289     -1324   -2268   -1192   538     1351    2108    1928    2013    925     614     -741    -744    
8522   1957 -999999 -999999 1781    -999999 593     2141    -999999 -1507   -999999 -825    499     2005    2240    2121    2066    1700    473     -999999 -575    
8522   1958 492     -999999 1492    -775    365     2057    358     -967    -791    -609    312     1421    2008    2096    2065    954     451     -363    -1032   
8522   1959 -999999 -999999 -999999 -999999 -999999 2014    217     -952    -1418   -899    -999999 1570    1897    2304    1832    1087    177     -641    -1484   
8522   1960 456     -999999 1563    -1210   200     2156    275     -877    -1226   -1089   560     1139    2137    2248    2076    1222    298     -662    -460    
8522   1961 551     -539    1617    -867    619     2101    -999999 -1229   -929    -292    607     1541    2136    2143    2022    1161    517     -484    -626    
8522   1962 -999999 -999999 1645    -887    824     2001    -999999 -983    -1088   -69     844     1640    1834    2354    1810    1338    468     -50     -991    
8522   1963 472     -999999 1561    -999999 362     1953    701     -1502   -1246   -1109   417     1638    1810    2136    1905    1435    729     -62     -999999 
8522   1964 -999999 -999999 -999999 -999999 181     1900    -999999 -1229   -1649   -894    -999999 1330    1825    2033    1834    1447    359     -146    -657    
8522   1965 491     -999999 1540    -1078   410     2013    522     -1245   -1354   -511    302     1436    1916    2149    1966    1470    386     -375    -466    
8522   1966 -999999 -999999 1756    -999999 823     2219    544     -999999 -999999 -78     953     1599    1892    2478    2276    1302    479     -170    -1370   
8522   1967 561     -778    1730    -1499   818     2084    -999999 -1462   -1683   -512    1111    1865    1912    2093    2242    1125    -999999 82      -851    
8522   1968 397     -999999 1513    -1164   603     1854    401     -1317   -1335   -369    534     1610    1826    1773    1961    1350    306     -449    -1212   
8522   1969 284     -1079   1550    -1776   275     1945    567     -2227   -1900   -1049   696     1223    1876    2008    1949    1519    352     -163    -966    
8522   1970 466     -607    1603    -1139   634     1964    534     -1446   -991    -449    837     1521    1738    2261    1885    1317    514     -150    -1441   
8522   1971 526     -696    -999999 -1275   291     -999999 814     -779    -999999 -831    435     1306    1888    -999999 1987    1810    484     159     -745    
8522   1972 526     -707    1776    -1431   629     2288    565     -2197   -1344   -610    960     1546    2010    2436    2408    1262    525     -89     -649    
8522   1973 574     -447    1562    -999999 788     1922    387     -1508   -999999 -354    1076    1653    2050    1911    1804    863     396     -99     -513    
8522   1974 548     -533    1598    -1091   645     1953    743     -1609   -1159   -230    590     1606    1820    2148    1900    1535    895     -206    -734    
8522   1975 699     -393    1872    -937    922     2174    520     -776    -1348   -315    1232    1819    2260    2364    1901    1632    290     -317    -552    
8522   1976 282     -766    1539    -1165   369     1928    187     -1125   -1864   -1083   719     1483    1894    1843    2045    1225    -286    -362    -1220   
8522   1977 520     -843    1725    -1444   875     2103    468     -1834   -1251   -141    958     1810    2197    2178    1937    1246    190     -24     -1122   
8522   1978 410     -595    1466    -1135   529     1835    516     -983    -1318   -363    595     1358    1645    1979    1874    1316    382     -145    -1525   
8522   1979 558     -678    1604    -1325   603     1967    573     -1416   -1004   -374    284     1889    1698    2086    2108    1515    427     -218    -420    
8522   1980 445     -655    1546    -1093   437     1921    503     -1484   -1394   -872    631     1559    1916    2157    1690    1296    466     -252    -440    
8522   1981 656     -446    1681    -747    361     2312    673     -900    -918    -674    365     1393    2257    2476    2201    1362    698     -42     -457    
8522   1982 589     -443    1656    -945    647     1983    604     -947    -1484   -513    944     1521    1669    2296    1974    1504    444     -131    -357    
8522   1983 -999999 -272    1642    -461    695     1928    -999999 -600    -423    -576    1182    1495    1705    2205    1868    1375    580     -999999 -999999 
8522   1984 -999999 -999999 1641    -999999 717     2022    559     -999999 -999999 -381    435     1910    1895    2387    1780    1401    588     -313    -1483   
8522   1985 490     -734    1603    -1307   448     2043    485     -1219   -1211   -799    556     1590    1977    1998    2150    1316    402     -261    -727    
8522   1986 438     -616    1585    -1065   513     2006    378     -982    -1532   -674    889     1338    2028    1984    2006    1245    447     -560    -1070   
8522   1987 319     -832    1514    -1319   259     2063    230     -1766   -1099   -961    85      1647    2308    2067    1822    1121    258     -689    -1048   
8522   1988 503     -767    1689    -1217   465     2276    428     -1302   -1306   -546    469     1472    2309    2405    2116    1333    502     -554    -930    
8522   1989 634     -510    1682    -891    588     2155    558     -980    -748    -377    682     1461    2301    2209    1959    1461    605     -394    -661    
8522   1990 623     -340    1540    -803    801     1884    595     -1105   -624    110     945     1354    1817    2089    1744    1276    573     -64     -708    
8522   1991 614     -458    1711    -892    631     2116    715     -876    -1113   -610    888     1623    2212    2247    1892    1381    957     -200    -1147   
8522   1992 525     -444    1537    -982    469     1933    573     -807    -991    -503    605     1308    1935    2036    1828    1488    405     -169    -873    
8522   1993 405     -526    1463    -941    486     1915    120     -722    -1259   -595    519     1536    1761    2112    1868    945     455     -1052   -853    
8522   1994 420     -842    1507    -1221   395     1806    706     -932    -1948   -839    614     1418    1818    1804    1796    1574    740     -197    -971    
8522   1995 782     -341    1871    -880    1055    2177    776     -1127   -504    4       1404    1769    2280    2267    1986    1509    762     59      -1087   
8522   1996 471     -675    1673    -1322   413     2176    600     -1658   -1215   -924    365     1796    2162    2360    2006    1313    484     8       -1095   
8522   1997 527     -525    1603    -1159   645     2065    542     -1413   -948    -212    715     1433    2274    2054    1873    1249    743     -372    -1162   
8522   1998 549     -605    1686    -1198   461     2317    438     -1155   -1285   -456    282     1552    2429    2472    2053    1293    676     -663    -751    
8522   1999 639     -451    1648    -682    484     2153    447     -770    -509    -701    951     1215    2008    2359    2087    1244    774     -688    -388    
8522   2000 688     -281    1631    -517    645     2113    508     -668    -494    -245    1091    1103    1993    2243    2100    1240    564     -281    -426    
8522   2001 651     -277    1661    -632    835     2009    583     -537    -967    -84     1078    1519    1796    2309    1916    1326    424     3       -1079   
8522   2002 614     -223    1567    -664    672     2024    679     -619    -255    194     673     1148    1786    2451    1828    1490    559     -8      -1911   
8522   2003 541     -743    1546    -1392   401     1925    687     -967    -1289   -872    512     1567    1513    2127    2121    1398    730     -69     -420    
8522   2004 655     -302    1667    -792    680     2097    695     -922    -1051   -124    582     1577    2033    2126    2131    1527    574     -13     -645    
8522   2005 593     -503    1665    -971    583     2012    714     -911    -1399   -691    644     1800    1964    2125    1944    1485    716     -59     -643    
8522   2006 561     -571    1689    -1249   640     2128    591     -1733   -1385   -386    790     1522    2233    1965    2187    1415    598     -242    -361    
8522   2007 642     -242    1736    -506    684     2169    560     -135    -1076   -317    692     1677    1903    2160    2435    1515    613     -451    -1442   
8522   2008 675     -568    1687    -1253   901     2097    702     -1341   -956    149     1031    1525    1852    2261    2169    1255    651     201     -751    
8522   2009 616     -376    1669    -993    606     2154    730     -1245   -982    -171    491     1493    2323    2263    1881    1542    690     -40     -950    
8522   2010 713     -632    1947    -1324   658     2533    735     -1773   -1241   -520    690     1804    2360    2724    2510    1552    355     310     -338    
8522   2011 487     -528    1679    -1049   485     2172    492     -1177   -1694   -712    538     1630    1895    2595    2016    1357    649     -535    -881    
8522   2012 694     -663    1904    -1164   831     2285    794     -1050   -1587   -632    1342    1797    2216    2320    2317    1406    862     112     -848    
8522   2013 704     -394    1751    -984    768     2133    746     -1133   -969    -429    884     1852    2138    2169    2093    1340    627     275     -501    
