EUROPEAN CLIMATE ASSESSMENT & DATASET (ECA&D), file created on: 13-11-2019
THESE DATA CAN BE USED FOR NON-COMMERCIAL RESEARCH AND EDUCATION PROVIDED THAT THE FOLLOWING SOURCE IS ACKNOWLEDGED: 

Klein Tank, A.M.G. and Coauthors, 2002. Daily dataset of 20th-century surface
air temperature and precipitation series for the European Climate Assessment.
Int. J. of Climatol., 22, 1441-1453.
Data and metadata available at http://www.ecad.eu

FILE FORMAT (MISSING VALUE CODE = -999999):

THIS FILE HOLDS DATA FOR STATION GERMANY                                  WUTOSCHINGEN-OFTERINGEN                  (STAID:   4794)
LATITUDE: dd:mm:ss +47:40:44
LONGITUDE: ddd:mm:ss +008:22:50
ELEVATION: m  398

DATA IS FOR INDEX Mean of daily mean temperature (TG) with unit 0.01 Temperature (&#176;C)

01-06 SOUID: Source identifier
08-11 YEAR : YYYY
13-20 ANNUAL DATA VALUES
21-28 WINTER HALF YEAR DATA VALUES
29-36 SUMMER HALF YEAR DATA VALUES
37-44 WINTER (DJF) DATA VALUES
45-52 SPRING (MAM) DATA VALUES
53-60 SUMMER (JJA) DATA VALUES
61-68 AUTUMN (SON) DATA VALUES
69-76 JANUARY DATA VALUES
etc. 
157-164 DECEMBER DATA VALUES

4794   1961 962     -999999 1486    -999999 952     1656    1033    11      460     613     1102    1146    1646    1667    1653    1701    1006    394     131     
4794   1962 781     308     1379    94      698     1663    812     97      49      148     891     1063    1521    1681    1783    1321    912     200     -334    
4794   1963 770     15      1436    -438    794     1672    1005    -563    -415    253     947     1187    1580    1852    1580    1459    877     682     -258    
4794   1964 885     252     1531    -118    887     1803    898     -289    215     297     941     1424    1759    1987    1663    1396    773     530     -81     
4794   1965 793     232     1317    -95     741     1608    783     42      -261    349     693     1179    1637    1603    1583    1192    817     338     269     
4794   1966 899     334     1443    150     895     1624    946     -275    488     381     996     1312    1706    1596    1572    1473    1165    193     172     
4794   1967 890     392     1426    145     838     1741    922     27      245     530     747     1232    1504    1986    1727    1340    1057    364     -133    
4794   1968 846     296     1389    -36     850     1644    906     -119    157     444     939     1171    1627    1728    1575    1282    1031    402     -99     
4794   1969 832     277     1434    -63     842     1660    946     37      -135    388     766     1368    1436    1905    1632    1476    933     429     -325    
4794   1970 833     198     1416    -122    649     1762    927     -103    80      170     613     1163    1768    1739    1778    1420    866     497     -42     
4794   1971 849     193     1505    -111    870     1741    816     -321    46      111     1051    1455    1450    1925    1838    1289    880     277     135     
4794   1972 809     352     1319    111     852     1615    722     -27     232     606     782     1167    1463    1747    1629    1108    695     364     -74     
4794   1973 842     213     1463    -41     759     1784    837     -77     35      325     558     1387    1712    1753    1883    1462    730     324     -44     
4794   1974 914     388     1405    185     924     1671    720     275     339     696     876     1198    1483    1679    1844    1334    461     374     367     
4794   1975 910     339     1481    273     836     1716    936     277     166     372     806     1328    1509    1814    1817    1595    760     460     -27     
4794   1976 911     302     1489    75      866     1807    919     131     126     355     838     1405    1877    1938    1609    1250    1015    490     -127    
4794   1977 917     415     1380    85      882     1688    904     25      385     705     679     1255    1620    1789    1651    1265    988     456     149     
4794   1978 831     347     1370    37      830     1634    818     3       -49     500     815     1175    1559    1733    1607    1319    860     273     115     
4794   1979 885     263     1425    -33     831     1716    935     -349    152     515     690     1284    1725    1805    1618    1413    1009    382     323     
4794   1980 802     389     1372    145     792     1619    816     -153    274     489     676     1206    1494    1559    1800    1481    775     194     -180    
4794   1981 874     188     1477    -192    991     1709    903     -272    -115    698     1026    1249    1615    1716    1794    1449    888     373     0       
4794   1982 935     261     1525    -38     839     1804    1019    -135    29      393     786     1337    1737    1984    1691    1602    948     510     282     
4794   1983 945     403     1574    136     853     1992    870     231     -132    529     923     1109    1778    2285    1906    1421    904     283     15      
4794   1984 861     255     1388    27      701     1724    932     65      -2      250     779     1076    1581    1838    1749    1290    975     529     173     
4794   1985 839     235     1513    -158    853     1771    863     -586    -51     351     853     1354    1514    1999    1791    1548    920     119     194     
4794   1986 880     208     1482    -49     841     1762    972     55      -433    329     691     1499    1705    1836    1744    1394    1059    461     120     
4794   1987 869     258     1466    -55     736     1704    1047    -373    103     172     1013    1032    1481    1878    1746    1637    1007    497     198     
4794   1988 974     425     1526    225     954     1749    923     313     160     358     995     1510    1639    1800    1806    1390    1065    311     303     
4794   1989 965     471     1516    221     1019    1773    883     143     215     760     769     1521    1588    1901    1825    1470    987     188     146     
4794   1990 995     436     1510    238     1006    1793    964     47      552     699     746     1565    1571    1881    1920    1349    1094    445     27      
4794   1991 919     376     1520    -10     864     1863    962     107     -181    715     806     1070    1531    2040    2007    1647    856     386     -40     
4794   1992 983     306     1603    4       1009    1896    970     -98     159     566     889     1569    1686    1927    2069    1455    826     634     82      
4794   1993 948     386     1530    125     1028    1748    766     284     -2      463     1109    1515    1743    1718    1782    1299    834     164     393     
4794   1994 1031    457     1518    291     961     1909    966     271     199     849     732     1296    1712    2093    1915    1333    809     763     330     
4794   1995 887     420     1422    219     805     1752    873     -95     442     282     887     1249    1467    2031    1747    1128    1182    299     -5      
4794   1996 -999999 -999999 1377    -999999 792     1677    780     -999999 -109    235     892     1253    1722    1672    1637    1072    864     402     -121    
4794   1997 896     309     1434    -42     902     1726    867     -262    289     682     721     1296    1599    1671    1902    1398    824     382     209     
4794   1998 906     385     1491    201     931     1767    800     151     247     487     848     1457    1719    1831    1750    1325    932     138     -59     
4794   1999 906     243     1526    -56     964     1728    893     -7      -107    522     879     1488    1547    1877    1753    1593    882     206     164     
4794   2000 980     367     1507    173     1001    1734    960     29      337     577     966     1459    1804    1611    1790    1402    953     526     286     
4794   2001 925     458     1442    202     965     1738    886     68      256     642     704     1542    1489    1820    1895    1170    1215    263     -33     
4794   2002 979     408     1474    105     913     1813    936     -72     454     622     826     1290    1875    1805    1760    1274    908     627     354     
4794   2003 948     367     1666    22      961     2118    777     -47     -269    575     878     1427    2189    2008    2161    1313    595     429     30      
4794   2004 886     267     1441    69      804     1712    961     36      144     363     896     1155    1574    1741    1817    1453    1052    374     0       
4794   2005 879     307     1488    -29     893     1735    924     -1      -93     476     892     1313    1779    1792    1636    1508    1002    258     -81     
4794   2006 920     185     1537    -135    795     1798    1109    -281    -33     224     849     1314    1717    2181    1494    1655    1150    521     195     
4794   2007 979     538     1532    334     1083    1734    802     415     397     534     1280    1442    1733    1751    1719    1254    881     269     37      
4794   2008 909     338     1470    152     899     1767    822     176     249     409     799     1485    1735    1827    1738    1218    931     315     -1      
4794   2009 921     235     1579    -91     988     1792    971     -263    -1      409     1086    1472    1631    1809    1930    1530    844     544     12      
4794   2010 833     259     1460    -83     832     1785    858     -215    -43     390     942     1167    1683    1975    1695    1282    819     474     -226    
4794   2011 978     300     1564    -28     1040    1745    958     -14     176     566     1117    1439    1699    1656    1877    1586    862     430     298     
4794   2012 933     363     1516    55      984     1819    935     202     -361    704     853     1391    1750    1780    1924    1380    880     545     85      
4794   2013 903     297     1508    26      765     1846    974     59      -75     257     909     1134    1612    2075    1845    1458    1061    401     34      
4794   2014 1019    441     1496    178     968     1730    1111    206     305     627     1014    1265    1766    1798    1627    1502    1208    621     251     
4794   2015 1003    456     1592    101     953     1978    963     115     -80     574     924     1361    1766    2162    1999    1317    939     633     246     
4794   2016 953     464     1550    250     868     1838    950     137     376     450     878     1276    1685    1944    1882    1619    824     411     -56     
4794   2017 965     318     1556    -41     1006    1932    888     -331    295     765     820     1427    1938    1935    1922    1271    1010    379     101     
4794   2018 1082    368     1734    145     1044    2013    1029    427     -119    366     1217    1554    1853    2095    2085    1584    1020    484     326     
4794   2019 -999999 447     1552    181     855     1954    -999999 -7      230     612     884     1069    1902    2058    1900    1490    1090    -999999 -999999 
