EUROPEAN CLIMATE ASSESSMENT & DATASET (ECA&D), file created on: 13-11-2019
THESE DATA CAN BE USED FOR NON-COMMERCIAL RESEARCH AND EDUCATION PROVIDED THAT THE FOLLOWING SOURCE IS ACKNOWLEDGED: 

Klein Tank, A.M.G. and Coauthors, 2002. Daily dataset of 20th-century surface
air temperature and precipitation series for the European Climate Assessment.
Int. J. of Climatol., 22, 1441-1453.
Data and metadata available at http://www.ecad.eu

FILE FORMAT (MISSING VALUE CODE = -999999):

THIS FILE HOLDS DATA FOR STATION GERMANY                                  BERCHTESGADEN (KKST)                     (STAID:  11734)
LATITUDE: dd:mm:ss +47:38:03
LONGITUDE: ddd:mm:ss +013:00:38
ELEVATION: m   55

DATA IS FOR INDEX Mean of daily mean temperature (TG) with unit 0.01 Temperature (&#176;C)

01-06 SOUID: Source identifier
08-11 YEAR : YYYY
13-20 ANNUAL DATA VALUES
21-28 WINTER HALF YEAR DATA VALUES
29-36 SUMMER HALF YEAR DATA VALUES
37-44 WINTER (DJF) DATA VALUES
45-52 SPRING (MAM) DATA VALUES
53-60 SUMMER (JJA) DATA VALUES
61-68 AUTUMN (SON) DATA VALUES
69-76 JANUARY DATA VALUES
etc. 
157-164 DECEMBER DATA VALUES

11734  1948 760     -999999 1297    -999999 864     1455    795     153     -88     436     814     1340    1332    1445    1586    1249    825     309     -311    
11734  1949 750     95      1335    -208    692     1496    873     -197    -106    36      902     1145    1361    1644    1478    1470    902     247     73      
11734  1950 782     251     1411    -33     812     1730    728     -274    118     426     679     1327    1721    1838    1632    1249    652     285     -301    
11734  1951 754     122     1313    -125    643     1573    825     -107    50      154     630     1144    1437    1640    1636    1374    635     471     -55     
11734  1952 688     121     1353    -186    730     1686    575     -316    -189    168     919     1110    1523    1814    1714    1015    675     30      -242    
11734  1953 737     21      1339    -284    728     1577    839     -378    -226    244     791     1150    1503    1738    1486    1351    1004    158     -38     
11734  1954 644     85      1217    -337    627     1469    743     -533    -450    319     540     1019    1535    1369    1505    1327    732     171     117     
11734  1955 664     111     1214    -80     522     1480    703     -248    -113    -14     563     1020    1394    1582    1462    1252    703     155     165     
11734  1956 573     -1      1218    -338    585     1449    692     -89     -1142   133     536     1085    1220    1618    1502    1328    652     97      -139    
11734  1957 727     171     1230    -103    687     1569    730     -306    161     556     656     849     1616    1636    1457    1155    718     316     -120    
11734  1958 705     57      1332    -164    561     1576    815     -325    -33     -215    474     1422    1411    1706    1607    1350    739     357     -83     
11734  1959 733     163     1320    -203    820     1571    680     -253    -280    462     814     1184    1425    1749    1534    1197    703     139     45      
11734  1960 736     160     1278    -106    784     1512    796     -262    -101    418     707     1225    1549    1468    1522    1185    783     421     -111    
11734  1961 780     237     1346    -82     813     1521    884     -307    199     442     1039    964     1566    1478    1520    1514    884     253     -204    
11734  1962 622     111     1223    -144    553     1478    709     -117    -108    -61     765     962     1283    1497    1647    1171    755     200     -574    
11734  1963 641     -148    1353    -660    678     1599    891     -726    -681    99      831     1108    1533    1721    1540    1371    710     598     -485    
11734  1964 701     40      1356    -387    723     1601    765     -587    -69     85      809     1278    1631    1677    1496    1229    618     452     -210    
11734  1965 651     86      1197    -230    557     1483    693     -52     -451    121     562     988     1484    1530    1436    1168    691     220     31      
11734  1966 764     181     1318    -14     741     1501    843     -444    411     203     906     1118    1571    1497    1438    1374    1095    51      -54     
11734  1967 763     228     1302    -64     698     1607    827     -175    46      379     567     1144    1403    1814    1599    1263    955     258     -154    
11734  1968 726     189     1297    -127    763     1508    817     -250    32      283     851     1158    1524    1528    1471    1240    869     341     -349    
11734  1969 706     116     1336    -239    746     1512    855     -130    -236    177     702     1359    1314    1742    1475    1408    840     317     -553    
11734  1970 695     54      1275    -301    510     1616    824     -228    -104    45      514     972     1636    1605    1608    1302    695     479     -219    
11734  1971 719     72      1345    -218    696     1593    689     -290    -138    -102    875     1319    1358    1699    1715    1083    751     232     63      
11734  1972 688     259     1236    8       785     1531    562     -192    164     527     697     1127    1447    1593    1552    983     533     171     -362    
11734  1973 685     15      1316    -249    600     1618    713     -235    -139    112     416     1266    1515    1610    1724    1343    638     159     -253    
11734  1974 769     226     1268    -9      769     1526    647     66      179     561     693     1049    1289    1563    1718    1280    406     264     113     
11734  1975 759     214     1319    101     719     1525    763     144     39      300     584     1268    1333    1617    1617    1473    678     140     -139    
