EUROPEAN CLIMATE ASSESSMENT & DATASET (ECA&D), file created on: 13-11-2019
THESE DATA CAN BE USED FOR NON-COMMERCIAL RESEARCH AND EDUCATION PROVIDED THAT THE FOLLOWING SOURCE IS ACKNOWLEDGED: 

Klein Tank, A.M.G. and Coauthors, 2002. Daily dataset of 20th-century surface
air temperature and precipitation series for the European Climate Assessment.
Int. J. of Climatol., 22, 1441-1453.
Data and metadata available at http://www.ecad.eu

FILE FORMAT (MISSING VALUE CODE = -999999):

THIS FILE HOLDS DATA FOR STATION GERMANY                                  SONDERSHAUSEN                            (STAID:   4653)
LATITUDE: dd:mm:ss +51:21:11
LONGITUDE: ddd:mm:ss +010:54:25
ELEVATION: m  216

DATA IS FOR INDEX Mean of daily mean temperature (TG) with unit 0.01 Temperature (&#176;C)

01-06 SOUID: Source identifier
08-11 YEAR : YYYY
13-20 ANNUAL DATA VALUES
21-28 WINTER HALF YEAR DATA VALUES
29-36 SUMMER HALF YEAR DATA VALUES
37-44 WINTER (DJF) DATA VALUES
45-52 SPRING (MAM) DATA VALUES
53-60 SUMMER (JJA) DATA VALUES
61-68 AUTUMN (SON) DATA VALUES
69-76 JANUARY DATA VALUES
etc. 
157-164 DECEMBER DATA VALUES

4653   1947 831     -999999 1634    -999999 915     1853    1011    -606    -1040   247     986     1515    1827    1866    1865    1735    773     534     144     
4653   1948 909     368     1470    135     997     1630    890     310     -62     488     1083    1423    1605    1610    1674    1418    842     413     70      
4653   1949 894     302     1422    119     820     1564    973     140     150     185     1013    1269    1376    1677    1635    1554    1015    349     315     
4653   1950 852     400     1420    186     842     1703    850     -108    369     455     693     1372    1695    1730    1683    1328    762     462     -245    
4653   1951 862     273     1361    50      707     1632    866     214     195     247     724     1151    1509    1711    1672    1385    558     665     278     
4653   1952 789     299     1375    129     811     1650    658     62      41      187     1053    1201    1466    1729    1748    1037    758     158     -26     
4653   1953 914     242     1421    18      898     1662    945     7       78      455     894     1346    1638    1745    1602    1284    1009    541     310     
4653   1954 828     279     1378    -134    847     1601    961     -359    -376    496     699     1342    1589    1531    1683    1411    1056    414     357     
4653   1955 745     233     1326    -39     597     1612    831     -230    -265    26      748     1036    1479    1732    1622    1314    820     359     245     
4653   1956 702     127     1291    -243    733     1498    825     -9      -1016   298     570     1325    1363    1709    1419    1340    855     278     207     
4653   1957 885     416     1338    223     805     1689    875     72      409     668     751     994     1739    1814    1515    1207    960     455     14      
4653   1958 839     259     1376    62      618     1627    945     -22     209     -59     555     1356    1457    1708    1712    1446    981     408     268     
4653   1959 920     387     1520    88      983     1818    808     -11     -1      641     1010    1300    1660    1993    1795    1343    798     284     160     
4653   1960 931     381     1364    244     829     1615    956     342     240     437     760     1287    1635    1613    1597    1276    931     661     262     
4653   1961 916     485     1436    199     939     1608    1043    -150    516     697     1104    1023    1657    1549    1618    1670    1073    384     -146    
4653   1962 -999999 -999999 -999999 -999999 -999999 1488    738     -999999 -999999 -999999 -999999 1010    1455    1480    1527    1176    863     170     -394    
4653   1963 686     -93     1396    -626    783     1644    916     -834    -654    242     840     1268    1585    1753    1594    1321    729     704     -393    
4653   1964 783     101     1439    -260    723     1706    805     -307    -68     -50     855     1369    1745    1797    1577    1275    664     481     48      
4653   1965 734     225     1268    14      670     1511    654     117     -137    152     697     1161    1576    1519    1440    1207    762     -10     261     
4653   1966 835     213     1386    48      850     1616    833     -335    237     358     872     1319    1716    1574    1561    1261    1052    180     191     
4653   1967 -999999 -999999 -999999 -999999 -999999 -999999 -999999 -999999 -999999 -999999 -999999 -999999 -999999 -999999 -999999 -999999 -999999 -999999 -999999 
4653   1968 -999999 -999999 -999999 -999999 -999999 -999999 -999999 -999999 -999999 -999999 -999999 -999999 -999999 -999999 -999999 -999999 -999999 -999999 -999999 
4653   1969 -999999 -999999 -999999 -999999 -999999 -999999 -999999 -999999 -999999 -999999 -999999 -999999 -999999 -999999 -999999 -999999 -999999 -999999 -999999 
4653   1970 -999999 -999999 -999999 -999999 -999999 -999999 -999999 -999999 -999999 -999999 -999999 -999999 -999999 -999999 -999999 -999999 -999999 -999999 -999999 
4653   1971 -999999 -999999 -999999 -999999 -999999 -999999 -999999 -999999 -999999 -999999 -999999 -999999 -999999 -999999 -999999 -999999 -999999 -999999 -999999 
4653   1972 -999999 -999999 -999999 -999999 -999999 -999999 -999999 -999999 -999999 -999999 -999999 -999999 -999999 -999999 -999999 -999999 -999999 -999999 -999999 
4653   1973 -999999 -999999 -999999 -999999 -999999 -999999 -999999 -999999 -999999 -999999 -999999 -999999 -999999 -999999 -999999 -999999 -999999 -999999 -999999 
4653   1974 -999999 -999999 -999999 -999999 -999999 -999999 -999999 -999999 -999999 -999999 -999999 -999999 -999999 -999999 -999999 -999999 -999999 -999999 -999999 
4653   1975 -999999 -999999 -999999 -999999 -999999 -999999 -999999 -999999 -999999 -999999 -999999 -999999 -999999 -999999 -999999 -999999 -999999 -999999 -999999 
4653   1976 -999999 -999999 -999999 -999999 -999999 -999999 -999999 -999999 -999999 -999999 -999999 -999999 -999999 -999999 -999999 -999999 -999999 -999999 -999999 
4653   1977 -999999 -999999 -999999 -999999 -999999 -999999 -999999 -999999 -999999 -999999 -999999 -999999 -999999 -999999 -999999 -999999 -999999 -999999 -999999 
4653   1978 -999999 -999999 -999999 -999999 -999999 -999999 -999999 -999999 -999999 -999999 -999999 -999999 -999999 -999999 -999999 -999999 -999999 -999999 -999999 
4653   1979 -999999 -999999 -999999 -999999 -999999 -999999 -999999 -999999 -999999 -999999 -999999 -999999 -999999 -999999 -999999 -999999 -999999 -999999 -999999 
4653   1980 -999999 -999999 -999999 -999999 -999999 -999999 -999999 -999999 -999999 -999999 -999999 -999999 -999999 -999999 -999999 -999999 -999999 -999999 -999999 
4653   1981 872     -999999 1440    -999999 991     1683    923     -116    -6      784     781     1402    1654    1727    1667    1392    872     508     -261    
4653   1982 966     227     1557    -178    852     1851    1134    -241    -17     486     728     1338    1696    1985    1867    1709    1026    670     275     
4653   1983 965     480     1534    204     884     1889    930     480     -178    552     914     1189    1682    2094    1886    1422    974     391     83      
4653   1984 838     306     1336    90      676     1628    933     169     13      191     679     1158    1477    1616    1785    1281    1065    447     135     
4653   1985 787     191     1420    -239    861     1618    794     -525    -338    316     833     1432    1409    1767    1671    1387    892     99      405     
4653   1986 835     194     1397    -70     833     1689    917     64      -746    355     668     1470    1610    1774    1679    1155    966     627     270     
4653   1987 774     172     1401    -150    640     1618    977     -665    -44     -128    974     1085    1485    1757    1609    1485    928     520     244     
4653   1988 -999999 -999999 1480    -999999 852     1743    895     -999999 176     314     793     1446    1605    1805    1814    1397    992     296     309     
4653   1989 985     469     1490    277     950     1752    968     245     276     688     751     1404    1611    1839    1803    1510    1102    287     243     
4653   1990 1003    556     1453    390     1006    1745    891     316     635     754     817     1440    1614    1717    1899    1208    978     485     141     
4653   1991 -999999 -999999 1382    -999999 -999999 1704    899     -999999 -999999 -999999 693     984     1375    1939    1787    1494    799     407     78      
4653   1992 950     375     1521    183     896     1861    840     145     336     485     803     1395    1769    1868    1942    1326    650     550     109     
4653   1993 839     293     1409    53      962     1588    644     186     -157    386     1050    1453    1559    1596    1609    1172    771     -15     370     
4653   1994 982     343     1507    207     921     1865    907     325     -104    658     842     1259    1651    2134    1804    1327    729     671     399     
4653   1995 898     442     1449    301     807     1770    920     16      508     342     909     1174    1452    2001    1846    1290    1174    287     -248    
4653   1996 707     108     1335    -308    681     1643    831     -436    -237    90      818     1138    1559    1641    1726    1107    891     493     -328    
4653   1997 892     294     1435    -78     847     1766    826     -319    467     586     639     1309    1597    1729    1968    1345    752     384     220     
4653   1998 949     451     1476    339     973     1702    805     273     544     538     967     1415    1686    1704    1716    1355    876     180     108     
4653   1999 976     364     1520    186     954     1705    979     339     103     548     927     1385    1548    1897    1666    1682    903     354     297     
4653   2000 1022    459     1514    298     1040    1711    1041    167     437     591     1070    1459    1708    1582    1842    1412    1091    619     266     
4653   2001 939     445     1471    181     885     1769    990     59      222     396     782     1472    1502    1911    1885    1241    1246    476     15      
4653   2002 973     501     1521    233     930     1855    900     164     552     560     781     1445    1772    1820    1971    1316    844     542     -115    
4653   2003 959     278     1627    -93     964     2000    854     38      -215    532     870     1486    1944    1959    2095    1384    581     607     145     
4653   2004 -999999 361     1456    168     886     1711    -999999 54      316     469     979     1214    1578    1706    1845    1402    -999999 445     99      
4653   2005 928     -999999 1470    99      865     1692    1027    273     -94     391     940     1265    1599    1856    1617    1535    1089    455     139     
4653   2006 965     239     1556    -99     765     1832    1222    -371    -61     160     834     1304    1672    2253    1566    1694    1225    747     489     
4653   2007 1008    676     1518    474     1069    1748    838     525     401     646     1114    1449    1790    1769    1685    1290    826     400     164     
4653   2008 970     441     1486    317     891     1814    875     423     368     460     779     1432    1744    1862    1835    1246    904     473     92      
4653   2009 922     290     1537    -43     1008    1725    1011    -280    71      466     1182    1382    1482    1820    1866    1472    786     782     -4      
4653   2010 -999999 245     -999999 -195    803     1821    -999999 -468    -103    461     881     1069    1678    2087    1694    -999999 793     470     -455    
