EUROPEAN CLIMATE ASSESSMENT & DATASET (ECA&D), file created on: 13-11-2019
THESE DATA CAN BE USED FOR NON-COMMERCIAL RESEARCH AND EDUCATION PROVIDED THAT THE FOLLOWING SOURCE IS ACKNOWLEDGED: 

Klein Tank, A.M.G. and Coauthors, 2002. Daily dataset of 20th-century surface
air temperature and precipitation series for the European Climate Assessment.
Int. J. of Climatol., 22, 1441-1453.
Data and metadata available at http://www.ecad.eu

FILE FORMAT (MISSING VALUE CODE = -999999):

THIS FILE HOLDS DATA FOR STATION FRANCE                                   PARIS - MONTSOURIS                       (STAID:     38)
LATITUDE: dd:mm:ss +48:49:18
LONGITUDE: ddd:mm:ss +002:20:16
ELEVATION: m   75

DATA IS FOR INDEX Mean of daily mean temperature (TG) with unit 0.01 Temperature (&#176;C)

01-06 SOUID: Source identifier
08-11 YEAR : YYYY
13-20 ANNUAL DATA VALUES
21-28 WINTER HALF YEAR DATA VALUES
29-36 SUMMER HALF YEAR DATA VALUES
37-44 WINTER (DJF) DATA VALUES
45-52 SPRING (MAM) DATA VALUES
53-60 SUMMER (JJA) DATA VALUES
61-68 AUTUMN (SON) DATA VALUES
69-76 JANUARY DATA VALUES
etc. 
157-164 DECEMBER DATA VALUES

38     1873 1061    -999999 1513    -999999 967     1855    1063    492     223     831     885     1184    1673    1974    1911    1431    1075    683     306     
38     1874 1086    607     1614    390     1007    1892    1130    452     413     696     1170    1160    1750    2136    1784    1674    1142    574     39      
38     1875 1072    498     1633    234     1041    1817    1118    501     154     545     1021    1555    1740    1764    1946    1758    978     623     216     
38     1876 1106    493     1577    216     970     1912    1157    6       439     694     1049    1170    1687    2042    2000    1500    1284    682     688     
38     1877 1096    756     1512    662     901     1879    1036    623     677     570     998     1139    1965    1820    1855    1284    1002    824     377     
38     1878 1075    615     1607    390     1091    1836    1066    281     526     675     1154    1445    1751    1886    1867    1525    1169    501     88      
38     1879 876     490     1431    177     871     1707    984     5       468     710     842     1060    1627    1621    1870    1556    1027    367     -654    
38     1880 1108    373     1583    -70     1135    1814    1072    -59     543     1022    998     1381    1597    1902    1936    1668    996     553     734     
38     1881 1021    581     1526    365     1036    1803    1025    -118    490     819     950     1337    1623    2056    1723    1447    775     861     261     
38     1882 1092    583     1496    306     1129    1692    1147    229     439     929     1080    1376    1575    1779    1717    1438    1171    830     495     
38     1883 1083    659     1550    522     939     1759    1105    469     612     377     1003    1440    1687    1738    1851    1569    1028    722     480     
38     1884 1150    710     1623    565     1065    1878    1082    595     626     804     888     1498    1546    2010    2067    1705    1035    508     485     
38     1885 1052    569     1550    416     952     1844    1047    32      764     606     1087    1167    1858    1936    1738    1509    945     691     295     
38     1886 1110    506     1625    256     1062    1795    1290    255     212     619     1111    1458    1597    1886    1895    1789    1303    777     362     
38     1887 973     550     1530    245     861     1887    902     41      340     463     900     1220    1814    2023    1822    1387    771     552     311     
38     1888 981     384     1486    175     881     1694    1141    145     63      447     808     1385    1680    1646    1755    1628    914     887     385     
38     1889 1028    525     1582    278     988     1837    1082    158     292     503     938     1522    1903    1848    1762    1505    1066    675     115     
38     1890 998     593     1491    349     1034    1668    1051    640     287     746     909     1444    1590    1682    1729    1581    962     612     -255    
38     1891 1039    396     1504    38      949     1727    1148    7       396     659     891     1295    1703    1762    1714    1649    1241    552     552     
38     1892 1077    594     1626    435     1030    1847    1134    269     487     455     1111    1526    1724    1853    1958    1567    949     892     126     
38     1893 1143    584     1700    220     1297    1908    1071    -61     636     974     1435    1486    1825    1927    1970    1545    1165    500     293     
38     1894 1109    609     1558    373     1121    1789    1092    275     570     841     1292    1237    1700    1893    1771    1449    1090    738     428     
38     1895 1072    426     1692    45      1059    1835    1295    30      -363    564     1120    1495    1749    1874    1879    2032    965     899     526     
38     1896 1052    660     1569    393     1093    1836    928     301     349     908     993     1375    1836    1975    1697    1525    905     354     373     
38     1897 1120    585     1577    442     1053    1908    1066    229     755     903     987     1267    1903    1946    1875    1473    1091    632     359     
38     1898 1122    577     1584    420     934     1805    1265    420     486     466     1092    1249    1561    1748    2098    1746    1293    754     514     
38     1899 1135    731     1639    566     961     1978    1172    577     611     625     977     1281    1780    1999    2150    1629    1089    800     68      
38     1900 1159    569     1646    356     926     1959    1188    495     521     441     1031    1311    1808    2216    1847    1650    1149    768     625     
38     1901 1054    555     1655    310     1015    1919    1034    272     5       468     1092    1489    1787    2055    1911    1581    1062    460     389     
38     1902 1038    584     1496    371     1016    1753    1035    450     263     845     1109    1098    1614    1876    1763    1506    1002    597     274     
38     1903 1075    613     1495    413     1002    1717    1189    365     623     817     760     1420    1563    1829    1755    1626    1239    699     169     
38     1904 1092    551     1625    263     1048    1923    1006    195     438     566     1114    1468    1691    2176    1895    1383    1137    494     512     
38     1905 1050    611     1574    395     1032    1893    916     197     485     827     968     1300    1795    2066    1814    1486    762     505     352     
38     1906 1111    514     1587    401     993     1845    1255    497     348     605     967     1405    1643    1939    1946    1601    1348    813     168     
38     1907 1078    608     1530    230     1038    1712    1206    313     209     767     948     1396    1565    1707    1860    1689    1167    764     486     
38     1908 1047    577     1581    342     972     1841    1111    40      511     494     861     1559    1874    1914    1736    1529    1235    567     227     
38     1909 1021    494     1530    217     1038    1692    1050    199     226     486     1217    1417    1533    1646    1891    1463    1232    448     440     
38     1910 1092    629     1499    460     978     1741    1104    411     535     690     922     1320    1722    1708    1794    1515    1237    554     649     
38     1911 1188    628     1751    416     1062    2066    1192    127     479     707     920     1554    1713    2185    2289    1821    1128    628     645     
38     1912 1100    741     1505    591     1173    1729    933     451     681     905     1077    1534    1697    1938    1551    1216    998     584     552     
38     1913 1128    670     1530    529     1094    1718    1257    562     468     835     1023    1421    1639    1697    1823    1609    1241    934     364     
38     1914 1112    666     1608    327     1146    1807    1072    4       643     815     1280    1349    1636    1831    1950    1592    1043    580     594     
38     1915 1099    615     1598    486     1042    1840    963     410     449     587     969     1567    1877    1785    1860    1536    938     396     764     
38     1916 1099    643     1550    634     1060    1727    1102    697     427     603     1044    1533    1450    1799    1923    1532    1133    654     370     
38     1917 998     445     1613    139     952     1861    1134    46      -14     444     685     1718    1954    1890    1743    1672    922     814     35      
38     1918 1118    553     1584    285     1061    1821    1047    301     544     712     880     1585    1618    1915    1923    1558    987     598     740     
38     1919 1041    592     1571    436     1022    1780    960     288     264     641     813     1606    1757    1591    1992    1648    827     408     592     
38     1920 1116    653     1555    589     1167    1722    1064    514     667     903     1084    1511    1713    1799    1652    1559    1177    450     345     
38     1921 1204    658     1692    503     1107    1962    1187    695     465     791     1053    1476    1781    2223    1876    1725    1513    312     472     
38     1922 1046    654     1514    461     1048    1734    922     432     482     683     833     1622    1763    1712    1728    1409    828     532     480     
38     1923 1117    639     1559    539     1052    1815    1081    484     664     847     1013    1294    1444    2092    1896    1592    1206    442     382     
38     1924 1073    567     1535    350     1075    1717    1148    420     240     684     976     1562    1685    1826    1638    1509    1195    725     370     
38     1925 1063    636     1538    477     963     1816    981     501     569     457     1006    1427    1755    1907    1784    1332    1172    434     376     
38     1926 1144    661     1593    536     1043    1795    1229    407     854     737     1106    1290    1528    1942    1907    1774    1094    808     260     
38     1927 1091    661     1561    397     1144    1754    1086    470     467     855     1067    1508    1582    1858    1817    1520    1154    583     162     
38     1928 1183    653     1622    463     1055    1906    1210    542     701     776     1072    1318    1706    2082    1923    1615    1152    864     436     
38     1929 1105    531     1657    118     1028    1891    1279    12      -116    786     825     1468    1693    2040    1933    1967    1161    714     674     
38     1930 1168    726     1612    562     1076    1870    1228    651     342     773     1117    1340    1922    1799    1891    1598    1239    848     438     
38     1931 1079    666     1536    424     1022    1814    1060    432     399     620     960     1484    1875    1816    1753    1312    1054    806     388     
38     1932 1135    608     1629    381     953     1943    1184    523     216     638     898     1309    1753    1863    2207    1730    1100    724     549     
38     1933 1128    661     1719    398     1184    1973    1173    198     458     914     1149    1488    1722    2075    2114    1750    1223    545     -142    
38     1934 1201    499     1721    181     1119    1939    1238    376     324     651     1206    1503    1858    2136    1833    1809    1260    644     810     
38     1935 1144    724     1640    576     1012    1950    1158    356     560     690     1041    1305    1864    2073    1909    1638    1103    752     400     
38     1936 1137    703     1596    495     1081    1833    1130    643     439     865     855     1531    1808    1780    1910    1673    1006    702     375     
38     1937 1188    671     1688    566     1117    1915    1161    589     745     606     1133    1612    1781    1925    2034    1625    1235    620     323     
38     1938 1169    717     1582    456     1070    1889    1270    566     481     1051    871     1280    1859    1853    1953    1665    1151    998     257     
38     1939 1140    700     1605    465     1041    1846    1184    594     553     643     1167    1317    1839    1803    1895    1601    1008    949     289     
38     1940 1069    546     1629    177     1141    1839    1157    -198    457     778     1092    1551    1918    1798    1804    1605    1068    800     157     
38     1941 1080    552     1559    195     960     1876    1168    12      439     830     907     1140    1862    2056    1710    1672    1174    660     465     
38     1942 1091    494     1666    77      1188    1871    1189    -87     -169    865     1261    1438    1761    1872    1977    1676    1309    578     512     
38     1943 1199    744     1699    545     1271    1907    1133    567     557     920     1336    1559    1720    2078    1916    1571    1235    591     288     
38     1944 1126    577     1667    357     1087    1920    1104    563     210     555     1255    1457    1631    1938    2181    1518    1042    752     375     
38     1945 1224    624     1770    330     1308    1967    1228    -156    820     933     1328    1662    1901    2082    1917    1721    1317    644     501     
38     1946 1112    658     1635    418     1134    1805    1194    92      685     711     1254    1441    1632    1997    1782    1696    1124    764     154     
38     1947 1239    493     1883    92      1236    2141    1337    90      26      766     1277    1667    1933    2214    2268    1918    1256    839     529     
38     1948 1175    806     1602    551     1258    1775    1132    674     443     1074    1152    1545    1684    1825    1814    1582    1130    683     461     
38     1949 1236    681     1744    536     1098    1952    1327    548     605     654     1340    1308    1714    2150    1985    1962    1363    655     509     
38     1950 1157    741     1659    511     1128    1981    1136    291     757     873     970     1535    2001    2048    1894    1491    1128    789     85      
38     1951 1137    625     1558    386     979     1789    1247    572     513     658     989     1289    1670    1934    1760    1697    1100    951     476     
38     1952 1136    684     1681    394     1257    1955    967     360     344     858     1295    1618    1843    2084    1935    1293    1088    517     363     
38     1953 1172    567     1657    283     1222    1835    1202    100     398     917     1133    1612    1657    1863    1977    1686    1277    641     741     
38     1954 1107    663     1518    386     1083    1721    1244    181     221     872     955     1419    1675    1710    1775    1563    1349    815     680     
38     1955 1132    695     1633    503     976     1906    1133    425     395     482     1151    1300    1723    2008    1981    1621    1054    725     674     
38     1956 1042    569     1530    270     1089    1656    1155    445     -348    812     903     1545    1474    1852    1637    1755    1124    589     646     
38     1957 1168    766     1574    586     1128    1874    1156    355     774     1106    1064    1211    1862    1970    1790    1539    1206    722     401     
38     1958 1154    665     1615    505     979     1825    1231    463     666     536     892     1506    1661    1902    1908    1807    1220    667     584     
38     1959 1280    716     1790    477     1233    2027    1343    370     476     957     1172    1566    1881    2194    2001    1909    1375    743     655     
38     1960 1176    788     1606    552     1219    1797    1215    450     552     939     1100    1615    1850    1742    1800    1519    1194    932     396     
38     1961 1253    805     1710    556     1244    1853    1314    398     909     1017    1364    1355    1783    1855    1919    1983    1274    685     486     
38     1962 1065    663     1534    517     908     1783    1146    575     488     457     1016    1253    1682    1808    1856    1576    1259    600     180     
38     1963 1029    439     1563    -9      1053    1794    1277    -160    -49     760     1087    1314    1723    1965    1690    1592    1214    1027    122     
38     1964 1157    630     1717    312     1109    1923    1201    171     666     597     1085    1645    1775    2043    1947    1792    1026    791     347     
38     1965 1115    618     1531    353     1092    1753    1132    433     272     811     1042    1420    1754    1703    1802    1452    1282    657     680     
38     1966 1192    752     1636    593     1131    1829    1206    229     900     775     1212    1408    1901    1793    1797    1705    1313    595     666     
38     1967 1189    775     1612    606     1087    1894    1239    456     706     899     989     1369    1668    2124    1883    1623    1381    708     419     
38     1968 1121    707     1570    437     1067    1804    1229    450     442     822     1122    1257    1711    1853    1845    1620    1419    643     247     
38     1969 1173    673     1656    396     1107    1877    1323    610     324     761     1088    1472    1658    2060    1906    1734    1443    787     163     
38     1970 1164    654     1649    387     963     1907    1324    490     523     512     877     1497    1932    1856    1935    1786    1251    937     344     
38     1971 1179    673     1689    441     1115    1865    1218    424     567     516     1213    1620    1599    2078    1907    1696    1299    655     531     
38     1972 1126    751     1499    508     1117    1743    1130    365     636     1007    1027    1314    1509    1921    1791    1415    1181    792     530     
38     1973 1178    690     1683    455     1056    1967    1236    391     443     780     931     1454    1854    1893    2150    1800    1177    734     478     
38     1974 1202    770     1599    620     1119    1848    1085    752     630     833     1151    1373    1725    1848    1966    1516    890     855     850     
38     1975 1183    779     1659    773     981     1974    1162    767     694     614     1045    1285    1706    2024    2184    1694    1055    740     358     
38     1976 1249    660     1790    488     1116    2164    1228    556     555     689     1050    1606    2166    2235    2090    1575    1337    767     332     
38     1977 1181    772     1514    506     1099    1745    1244    460     750     983     946     1365    1565    1877    1788    1529    1397    801     674     
38     1978 1111    751     1516    477     1053    1714    1221    377     368     851     911     1394    1605    1788    1745    1638    1317    704     579     
38     1979 1111    617     1574    311     1023    1810    1249    -16     375     723     976     1369    1737    1910    1781    1656    1316    774     682     
38     1980 1117    742     1589    546     1037    1785    1179    235     734     714     1015    1381    1631    1730    1988    1780    1147    611     434     
38     1981 1182    704     1619    456     1196    1831    1224    517     411     1074    1110    1401    1650    1869    1967    1702    1142    830     458     
38     1982 1241    716     1726    505     1115    1972    1326    455     612     792     1048    1502    1923    2117    1873    1883    1186    914     554     
38     1983 1237    759     1716    533     1043    2109    1253    696     328     840     1015    1274    1890    2349    2081    1665    1267    828     537     
38     1984 1177    716     1591    513     980     1905    1292    528     469     652     1115    1177    1754    1996    1959    1532    1282    1063    573     
38     1985 1114    657     1652    310     1081    1827    1190    -28     395     645     1137    1463    1640    2023    1813    1825    1251    491     666     
38     1986 1133    590     1575    360     1000    1903    1259    479     -111    696     806     1493    1940    1951    1820    1420    1434    919     642     
38     1987 1119    643     1659    311     1048    1831    1311    -114    414     549     1343    1263    1613    1933    1941    1858    1308    768     523     
38     1988 1245    796     1648    634     1172    1844    1223    775     601     786     1172    1558    1742    1822    1966    1615    1331    720     820     
38     1989 1298    863     1740    673     1261    1987    1337    522     676     1089    936     1748    1792    2121    2042    1778    1464    766     587     
38     1990 1313    909     1728    725     1273    1987    1290    614     1000    1029    1046    1737    1669    2059    2224    1605    1435    824     475     
38     1991 1186    766     1663    412     1145    1914    1261    504     242     1065    1081    1287    1535    2038    2158    1861    1194    731     458     
38     1992 1239    725     1729    494     1242    1988    1193    404     628     932     1086    1703    1773    2076    2108    1605    1009    971     545     
38     1993 1193    758     1668    564     1238    1875    1015    736     394     865     1280    1571    1862    1873    1890    1522    1060    461     738     
38     1994 1314    764     1710    665     1201    2048    1331    666     584     1050    1036    1510    1818    2305    2013    1552    1255    1189    732     
38     1995 1290    905     1733    731     1131    2073    1326    599     876     786     1075    1531    1718    2265    2224    1558    1562    849     395     
38     1996 1141    729     1636    402     1062    1948    1178    461     346     738     1180    1273    1906    1966    1969    1510    1269    753     299     
38     1997 1293    725     1768    398     1252    2050    1331    135     800     1103    1128    1522    1778    1971    2392    1800    1269    926     662     
38     1998 1244    852     1707    651     1241    1924    1169    578     720     947     1053    1715    1851    1865    2054    1686    1232    588     598     
38     1999 1310    778     1815    619     1304    2011    1289    686     568     969     1221    1720    1774    2176    2075    1906    1259    704     606     
38     2000 1292    793     1731    620     1245    1936    1303    499     765     921     1142    1669    1880    1826    2100    1755    1267    889     779     
38     2001 1261    857     1693    671     1214    1998    1267    579     653     955     1008    1672    1818    2055    2114    1464    1574    754     424     
38     2002 1305    875     1692    626     1229    1946    1302    624     853     1015    1225    1447    1906    1948    1983    1636    1298    974     728     
38     2003 1323    826     1890    514     1308    2259    1237    360     449     1117    1259    1547    2181    2158    2436    1744    1046    927     589     
38     2004 1251    765     1734    601     1155    1975    1323    558     659     808     1205    1453    1881    1967    2074    1813    1307    849     427     
38     2005 1279    743     1779    475     1204    2018    1393    588     403     855     1215    1541    2033    2080    1943    1853    1603    716     460     
38     2006 1302    711     1830    413     1139    2085    1506    369     408     682     1168    1569    1967    2468    1815    1982    1545    990     602     
38     2007 1302    956     1746    766     1371    1880    1208    818     889     888     1613    1621    1885    1913    1843    1594    1232    796     511     
38     2008 1247    803     1712    659     1223    1945    1193    724     750     800     1083    1781    1854    2030    1949    1556    1191    833     394     
38     2009 1269    668     1794    368     1259    2024    1382    229     494     854     1349    1576    1817    2070    2178    1761    1334    1052    472     
38     2010 1180    731     1742    375     1168    2044    1226    190     473     850     1260    1398    1940    2234    1955    1653    1257    766     148     
38     2011 1374    739     1823    457     1442    1910    1452    536     712     1015    1584    1730    1875    1852    2003    1889    1424    1044    791     
38     2012 1271    909     1709    608     1272    1967    1265    716     297     1148    1033    1628    1769    1954    2172    1675    1307    811     684     
38     2013 1220    699     1715    491     995     2042    1340    415     362     586     1115    1289    1753    2289    2073    1751    1475    788     673     
38     2014 1368    930     1761    738     1303    1943    1495    754     792     1077    1349    1484    1874    2100    1854    1899    1526    1058    612     
38     2015 1347    861     1799    549     1253    2123    1314    536     495     911     1337    1513    1963    2226    2175    1563    1230    1151    1000    
38     2016 1288    911     1791    774     1134    2047    1346    625     691     765     1093    1544    1831    2122    2182    1959    1233    849     539     
38     2017 1339    809     1810    537     1347    2108    1323    291     806     1135    1191    1709    2141    2146    2037    1619    1487    858     610     
38     2018 1404    817     1967    580     1350    2236    1383    834     267     794     1489    1773    2045    2436    2221    1819    1469    858     755     
