EUROPEAN CLIMATE ASSESSMENT & DATASET (ECA&D), file created on: 13-11-2019
THESE DATA CAN BE USED FOR NON-COMMERCIAL RESEARCH AND EDUCATION PROVIDED THAT THE FOLLOWING SOURCE IS ACKNOWLEDGED: 

Klein Tank, A.M.G. and Coauthors, 2002. Daily dataset of 20th-century surface
air temperature and precipitation series for the European Climate Assessment.
Int. J. of Climatol., 22, 1441-1453.
Data and metadata available at http://www.ecad.eu

FILE FORMAT (MISSING VALUE CODE = -999999):

THIS FILE HOLDS DATA FOR STATION GERMANY                                  HIDDENSEE-VITTE                          (STAID:   4222)
LATITUDE: dd:mm:ss +54:34:36
LONGITUDE: ddd:mm:ss +013:06:20
ELEVATION: m    1

DATA IS FOR INDEX Mean of daily mean temperature (TG) with unit 0.01 Temperature (&#176;C)

01-06 SOUID: Source identifier
08-11 YEAR : YYYY
13-20 ANNUAL DATA VALUES
21-28 WINTER HALF YEAR DATA VALUES
29-36 SUMMER HALF YEAR DATA VALUES
37-44 WINTER (DJF) DATA VALUES
45-52 SPRING (MAM) DATA VALUES
53-60 SUMMER (JJA) DATA VALUES
61-68 AUTUMN (SON) DATA VALUES
69-76 JANUARY DATA VALUES
etc. 
157-164 DECEMBER DATA VALUES

4222   1947 790     -999999 1463    -999999 525     1792    1069    -425    -641    -109    506     1178    1687    1811    1875    1708    949     555     285     
4222   1948 900     390     1414    155     751     1694    1002    132     39      363     798     1093    1579    1748    1751    1501    967     538     265     
4222   1949 949     400     1436    234     718     1657    1135    182     258     183     790     1185    1433    1830    1699    1668    1192    543     378     
4222   1950 875     427     1413    135     759     1728    953     -102    130     395     673     1205    1653    1694    1835    1402    953     504     89      
4222   1951 -999999 -999999 -999999 -999999 -999999 -999999 -999999 -999999 -999999 -999999 -999999 -999999 -999999 -999999 -999999 -999999 -999999 -999999 -999999 
4222   1952 -999999 -999999 -999999 -999999 -999999 -999999 -999999 -999999 -999999 -999999 -999999 -999999 -999999 -999999 -999999 -999999 -999999 -999999 -999999 
4222   1953 -999999 -999999 -999999 -999999 -999999 -999999 -999999 -999999 -999999 -999999 -999999 -999999 -999999 -999999 -999999 -999999 -999999 -999999 -999999 
4222   1954 -999999 -999999 -999999 -999999 -999999 -999999 -999999 -999999 -999999 -999999 -999999 -999999 -999999 -999999 -999999 -999999 -999999 -999999 -999999 
4222   1955 -999999 -999999 -999999 -999999 -999999 -999999 -999999 -999999 -999999 -999999 -999999 -999999 -999999 -999999 -999999 -999999 -999999 -999999 -999999 
4222   1956 -999999 -999999 -999999 -999999 -999999 -999999 -999999 -999999 -999999 -999999 -999999 -999999 -999999 -999999 -999999 -999999 -999999 -999999 -999999 
4222   1957 -999999 -999999 -999999 -999999 -999999 -999999 -999999 -999999 -999999 -999999 -999999 -999999 -999999 -999999 -999999 -999999 -999999 -999999 -999999 
4222   1958 -999999 -999999 -999999 -999999 -999999 -999999 -999999 -999999 -999999 -999999 -999999 -999999 -999999 -999999 -999999 -999999 -999999 -999999 -999999 
4222   1959 -999999 -999999 -999999 -999999 -999999 -999999 -999999 -999999 -999999 -999999 -999999 -999999 -999999 -999999 -999999 -999999 -999999 -999999 -999999 
4222   1960 -999999 -999999 -999999 -999999 -999999 -999999 -999999 -999999 -999999 -999999 -999999 -999999 -999999 -999999 -999999 -999999 -999999 -999999 -999999 
4222   1961 -999999 -999999 -999999 -999999 -999999 -999999 -999999 -999999 -999999 -999999 -999999 -999999 -999999 -999999 -999999 -999999 -999999 -999999 -999999 
4222   1962 -999999 -999999 -999999 -999999 -999999 -999999 -999999 -999999 -999999 -999999 -999999 -999999 -999999 -999999 -999999 -999999 -999999 -999999 -999999 
4222   1963 -999999 -999999 -999999 -999999 -999999 -999999 -999999 -999999 -999999 -999999 -999999 -999999 -999999 -999999 -999999 -999999 -999999 -999999 -999999 
4222   1964 -999999 -999999 -999999 -999999 -999999 -999999 -999999 -999999 -999999 -999999 -999999 -999999 -999999 -999999 -999999 -999999 -999999 -999999 -999999 
4222   1965 -999999 -999999 -999999 -999999 -999999 -999999 -999999 -999999 -999999 -999999 -999999 -999999 -999999 -999999 -999999 -999999 -999999 -999999 -999999 
4222   1966 -999999 -999999 -999999 -999999 -999999 -999999 -999999 -999999 -999999 -999999 -999999 -999999 -999999 -999999 -999999 -999999 -999999 -999999 -999999 
4222   1967 -999999 -999999 -999999 -999999 -999999 -999999 -999999 -999999 -999999 -999999 -999999 -999999 -999999 -999999 -999999 -999999 -999999 -999999 -999999 
4222   1968 -999999 -999999 -999999 -999999 -999999 -999999 -999999 -999999 -999999 -999999 -999999 -999999 -999999 -999999 -999999 -999999 -999999 -999999 -999999 
4222   1969 -999999 -999999 -999999 -999999 -999999 -999999 -999999 -999999 -999999 -999999 -999999 -999999 -999999 -999999 -999999 -999999 -999999 -999999 -999999 
4222   1970 -999999 -999999 -999999 -999999 -999999 -999999 -999999 -999999 -999999 -999999 -999999 -999999 -999999 -999999 -999999 -999999 -999999 -999999 -999999 
4222   1971 -999999 -999999 -999999 -999999 -999999 -999999 -999999 -999999 -999999 -999999 -999999 -999999 -999999 -999999 -999999 -999999 -999999 -999999 -999999 
4222   1972 -999999 -999999 -999999 -999999 -999999 -999999 -999999 -999999 -999999 -999999 -999999 -999999 -999999 -999999 -999999 -999999 -999999 -999999 -999999 
4222   1973 -999999 -999999 -999999 -999999 -999999 -999999 -999999 -999999 -999999 -999999 -999999 -999999 -999999 -999999 -999999 -999999 -999999 -999999 -999999 
4222   1974 -999999 -999999 -999999 -999999 -999999 -999999 -999999 -999999 -999999 -999999 -999999 -999999 -999999 -999999 -999999 -999999 -999999 -999999 -999999 
4222   1975 -999999 -999999 -999999 -999999 -999999 -999999 -999999 -999999 -999999 -999999 -999999 -999999 -999999 -999999 -999999 -999999 -999999 -999999 -999999 
4222   1976 -999999 -999999 -999999 -999999 -999999 -999999 -999999 -999999 -999999 -999999 -999999 -999999 -999999 -999999 -999999 -999999 -999999 -999999 -999999 
4222   1977 -999999 -999999 -999999 -999999 -999999 -999999 -999999 -999999 -999999 -999999 -999999 -999999 -999999 -999999 -999999 -999999 -999999 -999999 -999999 
4222   1978 -999999 -999999 -999999 -999999 -999999 -999999 -999999 -999999 -999999 -999999 -999999 -999999 -999999 -999999 -999999 -999999 -999999 -999999 -999999 
4222   1979 -999999 -999999 -999999 -999999 -999999 -999999 -999999 -999999 -999999 -999999 -999999 -999999 -999999 -999999 -999999 -999999 -999999 -999999 -999999 
4222   1980 -999999 -999999 -999999 -999999 -999999 -999999 -999999 -999999 -999999 -999999 -999999 -999999 -999999 -999999 -999999 -999999 -999999 -999999 -999999 
4222   1981 -999999 -999999 -999999 -999999 -999999 -999999 -999999 -999999 -999999 -999999 -999999 -999999 -999999 -999999 -999999 -999999 -999999 -999999 -999999 
4222   1982 -999999 -999999 -999999 -999999 -999999 -999999 -999999 -999999 -999999 -999999 -999999 -999999 -999999 -999999 -999999 -999999 -999999 -999999 -999999 
4222   1983 -999999 -999999 -999999 -999999 -999999 -999999 -999999 -999999 -999999 -999999 -999999 -999999 -999999 -999999 -999999 -999999 -999999 -999999 -999999 
4222   1984 -999999 -999999 -999999 -999999 -999999 -999999 -999999 -999999 -999999 -999999 -999999 -999999 -999999 -999999 -999999 -999999 -999999 -999999 -999999 
4222   1985 -999999 -999999 -999999 -999999 -999999 -999999 -999999 -999999 -999999 -999999 -999999 -999999 -999999 -999999 -999999 -999999 -999999 -999999 -999999 
4222   1986 -999999 -999999 -999999 -999999 -999999 -999999 -999999 -999999 -999999 -999999 -999999 -999999 -999999 -999999 -999999 -999999 -999999 -999999 -999999 
4222   1987 -999999 -999999 -999999 -999999 -999999 -999999 -999999 -999999 -999999 -999999 -999999 -999999 -999999 -999999 -999999 -999999 -999999 -999999 -999999 
4222   1988 -999999 -999999 -999999 -999999 -999999 -999999 -999999 -999999 -999999 -999999 -999999 -999999 -999999 -999999 -999999 -999999 -999999 -999999 -999999 
4222   1989 -999999 -999999 -999999 -999999 -999999 -999999 -999999 -999999 -999999 -999999 -999999 -999999 -999999 -999999 -999999 -999999 -999999 -999999 -999999 
4222   1990 -999999 -999999 -999999 -999999 -999999 -999999 -999999 -999999 -999999 -999999 -999999 -999999 -999999 -999999 -999999 -999999 -999999 -999999 -999999 
4222   1991 857     -999999 1329    -999999 695     1622    971     217     -92     470     693     922     1296    1800    1761    1486    939     488     228     
4222   1992 942     449     1484    258     843     1818    851     203     350     484     739     1301    1771    1885    1797    1393    674     493     202     
4222   1993 823     338     1315    174     820     1513    743     204     110     330     813     1317    1447    1566    1524    1206    813     206     277     
4222   1994 913     326     1409    170     759     1741    939     298     -91     409     778     1090    1410    2008    1793    1355    799     669     355     
4222   1995 854     430     1371    260     672     1717    950     37      403     323     640     1053    1407    1840    1893    1373    1149    321     -218    
4222   1996 718     115     1283    -261    542     1604    906     -213    -357    -17     723     926     1455    1537    1815    1230    963     524     -10     
4222   1997 864     330     1386    35      629     1767    926     -118    254     363     560     960     1490    1739    2065    1480    905     394     233     
4222   1998 850     432     1327    310     759     1539    840     297     408     352     741     1185    1475    1571    1570    1408    894     215     53      
4222   1999 922     309     1424    118     724     1698    1048    195     104     367     732     1074    1482    1838    1766    1636    970     540     303     
4222   2000 951     468     1381    296     843     1585    1053    243     346     401     857     1272    1535    1544    1674    1392    1123    643     360     
4222   2001 892     446     1366    224     678     1682    1041    176     125     223     614     1194    1390    1846    1801    1326    1205    587     157     
4222   2002 938     507     1479    263     770     1803    958     231     418     436     665     1205    1623    1799    1982    1581    847     450     -13     
4222   2003 888     233     1462    -59     730     1791    939     7       -183    256     653     1278    1679    1827    1863    1450    745     628     377     
4222   2004 882     369     1355    150     759     1603    1002    -90     163     385     766     1126    1391    1588    1824    1423    1013    570     393     
4222   2005 917     420     1402    267     683     1645    1101    345     41      125     741     1186    1476    1800    1653    1541    1161    601     271     
4222   2006 982     325     1511    35      612     1854    1274    -186    19      64      624     1148    1608    2129    1818    1718    1294    810     675     
4222   2007 1006    700     1450    493     919     1709    992     544     235     604     892     1261    1640    1732    1754    1406    996     575     375     
4222   2008 993     530     1442    384     812     1741    1047    344     435     448     738     1249    1608    1835    1776    1425    1031    685     321     
4222   2009 924     425     1483    148     832     1727    1049    60      54      374     935     1192    1412    1858    1903    1581    867     704     95      
4222   2010 780     261     1378    -98     612     1775    934     -292    -96     267     668     903     1458    2062    1794    1359    898     545     -262    
4222   2011 918     237     1445    -94     782     1673    1054    49      -65     240     872     1236    1627    1684    1705    1537    1039    586     439     
4222   2012 877     451     1372    211     771     1626    1017    257     -81     439     685     1188    1436    1693    1742    1470    976     605     74      
4222   2013 915     290     1426    57      599     1772    1073    66      27      -25     598     1224    1560    1880    1869    1405    1140    672     502     
4222   2014 1041    557     1513    312     878     1805    1210    69      372     572     836     1224    1597    2010    1801    1592    1258    777     333     
4222   2015 1009    577     1420    302     809     1698    1102    332     236     498     770     1157    1470    1761    1856    1487    1019    803     665     
4222   2016 1001    544     1540    337     844     1798    1080    9       337     423     757     1350    1728    1864    1799    1728    997     517     476     
4222   2017 985     472     1434    256     828     1726    1129    113     172     528     699     1254    1659    1689    1829    1461    1207    715     435     
4222   2018 1040    453     1642    243     799     1956    1144    303     -35     57      879     1465    1755    2075    2031    1628    1176    626     440     
4222   2019 -999999 576     1525    352     845     1884    -999999 209     412     581     847     1107    1846    1845    1961    1536    1123    -999999 -999999 
