EUROPEAN CLIMATE ASSESSMENT & DATASET (ECA&D), file created on: 13-11-2019
THESE DATA CAN BE USED FOR NON-COMMERCIAL RESEARCH AND EDUCATION PROVIDED THAT THE FOLLOWING SOURCE IS ACKNOWLEDGED: 

Klein Tank, A.M.G. and Coauthors, 2002. Daily dataset of 20th-century surface
air temperature and precipitation series for the European Climate Assessment.
Int. J. of Climatol., 22, 1441-1453.
Data and metadata available at http://www.ecad.eu

FILE FORMAT (MISSING VALUE CODE = -999999):

THIS FILE HOLDS DATA FOR STATION GERMANY                                  GLUCKSTADT                               (STAID:   4148)
LATITUDE: dd:mm:ss +53:47:54
LONGITUDE: ddd:mm:ss +009:25:50
ELEVATION: m    1

DATA IS FOR INDEX Mean of daily mean temperature (TG) with unit 0.01 Temperature (&#176;C)

01-06 SOUID: Source identifier
08-11 YEAR : YYYY
13-20 ANNUAL DATA VALUES
21-28 WINTER HALF YEAR DATA VALUES
29-36 SUMMER HALF YEAR DATA VALUES
37-44 WINTER (DJF) DATA VALUES
45-52 SPRING (MAM) DATA VALUES
53-60 SUMMER (JJA) DATA VALUES
61-68 AUTUMN (SON) DATA VALUES
69-76 JANUARY DATA VALUES
etc. 
157-164 DECEMBER DATA VALUES

4148   1948 939     -999999 1441    -999999 926     1629    988     255     110     507     1010    1264    1521    1696    1666    1477    968     520     250     
4148   1949 953     429     1417    283     780     1574    1110    272     333     222     951     1172    1400    1660    1656    1653    1137    540     399     
4148   1950 876     494     1395    239     823     1707    877     27      296     547     688     1230    1654    1685    1779    1314    843     474     -64     
4148   1951 885     302     1351    87      661     1615    984     153     181     221     674     1088    1503    1614    1725    1488    747     723     464     
4148   1952 809     407     1361    259     807     1604    702     150     157     198     1002    1226    1420    1670    1717    1111    768     225     36      
4148   1953 956     275     1440    56      878     1713    1053    96      34      469     865     1298    1714    1761    1664    1326    1128    702     348     
4148   1954 826     365     1313    -15     749     1545    982     -91     -333    381     583     1277    1584    1485    1567    1366    1080    498     425     
4148   1955 818     298     1368    58      562     1679    995     -96     -177    18      682     988     1375    1809    1843    1490    943     555     314     
4148   1956 757     264     1274    -75     682     1491    910     81      -658    302     493     1246    1359    1725    1385    1415    908     407     353     
4148   1957 907     481     1314    328     772     1644    928     246     392     571     735     1009    1590    1766    1575    1195    1038    549     178     
4148   1958 855     332     1340    118     587     1592    1045    35      143     35      512     1212    1447    1654    1669    1528    1086    519     373     
4148   1959 949     453     1494    157     941     1766    949     50      35      620     950     1253    1563    1897    1832    1450    977     419     268     
4148   1960 875     376     1346    152     787     1574    989     128     53      390     708     1262    1584    1557    1581    1371    941     658     239     
4148   1961 926     488     1407    232     898     1589    1069    11      468     615     1004    1079    1625    1579    1565    1590    1135    480     -55     
4148   1962 762     351     1216    135     591     1433    913     281     185     70      731     976     1395    1431    1473    1280    1062    391     -166    
4148   1963 754     90      1370    -395    731     1631    1014    -589    -434    239     768     1186    1592    1705    1594    1359    916     769     -121    
4148   1964 824     280     1389    -17     730     1591    901     -36     115     40      845     1309    1567    1634    1572    1397    769     541     126     
4148   1965 796     332     1268    135     678     1483    827     214     60      264     682     1088    1498    1455    1495    1383    954     140     268     
4148   1966 857     292     1362    75      772     1630    930     -130    90      408     605     1296    1735    1587    1570    1365    1071    350     279     
4148   1967 946     483     1384    278     851     1644    1015    183     382     620     661     1266    1486    1782    1659    1433    1095    516     222     
4148   1968 853     401     1374    94      800     1645    993     -26     86      498     873     1032    1635    1597    1704    1399    1062    516     -155    
4148   1969 799     230     1393    -63     589     1704    1028    137     -184    -30     657     1142    1569    1797    1741    1435    1076    572     -387    
4148   1970 786     165     1311    -278    596     1640    954     -308    -125    149     476     1159    1701    1574    1647    1293    964     604     237     
4148   1971 886     375     1364    167     724     1623    917     -1      277     169     683     1320    1437    1730    1696    1299    958     494     524     
4148   1972 810     386     1298    128     777     1596    813     -274    134     468     705     1156    1429    1775    1578    1125    767     549     276     
4148   1973 874     427     1358    242     739     1682    860     177     275     507     546     1158    1611    1773    1660    1382    775     425     160     
4148   1974 915     438     1297    320     783     1518    877     405     402     460     799     1091    1439    1483    1630    1332    708     596     604     
4148   1975 938     511     1414    463     708     1739    909     593     163     373     654     1095    1482    1795    1931    1507    812     410     380     
4148   1976 864     331     1405    214     673     1735    956     193     58      118     670     1231    1660    1876    1666    1308    975     584     -4      
4148   1977 891     404     1298    93      769     1597    965     32      269     563     588     1150    1555    1630    1606    1242    1072    577     366     
4148   1978 822     426     1275    134     757     1540    976     149     -141    486     529     1249    1527    1520    1573    1236    1039    650     -29     
4148   1979 753     207     1285    -251    706     1515    873     -402    -330    277     650     1190    1543    1464    1541    1309    822     488     414     
4148   1980 808     321     1310    114     663     1561    941     -210    139     268     679     1042    1494    1541    1645    1448    904     472     254     
4148   1981 851     399     1401    131     909     1605    944     16      122     599     734     1388    1494    1649    1669    1454    836     547     -342    
4148   1982 903     211     1425    -205    781     1720    1077    -323    75      470     698     1172    1587    1804    1765    1511    1034    688     302     
4148   1983 960     512     1454    285     818     1779    987     546     -24     476     824     1153    1577    1926    1826    1401    1023    535     181     
4148   1984 846     377     1294    152     707     1541    969     214     54      237     734     1150    1337    1543    1736    1248    1123    531     213     
4148   1985 771     234     1340    -192    775     1561    844     -524    -273    294     749     1280    1391    1681    1605    1316    1012    197     438     
4148   1986 805     241     1303    -30     738     1588    952     -57     -520    298     587     1324    1571    1669    1524    1123    996     736     311     
4148   1987 755     267     1264    -53     607     1482    979     -500    40      14      872     945     1292    1635    1512    1319    962     656     283     
4148   1988 931     503     1367    356     804     1583    912     461     323     325     734     1353    1480    1647    1619    1350    926     460     465     
4148   1989 979     572     1394    443     892     1631    996     413     453     700     670     1299    1555    1727    1609    1485    1105    395     290     
4148   1990 999     609     1370    467     945     1618    954     455     675     734     788     1307    1473    1605    1773    1256    1078    525     288     
4148   1991 865     452     1321    142     777     1611    922     266     -158    658     718     954     1263    1827    1731    1414    883     471     271     
4148   1992 968     474     1476    314     895     1787    866     241     438     540     761     1378    1809    1816    1736    1341    684     579     275     
4148   1993 836     392     1328    236     904     1471    699     296     126     373     969     1372    1444    1522    1447    1201    786     106     328     
4148   1994 950     342     1437    206     865     1745    936     380     -121    523     857     1215    1430    2065    1730    1301    792     719     425     
4148   1995 904     487     1413    349     756     1740    995     143     492     360     777     1133    1434    1894    1884    1337    1217    424     -279    
4148   1996 728     154     1302    -274    635     1599    883     -291    -250    84      815     1011    1429    1561    1802    1182    980     484     -102    
4148   1997 907     353     1431    49      762     1805    857     -184    473     484     639     1159    1590    1766    2052    1358    809     406     297     
4148   1998 924     507     1382    414     928     1568    821     396     564     574     860     1349    1554    1565    1585    1365    875     221     160     
4148   1999 992     395     1494    230     910     1685    1073    367     155     565     915     1251    1479    1849    1719    1738    954     531     326     
4148   2000 1001    521     1414    369     966     1573    1072    329     458     522     960     1416    1522    1541    1652    1377    1119    718     380     
4148   2001 911     475     1393    245     768     1676    1040    151     198     267     732     1305    1388    1818    1812    1275    1268    570     85      
4148   2002 971     556     1508    314     901     1794    911     348     529     535     803     1361    1659    1726    1991    1490    781     466     -61     
4148   2003 937     277     1527    -31     886     1857    889     52      -88     485     869     1303    1762    1899    1906    1407    591     678     315     
4148   2004 940     410     1420    239     872     1648    990     90      318     471     951     1195    1450    1622    1865    1420    1015    535     333     
4148   2005 951     449     1430    266     822     1651    1068    385     60      333     909     1228    1540    1814    1595    1484    1136    582     280     
4148   2006 1016    355     1545    104     723     1822    1264    -94     127     84      781     1307    1637    2139    1685    1704    1276    813     679     
4148   2007 1029    744     1475    553     1033    1694    936     580     383     700     1097    1303    1695    1659    1727    1359    909     541     343     
4148   2008 990     537     1443    427     895     1704    967     475     465     483     779     1420    1623    1792    1695    1333    949     621     229     
4148   2009 954     415     1498    132     981     1684    1052    20      148     501     1169    1278    1421    1780    1842    1483    851     828     86      
4148   2010 790     304     1398    -110    748     1752    907     -311    -104    453     840     955     1531    2033    1685    1329    939     453     -381    
4148   2011 969     285     1476    -37     946     1640    1026    165     120     405     1129    1309    1596    1641    1681    1492    1024    561     455     
4148   2012 918     499     1394    247     920     1627    966     287     -17     653     757     1346    1419    1678    1777    1364    952     582     172     
4148   2013 903     307     1407    109     627     1719    1026    106     43      -31     704     1211    1504    1859    1789    1354    1131    591     509     
4148   2014 1083    604     1539    401     1006    1760    1203    196     510     679     1061    1280    1589    2040    1645    1608    1285    713     352     
4148   2015 1007    582     1389    299     826     1688    1047    310     227     575     800     1102    1446    1739    1871    1358    955     831     810     
4148   2016 989     585     1523    423     878     1738    1031    100     353     454     757     1418    1702    1799    1712    1738    955     403     451     
4148   2017 988     479     1419    269     930     1675    1080    80      276     686     750     1349    1639    1681    1703    1378    1217    640     406     
4148   2018 1057    464     1643    239     975     1869    1082    338     -56     196     1077    1655    1731    1980    1891    1501    1149    593     545     
4148   2019 -999999 618     1494    421     912     1822    -999999 228     496     683     938     1115    1815    1788    1863    1436    1075    -999999 -999999 
