EUROPEAN CLIMATE ASSESSMENT & DATASET (ECA&D), file created on: 13-11-2019
THESE DATA CAN BE USED FOR NON-COMMERCIAL RESEARCH AND EDUCATION PROVIDED THAT THE FOLLOWING SOURCE IS ACKNOWLEDGED: 

Klein Tank, A.M.G. and Coauthors, 2002. Daily dataset of 20th-century surface
air temperature and precipitation series for the European Climate Assessment.
Int. J. of Climatol., 22, 1441-1453.
Data and metadata available at http://www.ecad.eu

FILE FORMAT (MISSING VALUE CODE = -999999):

THIS FILE HOLDS DATA FOR STATION RUSSIAN FEDERATION                       BREDY                                    (STAID:   8524)
LATITUDE: dd:mm:ss +52:25:48
LONGITUDE: ddd:mm:ss +060:21:00
ELEVATION: m  309

DATA IS FOR INDEX Mean of daily mean temperature (TG) with unit 0.01 Temperature (&#176;C)

01-06 SOUID: Source identifier
08-11 YEAR : YYYY
13-20 ANNUAL DATA VALUES
21-28 WINTER HALF YEAR DATA VALUES
29-36 SUMMER HALF YEAR DATA VALUES
37-44 WINTER (DJF) DATA VALUES
45-52 SPRING (MAM) DATA VALUES
53-60 SUMMER (JJA) DATA VALUES
61-68 AUTUMN (SON) DATA VALUES
69-76 JANUARY DATA VALUES
etc. 
157-164 DECEMBER DATA VALUES

8524   1936 284     -999999 1358    -999999 29      1947    442     -1488   -1593   -1060   116     1033    2018    2007    1818    1129    473     -279    -831    
8524   1937 182     -867    1421    -1526   133     1946    382     -1747   -2051   -866    313     958     1825    2086    1924    1398    391     -642    -1555   
8524   1938 164     -1015   1411    -1650   368     1733    351     -1954   -1419   -937    662     1388    1670    1747    1779    1195    406     -550    -2098   
8524   1939 227     -1035   1371    -1774   291     1863    85      -2006   -1158   -799    470     1207    2162    1946    1491    929     -113    -555    -919    
8524   1940 207     -1063   1497    -1680   295     2027    264     -2311   -1819   -692    667     922     1725    2227    2119    1297    -133    -358    -1209   
8524   1941 2       -1026   1164    -1639   41      1639    47      -1898   -1827   -785    -52     958     1581    1699    1636    1139    108     -1109   -1556   
8524   1942 -999999 -1259   -999999 -1751   -324    -999999 165     -1802   -1911   -1343   -209    585     1709    1992    -999999 995     246     -750    -1369   
8524   1943 156     -1090   1475    -1706   455     1824    -29     -2020   -1731   -965    586     1749    1751    1978    1742    1007    119     -1218   -1265   
8524   1944 263     -842    1365    -1184   483     1686    156     -1155   -1129   -437    573     1316    1679    1808    1570    1223    265     -1023   -1585   
8524   1945 -4      -1251   1223    -1895   15      1719    80      -1979   -2146   -1119   304     868     1639    1641    1876    984     104     -847    -1513   
8524   1946 165     -914    1275    -1224   139     1671    135     -1378   -735    -1093   316     1200    1657    1741    1615    1098    -23     -665    -1783   
8524   1947 150     -1104   1241    -1846   378     1574    407     -1905   -1850   -455    587     1008    1390    1715    1613    1114    309     -198    -1647   
8524   1948 314     -808    1452    -1335   221     1995    319     -904    -1461   -972    85      1545    2142    1970    1877    1055    432     -533    -1539   
8524   1949 162     -936    1393    -1379   64      1952    64      -1188   -1413   -1405   186     1415    2035    1995    1827    867     144     -822    -1796   
8524   1950 125     -1217   1364    -1908   311     1658    213     -2283   -1618   -953    650     1248    1568    1790    1614    1295    178     -834    -1250   
8524   1951 235     -1146   1568    -1859   547     1927    122     -2003   -2372   -706    992     1368    1760    2178    1837    1252    42      -925    -782    
8524   1952 185     -1024   1472    -1316   2       2054    218     -1510   -1680   -1330   -194    1525    1969    2285    1905    1299    254     -899    -1476   
8524   1953 181     -1038   1449    -1565   262     1894    9       -1631   -1590   -935    410     1314    1573    2105    1992    1263    109     -1348   -1231   
8524   1954 137     -1383   1445    -1954   38      1979    514     -2148   -2539   -1250   48      1317    1814    2254    1864    1335    491     -283    -1439   
8524   1955 225     -883    1452    -1384   156     1909    265     -1276   -1443   -1383   240     1613    2193    1873    1671    1094    469     -775    -1683   
8524   1956 89      -1240   1268    -1924   32      1780    215     -1889   -2219   -1392   356     1142    1709    1826    1801    741     462     -566    -994    
8524   1957 304     -902    1568    -1370   236     1934    365     -1703   -1419   -1231   203     1734    2093    1968    1745    1641    278     -821    -950    
8524   1958 219     -853    1312    -1145   25      1944    213     -1552   -911    -1167   91      1155    1986    1906    1940    761     319     -445    -1515   
8524   1959 148     -938    1371    -1519   310     1744    88      -1502   -1541   -988    426     1496    1760    1926    1547    1045    19      -798    -1723   
8524   1960 146     -1110   1258    -1510   -31     1734    112     -1435   -1362   -1365   467     820     1919    1698    1592    1044    117     -824    -947    
8524   1961 357     -794    1433    -1238   543     1827    240     -1441   -1334   -390    475     1540    1847    1945    1691    1069    239     -587    -891    
8524   1962 395     -662    1496    -1127   618     1898    268     -1223   -1284   -283    647     1491    1761    2313    1615    1115    247     -557    -1227   
8524   1963 298     -870    1350    -1317   181     1818    466     -1468   -1248   -992    239     1298    1839    2055    1559    1080    553     -238    -1193   
8524   1964 165     -891    1253    -1509   26      1696    324     -1459   -1900   -1152   30      1200    1641    1867    1579    1174    128     -325    -874    
8524   1965 301     -720    1444    -1261   428     1893    240     -1440   -1493   -383    255     1405    1859    2145    1675    1298    195     -770    -1267   
8524   1966 182     -942    1394    -1497   267     1883    326     -1790   -1427   -653    161     1289    1614    2106    1920    1233    82      -384    -2155   
8524   1967 340     -1093   1462    -1864   545     1844    396     -1689   -1735   -630    808     1465    1770    1891    1869    939     534     -310    -993    
8524   1968 166     -790    1361    -1398   411     1713    172     -1619   -1596   -738    379     1592    1605    1758    1772    1028    63      -570    -1734   
8524   1969 44      -1359   1333    -2140   29      1777    359     -2744   -1921   -1276   466     927     1739    1966    1626    1226    149     -291    -1415   
8524   1970 234     -883    1391    -1494   361     1757    317     -1668   -1395   -731    551     1235    1651    1968    1649    1271    267     -585    -1591   
8524   1971 327     -979    1425    -1504   114     1860    613     -1052   -1910   -1081   253     1176    1766    2176    1627    1536    414     -103    -982    
8524   1972 136     -988    1358    -1730   273     1755    260     -2552   -1650   -1068   606     1291    1635    1822    1804    963     289     -471    -1111   
8524   1973 235     -917    1335    -1536   433     1728    182     -2075   -1394   -738    629     1415    1815    1755    1616    755     177     -387    -886    
8524   1974 275     -850    1480    -1529   545     1852    450     -2049   -1643   -375    594     1416    1816    2141    1599    1293    664     -613    -1659   
8524   1975 469     -779    1695    -1419   688     2033    282     -1142   -1451   -545    1054    1565    2095    2182    1824    1432    111     -692    -976    
8524   1976 110     -955    1464    -1346   285     1918    -153    -1203   -1895   -1128   621     1373    1948    1770    2036    1008    -484    -982    -1825   
8524   1977 -999999 -999999 1581    -999999 -999999 1916    -999999 -2242   -999999 -999999 947     1647    2140    2002    1613    1035    -999999 -999999 -999999 
8524   1978 284     -999999 1405    -999999 368     1829    336     -1451   -1363   -528    454     1182    1890    1954    1646    1287    235     -510    -1489   
8524   1979 253     -900    1348    -1516   295     1786    213     -1813   -1218   -622    -60     1556    1471    2036    1840    1196    231     -789    -912    
8524   1980 156     -1130   1399    -1643   239     1718    277     -2054   -1986   -1313   406     1630    1687    2015    1451    1176    300     -645    -869    
8524   1981 352     -776    1436    -1207   171     2024    474     -1526   -1229   -730    189     1055    1822    2155    2088    1275    501     -354    -1128   
8524   1982 340     -827    1499    -1380   383     1839    369     -1351   -1690   -1010   800     1371    1762    2012    1741    1286    311     -488    -793    
8524   1983 476     -566    1485    -849    418     1966    343     -926    -825    -696    844     1119    1851    2259    1783    1029    461     -465    -804    
8524   1984 252     -710    1489    -1244   386     2024    230     -1356   -1593   -550    245     1457    1947    2360    1762    1129    405     -848    -2000   
8524   1985 183     -1135   1395    -1748   113     1871    185     -1555   -1682   -1176   397     1127    1834    1878    1901    1211    122     -775    -1204   
8524   1986 217     -917    1383    -1348   321     1783    196     -1179   -1695   -844    723     1097    1793    1823    1734    1112    285     -812    -1552   
8524   1987 189     -1067   1407    -1490   10      1955    103     -1751   -1134   -1438   -73     1539    2092    2010    1768    1072    222     -989    -1135   
8524   1988 328     -980    1543    -1443   324     2076    316     -1554   -1655   -811    606     1185    2161    2129    1939    1218    397     -669    -1071   
8524   1989 373     -825    1505    -1280   206     2105    413     -1387   -1392   -879    134     1360    2164    2391    1761    1188    409     -357    -1035   
8524   1990 384     -625    1417    -1223   555     1835    327     -1468   -1159   -181    540     1306    1994    1883    1633    1129    275     -423    -1013   
8524   1991 405     -774    1613    -1276   578     1975    461     -1276   -1566   -707    871     1581    2215    2045    1673    1279    791     -697    -1476   
8524   1992 234     -762    1263    -1270   237     1603    315     -1092   -1239   -887    451     1154    1605    1714    1491    1141    282     -475    -1370   
8524   1993 146     -826    1271    -1298   139     1841    -121    -1057   -1485   -901    136     1182    1796    1934    1793    749     357     -1486   -1403   
8524   1994 212     -1159   1346    -1594   183     1709    463     -1371   -2054   -1094   417     1234    1865    1629    1638    1274    567     -457    -1256   
8524   1995 486     -670    1644    -1270   707     2051    431     -1658   -856    -369    1085    1416    1998    2215    1939    1189    453     -349    -1300   
8524   1996 141     -1012   1402    -1650   40      1955    214     -1951   -1703   -1244   -97     1457    2091    2163    1615    1150    196     -703    -1337   
8524   1997 415     -813    1505    -1357   591     1873    520     -1577   -1134   -351    737     1391    2057    1808    1761    1261    850     -563    -1348   
8524   1998 372     -800    1559    -1413   194     2237    240     -1466   -1425   -899    81      1397    2305    2328    2079    1123    534     -947    -783    
8524   1999 340     -753    1372    -955    126     1810    310     -1010   -1084   -1269   546     1115    1598    1972    1854    1124    654     -860    -665    
8524   2000 350     -624    1422    -944    342     1911    192     -1117   -1056   -736    828     949     1894    2019    1818    1004    203     -632    -1013   
8524   2001 359     -709    1430    -1172   619     1762    341     -1179   -1342   -350    657     1552    1687    1916    1682    1059    270     -303    -1456   
8524   2002 384     -511    1316    -976    352     1755    563     -787    -652    -143    169     1024    1626    2030    1605    1419    460     -187    -2003   
8524   2003 331     -886    1464    -1576   243     1902    315     -1274   -1439   -905    321     1315    1608    1946    2144    1418    326     -799    -822    
8524   2004 461     -746    1581    -1101   419     2014    579     -1326   -1158   -725    407     1574    1954    2135    1950    1433    471     -164    -1063   
8524   2005 370     -786    1499    -1466   421     1923    524     -1461   -1918   -669    421     1511    1899    2062    1808    1264    548     -242    -947    
8524   2006 386     -707    1521    -1453   602     1912    364     -2096   -1301   -244    665     1388    2098    1830    1813    1318    391     -619    -710    
8524   2007 386     -613    1513    -855    337     1939    378     -637    -1255   -912    467     1460    1708    1993    2110    1309    506     -684    -1553   
8524   2008 485     -791    1534    -1508   641     2047    540     -1780   -1170   -86     649     1362    1772    2274    2086    1024    533     65      -966    
8524   2009 373     -580    1478    -1242   442     1917    512     -1378   -1398   -395    358     1359    2043    1947    1765    1370    517     -352    -1471   
8524   2010 384     -1004   1667    -1825   430     2187    570     -2164   -1843   -774    521     1546    2271    2118    2175    1343    359     14      -1089   
8524   2011 220     -890    1492    -1625   381     1839    354     -2050   -1746   -885    609     1425    1742    2141    1631    1380    560     -884    -1414   
8524   2012 417     -1051   1804    -1734   646     2258    571     -1786   -2022   -816    1180    1591    2204    2371    2198    1253    701     -245    -1692   
8524   2013 474     -752    1553    -1476   532     1960    570     -1435   -1282   -592    758     1436    2015    2013    1855    1221    405     88      -896    
