EUROPEAN CLIMATE ASSESSMENT & DATASET (ECA&D), file created on: 13-11-2019
THESE DATA CAN BE USED FOR NON-COMMERCIAL RESEARCH AND EDUCATION PROVIDED THAT THE FOLLOWING SOURCE IS ACKNOWLEDGED: 

Klein Tank, A.M.G. and Coauthors, 2002. Daily dataset of 20th-century surface
air temperature and precipitation series for the European Climate Assessment.
Int. J. of Climatol., 22, 1441-1453.
Data and metadata available at http://www.ecad.eu

FILE FORMAT (MISSING VALUE CODE = -999999):

THIS FILE HOLDS DATA FOR STATION SWEDEN                                   OVERANG                                  (STAID:   5697)
LATITUDE: dd:mm:ss +63:46:48
LONGITUDE: ddd:mm:ss +013:04:12
ELEVATION: m  450

DATA IS FOR INDEX Mean of daily mean temperature (TG) with unit 0.01 Temperature (&#176;C)

01-06 SOUID: Source identifier
08-11 YEAR : YYYY
13-20 ANNUAL DATA VALUES
21-28 WINTER HALF YEAR DATA VALUES
29-36 SUMMER HALF YEAR DATA VALUES
37-44 WINTER (DJF) DATA VALUES
45-52 SPRING (MAM) DATA VALUES
53-60 SUMMER (JJA) DATA VALUES
61-68 AUTUMN (SON) DATA VALUES
69-76 JANUARY DATA VALUES
etc. 
157-164 DECEMBER DATA VALUES

5697   1966 -999999 -999999 -999999 -999999 -999999 -999999 -999999 -999999 -999999 -999999 -999999 -999999 -999999 -999999 -999999 -999999 -999999 -999999 -548    
5697   1967 184     -999999 746     -706    95      1058    409     -1116   -428    -114    -75     468     869     1153    1145    900     286     44      -949    
5697   1968 103     -444    745     -891    24      1096    24      -967    -749    -332    100     307     1087    1109    1092    762     4       -692    -512    
5697   1969 110     -654    870     -824    -76     1332    125     -793    -1204   -783    57      502     1236    1180    1576    650     316     -596    -915    
5697   1970 104     -728    798     -1213   0       1205    160     -1324   -1421   -489    -159    642     1303    1157    1159    665     267     -457    -213    
5697   1971 193     -370    736     -419    -78     1059    162     -452    -612    -779    -35     583     910     1165    1097    677     241     -434    -115    
5697   1972 236     -402    823     -645    104     1237    227     -1180   -641    -300    22      588     1209    1421    1079    596     258     -173    -83     
5697   1973 213     -115    714     -261    116     1142    44      -119    -616    -8      -126    474     1024    1419    980     490     27      -385    -686    
5697   1974 233     -389    804     -517    100     1082    180     -387    -476    -435    109     625     1082    1069    1095    831     147     -436    -474    
5697   1975 275     -302    714     -402    11      1052    362     -499    -216    -328    -135    490     796     1172    1181    758     341     -12     -289    
5697   1976 85      -352    703     -596    -49     1083    115     -918    -581    -659    -128    639     866     1192    1185    433     123     -210    -938    
5697   1977 104     -599    644     -1104   -45     1054    274     -1135   -1256   -228    -285    370     839     1179    1137    598     346     -124    -301    
5697   1978 73      -394    743     -707    -41     1160    221     -636    -1236   -488    -147    509     1118    1267    1094    595     226     -158    -1361   
5697   1979 68      -665    728     -1232   8       1101    167     -1375   -930    -401    -33     455     1145    1079    1082    625     109     -230    -761    
5697   1980 109     -599    883     -954    -20     1306    103     -1209   -888    -622    105     462     1270    1436    1212    797     51      -538    -799    
5697   1981 41      -611    766     -794    -32     1026    170     -813    -767    -815    -67     785     850     1191    1031    783     179     -451    -1459   
5697   1982 177     -637    731     -1116   79      1075    259     -1143   -707    -239    -2      477     763     1244    1207    676     271     -170    -322    
5697   1983 217     -281    759     -459    109     1008    246     -445    -626    -425    88      665     842     1202    975     765     260     -289    -472    
5697   1984 200     -441    795     -676    131     1048    237     -1079   -462    -603    170     827     937     1091    1112    613     362     -267    -326    
5697   1985 11      -578    728     -1036   -88     1187    165     -1314   -1513   -492    -230    452     1092    1282    1185    566     469     -552    -935    
5697   1986 99      -616    747     -1145   108     1144    262     -1582   -896    -225    -222    761     1295    1205    937     486     310     -12     -934    
5697   1987 79      -628    675     -1096   -115    970     323     -1548   -774    -806    90      378     902     1119    886     662     468     -167    -311    
5697   1988 222     -327    850     -548    -58     1270    265     -576    -770    -627    -226    672     1178    1478    1150    822     238     -266    -452    
5697   1989 323     -157    782     -253    142     1104    338     -67     -238    -168    61      531     1032    1116    1162    776     305     -66     -602    
5697   1990 348     -190    812     -426    187     1165    311     -603    -36     -121    114     564     1076    1213    1205    681     387     -139    -195    
5697   1991 279     -227    799     -480    132     1190    259     -392    -892    -194    194     397     893     1365    1302    619     228     -69     -193    
5697   1992 264     -86     775     -190    136     1109    51      -145    -235    -111    -228    736     1264    1039    1030    794     -254    -377    -362    
5697   1993 169     -361    710     -423    161     968     95      -446    -464    -273    108     646     666     1206    1023    584     83      -381    -770    
5697   1994 153     -630    809     -1018   58      1181    191     -948    -1369   -455    186     447     782     1549    1201    664     104     -192    -253    
5697   1995 216     -269    711     -420    20      1046    313     -609    -395    -279    -115    450     965     1101    1068    778     441     -285    -565    
5697   1996 165     -411    784     -760    44      1169    232     -756    -972    -358    74      416     943     1109    1446    693     391     -392    -663    
5697   1997 -999999 -310    -999999 -525    -999999 1393    182     -329    -588    -309    -999999 329     1132    1589    1450    796     97      -345    -510    
5697   1998 200     -329    719     -447    -32     1044    215     -434    -393    -394    -189    481     939     1180    1008    878     267     -500    -487    
5697   1999 240     -423    848     -644    82      1130    486     -841    -600    -397    171     476     1121    1207    1061    1045    276     143     -812    
5697   2000 296     -263    775     -534    125     1017    451     -388    -392    -402    91      685     815     1154    1076    811     514     28      -470    
5697   2001 201     -346    801     -609    -92     1146    378     -382    -1014   -805    30      502     962     1289    1180    826     387     -80     -573    
5697   2002 323     -247    1075    -512    319     1464    53      -611    -335    -271    312     917     1329    1414    1643    811     -66     -583    -730    
5697   2003 289     -501    911     -761    206     1318    227     -958    -577    -101    107     610     1066    1650    1228    782     125     -223    -303    
5697   2004 361     -999999 891     -999999 259     1176    272     -999999 -443    -202    335     646     930     1242    1348    826     266     -274    -196    
5697   2005 295     -282    823     -382    8       1174    464     -298    -680    -546    154     422     873     1477    1162    831     448     113     -479    
5697   2006 -999999 -999999 -999999 -521    -999999 -999999 -999999 -537    -550    -999999 -999999 -999999 -999999 -999999 -999999 -999999 -999999 -999999 -999999 
